~o
<STREAMINFO> 1 39
<VECSIZE> 39<NULLD><MFCC_D_A_Z_0><DIAGC>
~h "ae"
<BEGINHMM>
<NUMSTATES> 6
<STATE> 2
<NUMMIXES> 8
<MIXTURE> 1 1.400474e-01
<MEAN> 39
 -1.168599e+00 -1.128186e+01 -2.490229e+00 1.982826e-01 3.872700e+00 2.484560e+00 3.574620e+00 3.389449e+00 -3.401993e+00 -4.585011e-01 8.348974e+00 1.320799e+01 1.232279e+01 2.104016e-02 -8.242437e-02 1.287100e-02 9.968477e-02 1.291221e-01 5.830170e-03 -2.598048e-02 5.464772e-02 3.710697e-03 -3.663076e-02 -3.601192e-02 -1.017980e-02 8.318673e-04 6.076793e-02 1.048831e-01 2.445528e-02 -5.328049e-02 -4.919783e-02 -1.854407e-02 3.400468e-02 7.244998e-02 1.129308e-01 -1.079490e-02 -1.614165e-01 -1.953768e-01 -2.992782e-02
<VARIANCE> 39
 1.307215e+01 2.180137e+01 2.772184e+01 3.460044e+01 6.344301e+01 4.551505e+01 6.030026e+01 5.150591e+01 5.794379e+01 6.448434e+01 6.638985e+01 5.300420e+01 1.629570e+01 3.843369e-01 7.815828e-01 9.452801e-01 1.263381e+00 1.575216e+00 1.620193e+00 1.885368e+00 1.774553e+00 1.761321e+00 1.838550e+00 2.014085e+00 1.789776e+00 1.792892e-01 6.344070e-02 1.221530e-01 1.562654e-01 2.092262e-01 2.411844e-01 2.668266e-01 2.823965e-01 2.792233e-01 2.853293e-01 2.968976e-01 3.005953e-01 2.669272e-01 2.741644e-02
<GCONST> 9.909359e+01
<MIXTURE> 2 1.204681e-01
<MEAN> 39
 4.876192e-01 -1.073237e+00 6.808814e+00 -6.395853e+00 -1.014327e+01 -4.383670e-01 3.848258e+00 -1.345243e+00 -3.880505e+00 1.616998e+00 -1.939773e+00 -1.801018e+00 7.851251e+00 4.869662e-02 -2.513900e-01 -1.724212e-01 -2.781173e-02 1.064795e-01 1.947780e-01 1.936555e-01 2.081352e-01 -1.194829e-01 -6.854057e-02 -2.041323e-03 -8.349181e-02 7.779755e-02 5.385600e-03 2.242731e-02 -8.487667e-02 1.391433e-01 1.606964e-01 -5.427656e-02 -5.771629e-02 4.821016e-02 5.057454e-02 -1.050532e-01 3.351408e-02 9.417064e-02 -6.054529e-02
<VARIANCE> 39
 1.697614e+01 2.675060e+01 2.883742e+01 5.454340e+01 4.661813e+01 5.828850e+01 5.561669e+01 5.899953e+01 5.562991e+01 5.910220e+01 6.163429e+01 6.608852e+01 2.676102e+01 2.836010e-01 7.193197e-01 9.503200e-01 1.081937e+00 1.309747e+00 1.532676e+00 1.814435e+00 2.121899e+00 1.948464e+00 2.040676e+00 1.809978e+00 1.647156e+00 2.320241e-01 5.375432e-02 1.064161e-01 1.417781e-01 1.883206e-01 2.324106e-01 2.720030e-01 3.068628e-01 3.299198e-01 3.365711e-01 3.427818e-01 3.266458e-01 2.926516e-01 4.000307e-02
<GCONST> 1.007873e+02
<MIXTURE> 3 1.049100e-01
<MEAN> 39
 8.569927e-01 -7.781068e+00 -2.240527e+00 -4.561111e+00 -6.626514e-01 5.856000e-01 6.782289e+00 7.444476e+00 2.357935e-01 -3.323893e+00 -1.633983e+00 1.496189e+00 1.280014e+01 -3.689416e-01 -6.289914e-01 -1.781118e-01 2.377288e-01 8.496363e-01 8.833736e-01 7.192764e-01 1.871475e-01 -6.237156e-01 -5.401045e-01 1.267546e-01 1.220479e-01 4.954122e-01 5.393015e-02 3.057775e-01 8.451601e-02 2.741044e-01 -5.489442e-02 -2.124140e-01 -5.113986e-01 -5.154762e-01 -6.221835e-02 1.962239e-01 1.506070e-01 1.952927e-02 -3.963140e-01
<VARIANCE> 39
 1.634046e+01 2.189687e+01 3.440353e+01 3.398848e+01 6.083912e+01 5.755695e+01 6.932037e+01 6.269852e+01 8.339781e+01 6.256868e+01 6.242624e+01 7.994518e+01 2.002306e+01 6.968897e-01 1.401003e+00 1.563314e+00 1.892251e+00 2.941638e+00 3.261676e+00 4.145234e+00 3.901053e+00 3.817515e+00 3.578800e+00 3.374413e+00 3.249281e+00 6.158463e-01 1.266843e-01 2.226642e-01 2.687942e-01 3.563192e-01 4.198926e-01 4.976112e-01 6.281537e-01 6.945828e-01 7.226698e-01 6.134286e-01 5.516428e-01 6.146775e-01 1.346137e-01
<GCONST> 1.196518e+02
<MIXTURE> 4 1.038003e-01
<MEAN> 39
 2.935956e+00 -4.300785e+00 -1.379906e+00 -1.355465e+00 -6.244123e+00 -3.158110e+00 3.759798e+00 7.834022e+00 1.611727e+00 -4.334791e+00 -3.139012e+00 -5.336870e-01 1.037153e+01 -1.613141e-01 -6.398907e-01 -2.167640e-01 -1.881693e-01 2.861978e-01 6.736868e-01 6.812688e-01 3.351716e-01 -3.129440e-01 -4.972932e-01 -5.136150e-02 -1.856831e-02 3.729681e-01 -4.271574e-03 1.710331e-01 8.203519e-02 8.572698e-02 1.584029e-01 -4.884534e-02 -2.464626e-01 -3.897492e-01 -1.000297e-01 1.211693e-01 6.110580e-02 -3.920096e-03 -2.066342e-01
<VARIANCE> 39
 9.849755e+00 1.819336e+01 2.126586e+01 2.199653e+01 4.020288e+01 4.438358e+01 4.662034e+01 3.666125e+01 5.852092e+01 4.318537e+01 3.766059e+01 3.088905e+01 1.908770e+01 2.674154e-01 5.894535e-01 9.352542e-01 9.435763e-01 1.449004e+00 1.505938e+00 1.899438e+00 1.920756e+00 2.038753e+00 1.864698e+00 1.741284e+00 1.482001e+00 2.159652e-01 5.087678e-02 9.198920e-02 1.223009e-01 1.577255e-01 2.131884e-01 2.453505e-01 2.861693e-01 2.751161e-01 2.969172e-01 2.874247e-01 2.595557e-01 2.237948e-01 4.356469e-02
<GCONST> 9.339467e+01
<MIXTURE> 5 1.325659e-01
<MEAN> 39
 1.931586e+00 -9.107125e+00 -6.487916e+00 -2.997897e+00 3.682360e+00 1.390213e+00 7.338204e-02 4.286957e+00 1.021700e+00 -5.213710e+00 -3.830372e+00 -6.337189e-01 1.173917e+01 4.539898e-02 -3.953242e-02 -7.594288e-02 2.322141e-02 5.171519e-02 -1.885637e-02 -1.637134e-01 -1.203326e-01 -1.323562e-02 -3.756433e-02 4.101411e-03 -2.240795e-04 -9.833571e-02 1.106778e-02 8.668701e-02 1.680241e-01 3.652995e-02 -3.270476e-02 3.130400e-02 2.232308e-01 1.237619e-01 3.977474e-04 9.607346e-02 1.261302e-01 1.268849e-01 1.795080e-02
<VARIANCE> 39
 1.658482e+01 2.333484e+01 2.255799e+01 4.076345e+01 6.606581e+01 6.276524e+01 5.838710e+01 6.958572e+01 7.220882e+01 5.242206e+01 4.570486e+01 4.699516e+01 1.877628e+01 2.709638e-01 5.714706e-01 8.021944e-01 1.057853e+00 1.511732e+00 1.536795e+00 1.876208e+00 2.016710e+00 1.935299e+00 1.719340e+00 1.590738e+00 1.522504e+00 1.818467e-01 4.923158e-02 9.767465e-02 1.304448e-01 2.005074e-01 2.737050e-01 2.975353e-01 2.910251e-01 3.563534e-01 3.779552e-01 3.236383e-01 2.904802e-01 2.635418e-01 2.513205e-02
<GCONST> 9.835971e+01
<MIXTURE> 6 1.352370e-01
<MEAN> 39
 2.451888e-01 -8.562109e+00 3.147535e-01 -5.044527e+00 -9.493443e-02 1.886953e+00 1.010526e+01 6.885915e+00 -3.737012e+00 -3.395352e+00 -7.528578e-01 1.393314e+00 1.367366e+01 1.815367e-03 -1.107839e-01 -8.427568e-02 8.839487e-02 1.741902e-01 1.018960e-01 -1.447790e-01 -1.584670e-01 -1.896507e-01 -8.616181e-02 1.196585e-01 9.975659e-02 -6.133241e-02 -4.946874e-03 -9.787938e-03 -1.107939e-01 -1.887134e-02 -1.441928e-01 -1.789447e-01 -3.189415e-01 -1.021909e-01 6.120195e-02 -1.472001e-02 -6.710035e-02 -5.774619e-04 -6.529214e-02
<VARIANCE> 39
 1.538066e+01 1.980989e+01 2.483053e+01 2.975002e+01 5.264675e+01 5.589288e+01 4.440582e+01 7.006263e+01 4.852158e+01 4.533715e+01 4.344504e+01 3.631600e+01 1.724412e+01 2.379725e-01 4.968064e-01 6.322963e-01 8.664574e-01 1.294512e+00 1.306943e+00 1.544818e+00 1.710211e+00 1.659197e+00 1.554471e+00 1.478654e+00 1.408079e+00 1.106653e-01 3.831460e-02 7.690963e-02 9.143227e-02 1.377021e-01 1.757148e-01 2.183909e-01 2.231659e-01 2.775865e-01 2.691559e-01 2.519923e-01 2.372326e-01 2.308905e-01 1.682374e-02
<GCONST> 9.025461e+01
<MIXTURE> 7 1.666273e-01
<MEAN> 39
 -9.219648e-01 -1.091622e+01 -3.370147e+00 4.822372e-01 6.711946e+00 2.739765e+00 3.829438e+00 4.947633e+00 -1.979145e+00 -2.192321e+00 5.701151e+00 1.106243e+01 1.404191e+01 7.102008e-03 -2.298720e-02 1.365263e-03 9.864391e-03 3.756550e-02 -5.756669e-03 -3.131665e-02 -5.551098e-03 1.405976e-02 8.056015e-03 2.188275e-02 9.544454e-03 -1.945943e-02 -1.083277e-02 -1.305459e-03 -1.465483e-02 -4.304651e-02 -5.420041e-02 -1.894512e-02 5.827972e-03 -6.278983e-03 -1.056353e-02 -1.035301e-02 -4.622909e-03 -4.640846e-03 -1.052654e-02
<VARIANCE> 39
 1.317262e+01 1.800436e+01 2.693444e+01 3.625535e+01 4.707151e+01 4.003271e+01 5.523230e+01 4.907413e+01 4.747466e+01 4.819819e+01 6.741158e+01 6.096239e+01 1.765388e+01 1.295273e-01 2.457330e-01 3.332013e-01 3.980268e-01 5.324311e-01 5.197641e-01 6.055940e-01 5.940408e-01 5.995959e-01 5.834739e-01 6.156684e-01 5.905521e-01 4.164283e-02 2.369072e-02 4.615276e-02 6.196214e-02 7.506042e-02 9.181799e-02 9.645633e-02 1.088649e-01 1.097292e-01 1.096368e-01 1.083846e-01 1.152696e-01 1.083686e-01 1.000000e-02
<GCONST> 7.062481e+01
<MIXTURE> 8 9.634405e-02
<MEAN> 39
 3.234312e+00 -3.061857e+00 1.689374e+00 -3.254519e+00 -7.493586e+00 -4.544241e+00 8.663279e-01 3.204387e+00 -2.028299e-01 -1.035933e+00 -1.610171e+00 -3.434696e-01 8.831337e+00 1.484713e-01 -1.152176e+00 -2.286631e-01 -6.536474e-01 -7.067946e-02 5.195881e-01 8.306320e-01 1.091951e+00 8.114800e-02 -2.739178e-01 -1.785925e-01 -1.522631e-01 1.135693e+00 -4.645311e-01 2.563811e-01 -4.179688e-02 3.988175e-01 5.842647e-01 4.127474e-01 2.141063e-01 -2.115474e-01 -1.147242e-01 -5.131421e-02 6.705494e-02 2.520574e-02 -4.815089e-01
<VARIANCE> 39
 1.688965e+01 3.509596e+01 4.245248e+01 4.356041e+01 5.711637e+01 5.851337e+01 6.596831e+01 6.322515e+01 6.712518e+01 5.957139e+01 5.656501e+01 5.724819e+01 2.710346e+01 1.168197e+00 2.426317e+00 2.130466e+00 2.531987e+00 3.089128e+00 3.541181e+00 4.348827e+00 4.582574e+00 3.969431e+00 3.364522e+00 3.029905e+00 2.981640e+00 1.924892e+00 2.656357e-01 3.824847e-01 3.817543e-01 5.265993e-01 5.825257e-01 6.073992e-01 6.806301e-01 8.041645e-01 7.517248e-01 6.875746e-01 6.469799e-01 5.853315e-01 4.011722e-01
<GCONST> 1.271934e+02
<STATE> 3
<NUMMIXES> 8
<MIXTURE> 1 8.491249e-02
<MEAN> 39
 -7.017661e-01 -8.455149e+00 -1.614914e-01 -3.501036e+00 -2.419315e+00 3.098956e+00 6.461477e+00 3.372818e+00 -6.098209e+00 -8.110490e-01 5.595292e+00 8.719885e+00 1.139915e+01 1.674451e-01 2.127976e-01 2.550837e-01 3.321477e-01 3.419459e-01 2.813807e-01 2.505763e-01 3.041704e-01 2.316212e-01 1.332491e-01 1.197930e-01 8.369591e-02 4.860128e-02 2.781837e-02 4.479979e-02 2.645674e-02 2.477943e-02 1.027647e-02 2.482982e-03 2.191860e-03 4.517416e-02 4.973797e-02 5.229325e-03 -4.580029e-02 -5.685737e-02 -4.137822e-03
<VARIANCE> 39
 8.927560e+00 1.486101e+01 2.279120e+01 2.540484e+01 4.026727e+01 4.206213e+01 4.401772e+01 4.282742e+01 5.072878e+01 8.858791e+01 8.006170e+01 6.821308e+01 1.285925e+01 1.097405e-01 2.435713e-01 3.499274e-01 4.211550e-01 5.308862e-01 5.313112e-01 5.909911e-01 6.203811e-01 6.203213e-01 6.712391e-01 6.480646e-01 6.121461e-01 3.790174e-02 1.493874e-02 3.307271e-02 4.890573e-02 6.016074e-02 7.094549e-02 7.583776e-02 8.890603e-02 9.437200e-02 9.844569e-02 1.061563e-01 1.036061e-01 9.800959e-02 1.000000e-02
<GCONST> 6.739038e+01
<MIXTURE> 2 1.527229e-01
<MEAN> 39
 5.862834e-01 -9.229378e-01 6.574811e+00 -4.753110e+00 -1.128614e+01 1.250385e-01 4.709812e+00 4.089432e-02 -3.926931e+00 1.170709e+00 -1.282876e+00 -3.096964e+00 7.744643e+00 3.786751e-02 5.551233e-03 2.588188e-03 6.862668e-02 5.945143e-02 2.819914e-02 3.788456e-02 5.983293e-02 2.885177e-03 -7.679496e-03 4.205289e-02 3.534656e-02 -3.473929e-02 2.601193e-03 -1.959362e-02 -4.264271e-02 1.337445e-02 2.428601e-02 -4.694211e-02 -3.937408e-02 1.157397e-02 -2.150340e-03 -5.166456e-02 -1.285235e-02 2.757207e-02 -8.178747e-03
<VARIANCE> 39
 1.322209e+01 1.700343e+01 2.203718e+01 3.388551e+01 4.245508e+01 4.697224e+01 4.138027e+01 5.318152e+01 4.157110e+01 4.451459e+01 5.220251e+01 4.261258e+01 1.194707e+01 8.853293e-02 2.283568e-01 3.670003e-01 4.613797e-01 6.025062e-01 7.215216e-01 7.923794e-01 9.404038e-01 8.837278e-01 9.364979e-01 8.326406e-01 7.702625e-01 5.751089e-02 1.349697e-02 3.289670e-02 5.408722e-02 7.546843e-02 9.954970e-02 1.221654e-01 1.355472e-01 1.519318e-01 1.493706e-01 1.538719e-01 1.434990e-01 1.322505e-01 1.000000e-02
<GCONST> 7.256446e+01
<MIXTURE> 3 1.487798e-01
<MEAN> 39
 2.344573e+00 -6.129274e+00 -5.391680e+00 -2.522351e+00 -7.436576e-01 4.722141e-01 3.483768e+00 6.755882e+00 6.474921e+00 -4.423772e+00 -4.760375e+00 -2.198397e+00 1.198285e+01 6.453631e-02 7.889983e-02 6.534262e-02 1.038647e-01 1.326288e-01 1.300345e-01 8.606432e-02 1.009635e-01 1.333988e-01 8.703651e-02 7.289473e-02 6.291704e-02 -1.863648e-02 5.616473e-03 1.253745e-02 3.997532e-02 -1.688864e-02 -3.190464e-02 -2.993701e-02 -2.408056e-02 2.752569e-03 -7.718216e-02 4.203755e-02 3.706381e-02 7.930135e-03 -1.614138e-02
<VARIANCE> 39
 1.346004e+01 1.524937e+01 2.137186e+01 2.807163e+01 5.059385e+01 6.063503e+01 6.723679e+01 4.990851e+01 4.429617e+01 4.820783e+01 3.709206e+01 3.631817e+01 1.256938e+01 1.056159e-01 2.388983e-01 3.747095e-01 4.838488e-01 7.137688e-01 8.453171e-01 9.036469e-01 9.618458e-01 9.782267e-01 9.351422e-01 9.034747e-01 8.382232e-01 6.209664e-02 1.460671e-02 3.423668e-02 5.500758e-02 7.570045e-02 1.097700e-01 1.357220e-01 1.462516e-01 1.585957e-01 1.550739e-01 1.567021e-01 1.501295e-01 1.379913e-01 1.000000e-02
<GCONST> 7.451843e+01
<MIXTURE> 4 1.735980e-01
<MEAN> 39
 1.283968e+00 -5.876019e+00 -1.648180e+00 -3.165500e+00 -3.402729e+00 4.031326e-01 5.654791e+00 7.029512e+00 1.247084e-01 -3.436313e+00 -2.140758e+00 -2.414011e-01 1.184505e+01 4.745445e-03 4.432595e-03 -8.995570e-04 1.253123e-02 3.064887e-02 3.566027e-03 -8.713559e-03 7.425335e-03 1.566522e-02 3.887164e-03 5.344083e-03 1.119986e-02 -5.693047e-03 2.920836e-04 3.347449e-03 4.681125e-04 -1.526942e-03 -9.931848e-03 -4.640520e-03 -5.868463e-03 -2.142970e-03 3.791773e-03 1.093727e-03 2.013373e-04 -1.221166e-03 -4.227533e-03
<VARIANCE> 39
 1.126114e+01 1.733171e+01 2.850529e+01 2.269297e+01 5.300027e+01 4.755477e+01 6.268857e+01 4.941597e+01 6.592558e+01 4.613853e+01 3.804421e+01 4.724898e+01 1.461534e+01 3.310829e-02 7.373510e-02 1.189543e-01 1.497034e-01 2.142562e-01 2.366850e-01 2.692484e-01 2.925043e-01 3.046059e-01 3.032921e-01 2.838590e-01 2.670825e-01 1.386448e-02 1.000000e-02 1.367027e-02 2.206984e-02 2.881477e-02 4.043684e-02 4.504463e-02 5.111047e-02 5.640227e-02 5.825678e-02 5.832088e-02 5.481148e-02 5.083235e-02 1.000000e-02
<GCONST> 4.809607e+01
<MIXTURE> 5 1.136247e-01
<MEAN> 39
 5.591053e-01 -8.053047e+00 -2.827523e+00 -5.367092e+00 -5.315733e+00 -1.788110e+00 1.829836e+00 3.126874e+00 -5.030667e+00 -6.284583e+00 -3.690830e+00 -1.716986e+00 1.059669e+01 2.779200e-02 1.512924e-02 3.142968e-03 5.995404e-02 7.614104e-02 2.958680e-02 -6.743287e-03 5.155685e-02 3.499068e-02 4.697232e-03 3.060820e-02 5.309730e-02 -1.892555e-02 1.431259e-01 2.220160e-01 2.578867e-01 2.903184e-01 2.924562e-01 3.005630e-01 3.148415e-01 3.099726e-01 3.134455e-01 2.614769e-01 2.013563e-01 1.738584e-01 4.104717e-02
<VARIANCE> 39
 1.135873e+01 2.143326e+01 3.261635e+01 2.705745e+01 6.021281e+01 4.558997e+01 5.282597e+01 5.410533e+01 6.272510e+01 5.390991e+01 4.692033e+01 5.059289e+01 1.290134e+01 9.288292e-02 2.206581e-01 3.335932e-01 4.366505e-01 5.881997e-01 6.508633e-01 7.192311e-01 7.518745e-01 7.691694e-01 7.423418e-01 6.749792e-01 6.179797e-01 4.092712e-02 1.400616e-02 3.062033e-02 4.789133e-02 6.255878e-02 8.419944e-02 9.507612e-02 1.057825e-01 1.153968e-01 1.181438e-01 1.236817e-01 1.213606e-01 1.134682e-01 1.000000e-02
<GCONST> 7.035197e+01
<MIXTURE> 6 1.241009e-01
<MEAN> 39
 1.545545e+00 -7.471622e+00 -1.120371e+00 -3.091237e+00 -2.924928e+00 1.040006e+00 4.449912e+00 6.323029e+00 -3.792514e+00 -4.664779e+00 -1.310133e+00 7.514014e-01 1.111621e+01 -2.457634e-01 -3.928734e-01 -4.971882e-01 -5.165130e-01 -5.057915e-01 -5.950665e-01 -6.542425e-01 -5.570428e-01 -5.169909e-01 -4.685570e-01 -3.601755e-01 -2.525623e-01 -1.357212e-01 -5.386164e-03 1.275003e-02 -2.031180e-02 -1.920165e-02 -3.607864e-02 -5.412434e-02 -2.532214e-02 -4.553493e-02 3.530970e-02 -1.204999e-02 -2.563210e-02 -2.325088e-02 -1.327598e-02
<VARIANCE> 39
 1.014232e+01 1.782221e+01 2.475910e+01 2.308373e+01 5.213702e+01 4.443899e+01 5.152314e+01 4.854229e+01 5.729509e+01 4.912357e+01 4.371053e+01 4.782145e+01 1.176917e+01 8.621904e-02 1.867693e-01 2.806060e-01 3.565752e-01 5.215999e-01 5.532603e-01 5.941747e-01 6.594939e-01 7.085511e-01 7.271371e-01 6.780164e-01 6.636960e-01 4.013083e-02 1.299968e-02 2.956116e-02 4.414950e-02 5.914923e-02 7.968007e-02 9.331024e-02 1.038326e-01 1.116583e-01 1.192404e-01 1.119579e-01 1.040125e-01 9.852732e-02 1.000000e-02
<GCONST> 6.688764e+01
<MIXTURE> 7 1.093801e-01
<MEAN> 39
 2.026081e+00 -6.574790e+00 -5.471662e-01 -1.923216e+00 -1.631826e+00 1.966603e+00 5.518370e+00 7.185867e+00 -2.186577e+00 -3.967804e+00 -1.079512e+00 1.010969e+00 1.144244e+01 7.725437e-02 9.351660e-02 9.551740e-02 1.494768e-01 1.742726e-01 1.385916e-01 1.071178e-01 1.693761e-01 1.314456e-01 8.800109e-02 8.226205e-02 9.328044e-02 7.868338e-04 -1.267600e-01 -1.670425e-01 -2.263395e-01 -2.628278e-01 -2.742859e-01 -2.889281e-01 -2.800223e-01 -2.737079e-01 -2.121370e-01 -1.918579e-01 -1.684786e-01 -1.275301e-01 -5.330979e-02
<VARIANCE> 39
 1.029198e+01 1.776707e+01 2.761555e+01 2.447280e+01 5.542243e+01 4.514765e+01 5.166304e+01 4.914353e+01 6.235431e+01 5.072654e+01 4.341259e+01 4.830000e+01 1.224444e+01 8.523571e-02 1.897142e-01 2.953730e-01 3.690468e-01 5.101183e-01 5.496706e-01 6.126010e-01 6.425835e-01 6.534426e-01 6.174263e-01 5.814937e-01 5.267034e-01 3.512419e-02 1.227497e-02 2.830630e-02 4.157078e-02 5.346084e-02 7.270626e-02 8.259745e-02 9.320592e-02 9.861124e-02 1.102756e-01 1.123797e-01 1.107272e-01 1.087094e-01 1.000000e-02
<GCONST> 6.600000e+01
<MIXTURE> 8 9.288109e-02
<MEAN> 39
 1.415070e+00 -4.714746e+00 6.340542e-01 -2.729748e+00 -4.417497e+00 -9.152327e-01 3.507609e+00 4.182373e+00 -7.041066e-01 -2.233150e+00 -8.678353e-01 -6.707418e-01 9.258672e+00 7.733797e-02 4.723103e-02 -7.692873e-02 1.021399e-01 7.456694e-02 -5.119614e-02 -7.046205e-02 -1.196940e-02 -1.718201e-02 -1.326991e-01 -4.437296e-02 1.640083e-02 -8.046930e-02 6.634499e-04 1.032095e-01 -8.310296e-03 4.524635e-02 1.515579e-02 -5.428081e-02 -9.255615e-02 -9.929959e-02 7.790698e-03 3.254275e-02 -3.004285e-02 6.788627e-03 -1.189436e-01
<VARIANCE> 39
 2.109309e+01 3.828308e+01 4.164278e+01 3.936077e+01 7.489945e+01 5.959470e+01 7.304409e+01 7.382109e+01 7.109862e+01 6.301778e+01 6.005801e+01 6.295711e+01 3.279799e+01 4.334152e-01 8.565356e-01 1.186783e+00 1.371619e+00 1.879130e+00 1.953406e+00 2.378882e+00 2.513874e+00 2.403376e+00 2.220513e+00 2.030291e+00 1.927989e+00 4.031590e-01 8.298317e-02 1.657935e-01 1.864392e-01 2.508932e-01 3.238234e-01 3.586254e-01 4.164954e-01 4.471055e-01 4.256189e-01 3.961262e-01 3.594066e-01 3.427385e-01 1.000869e-01
<GCONST> 1.102627e+02
<STATE> 4
<NUMMIXES> 8
<MIXTURE> 1 8.053360e-02
<MEAN> 39
 2.400186e+00 -3.775312e+00 -2.071053e+00 -1.225095e+00 -6.372098e-01 -1.485226e+00 1.045426e+00 2.065135e+00 -6.061649e-01 -3.364625e+00 -1.369032e+00 6.106731e-01 5.606385e+00 6.829678e-02 2.237302e-01 -8.044745e-02 1.247793e-01 4.538326e-02 -1.613308e-01 -1.955096e-01 -8.946962e-02 4.716528e-02 -4.443781e-02 -7.700838e-02 4.215201e-03 -1.939869e-01 1.153433e-02 1.295815e-01 6.451410e-02 5.253373e-02 -2.137118e-02 -1.647506e-02 -3.436589e-02 -6.992725e-02 -1.681273e-02 5.942979e-02 -1.560205e-02 -1.670454e-02 -1.010929e-01
<VARIANCE> 39
 2.205710e+01 4.184477e+01 4.839025e+01 4.281673e+01 7.202412e+01 6.117879e+01 6.600939e+01 6.749615e+01 7.090528e+01 6.447385e+01 6.432549e+01 7.719073e+01 3.620770e+01 7.714742e-01 1.335645e+00 1.532589e+00 1.924437e+00 2.493182e+00 2.645764e+00 2.997141e+00 3.310591e+00 2.935852e+00 2.683667e+00 2.498220e+00 2.419881e+00 8.539189e-01 1.339354e-01 2.429237e-01 2.731188e-01 3.385023e-01 4.199484e-01 4.706914e-01 5.464339e-01 6.338008e-01 5.457337e-01 5.051850e-01 4.585465e-01 4.384283e-01 1.488475e-01
<GCONST> 1.191737e+02
<MIXTURE> 2 1.614899e-01
<MEAN> 39
 2.647076e+00 -5.999829e-01 1.366160e+00 -2.516410e+00 -6.766156e+00 -1.625862e+00 3.822856e+00 1.471883e+00 -3.405211e+00 -4.530993e+00 -2.592760e+00 -2.383195e+00 3.948454e+00 2.096228e-02 2.700945e-02 -5.626963e-02 9.412641e-02 8.149316e-02 -1.151190e-01 -9.174656e-02 8.869265e-04 -3.996105e-02 -1.152569e-01 -4.992381e-03 6.151936e-02 -1.020545e-01 1.348822e-02 -1.866324e-02 -2.944473e-02 5.673022e-02 1.177999e-01 4.050841e-03 -7.162552e-02 5.439514e-02 7.590554e-02 1.132999e-02 9.795771e-03 6.685710e-02 4.721382e-03
<VARIANCE> 39
 8.084162e+00 1.323862e+01 2.384514e+01 2.943766e+01 3.977116e+01 4.158039e+01 4.474793e+01 4.806597e+01 5.703576e+01 5.075100e+01 3.966269e+01 4.219934e+01 8.857210e+00 1.643593e-01 4.079666e-01 6.552654e-01 8.412098e-01 1.155222e+00 1.315054e+00 1.461696e+00 1.669041e+00 1.673274e+00 1.633146e+00 1.507063e+00 1.336047e+00 1.290110e-01 2.532171e-02 6.282137e-02 1.033687e-01 1.413532e-01 1.805931e-01 2.284535e-01 2.623170e-01 2.876399e-01 2.864440e-01 2.824900e-01 2.678469e-01 2.362413e-01 1.625920e-02
<GCONST> 8.739725e+01
<MIXTURE> 3 4.389577e-02
<MEAN> 39
 -9.140346e-01 -4.375819e+00 -1.217460e+00 -1.576543e+00 -2.229293e-01 2.391088e+00 1.071508e+01 1.267475e+01 1.534474e+01 8.330426e+00 -1.685849e+00 -9.372513e+00 8.320522e+00 3.626882e-03 1.975167e-02 -1.883020e-02 3.353253e-03 -7.078151e-03 -1.256591e-02 -3.947065e-02 -1.309958e-02 1.075109e-02 1.828186e-02 9.708385e-03 1.158547e-02 -4.138441e-02 1.180471e-02 6.172965e-03 -1.552448e-02 -8.788555e-03 -2.664823e-02 -1.528953e-02 -4.316399e-02 -3.771305e-02 -7.778358e-02 -5.169540e-02 2.875286e-02 6.363439e-02 -9.894546e-03
<VARIANCE> 39
 2.091271e+01 2.904944e+01 3.283396e+01 3.681599e+01 5.868141e+01 5.690353e+01 1.028896e+02 9.878199e+01 9.210048e+01 1.632771e+02 2.258333e+02 1.942987e+02 2.783557e+01 2.041266e-01 4.396458e-01 6.083131e-01 6.408498e-01 7.396924e-01 8.045316e-01 9.816508e-01 1.049039e+00 1.154637e+00 1.199254e+00 1.235522e+00 1.252476e+00 7.666646e-02 3.884630e-02 8.218074e-02 1.167608e-01 1.192233e-01 1.332621e-01 1.567847e-01 1.889998e-01 1.950549e-01 2.268245e-01 2.281875e-01 2.162533e-01 2.164612e-01 1.239827e-02
<GCONST> 9.290601e+01
<MIXTURE> 4 1.926781e-01
<MEAN> 39
 3.750787e+00 -1.105537e+00 -3.146825e-01 1.796679e-01 -4.509978e+00 -2.610800e+00 2.624782e+00 5.707518e+00 -3.772681e-01 -5.691029e+00 -2.874937e+00 -3.343751e-01 4.745252e+00 2.094745e-02 2.906099e-02 -1.124762e-02 2.581001e-02 6.065453e-02 -2.264492e-02 -5.809576e-02 -5.609278e-03 2.726503e-02 -3.973931e-03 -1.782697e-02 9.312052e-03 -5.021291e-02 -7.926648e-03 -1.954082e-03 -2.910509e-02 -3.223845e-02 3.077213e-03 -1.695174e-02 -5.768618e-02 -5.454284e-02 -1.343718e-02 1.259571e-03 -2.486305e-02 -3.028612e-02 -1.096524e-02
<VARIANCE> 39
 8.235561e+00 1.263462e+01 1.745998e+01 2.311846e+01 3.240600e+01 3.535790e+01 4.248462e+01 4.431311e+01 5.775636e+01 4.305993e+01 3.067682e+01 3.096820e+01 7.725667e+00 4.744593e-02 1.393747e-01 2.302496e-01 2.991080e-01 4.359173e-01 4.893608e-01 5.721464e-01 6.222255e-01 6.494907e-01 6.448919e-01 6.027476e-01 5.497479e-01 3.095991e-02 1.000000e-02 2.334632e-02 3.901178e-02 5.437372e-02 7.691178e-02 8.862906e-02 1.028424e-01 1.149356e-01 1.202736e-01 1.204255e-01 1.098044e-01 1.015529e-01 1.000000e-02
<GCONST> 6.062419e+01
<MIXTURE> 5 1.632591e-01
<MEAN> 39
 4.658557e+00 -1.865934e+00 -6.232179e+00 -2.010318e+00 2.297448e+00 8.001691e-01 -1.967268e+00 2.804520e+00 1.226216e+00 -6.162504e+00 -6.835838e+00 -3.391537e+00 3.889403e+00 1.804177e-02 5.315806e-02 1.592819e-02 -1.127545e-02 -7.643354e-03 2.030823e-03 -4.042925e-02 -5.771709e-02 -3.881180e-02 6.098485e-02 1.021417e-02 -5.042167e-02 -7.342406e-02 2.227911e-03 2.100763e-02 9.127951e-02 5.696812e-02 -2.493011e-02 9.959590e-03 1.228243e-01 7.373659e-02 1.261167e-03 4.130091e-02 1.041011e-01 8.255464e-02 8.938735e-03
<VARIANCE> 39
 7.490290e+00 1.645526e+01 1.770763e+01 2.681858e+01 2.966512e+01 4.243826e+01 4.044430e+01 4.096555e+01 5.842875e+01 5.837026e+01 3.517506e+01 3.421336e+01 1.029068e+01 7.993347e-02 2.187634e-01 3.252268e-01 4.721055e-01 6.374931e-01 7.871052e-01 8.424361e-01 9.404229e-01 9.543641e-01 9.612789e-01 8.630814e-01 8.116986e-01 5.247270e-02 1.312088e-02 3.697838e-02 5.433851e-02 8.225069e-02 1.136090e-01 1.458147e-01 1.459309e-01 1.676841e-01 1.808290e-01 1.803227e-01 1.533050e-01 1.460604e-01 1.000000e-02
<GCONST> 7.185227e+01
<MIXTURE> 6 1.284793e-01
<MEAN> 39
 2.575832e+00 -6.297048e+00 -3.418528e+00 -1.795946e+00 -1.761105e+00 -1.761877e+00 1.207410e+00 6.133067e+00 -1.827837e+00 -7.730578e+00 -3.591465e+00 3.301443e-01 8.769126e+00 1.934414e-01 3.211872e-01 -5.442521e-02 1.103229e-01 -6.804667e-03 -3.036683e-01 -3.244120e-01 4.065818e-02 2.835598e-01 1.412870e-01 -1.633525e-01 -8.000318e-02 -2.804977e-01 1.059065e-01 1.953505e-01 1.160246e-01 7.415157e-02 -1.113187e-02 -2.492620e-03 -2.306817e-02 -9.113898e-02 1.220023e-01 2.250725e-01 6.215391e-02 -2.619844e-02 -1.200047e-01
<VARIANCE> 39
 9.338940e+00 1.737946e+01 2.761270e+01 2.435767e+01 4.927921e+01 4.777764e+01 5.357626e+01 4.546230e+01 7.039814e+01 4.538660e+01 4.222392e+01 3.847969e+01 1.292910e+01 1.700521e-01 4.139104e-01 6.744967e-01 7.562332e-01 1.279800e+00 1.275496e+00 1.590044e+00 1.613605e+00 1.550193e+00 1.480851e+00 1.327374e+00 1.254907e+00 1.124176e-01 2.425260e-02 5.690226e-02 9.951846e-02 1.254234e-01 1.865672e-01 2.269591e-01 2.664863e-01 2.754658e-01 2.596144e-01 2.386321e-01 2.263258e-01 1.990941e-01 1.820300e-02
<GCONST> 8.749277e+01
<MIXTURE> 7 1.239853e-01
<MEAN> 39
 4.104190e+00 -4.548906e+00 -4.931172e+00 4.181630e-02 2.922929e+00 1.772235e+00 1.965988e+00 5.213353e+00 -1.471865e+00 -5.942968e+00 1.013536e-01 4.485231e+00 5.949936e+00 2.276956e-02 6.976010e-02 -2.769323e-02 -2.419522e-02 -2.345538e-02 -6.656545e-02 -5.048546e-02 -2.300132e-02 2.333850e-02 6.268511e-03 -2.039059e-02 -1.703108e-02 -9.598668e-02 -1.150838e-01 -8.904357e-02 -1.088023e-01 -2.199433e-01 -2.649859e-01 -2.386800e-01 -1.916058e-01 -1.930110e-01 -1.322096e-01 -8.487812e-02 -1.479381e-01 -1.309592e-01 -4.215784e-02
<VARIANCE> 39
 7.974865e+00 1.653470e+01 2.078750e+01 2.441652e+01 4.395744e+01 3.942107e+01 4.643146e+01 4.396371e+01 5.195443e+01 4.461351e+01 5.736877e+01 7.170895e+01 9.809800e+00 1.705403e-01 4.085294e-01 5.760414e-01 7.607039e-01 1.075245e+00 1.138433e+00 1.312556e+00 1.316091e+00 1.307839e+00 1.279447e+00 1.226770e+00 1.168593e+00 9.740672e-02 1.617736e-02 4.869971e-02 7.832605e-02 9.772767e-02 1.316774e-01 1.582125e-01 1.869270e-01 1.974304e-01 2.118665e-01 2.074333e-01 2.078283e-01 2.009861e-01 1.000000e-02
<GCONST> 8.193246e+01
<MIXTURE> 8 1.056788e-01
<MEAN> 39
 1.999261e+00 -6.179713e+00 -6.351625e+00 -1.464503e+00 2.042508e+00 1.148515e-01 4.939600e-01 3.347504e+00 -3.507612e+00 -4.352835e+00 5.415814e+00 1.131514e+01 5.447278e+00 1.164495e-02 1.212842e-02 1.974950e-03 -1.114868e-02 4.262811e-04 -1.431708e-02 -3.642962e-02 2.142280e-02 2.359728e-02 -2.742304e-03 1.324034e-02 3.254132e-02 -4.101964e-02 4.679383e-02 7.710531e-02 8.095834e-02 6.346435e-02 4.450508e-02 6.619358e-02 7.259502e-02 6.712089e-02 7.135675e-02 1.744376e-02 -4.341725e-02 -6.745741e-02 8.350559e-03
<VARIANCE> 39
 6.079381e+00 1.329636e+01 1.805588e+01 2.055985e+01 4.601898e+01 3.177836e+01 4.348135e+01 4.009892e+01 4.463200e+01 4.171196e+01 6.061081e+01 5.483627e+01 8.407015e+00 9.519666e-02 2.292247e-01 3.425657e-01 4.555755e-01 5.857842e-01 5.947024e-01 7.151311e-01 7.537009e-01 7.856576e-01 7.203106e-01 7.264459e-01 7.166817e-01 3.745183e-02 1.496007e-02 3.755570e-02 6.183575e-02 8.175347e-02 1.084770e-01 1.075466e-01 1.331767e-01 1.438463e-01 1.487994e-01 1.424804e-01 1.348755e-01 1.335244e-01 1.000000e-02
<GCONST> 6.898997e+01
<STATE> 5
<NUMMIXES> 8
<MIXTURE> 1 1.206562e-01
<MEAN> 39
 2.760519e+00 -7.607459e+00 -1.615537e+00 -5.040922e+00 -2.088238e+00 -2.896313e+00 1.775339e+00 6.106859e+00 8.249523e-01 -9.553953e-01 -7.901648e-01 2.076971e+00 9.915382e+00 6.811432e-01 1.510853e+00 5.578526e-01 4.160706e-01 -9.740863e-01 -1.343752e+00 -1.587768e+00 -1.407254e+00 1.003683e-03 4.764344e-01 -1.178192e-01 -2.312256e-01 -1.616479e+00 -1.083052e-01 4.418786e-01 1.582848e-01 5.720510e-01 2.360559e-01 1.712135e-01 -7.945073e-02 -5.951089e-01 -3.954009e-01 -2.467942e-01 -2.910833e-02 -1.139367e-01 -4.901623e-01
<VARIANCE> 39
 1.842310e+01 2.406691e+01 4.597323e+01 3.503511e+01 6.756465e+01 6.475035e+01 8.128371e+01 7.291995e+01 9.143324e+01 7.663626e+01 8.120734e+01 9.969697e+01 1.975663e+01 7.941514e-01 1.507509e+00 2.140432e+00 2.424979e+00 3.240170e+00 3.453870e+00 3.933106e+00 4.514273e+00 4.600295e+00 4.176996e+00 3.859384e+00 3.755225e+00 8.121077e-01 1.900499e-01 2.615493e-01 3.775208e-01 3.950552e-01 6.042261e-01 6.498605e-01 7.901246e-01 8.039152e-01 8.620960e-01 8.236421e-01 7.167311e-01 7.003137e-01 1.482425e-01
<GCONST> 1.263705e+02
<MIXTURE> 2 1.486917e-01
<MEAN> 39
 3.471329e+00 2.068528e+00 1.113936e+00 1.172497e+00 -3.277129e+00 -4.020967e+00 3.742691e-01 1.040933e-01 -2.056016e+00 -3.876430e+00 -3.598870e+00 -1.846811e+00 8.854787e-01 -2.512275e-02 5.361708e-01 3.961997e-01 4.002427e-01 1.550506e-01 -9.392860e-02 -2.778210e-01 -5.787709e-01 -8.894138e-02 2.803044e-01 -4.047358e-02 -1.802546e-02 -5.939567e-01 -5.425680e-02 -2.617603e-02 9.105489e-03 -1.132166e-02 2.264267e-02 9.030588e-02 7.668445e-03 -2.676189e-02 1.838181e-02 2.898658e-02 2.654651e-02 7.354429e-03 8.245949e-03
<VARIANCE> 39
 1.764042e+01 2.006928e+01 3.381819e+01 3.432033e+01 5.619450e+01 4.603113e+01 4.222235e+01 5.015911e+01 4.461626e+01 5.646184e+01 4.630077e+01 4.499139e+01 2.337650e+01 3.036938e-01 5.438486e-01 8.925922e-01 1.108311e+00 1.435678e+00 1.490684e+00 1.715246e+00 1.909319e+00 1.886447e+00 1.790095e+00 1.654997e+00 1.551866e+00 2.848906e-01 3.963157e-02 7.155377e-02 1.188303e-01 1.694782e-01 2.154307e-01 2.470443e-01 2.632308e-01 2.855071e-01 2.859251e-01 3.003218e-01 2.743247e-01 2.561328e-01 2.789115e-02
<GCONST> 9.580286e+01
<MIXTURE> 3 1.299093e-01
<MEAN> 39
 5.668547e+00 -1.714925e+00 -5.746420e+00 -1.912342e+00 1.416191e+00 -2.175104e+00 -4.751695e+00 1.343609e+00 4.390245e+00 -1.894256e+00 -5.187903e+00 -4.023345e+00 5.225453e+00 1.870310e-01 8.044704e-01 5.337709e-01 2.785050e-01 1.909414e-02 -1.521155e-01 -4.437429e-01 -1.165394e+00 -5.745419e-01 5.978157e-01 3.004313e-01 -2.252868e-01 -8.888483e-01 -1.311972e-01 1.013906e-01 3.097218e-01 1.604893e-01 -7.562404e-02 1.611633e-02 2.799393e-01 -5.184481e-02 -3.485924e-01 -1.244629e-01 1.298870e-01 1.984326e-01 -9.868840e-02
<VARIANCE> 39
 1.016644e+01 2.030565e+01 2.546015e+01 3.444159e+01 3.750016e+01 5.552906e+01 4.901073e+01 5.056405e+01 5.608787e+01 6.193819e+01 4.712446e+01 4.447238e+01 1.863181e+01 3.574325e-01 7.354817e-01 1.443323e+00 1.426600e+00 1.853512e+00 2.182772e+00 2.368284e+00 2.869534e+00 2.839652e+00 2.497276e+00 2.363282e+00 2.095582e+00 3.882732e-01 5.670810e-02 1.047339e-01 1.748904e-01 2.163400e-01 2.865659e-01 3.298166e-01 3.594712e-01 3.975279e-01 4.274262e-01 4.091510e-01 3.685297e-01 3.176026e-01 4.849024e-02
<GCONST> 1.036581e+02
<MIXTURE> 4 1.374080e-01
<MEAN> 39
 3.204392e+00 -2.340782e+00 9.071465e-01 -4.995135e-01 -7.855478e+00 -5.951443e+00 4.846570e-01 6.711343e+00 -1.945736e+00 -5.140420e+00 -1.568822e+00 3.136913e-01 7.529168e+00 5.512905e-01 9.298815e-01 3.863247e-01 8.092412e-01 3.910917e-01 -8.768497e-01 -1.314613e+00 -1.098051e+00 1.090196e-01 2.802719e-01 -4.157719e-01 6.487827e-02 -1.138894e+00 3.190290e-02 2.169363e-01 2.154846e-01 1.621792e-01 3.035299e-01 1.769543e-01 2.006483e-03 -6.494834e-01 -1.309342e-01 1.471054e-01 -1.441623e-01 -1.582815e-01 -3.142641e-01
<VARIANCE> 39
 9.390820e+00 1.743184e+01 2.848789e+01 2.561065e+01 3.574385e+01 3.878451e+01 4.780893e+01 4.308815e+01 6.737217e+01 4.838098e+01 4.444831e+01 4.312730e+01 1.594621e+01 3.071612e-01 7.443076e-01 1.293232e+00 1.086078e+00 1.936797e+00 2.027718e+00 2.155622e+00 2.811112e+00 2.722163e+00 2.503567e+00 2.100862e+00 2.068875e+00 2.877957e-01 5.944096e-02 1.078509e-01 2.066528e-01 2.136848e-01 3.058624e-01 3.191897e-01 3.809412e-01 4.399108e-01 4.733474e-01 4.534333e-01 3.936177e-01 3.485894e-01 4.971104e-02
<GCONST> 1.020170e+02
<MIXTURE> 5 1.155086e-01
<MEAN> 39
 4.451960e-01 3.018320e+00 -4.917253e-01 3.515712e+00 6.474097e-02 -2.365382e+00 6.839589e-01 -6.454312e-01 -1.640880e+00 -3.983133e+00 -3.247964e+00 -2.076094e+00 -5.369439e-01 -1.785026e+00 1.071662e+00 -2.698771e-02 8.527637e-01 9.066867e-01 7.622645e-01 5.858149e-01 -1.320266e-01 8.022204e-02 3.964349e-01 4.280681e-01 -1.116517e-01 -1.227876e+00 -2.613856e-01 -4.226206e-01 -1.417215e-01 -3.578011e-01 -1.143563e-01 6.231486e-02 1.713234e-01 3.355375e-01 2.372268e-01 2.385978e-01 2.110399e-01 2.424388e-01 3.893766e-01
<VARIANCE> 39
 2.934066e+01 4.352206e+01 4.021524e+01 2.996928e+01 4.605148e+01 4.421912e+01 4.737863e+01 4.798914e+01 4.890240e+01 5.066182e+01 4.472302e+01 4.246963e+01 3.429803e+01 3.307925e+00 2.955009e+00 2.573108e+00 3.140514e+00 3.396694e+00 3.590454e+00 3.495415e+00 3.879503e+00 3.836432e+00 3.647229e+00 3.419489e+00 3.471314e+00 2.842149e+00 3.322497e-01 4.276781e-01 4.163727e-01 4.171552e-01 5.460156e-01 5.840381e-01 6.520970e-01 6.828912e-01 6.460703e-01 6.288719e-01 5.532113e-01 5.070307e-01 3.048799e-01
<GCONST> 1.267926e+02
<MIXTURE> 6 1.205315e-01
<MEAN> 39
 2.317828e+00 -7.768092e+00 -3.185690e+00 -3.042435e+00 -2.469948e-02 7.232621e-01 5.085155e+00 6.602646e+00 -1.116454e+00 -4.955596e+00 -3.181717e+00 -1.143767e-01 1.062365e+01 3.432509e-01 7.353933e-01 2.572528e-01 -2.786766e-01 -1.136728e+00 -1.138180e+00 -6.745918e-01 4.908878e-02 6.339549e-01 5.998067e-01 -2.029415e-01 -2.775039e-01 -5.887049e-01 9.099230e-02 3.244684e-01 1.993913e-01 1.656065e-01 -1.760932e-01 -3.230867e-01 -4.757758e-01 -4.393616e-01 -6.229133e-02 9.615723e-02 5.650755e-02 1.390212e-02 -3.549037e-01
<VARIANCE> 39
 1.208916e+01 1.716530e+01 2.854248e+01 2.725268e+01 5.098262e+01 4.370978e+01 5.284353e+01 5.073481e+01 7.182357e+01 4.365083e+01 4.184841e+01 4.444048e+01 1.508514e+01 2.953592e-01 6.232427e-01 9.876297e-01 1.133067e+00 1.874446e+00 1.876379e+00 2.421308e+00 2.198046e+00 2.271236e+00 2.260284e+00 1.993335e+00 1.864481e+00 1.572260e-01 5.939638e-02 1.109199e-01 1.668393e-01 2.122693e-01 2.900141e-01 2.917793e-01 3.368702e-01 3.785933e-01 4.049187e-01 3.601826e-01 3.163140e-01 3.252202e-01 3.977059e-02
<GCONST> 9.969636e+01
<MIXTURE> 7 1.363126e-01
<MEAN> 39
 4.402985e+00 -8.819946e-01 4.319727e-01 -5.381466e-01 -5.229754e+00 -6.427878e+00 -2.140313e+00 1.136880e+00 -8.673165e-01 -2.407316e+00 -2.373426e+00 7.836385e-01 5.095337e+00 -3.235480e-01 2.174417e+00 6.835852e-01 1.636141e+00 5.336745e-01 -2.304466e-01 -7.314086e-01 -1.867715e+00 -6.830161e-01 -2.949415e-01 -3.025247e-01 -6.421328e-01 -2.021066e+00 -4.833396e-01 1.351214e-02 -9.286329e-02 1.614523e-01 4.301697e-01 5.690231e-01 5.603397e-01 1.187146e-01 -8.755165e-02 -1.095692e-01 2.022434e-02 -1.302859e-01 -1.098146e-01
<VARIANCE> 39
 1.217888e+01 2.431067e+01 4.339707e+01 3.026464e+01 4.630165e+01 4.433093e+01 5.011397e+01 5.098726e+01 6.000032e+01 5.747720e+01 6.216428e+01 6.284679e+01 1.697547e+01 1.597585e+00 1.847484e+00 2.538818e+00 2.382352e+00 3.736490e+00 3.764957e+00 4.136187e+00 4.316457e+00 4.461829e+00 4.020133e+00 3.632863e+00 3.715928e+00 1.142847e+00 2.215958e-01 2.909739e-01 3.364357e-01 3.749541e-01 4.901434e-01 5.036086e-01 5.368802e-01 6.517268e-01 6.380417e-01 6.278977e-01 6.154797e-01 5.466632e-01 1.556863e-01
<GCONST> 1.221754e+02
<MIXTURE> 8 9.098196e-02
<MEAN> 39
 1.440308e-01 -6.813518e+00 -1.433367e+00 -2.434875e+00 -1.616973e+00 -1.196009e+00 2.124670e+00 3.955823e+00 -9.001749e-01 4.589420e+00 1.205574e+01 1.550544e+01 7.751954e+00 1.322633e-01 3.988549e-01 1.391260e-02 -5.119742e-02 -4.229479e-01 -5.248085e-01 -3.574126e-01 -1.331462e-01 1.266193e-01 2.086098e-01 1.572904e-01 1.374674e-01 -4.582407e-01 6.177927e-02 1.327705e-01 3.206740e-02 2.501242e-02 -6.997887e-02 -8.116590e-02 -5.721171e-02 -5.306434e-02 8.274888e-02 -4.830934e-02 -2.119997e-01 -2.486331e-01 -9.491400e-02
<VARIANCE> 39
 1.333884e+01 2.348302e+01 3.737321e+01 3.545527e+01 6.076606e+01 5.568690e+01 6.084408e+01 6.134779e+01 7.509883e+01 1.026924e+02 7.425784e+01 7.757300e+01 1.691840e+01 4.069730e-01 8.326971e-01 1.062767e+00 1.266123e+00 1.757631e+00 1.928459e+00 2.049767e+00 2.106192e+00 2.186530e+00 2.427072e+00 2.425454e+00 2.393559e+00 2.954194e-01 6.424540e-02 1.245944e-01 1.739577e-01 2.130194e-01 2.679699e-01 3.171389e-01 3.474218e-01 3.521952e-01 3.509039e-01 4.088220e-01 3.947778e-01 3.668667e-01 4.119078e-02
<GCONST> 1.057567e+02
<TRANSP> 6
 0.000000e+00 1.000000e+00 0.000000e+00 0.000000e+00 0.000000e+00 0.000000e+00
 0.000000e+00 8.791859e-01 1.208141e-01 0.000000e+00 0.000000e+00 0.000000e+00
 0.000000e+00 0.000000e+00 9.262131e-01 7.378686e-02 0.000000e+00 0.000000e+00
 0.000000e+00 0.000000e+00 0.000000e+00 8.982859e-01 1.017141e-01 0.000000e+00
 0.000000e+00 0.000000e+00 0.000000e+00 0.000000e+00 7.450172e-01 2.549828e-01
 0.000000e+00 0.000000e+00 0.000000e+00 0.000000e+00 0.000000e+00 0.000000e+00
<ENDHMM>
