~o
<STREAMINFO> 1 39
<VECSIZE> 39<NULLD><MFCC_D_A_Z_0><DIAGC>
~h "ah"
<BEGINHMM>
<NUMSTATES> 6
<STATE> 2
<NUMMIXES> 8
<MIXTURE> 1 1.185778e-01
<MEAN> 39
 -7.192749e-01 -1.034958e+01 -4.973886e+00 -8.841802e-02 9.524697e+00 2.515136e+00 -8.200078e-01 5.963037e+00 3.723359e+00 4.463877e+00 1.272630e+01 1.541295e+01 1.337516e+01 1.900100e-02 5.419619e-03 -9.651897e-03 2.864061e-02 7.008092e-02 1.563050e-02 -3.944741e-02 2.253649e-02 5.006728e-02 1.436818e-02 -3.083177e-03 -2.634403e-02 -1.524411e-02 1.227540e-02 2.151257e-02 4.353872e-03 -3.192556e-02 -3.022628e-02 -5.333005e-03 1.518096e-02 1.284487e-02 1.169952e-02 -6.364537e-03 -5.236344e-02 -4.027742e-02 -8.209772e-03
<VARIANCE> 39
 9.865021e+00 2.473848e+01 3.207433e+01 4.188937e+01 7.004338e+01 5.407619e+01 7.329884e+01 5.461805e+01 6.912145e+01 1.035947e+02 9.149612e+01 5.800735e+01 1.419405e+01 2.244388e-01 4.450325e-01 6.147334e-01 6.806394e-01 8.170502e-01 8.215066e-01 9.496115e-01 9.681107e-01 9.650238e-01 1.126304e+00 1.156654e+00 9.951804e-01 7.689319e-02 4.241123e-02 8.310314e-02 1.138418e-01 1.267561e-01 1.396616e-01 1.489561e-01 1.690450e-01 1.764631e-01 1.695849e-01 1.947731e-01 1.979041e-01 1.692893e-01 1.256825e-02
<GCONST> 8.656465e+01
<MIXTURE> 2 1.189016e-01
<MEAN> 39
 5.779882e+00 -3.148846e+00 -8.428332e+00 -8.042146e+00 4.554112e+00 6.110293e+00 -5.979096e+00 -8.191714e-01 6.232553e+00 2.111632e+00 -1.241703e+00 -6.121888e+00 9.477116e+00 -3.149993e-01 -5.059209e-01 -2.855483e-02 3.898230e-01 2.949825e-01 -2.675610e-01 -1.254839e-01 6.790897e-01 5.050221e-01 -3.918928e-01 -7.128380e-01 -2.337740e-01 2.979651e-01 2.130419e-02 1.068519e-01 1.927414e-01 7.983225e-02 -2.015631e-01 -2.124387e-01 1.786519e-01 5.138732e-02 -2.594775e-01 -1.558375e-01 3.194911e-02 2.953279e-01 -1.204870e-01
<VARIANCE> 39
 1.195484e+01 2.063136e+01 2.062410e+01 3.451696e+01 5.014505e+01 6.025740e+01 5.387886e+01 5.291918e+01 6.255788e+01 6.289771e+01 6.350051e+01 4.859032e+01 1.966543e+01 2.612382e-01 6.500422e-01 8.155182e-01 1.436941e+00 1.609345e+00 2.210972e+00 2.060522e+00 2.358603e+00 2.424502e+00 2.476414e+00 2.285416e+00 2.217266e+00 2.077077e-01 4.484840e-02 9.706445e-02 1.412364e-01 2.119084e-01 2.821287e-01 3.099056e-01 3.280419e-01 3.732733e-01 3.958302e-01 3.893093e-01 3.735360e-01 3.155989e-01 3.845395e-02
<GCONST> 1.013433e+02
<MIXTURE> 3 1.441577e-01
<MEAN> 39
 3.772816e+00 -2.143346e+00 -9.769207e-01 -1.814779e+00 -4.649755e+00 -4.289817e+00 -1.657386e+00 3.688626e+00 2.544353e+00 -2.154847e+00 -4.264863e+00 -8.754551e-01 8.155116e+00 1.023300e-01 -1.484749e-01 -4.255329e-01 -1.316828e-01 4.861445e-01 3.657621e-01 -8.418673e-02 -1.786022e-02 1.938458e-01 -9.072995e-02 -2.318786e-01 -1.970620e-01 -2.436748e-02 -1.010124e-02 7.003113e-02 4.222255e-02 1.300463e-02 9.732682e-02 1.477651e-02 -9.449204e-02 -1.179297e-01 -3.513272e-02 6.560192e-02 9.492553e-02 9.591017e-03 -5.657748e-02
<VARIANCE> 39
 1.381847e+01 2.086300e+01 3.728045e+01 3.000610e+01 4.086010e+01 4.397362e+01 6.208953e+01 6.097982e+01 7.846555e+01 7.050549e+01 5.326833e+01 4.870079e+01 2.195386e+01 1.834592e-01 4.528710e-01 8.052797e-01 8.029491e-01 1.280194e+00 1.386891e+00 1.514447e+00 1.692443e+00 1.713658e+00 1.710403e+00 1.555604e+00 1.444775e+00 1.393228e-01 3.463323e-02 7.760432e-02 1.149937e-01 1.376101e-01 1.817179e-01 2.217777e-01 2.528726e-01 3.001013e-01 3.104657e-01 2.824977e-01 2.670393e-01 2.343901e-01 2.351468e-02
<GCONST> 9.335764e+01
<MIXTURE> 4 1.717613e-01
<MEAN> 39
 3.581668e+00 -1.001553e+01 -4.989079e+00 -8.268010e+00 8.618526e+00 4.112479e+00 -3.052475e+00 5.688004e+00 4.188119e+00 -8.856025e-01 -4.254037e+00 -2.632308e+00 1.319975e+01 6.753200e-02 1.170653e-02 -6.743380e-02 -4.440953e-02 1.587793e-01 1.566399e-01 -1.080610e-01 -1.209318e-01 -5.004896e-02 1.128008e-02 1.165654e-01 -1.168544e-02 -8.386323e-02 -1.533376e-02 6.717873e-02 -5.578785e-03 5.554201e-02 -1.024793e-01 -4.535031e-02 2.143133e-02 2.018154e-02 5.647485e-03 -7.052400e-03 3.118438e-02 4.736076e-02 -1.992503e-03
<VARIANCE> 39
 1.822923e+01 2.003746e+01 2.997425e+01 3.546263e+01 7.310572e+01 8.247350e+01 8.154959e+01 7.443678e+01 7.331684e+01 5.467021e+01 4.661827e+01 5.645984e+01 1.861763e+01 1.860114e-01 3.717732e-01 5.183054e-01 7.194912e-01 9.868878e-01 1.113721e+00 1.208357e+00 1.232813e+00 1.204285e+00 1.126808e+00 1.073647e+00 1.025751e+00 8.598349e-02 3.397211e-02 6.950250e-02 9.894495e-02 1.373398e-01 1.829516e-01 2.160898e-01 2.338445e-01 2.434384e-01 2.340012e-01 2.165111e-01 2.068033e-01 1.934671e-01 1.257780e-02
<GCONST> 8.882068e+01
<MIXTURE> 5 7.801612e-02
<MEAN> 39
 4.150002e+00 -2.875597e+00 -3.593199e+00 -4.855603e+00 -9.263102e-01 -3.383322e+00 -4.472835e+00 2.984082e+00 4.919973e+00 1.052310e+00 -2.142255e+00 -6.210688e-01 9.532609e+00 4.280106e-01 -1.799945e+00 -5.395222e-01 -1.132187e+00 7.588086e-01 9.247174e-01 3.582706e-01 1.539553e+00 6.473085e-01 -2.574795e-01 -4.952049e-01 -2.282000e-01 1.428825e+00 -6.545088e-01 3.857571e-01 1.416355e-01 6.219493e-01 3.930545e-01 3.886247e-01 4.426010e-01 -2.397415e-01 -3.813053e-01 -1.508082e-01 1.804153e-01 3.059135e-02 -5.785158e-01
<VARIANCE> 39
 1.935863e+01 3.237400e+01 4.345094e+01 4.113634e+01 6.207512e+01 7.287720e+01 6.824898e+01 7.136231e+01 6.872526e+01 7.938390e+01 7.794022e+01 8.804486e+01 2.770366e+01 2.117864e+00 2.599904e+00 2.678295e+00 3.764555e+00 4.690886e+00 4.901251e+00 5.389198e+00 5.497805e+00 5.929265e+00 4.793300e+00 4.930583e+00 5.053250e+00 1.605275e+00 4.431784e-01 4.485620e-01 4.784221e-01 6.206938e-01 7.621492e-01 9.162746e-01 9.664264e-01 1.057588e+00 9.577807e-01 9.983252e-01 9.617155e-01 1.046340e+00 3.165297e-01
<GCONST> 1.364947e+02
<MIXTURE> 6 1.453408e-01
<MEAN> 39
 1.183766e+00 -8.615884e+00 -5.677407e+00 -3.005759e+00 6.823888e+00 2.243126e+00 6.313471e-01 6.977588e+00 1.630426e+00 -5.679192e+00 -2.622232e+00 3.999479e+00 1.266618e+01 5.492488e-02 -2.151708e-01 -1.960865e-01 7.093436e-02 5.954531e-01 2.183568e-01 -4.168132e-01 -2.415143e-01 -7.146975e-02 -1.098098e-01 1.244721e-01 -4.178858e-02 -7.121325e-02 6.755960e-02 1.136484e-01 4.667934e-02 -1.128033e-01 -2.459063e-01 -2.127590e-01 -1.528850e-01 -1.276757e-01 7.916445e-02 2.031823e-01 3.282723e-02 -1.305568e-01 -1.245325e-01
<VARIANCE> 39
 1.248192e+01 1.645106e+01 2.199946e+01 2.836509e+01 5.284923e+01 5.239656e+01 6.277211e+01 4.860094e+01 5.338573e+01 4.028861e+01 4.527021e+01 6.254969e+01 1.563208e+01 4.042655e-01 7.408509e-01 1.022498e+00 1.300748e+00 2.279565e+00 2.150072e+00 2.731873e+00 2.399368e+00 2.363607e+00 2.240933e+00 2.208969e+00 2.199094e+00 2.206652e-01 5.577521e-02 1.143600e-01 1.463116e-01 1.839575e-01 2.669665e-01 3.114976e-01 3.985684e-01 3.502037e-01 3.516863e-01 3.467070e-01 3.166732e-01 3.087938e-01 3.124928e-02
<GCONST> 1.010238e+02
<MIXTURE> 7 1.095177e-01
<MEAN> 39
 3.122566e+00 -7.719934e+00 -2.505944e+00 -5.126826e+00 4.128973e+00 1.922995e-01 -1.919175e+00 2.969909e+00 3.121973e+00 2.996798e+00 2.856177e+00 3.580255e+00 1.020897e+01 7.360420e-03 -1.971556e-02 -4.215254e-02 1.086080e-01 2.625872e-01 1.175692e-01 -1.135582e-01 -1.855503e-01 -1.035488e-02 -1.358447e-01 -3.555159e-02 -6.944678e-02 -8.867526e-02 -1.860560e-02 1.823156e-01 -6.183612e-02 1.012306e-01 -9.360575e-02 9.486396e-04 -1.289015e-02 8.051716e-02 2.472546e-02 -5.931800e-02 -6.257170e-02 -3.717496e-02 -5.070069e-02
<VARIANCE> 39
 2.918345e+01 4.197433e+01 5.045027e+01 6.547360e+01 1.071329e+02 9.352563e+01 9.521937e+01 9.286465e+01 9.631726e+01 1.172640e+02 1.334432e+02 1.451979e+02 3.116607e+01 7.965557e-01 1.412038e+00 1.963159e+00 2.336412e+00 3.246952e+00 3.286870e+00 3.581451e+00 3.792023e+00 3.714634e+00 3.804645e+00 3.597063e+00 3.542734e+00 7.215999e-01 1.451243e-01 2.783621e-01 3.478318e-01 4.512272e-01 5.553982e-01 6.179639e-01 7.057654e-01 6.992838e-01 7.167587e-01 6.911625e-01 6.558958e-01 6.714306e-01 1.366735e-01
<GCONST> 1.289686e+02
<MIXTURE> 8 1.137271e-01
<MEAN> 39
 3.125418e+00 -4.665431e+00 -4.149506e+00 -4.277993e+00 -4.886920e-01 -1.999867e+00 -7.331637e-01 8.212352e+00 4.785697e+00 -3.249991e+00 -5.922698e+00 -1.163656e+00 1.113091e+01 -9.620146e-02 -9.721723e-01 -7.313008e-01 -2.090030e-01 1.302934e+00 1.325470e+00 6.217501e-01 5.794232e-01 2.706454e-02 -6.073735e-01 -2.626979e-01 -1.813640e-01 4.763055e-01 -8.080739e-02 4.132434e-01 1.893689e-01 3.304784e-01 1.000301e-01 -1.282211e-01 -3.568012e-01 -7.853900e-01 -2.803523e-01 1.726592e-01 3.495314e-01 5.048771e-02 -4.049939e-01
<VARIANCE> 39
 1.235130e+01 1.993239e+01 2.730981e+01 2.564755e+01 4.472161e+01 4.487831e+01 5.776727e+01 4.996030e+01 7.097019e+01 5.678749e+01 4.051145e+01 5.013180e+01 1.976271e+01 5.110794e-01 9.173250e-01 1.418839e+00 1.543291e+00 2.463704e+00 2.432567e+00 3.240926e+00 3.359559e+00 3.452028e+00 3.042522e+00 2.633316e+00 2.717940e+00 3.386924e-01 1.452634e-01 1.752766e-01 2.353095e-01 2.715584e-01 3.965279e-01 4.300076e-01 5.980876e-01 5.123940e-01 6.277577e-01 5.262697e-01 4.645191e-01 4.369869e-01 7.270832e-02
<GCONST> 1.109542e+02
<STATE> 3
<NUMMIXES> 8
<MIXTURE> 1 1.180050e-01
<MEAN> 39
 3.115797e+00 -7.342011e+00 -6.158915e+00 -3.383397e+00 7.644871e+00 2.963098e+00 -2.624768e+00 7.154621e+00 3.117060e+00 -4.168038e+00 -2.724157e+00 1.227016e+00 1.101909e+01 -1.359076e-01 -2.011609e-01 -2.839729e-01 -3.081737e-01 -2.864411e-01 -3.202267e-01 -3.534782e-01 -3.024485e-01 -2.583382e-01 -2.313554e-01 -1.555569e-01 -1.448065e-01 -8.947380e-02 -6.484862e-02 -7.188292e-02 -1.257171e-01 -1.509429e-01 -1.932685e-01 -1.720526e-01 -1.446102e-01 -1.385431e-01 -1.098136e-01 -8.635996e-02 -9.425838e-02 -7.552139e-02 -4.177634e-02
<VARIANCE> 39
 1.048396e+01 1.441027e+01 1.989823e+01 2.830475e+01 4.989610e+01 5.161152e+01 6.031486e+01 4.912167e+01 5.685247e+01 4.103299e+01 4.517220e+01 5.533935e+01 1.604649e+01 9.207873e-02 1.953877e-01 2.990551e-01 3.924921e-01 5.429149e-01 5.644577e-01 6.404980e-01 6.285393e-01 6.558001e-01 6.077872e-01 5.896575e-01 5.886791e-01 3.700336e-02 1.465401e-02 3.171600e-02 4.559722e-02 5.971880e-02 7.680724e-02 8.965728e-02 1.007555e-01 1.051368e-01 1.104880e-01 1.040959e-01 1.032403e-01 1.020711e-01 1.000000e-02
<GCONST> 6.697403e+01
<MIXTURE> 2 1.733152e-01
<MEAN> 39
 4.725092e+00 -3.611838e+00 -6.717548e+00 -4.807338e+00 3.335133e+00 2.086979e+00 -4.036255e+00 4.318709e+00 5.735806e+00 -1.950000e+00 -4.779475e+00 -3.807221e+00 8.970512e+00 5.285710e-03 9.889169e-03 -1.449785e-03 -1.062430e-02 1.531037e-03 -3.219499e-03 -2.481851e-02 -2.246170e-02 -6.087505e-03 8.975292e-03 -3.506821e-03 -7.927249e-03 -2.060946e-02 1.390401e-03 4.456348e-03 7.399543e-03 -3.530585e-03 -1.169717e-02 -9.307449e-03 3.669080e-03 -2.418385e-02 6.871330e-03 9.320756e-04 8.278627e-03 -1.223844e-03 -5.322113e-03
<VARIANCE> 39
 1.061772e+01 1.576608e+01 2.156904e+01 2.754511e+01 4.451034e+01 4.601379e+01 5.235180e+01 4.391877e+01 5.478275e+01 5.902432e+01 4.093034e+01 4.878370e+01 1.693040e+01 3.470151e-02 8.656907e-02 1.412504e-01 1.876060e-01 2.745792e-01 3.284994e-01 3.507039e-01 3.820767e-01 4.069821e-01 4.008457e-01 3.853620e-01 3.649274e-01 1.786865e-02 1.000000e-02 1.619968e-02 2.643623e-02 3.627093e-02 5.227183e-02 6.207166e-02 6.597979e-02 7.356667e-02 8.025880e-02 7.851668e-02 7.448334e-02 6.954835e-02 1.000000e-02
<GCONST> 5.373430e+01
<MIXTURE> 3 1.407710e-01
<MEAN> 39
 3.605778e+00 -5.805388e+00 -8.559070e+00 -6.046037e+00 3.466402e+00 -5.043863e-01 -6.236164e+00 2.621167e+00 1.377137e+00 -6.094585e+00 -6.286605e+00 -3.568931e+00 8.355109e+00 -1.148430e-01 -1.654820e-01 -2.297958e-01 -2.565077e-01 -2.363066e-01 -2.954745e-01 -3.301136e-01 -2.978054e-01 -2.804348e-01 -2.331222e-01 -1.851038e-01 -1.785947e-01 -8.188712e-02 1.164031e-01 1.773241e-01 2.259363e-01 2.282451e-01 2.067011e-01 2.433020e-01 2.727897e-01 2.551094e-01 2.484878e-01 2.395160e-01 1.932275e-01 1.629687e-01 2.996855e-02
<VARIANCE> 39
 1.027271e+01 2.040679e+01 2.204280e+01 2.979259e+01 4.806310e+01 5.508064e+01 5.368355e+01 5.403038e+01 5.880524e+01 5.401207e+01 4.574934e+01 5.999157e+01 1.517335e+01 9.577269e-02 2.333001e-01 3.600255e-01 4.807775e-01 6.908482e-01 7.532454e-01 8.587734e-01 8.932891e-01 9.191480e-01 8.911718e-01 8.316276e-01 7.870967e-01 5.163706e-02 1.541823e-02 3.792476e-02 5.858153e-02 8.250559e-02 1.111886e-01 1.250776e-01 1.436960e-01 1.528054e-01 1.604578e-01 1.605465e-01 1.505278e-01 1.413713e-01 1.000000e-02
<GCONST> 7.501928e+01
<MIXTURE> 4 1.626974e-01
<MEAN> 39
 5.231510e+00 -3.085479e+00 -6.317996e+00 -2.926871e+00 5.289510e+00 5.681974e-01 -3.385016e+00 6.465064e+00 3.098568e+00 -5.410360e+00 -5.905622e+00 -1.981238e+00 7.019941e+00 2.728725e-02 5.112676e-02 2.822395e-02 6.076156e-02 5.554781e-02 5.172782e-02 1.783707e-02 4.890634e-02 8.526040e-03 2.788679e-02 4.147077e-02 -6.353175e-04 -3.793531e-02 -7.046768e-02 -8.420087e-02 -8.531199e-02 -1.581153e-01 -2.001207e-01 -1.566706e-01 -1.546130e-01 -2.319267e-01 -1.320938e-01 -7.703796e-02 -8.032430e-02 -1.193907e-01 -3.038734e-02
<VARIANCE> 39
 6.693195e+00 1.370729e+01 2.036444e+01 2.520826e+01 4.445640e+01 4.685865e+01 4.656167e+01 3.995639e+01 5.616627e+01 5.134209e+01 3.503439e+01 4.313942e+01 1.066834e+01 1.240524e-01 3.240089e-01 4.902584e-01 6.432836e-01 9.596375e-01 1.041942e+00 1.251057e+00 1.272589e+00 1.330835e+00 1.253980e+00 1.133662e+00 1.078433e+00 7.771448e-02 1.716829e-02 4.619161e-02 7.653473e-02 1.014198e-01 1.422998e-01 1.661043e-01 1.961890e-01 1.873743e-01 2.194701e-01 2.134969e-01 1.897439e-01 1.702648e-01 1.000000e-02
<GCONST> 7.937280e+01
<MIXTURE> 5 1.613431e-01
<MEAN> 39
 6.525854e+00 -1.751789e+00 -6.894332e+00 -7.407450e+00 8.639407e-01 7.300102e+00 -4.071690e+00 -3.187339e+00 9.212068e+00 3.190696e+00 -3.052696e-01 -5.079177e+00 9.096170e+00 1.558227e-02 2.105893e-02 -2.654760e-02 -1.013225e-02 2.820045e-02 2.975713e-02 -5.255586e-02 -4.875924e-02 -1.699362e-02 -5.100915e-03 2.175828e-02 -6.005705e-03 -3.965330e-02 -1.268789e-02 -9.833537e-03 -7.028859e-04 3.093708e-03 -1.999205e-02 -1.015666e-01 -4.527892e-02 5.710508e-02 -8.172613e-02 -4.969274e-02 -4.016092e-02 1.971824e-02 -1.067900e-02
<VARIANCE> 39
 1.061200e+01 1.859390e+01 1.989555e+01 3.012064e+01 3.226266e+01 5.814787e+01 5.273002e+01 3.815160e+01 4.638243e+01 5.309227e+01 5.746054e+01 4.245362e+01 1.552128e+01 7.937835e-02 1.986508e-01 2.865960e-01 4.580070e-01 5.698680e-01 7.467072e-01 7.795178e-01 8.999655e-01 8.722423e-01 9.090964e-01 9.198135e-01 7.534393e-01 5.301867e-02 1.233626e-02 3.231514e-02 4.825877e-02 7.612291e-02 9.921637e-02 1.247059e-01 1.376675e-01 1.511535e-01 1.503253e-01 1.600012e-01 1.566999e-01 1.329361e-01 1.000000e-02
<GCONST> 7.202443e+01
<MIXTURE> 6 1.225927e-01
<MEAN> 39
 3.343268e+00 -6.444329e+00 -7.509097e+00 -4.975917e+00 5.323386e+00 9.676632e-01 -4.646504e+00 4.712105e+00 2.199278e+00 -5.073814e+00 -4.473191e+00 -1.190063e+00 9.454199e+00 2.731925e-01 3.730299e-01 4.549721e-01 5.298903e-01 5.525603e-01 5.688680e-01 5.413202e-01 5.526151e-01 5.122562e-01 4.538332e-01 3.533294e-01 2.757179e-01 6.942757e-02 4.927389e-02 8.609728e-02 8.509809e-02 8.324332e-02 4.711015e-02 7.708227e-02 9.875053e-02 8.016009e-02 9.858131e-02 8.739450e-02 5.090591e-02 3.127469e-02 1.765742e-03
<VARIANCE> 39
 1.052412e+01 1.897437e+01 2.194967e+01 2.868691e+01 5.168585e+01 5.457549e+01 5.839791e+01 5.268329e+01 5.838454e+01 4.826958e+01 4.703243e+01 6.251544e+01 1.691815e+01 7.671951e-02 1.836204e-01 2.747319e-01 3.631675e-01 5.430840e-01 5.846706e-01 6.617661e-01 6.756510e-01 7.422776e-01 6.951611e-01 6.946784e-01 6.882207e-01 4.090055e-02 1.404717e-02 3.347323e-02 5.243305e-02 6.910648e-02 9.628373e-02 1.069036e-01 1.228267e-01 1.236743e-01 1.324347e-01 1.256171e-01 1.192631e-01 1.145239e-01 1.000000e-02
<GCONST> 6.999757e+01
<MIXTURE> 7 4.797326e-02
<MEAN> 39
 1.269160e+00 -3.062258e+00 -6.040215e+00 -2.895626e+00 3.902073e+00 3.680445e+00 6.981445e+00 1.707846e+01 1.705659e+01 5.681409e+00 -8.230555e+00 -1.636987e+01 8.467975e+00 -1.740074e-04 1.435846e-02 -1.227411e-02 -9.119167e-03 1.110072e-02 1.892964e-02 2.295020e-02 -1.160880e-02 1.480822e-02 -1.698051e-02 -3.514228e-02 -1.930236e-02 -1.196144e-02 5.607573e-03 -1.396878e-02 -2.053766e-02 -2.654619e-02 -1.228354e-02 -9.271030e-03 -3.884716e-02 -7.625668e-02 -6.579912e-02 -3.524644e-02 4.369878e-02 6.766579e-02 -3.157295e-03
<VARIANCE> 39
 1.994463e+01 2.534768e+01 2.349776e+01 4.060846e+01 4.169308e+01 4.252230e+01 1.114708e+02 7.421637e+01 7.861212e+01 1.320694e+02 1.381556e+02 1.252855e+02 2.722679e+01 1.821306e-01 3.752334e-01 5.416583e-01 6.024690e-01 6.797869e-01 9.472041e-01 9.400472e-01 1.079070e+00 1.097139e+00 1.156207e+00 1.315051e+00 1.187696e+00 7.364103e-02 3.200406e-02 6.758506e-02 1.022391e-01 1.109060e-01 1.216301e-01 1.738247e-01 1.802421e-01 2.072755e-01 2.154774e-01 2.132677e-01 2.322491e-01 2.074995e-01 1.093000e-02
<GCONST> 8.903371e+01
<MIXTURE> 8 7.330237e-02
<MEAN> 39
 3.730832e+00 -3.954784e+00 -4.848105e+00 -3.906684e+00 2.977726e+00 -4.856898e-01 -3.612336e+00 2.179869e+00 3.565223e+00 -1.546181e+00 -3.204789e+00 -1.350159e+00 7.646254e+00 -3.050039e-03 1.294048e-01 -2.906746e-03 1.091641e-01 2.676653e-02 -2.929992e-02 -2.560827e-02 -2.053828e-03 -5.302097e-02 -4.962625e-02 2.149727e-02 5.095712e-02 -9.658102e-02 -4.535465e-02 2.262357e-01 7.632378e-02 1.188122e-01 -4.333770e-02 2.143895e-04 4.692182e-02 -8.956796e-02 -1.206369e-01 5.684583e-02 1.136169e-01 4.676344e-02 -1.594521e-01
<VARIANCE> 39
 2.178098e+01 3.555646e+01 4.311787e+01 4.273743e+01 6.454015e+01 7.012042e+01 6.788210e+01 6.806332e+01 6.754731e+01 7.473758e+01 7.712794e+01 7.896742e+01 2.951633e+01 6.440772e-01 1.076948e+00 1.464324e+00 1.772362e+00 2.372097e+00 2.535059e+00 2.823995e+00 3.056287e+00 2.766794e+00 2.818117e+00 2.516945e+00 2.325056e+00 6.164550e-01 1.598192e-01 2.580271e-01 2.619486e-01 3.531511e-01 4.431643e-01 4.520340e-01 5.537890e-01 6.023268e-01 5.774515e-01 5.224842e-01 4.904004e-01 4.606708e-01 1.571501e-01
<GCONST> 1.183933e+02
<STATE> 4
<NUMMIXES> 8
<MIXTURE> 1 1.445176e-01
<MEAN> 39
 2.659177e+00 -7.017220e+00 -6.197570e+00 -2.280725e+00 8.379259e+00 1.381977e+00 -3.440784e+00 5.983517e+00 6.341549e-01 2.340138e+00 1.066501e+01 1.629416e+01 7.895566e+00 1.062221e-02 1.797185e-02 7.136852e-03 2.762805e-03 3.513744e-03 1.164807e-04 -1.874722e-02 1.278237e-03 1.892882e-02 1.852169e-02 4.235995e-03 -5.421395e-03 -1.983724e-02 -1.834317e-02 -1.282475e-02 -3.016108e-02 -4.310891e-02 -3.769949e-02 -2.675098e-02 -2.256813e-02 -1.255552e-02 5.106465e-03 1.073531e-02 1.576176e-03 -1.139815e-02 -1.222056e-02
<VARIANCE> 39
 9.176196e+00 1.845488e+01 2.370972e+01 2.817382e+01 5.736736e+01 4.599053e+01 6.025887e+01 4.884028e+01 3.901755e+01 7.032049e+01 6.980464e+01 4.188283e+01 1.294347e+01 9.138799e-02 2.131242e-01 3.142123e-01 3.726917e-01 4.608530e-01 4.514033e-01 4.834446e-01 5.440188e-01 4.942692e-01 5.065137e-01 5.336698e-01 5.074785e-01 3.055246e-02 1.692917e-02 3.861474e-02 5.797451e-02 7.016418e-02 8.617564e-02 8.676310e-02 9.167837e-02 1.020783e-01 9.606540e-02 9.648783e-02 1.040388e-01 9.634448e-02 1.000000e-02
<GCONST> 6.617446e+01
<MIXTURE> 2 1.061177e-01
<MEAN> 39
 4.464452e+00 -3.949692e+00 -7.278850e+00 -3.605561e+00 2.238276e+00 2.125031e+00 -4.582541e+00 2.521595e+00 6.987065e+00 -2.059139e+00 -4.855873e+00 -3.542764e+00 8.879149e+00 1.696542e-01 4.013345e-01 1.605823e-01 7.572122e-02 -3.546542e-01 -3.935361e-01 -1.194640e-01 -1.695810e-01 -1.028998e-01 2.964472e-01 1.999647e-01 3.247098e-02 -3.499771e-01 6.994253e-02 1.822955e-01 1.451631e-01 1.284129e-02 -7.067700e-02 -1.318283e-01 -3.886684e-02 -1.575689e-01 -2.175435e-01 1.351558e-01 1.712274e-01 1.617120e-02 -1.766315e-01
<VARIANCE> 39
 1.120704e+01 1.763831e+01 2.291046e+01 2.736378e+01 3.245083e+01 4.692650e+01 4.587263e+01 4.875882e+01 4.270673e+01 5.777025e+01 3.819049e+01 3.591294e+01 1.922992e+01 1.830317e-01 3.643824e-01 6.134557e-01 8.333545e-01 1.159104e+00 1.471845e+00 1.509945e+00 1.625940e+00 1.601031e+00 1.657693e+00 1.457636e+00 1.326956e+00 1.046969e-01 2.996282e-02 6.058072e-02 1.024283e-01 1.334225e-01 1.848400e-01 2.035771e-01 2.438215e-01 2.551124e-01 2.510284e-01 2.552803e-01 2.282200e-01 2.016306e-01 1.981586e-02
<GCONST> 8.746013e+01
<MIXTURE> 3 5.513386e-02
<MEAN> 39
 2.919822e+00 -3.984327e+00 -2.728040e+00 -3.452027e+00 1.158651e+00 -2.059028e+00 -1.407808e+00 4.298713e+00 5.345090e+00 1.943010e+00 -2.766600e-02 -4.712287e-01 7.315000e+00 -8.422352e-02 7.063468e-01 2.123422e-01 4.199755e-01 -2.790559e-01 -3.548910e-01 -2.274388e-01 -4.658874e-01 -5.005234e-01 2.469512e-02 2.285459e-01 2.496302e-01 -5.909257e-01 -1.192458e-01 3.657025e-01 5.986413e-02 2.508796e-01 2.808834e-02 9.360828e-02 -4.416654e-02 -3.139816e-01 -2.724740e-01 -1.555296e-02 7.992738e-02 3.847625e-03 -2.824402e-01
<VARIANCE> 39
 3.042741e+01 4.480806e+01 5.418459e+01 5.376974e+01 7.834626e+01 7.533848e+01 8.938647e+01 9.350905e+01 9.951235e+01 1.101766e+02 1.026137e+02 1.081783e+02 3.970416e+01 1.228007e+00 1.858666e+00 2.324358e+00 2.619218e+00 3.902789e+00 3.812910e+00 4.350967e+00 4.434802e+00 4.087252e+00 4.048125e+00 4.041133e+00 3.964342e+00 1.203391e+00 2.530892e-01 3.365160e-01 3.892640e-01 5.058698e-01 6.300450e-01 6.816857e-01 8.100525e-01 8.278661e-01 7.828941e-01 7.814751e-01 6.959394e-01 7.037596e-01 2.100137e-01
<GCONST> 1.328429e+02
<MIXTURE> 4 1.074694e-01
<MEAN> 39
 5.645321e+00 -7.596064e-01 -9.789466e+00 -8.375041e+00 7.788610e+00 3.601037e+00 -9.928146e+00 9.421664e-01 -6.062862e-02 -1.130267e+00 1.533948e+00 -1.076198e+00 4.706780e+00 5.695346e-02 1.278297e-01 5.827299e-02 2.454947e-02 -6.298721e-02 7.529785e-03 1.614906e-02 -1.172160e-01 -9.636872e-02 6.483082e-02 9.596360e-02 -1.795640e-02 -1.288190e-01 1.697111e-02 2.643249e-02 1.357196e-01 1.396106e-01 -7.261017e-02 -9.963709e-03 2.159943e-01 1.287959e-02 1.162986e-01 5.524096e-02 -2.406351e-02 4.943312e-02 9.638447e-03
<VARIANCE> 39
 1.146249e+01 1.644046e+01 2.080735e+01 2.928398e+01 4.442609e+01 5.399306e+01 4.251688e+01 5.215687e+01 4.603917e+01 4.852124e+01 7.185204e+01 1.079994e+02 1.155394e+01 1.344353e-01 3.502992e-01 5.028262e-01 7.032015e-01 8.936568e-01 9.816824e-01 1.172081e+00 1.183877e+00 1.263319e+00 1.176520e+00 1.271904e+00 1.128308e+00 9.064712e-02 2.294469e-02 5.794172e-02 8.738398e-02 1.210920e-01 1.681095e-01 1.797428e-01 2.011767e-01 2.280193e-01 2.266256e-01 2.091099e-01 2.323773e-01 2.150950e-01 1.016347e-02
<GCONST> 8.400134e+01
<MIXTURE> 5 2.429219e-01
<MEAN> 39
 6.232861e+00 2.406200e+00 -4.933052e+00 -2.190949e+00 1.865973e+00 -8.988654e-01 -3.699575e+00 3.877704e-01 2.592481e+00 -1.881034e+00 -5.084904e+00 -4.597696e+00 2.141036e+00 3.857438e-03 6.657700e-02 7.875808e-02 4.318964e-02 -3.438360e-02 -5.232131e-02 -5.995665e-03 -5.571658e-02 -6.377059e-02 1.200225e-02 3.322168e-02 1.676669e-02 -9.457988e-02 -9.968659e-03 -7.323193e-03 2.482215e-03 -1.687033e-02 -9.379690e-04 -1.340487e-03 -3.193203e-02 -1.299262e-02 -1.248995e-02 -4.471339e-03 1.386405e-02 5.186490e-03 -4.077408e-03
<VARIANCE> 39
 8.392811e+00 1.135651e+01 2.334608e+01 2.693328e+01 3.967782e+01 4.212947e+01 4.122628e+01 5.331482e+01 4.173616e+01 5.781768e+01 4.663901e+01 4.364241e+01 8.295222e+00 7.162054e-02 1.958809e-01 3.268684e-01 4.609838e-01 6.130793e-01 7.328476e-01 8.145943e-01 9.007106e-01 9.150246e-01 8.999233e-01 8.874253e-01 8.200541e-01 5.820430e-02 1.268308e-02 3.285370e-02 5.834725e-02 8.220123e-02 1.104301e-01 1.333360e-01 1.470303e-01 1.675263e-01 1.671504e-01 1.651551e-01 1.656108e-01 1.528514e-01 1.000000e-02
<GCONST> 7.177663e+01
<MIXTURE> 6 1.454392e-01
<MEAN> 39
 2.330973e+00 -8.011385e+00 -5.528273e+00 -3.117786e+00 8.729271e+00 6.057578e-01 -3.446306e+00 7.266101e+00 -1.447383e+00 -1.369514e+00 6.756047e+00 1.356324e+01 8.345132e+00 -1.533268e-02 7.462941e-02 3.269595e-02 -5.908277e-02 -2.275628e-01 -1.236834e-01 7.017152e-02 4.334033e-02 -3.879875e-02 2.671200e-02 7.736593e-02 6.670804e-02 -1.066332e-01 2.257618e-02 7.124832e-02 4.812658e-03 -3.451857e-02 -1.073304e-01 -2.984772e-02 -2.893799e-02 -6.941096e-02 8.879016e-02 8.992850e-02 -2.283658e-02 -1.205770e-01 -4.580017e-02
<VARIANCE> 39
 1.078333e+01 1.702998e+01 2.566401e+01 3.095277e+01 6.292629e+01 5.422241e+01 5.866961e+01 5.364973e+01 4.416101e+01 6.428249e+01 7.073357e+01 6.106763e+01 9.324679e+00 2.973414e-01 6.365157e-01 8.814036e-01 1.021960e+00 1.554433e+00 1.457720e+00 1.680117e+00 1.623526e+00 1.577844e+00 1.764804e+00 1.692599e+00 1.541307e+00 1.371534e-01 4.894119e-02 1.051050e-01 1.432162e-01 1.721675e-01 2.450756e-01 2.472846e-01 2.726741e-01 2.879418e-01 2.614696e-01 2.887845e-01 2.794633e-01 2.534371e-01 2.029615e-02
<GCONST> 9.491170e+01
<MIXTURE> 7 9.007077e-02
<MEAN> 39
 1.658332e+00 -4.482559e+00 -6.981823e+00 -2.710424e+00 6.491719e+00 1.310429e+00 -2.812173e+00 7.831769e+00 1.264187e+01 1.805024e+01 1.602842e+01 6.312046e+00 7.497651e+00 1.054090e-02 3.248954e-02 2.005822e-02 3.504674e-03 -4.238521e-03 3.444429e-03 -9.393291e-03 -1.087179e-02 5.559838e-03 4.742067e-03 1.944407e-02 2.186115e-02 -2.692844e-02 2.560244e-02 2.901110e-02 3.222885e-02 1.970122e-02 5.636228e-03 6.007915e-03 2.559564e-02 1.245864e-02 -3.779345e-02 -8.233679e-02 -4.562290e-02 1.464593e-02 6.243920e-03
<VARIANCE> 39
 1.249917e+01 2.213509e+01 3.495914e+01 3.306818e+01 7.531967e+01 6.504327e+01 5.606735e+01 6.005048e+01 8.420641e+01 5.366676e+01 5.515482e+01 1.675787e+02 1.463906e+01 1.959598e-01 4.085366e-01 6.131751e-01 7.034711e-01 7.087622e-01 7.620760e-01 8.311191e-01 8.365678e-01 9.195544e-01 9.336203e-01 9.344852e-01 9.861444e-01 6.389551e-02 3.534350e-02 7.489780e-02 1.138936e-01 1.304291e-01 1.244956e-01 1.402326e-01 1.540848e-01 1.501593e-01 1.598565e-01 1.750765e-01 1.663467e-01 1.627002e-01 1.000000e-02
<GCONST> 8.412403e+01
<MIXTURE> 8 1.083296e-01
<MEAN> 39
 6.319073e+00 -1.043316e+00 -6.952262e+00 -7.540235e+00 3.729476e+00 5.506319e+00 -4.156086e+00 -1.190592e+00 5.940353e+00 2.200066e+00 6.669949e-01 -4.833739e+00 6.775651e+00 2.654780e-02 1.072649e-01 4.314607e-02 1.802223e-02 -9.036518e-02 -1.078698e-01 -5.481488e-02 -7.058831e-02 -2.552864e-01 -1.336346e-01 5.885060e-02 1.532679e-01 -1.765704e-01 -4.341118e-02 -3.644302e-02 6.872355e-03 5.881075e-02 -9.607485e-02 -1.858174e-01 -8.205328e-02 4.011112e-02 -1.302748e-01 -1.193907e-01 -7.332041e-02 1.172860e-01 -2.138860e-02
<VARIANCE> 39
 1.425114e+01 2.582886e+01 2.647939e+01 4.537075e+01 5.737810e+01 7.135485e+01 6.596165e+01 6.685928e+01 6.971926e+01 7.946574e+01 7.279694e+01 6.177013e+01 2.229599e+01 2.786864e-01 5.884323e-01 8.608087e-01 1.262483e+00 1.584220e+00 2.028936e+00 2.103315e+00 2.261693e+00 2.264924e+00 2.140717e+00 2.234468e+00 2.075197e+00 2.134593e-01 4.304426e-02 9.089642e-02 1.463856e-01 2.126509e-01 2.916126e-01 3.497990e-01 3.667614e-01 3.957222e-01 4.049743e-01 3.885168e-01 3.655433e-01 3.463277e-01 2.915501e-02
<GCONST> 1.034148e+02
<STATE> 5
<NUMMIXES> 8
<MIXTURE> 1 8.376925e-02
<MEAN> 39
 1.737893e+00 -5.013777e+00 -4.520770e+00 -3.316425e+00 2.491058e+00 -1.749435e+00 -4.044036e+00 3.694774e+00 3.109866e+00 5.997183e+00 1.164337e+01 1.394269e+01 6.050301e+00 1.104070e-01 7.873710e-01 2.752028e-01 1.717308e-01 -1.043793e+00 -8.571886e-01 -2.143275e-01 -9.529593e-01 -3.322621e-02 2.197683e-01 -6.159464e-02 -2.028084e-01 -9.289436e-01 -5.636485e-02 1.424243e-01 3.894919e-02 1.721674e-01 4.545055e-03 1.413234e-02 4.242613e-02 -9.540709e-02 -2.474545e-02 -2.223080e-01 -3.701761e-01 -4.454267e-01 -1.241554e-01
<VARIANCE> 39
 1.554652e+01 2.325497e+01 3.711633e+01 3.654750e+01 6.336705e+01 6.002118e+01 7.021384e+01 6.633461e+01 8.304961e+01 9.789384e+01 7.775200e+01 6.816357e+01 2.227136e+01 6.419413e-01 1.055060e+00 1.538181e+00 1.897144e+00 2.557065e+00 3.005079e+00 3.205764e+00 3.414841e+00 3.350112e+00 3.948733e+00 3.529811e+00 3.214038e+00 6.521174e-01 1.190376e-01 1.771415e-01 2.598890e-01 3.436849e-01 4.165714e-01 4.683238e-01 5.584069e-01 5.396821e-01 6.056969e-01 6.597127e-01 5.438946e-01 5.507499e-01 9.121498e-02
<GCONST> 1.182236e+02
<MIXTURE> 2 1.481723e-01
<MEAN> 39
 -1.472605e-01 5.475667e+00 -6.846123e-01 2.584688e+00 2.226637e+00 -2.830953e+00 -2.754565e+00 -1.732699e+00 1.697693e-01 -2.392753e+00 -3.863164e+00 -2.570281e+00 -1.406691e-01 -2.232866e+00 1.038379e+00 1.202220e-01 1.047180e+00 7.326477e-01 7.870213e-01 1.328970e+00 7.748207e-02 -2.659400e-01 2.276395e-01 4.830229e-01 -1.798694e-02 -1.191717e+00 -2.467602e-01 -5.166577e-01 -2.194221e-01 -4.313287e-01 -1.614654e-01 9.424265e-02 1.430015e-01 4.519983e-01 3.230402e-01 2.855203e-01 2.722195e-01 2.420072e-01 3.676039e-01
<VARIANCE> 39
 3.889857e+01 3.752567e+01 3.723334e+01 3.162184e+01 3.904379e+01 4.604739e+01 4.527677e+01 4.574784e+01 4.274722e+01 5.161850e+01 4.136613e+01 4.022348e+01 3.550417e+01 2.935341e+00 2.980498e+00 2.563071e+00 3.476983e+00 3.312496e+00 3.664602e+00 3.756640e+00 4.169834e+00 4.176517e+00 3.928311e+00 3.628182e+00 3.375317e+00 2.603743e+00 3.389540e-01 3.823361e-01 3.962842e-01 4.228623e-01 5.019763e-01 5.735658e-01 6.732837e-01 7.325614e-01 6.637706e-01 6.622211e-01 5.607406e-01 5.215530e-01 2.861928e-01
<GCONST> 1.266302e+02
<MIXTURE> 3 1.351949e-01
<MEAN> 39
 4.631129e+00 -6.984422e-01 -1.830059e+00 -1.567811e+00 -3.255300e+00 -5.772210e+00 -2.301448e+00 5.340367e+00 1.243725e+00 -4.238991e+00 -4.983273e+00 -1.497531e+00 4.985600e+00 -1.708617e-02 7.408732e-01 6.856750e-01 5.208988e-01 -3.811662e-01 -5.804909e-01 -3.233196e-01 -8.399580e-01 -3.158878e-01 2.350151e-01 2.223822e-01 1.033843e-01 -6.869861e-01 -5.816581e-02 1.292563e-01 8.034677e-02 1.341162e-01 2.353882e-01 1.908147e-01 -8.451843e-02 -4.274976e-01 -1.058154e-01 5.448746e-02 6.052615e-02 -3.487705e-02 -1.480304e-01
<VARIANCE> 39
 9.848976e+00 1.765073e+01 2.576587e+01 2.573711e+01 3.830706e+01 3.453768e+01 5.248993e+01 3.914157e+01 6.277239e+01 5.714854e+01 4.435747e+01 4.413078e+01 1.471402e+01 2.445517e-01 6.039518e-01 1.023351e+00 1.079952e+00 1.579274e+00 1.645306e+00 2.160068e+00 2.504274e+00 2.212214e+00 2.113837e+00 1.913609e+00 1.842616e+00 2.810432e-01 5.812207e-02 9.833507e-02 1.472786e-01 1.885267e-01 2.499965e-01 2.768903e-01 3.486342e-01 3.344248e-01 3.814855e-01 3.658372e-01 3.195838e-01 2.976263e-01 4.196041e-02
<GCONST> 9.790414e+01
<MIXTURE> 4 1.140710e-01
<MEAN> 39
 6.796438e+00 -9.144552e-01 -8.443679e+00 -6.230448e+00 3.175110e+00 3.911335e+00 -7.374821e+00 -1.717125e+00 3.769338e+00 6.736799e-01 -1.388287e-01 -4.704008e+00 6.378424e+00 2.741562e-01 7.871426e-01 8.252648e-01 3.671565e-01 -5.943764e-01 -4.835914e-01 9.058317e-02 -1.180386e+00 -1.090873e+00 2.309978e-01 4.459980e-01 3.237243e-01 -9.743630e-01 -1.342207e-01 1.531042e-01 5.141548e-01 4.409342e-01 1.776944e-02 -2.602374e-01 1.746341e-01 -1.481131e-01 -3.189757e-01 -1.822160e-01 -2.222221e-01 8.842203e-02 -2.548244e-01
<VARIANCE> 39
 9.464828e+00 1.979154e+01 2.123681e+01 3.332990e+01 3.488323e+01 4.904675e+01 4.631171e+01 4.501873e+01 5.700872e+01 5.648947e+01 5.221192e+01 4.666499e+01 1.857878e+01 2.875288e-01 5.435525e-01 1.252411e+00 1.390558e+00 1.793957e+00 1.952835e+00 2.141127e+00 2.156395e+00 2.382248e+00 2.355958e+00 2.286347e+00 1.884854e+00 1.844692e-01 5.271203e-02 9.070901e-02 1.843562e-01 2.182782e-01 2.964105e-01 3.202810e-01 3.600615e-01 3.830521e-01 4.307688e-01 4.002814e-01 3.724164e-01 3.499035e-01 4.092817e-02
<GCONST> 1.004517e+02
<MIXTURE> 5 1.234278e-01
<MEAN> 39
 2.935324e+00 -7.034354e+00 -5.354876e+00 -4.846600e+00 3.787544e+00 -6.983429e-01 -2.283056e+00 8.612442e+00 1.274293e+00 -5.183923e+00 -4.472748e+00 9.309478e-01 1.025631e+01 3.731623e-01 8.109043e-01 5.277455e-01 -1.054579e-01 -1.530944e+00 -1.138758e+00 -4.999252e-01 -4.880470e-01 1.797853e-01 6.443165e-01 8.773480e-02 -1.894391e-01 -7.643877e-01 1.120663e-01 3.855979e-01 2.344247e-01 2.843595e-01 -7.818590e-02 -1.651889e-01 -3.494286e-01 -7.276674e-01 -1.062179e-01 1.538154e-01 9.000414e-02 -1.580150e-01 -4.269000e-01
<VARIANCE> 39
 1.169578e+01 1.529131e+01 2.606251e+01 2.480223e+01 5.161275e+01 4.906405e+01 6.686359e+01 4.893994e+01 6.795100e+01 4.954028e+01 4.511109e+01 5.624918e+01 1.525959e+01 3.900597e-01 8.330482e-01 1.286381e+00 1.394676e+00 2.000300e+00 2.196972e+00 3.030623e+00 2.933798e+00 3.018616e+00 2.551166e+00 2.297728e+00 2.397492e+00 3.000702e-01 7.379022e-02 1.264994e-01 2.029868e-01 2.529979e-01 3.615616e-01 3.920595e-01 4.956276e-01 4.762603e-01 5.325282e-01 4.600610e-01 3.847620e-01 3.850164e-01 5.674946e-02
<GCONST> 1.063951e+02
<MIXTURE> 6 1.572239e-01
<MEAN> 39
 5.890077e+00 1.326573e+00 -1.997725e+00 -1.344296e+00 1.369696e+00 -2.119123e-01 -5.876096e+00 -4.605914e+00 -4.925554e-01 -1.009774e+00 -1.845231e+00 -2.960433e+00 2.347058e+00 -2.883521e-01 8.225041e-01 1.286209e+00 1.194514e+00 7.773234e-02 -4.788260e-01 2.459802e-01 -1.023219e+00 -1.169891e+00 -1.792901e-01 -2.754691e-01 3.473919e-02 -1.135414e+00 -1.462180e-01 -8.557443e-02 -8.823609e-02 -4.604730e-02 5.925249e-02 1.472095e-02 1.153623e-01 3.216806e-01 2.058572e-01 -1.923755e-02 -7.763111e-02 -1.626165e-02 1.094019e-01
<VARIANCE> 39
 1.229634e+01 2.123458e+01 2.975965e+01 3.212555e+01 3.613582e+01 4.758107e+01 4.526440e+01 4.409194e+01 4.793090e+01 5.301479e+01 4.911011e+01 4.256414e+01 1.754041e+01 4.911944e-01 8.585116e-01 2.022329e+00 1.861633e+00 2.271171e+00 2.541549e+00 2.727515e+00 3.547272e+00 3.241876e+00 2.955648e+00 2.698993e+00 2.484878e+00 5.753546e-01 6.580558e-02 1.060897e-01 1.980275e-01 2.257349e-01 2.879891e-01 3.103714e-01 3.866707e-01 3.794136e-01 4.132498e-01 4.034222e-01 3.906000e-01 3.453510e-01 4.266353e-02
<GCONST> 1.062429e+02
<MIXTURE> 7 1.126185e-01
<MEAN> 39
 3.809528e+00 3.646674e-01 -9.170462e-01 -1.100218e+00 -2.372995e+00 -8.564653e+00 -5.639977e+00 1.643488e+00 1.137656e+00 -2.233744e+00 -2.383663e+00 2.376148e+00 4.928279e+00 -9.946704e-01 2.520135e+00 3.272676e-01 2.013355e+00 -2.678584e-02 -3.870796e-02 -2.170662e-01 -2.062387e+00 -8.146957e-01 -6.246108e-01 -1.735320e-01 -9.954305e-01 -1.731332e+00 -5.614033e-01 6.863595e-02 -1.912548e-01 1.586732e-01 3.942188e-01 7.162482e-01 5.942284e-01 1.159259e-01 8.081751e-03 5.657095e-04 1.702200e-02 -2.484254e-01 -6.476456e-02
<VARIANCE> 39
 1.580822e+01 2.864104e+01 3.822993e+01 3.034653e+01 4.318069e+01 3.729718e+01 4.968373e+01 5.147064e+01 5.632853e+01 6.298137e+01 7.254299e+01 6.864709e+01 1.728441e+01 2.015521e+00 2.084177e+00 3.124624e+00 2.689531e+00 4.370454e+00 4.275765e+00 5.037675e+00 4.480836e+00 4.616773e+00 4.340148e+00 3.978110e+00 4.317438e+00 1.317363e+00 2.505268e-01 3.672270e-01 3.435536e-01 4.401921e-01 5.072531e-01 5.045593e-01 6.229721e-01 7.436875e-01 7.016708e-01 6.694797e-01 6.459181e-01 6.096738e-01 1.647170e-01
<GCONST> 1.254440e+02
<MIXTURE> 8 1.255223e-01
<MEAN> 39
 6.222559e+00 -3.042620e+00 -5.679214e+00 -6.654215e+00 1.057146e+00 8.769172e-02 -7.232029e+00 5.319685e-01 5.004047e+00 1.064926e+00 -1.848657e+00 -3.499205e+00 7.855770e+00 2.364160e-01 1.638144e+00 1.454444e+00 1.537631e+00 -3.768514e-01 -1.082752e+00 -5.934678e-01 -2.134282e+00 -1.598238e+00 -4.938129e-02 -5.370384e-02 -1.561225e-01 -2.089362e+00 -3.188674e-01 2.005289e-01 2.893581e-01 5.860583e-01 3.278493e-01 6.011588e-02 3.297453e-01 -1.071009e-01 -4.296106e-01 -3.894366e-01 -2.386303e-01 1.752090e-02 -3.469399e-01
<VARIANCE> 39
 1.335935e+01 2.256166e+01 2.775163e+01 3.257286e+01 4.558419e+01 5.680158e+01 6.041206e+01 7.563869e+01 6.255509e+01 6.214657e+01 6.014460e+01 5.049394e+01 2.175014e+01 8.629904e-01 1.192682e+00 2.096360e+00 2.467683e+00 3.428406e+00 3.629142e+00 4.337399e+00 4.479825e+00 5.019497e+00 4.425800e+00 3.841266e+00 3.455733e+00 7.972264e-01 1.461193e-01 2.230776e-01 2.946129e-01 3.809593e-01 4.690997e-01 5.692345e-01 6.741192e-01 8.542812e-01 7.446358e-01 6.779895e-01 6.274180e-01 5.662991e-01 1.624097e-01
<GCONST> 1.214439e+02
<TRANSP> 6
 0.000000e+00 1.000000e+00 0.000000e+00 0.000000e+00 0.000000e+00 0.000000e+00
 0.000000e+00 8.527974e-01 1.472026e-01 0.000000e+00 0.000000e+00 0.000000e+00
 0.000000e+00 0.000000e+00 9.199599e-01 8.004010e-02 0.000000e+00 0.000000e+00
 0.000000e+00 0.000000e+00 0.000000e+00 8.679603e-01 1.320398e-01 0.000000e+00
 0.000000e+00 0.000000e+00 0.000000e+00 0.000000e+00 7.511867e-01 2.488133e-01
 0.000000e+00 0.000000e+00 0.000000e+00 0.000000e+00 0.000000e+00 0.000000e+00
<ENDHMM>
