~o
<STREAMINFO> 1 39
<VECSIZE> 39<NULLD><MFCC_D_A_Z_0><DIAGC>
~h "ax"
<BEGINHMM>
<NUMSTATES> 6
<STATE> 2
<NUMMIXES> 8
<MIXTURE> 1 8.017873e-02
<MEAN> 39
 1.236166e+00 -3.855135e+00 -1.106322e+00 -3.619360e+00 -3.046817e+00 -5.727523e+00 -2.553930e+00 4.486617e+00 4.850541e+00 9.092113e+00 1.263878e+01 1.408890e+01 7.418263e+00 1.929825e-01 -4.450931e-01 1.035274e-01 -2.771275e-01 4.456005e-01 2.695035e-01 -2.018567e-01 -1.132360e-01 -4.392038e-01 -1.663660e-03 2.627943e-01 6.835129e-01 1.787233e-01 -2.643757e-01 4.439969e-01 -7.423209e-03 4.248973e-01 1.792469e-01 2.940131e-01 2.326567e-01 -3.542061e-01 -2.673708e-01 -4.943480e-01 -5.798926e-01 -7.402533e-01 -4.127097e-01
<VARIANCE> 39
 1.480086e+01 3.209698e+01 4.721076e+01 3.575498e+01 6.945621e+01 6.155837e+01 6.587361e+01 7.352658e+01 9.666460e+01 8.737312e+01 7.100502e+01 8.249952e+01 1.903043e+01 1.070867e+00 2.189008e+00 2.021015e+00 2.442947e+00 3.448210e+00 3.678846e+00 3.838269e+00 3.909581e+00 4.255906e+00 4.464528e+00 5.127788e+00 5.570042e+00 1.207225e+00 2.794316e-01 2.780511e-01 3.812121e-01 4.732272e-01 6.364126e-01 7.583221e-01 6.917368e-01 7.752662e-01 9.349518e-01 7.929649e-01 8.427143e-01 9.897360e-01 1.974904e-01
<GCONST> 1.292416e+02
<MIXTURE> 2 1.064876e-01
<MEAN> 39
 8.079764e-01 4.954016e+00 1.732416e+00 2.964014e+00 -1.371763e+00 -3.948081e+00 -2.550229e+00 -3.377954e+00 -1.536002e+00 -9.630283e-01 -1.545903e+00 -2.116947e+00 -9.974564e-01 4.191380e-01 1.309254e-01 1.879225e-02 4.884372e-03 -1.240867e-01 -6.510396e-02 -2.699518e-01 -2.531403e-01 -1.209142e-02 -2.268906e-02 -9.487548e-02 -1.491314e-01 -1.488650e-01 -3.264149e-01 -4.883493e-02 -6.285200e-02 1.111727e-02 1.906042e-01 2.297759e-01 3.070097e-01 1.920850e-01 4.560611e-02 5.126568e-03 8.574766e-02 1.623398e-01 -3.605359e-02
<VARIANCE> 39
 4.145668e+01 3.471635e+01 4.133158e+01 3.379967e+01 4.847684e+01 4.947514e+01 4.700265e+01 4.151152e+01 4.107268e+01 4.333092e+01 4.206969e+01 4.071362e+01 3.540628e+01 2.033603e+00 1.384908e+00 1.604601e+00 1.808719e+00 2.226879e+00 2.294494e+00 2.358020e+00 2.522096e+00 2.426491e+00 2.365756e+00 2.396939e+00 2.207410e+00 1.036037e+00 2.915636e-01 2.360852e-01 2.729038e-01 3.110695e-01 4.002566e-01 4.562834e-01 4.826156e-01 4.656340e-01 4.580165e-01 4.679011e-01 4.438217e-01 3.880875e-01 1.727933e-01
<GCONST> 1.156203e+02
<MIXTURE> 3 1.126562e-01
<MEAN> 39
 6.058256e+00 -2.075752e-01 -5.414706e+00 -5.373857e+00 9.568140e-01 2.042780e+00 -7.464458e+00 -2.860691e+00 6.307842e+00 4.332993e+00 -4.019908e-01 -4.559770e+00 6.391875e+00 7.611128e-02 -3.068304e-01 -2.833341e-01 -4.594588e-01 2.736710e-01 4.603894e-01 1.658195e-02 4.057153e-01 4.430436e-01 5.403296e-03 -8.705555e-02 -2.109681e-01 3.101622e-01 -1.830202e-01 2.117770e-01 3.181884e-01 3.477148e-01 5.693210e-02 -1.944937e-01 3.232266e-01 -5.585486e-02 -5.487046e-01 -3.518963e-01 -1.704577e-03 2.999744e-01 -3.255726e-01
<VARIANCE> 39
 1.235166e+01 2.236147e+01 2.697705e+01 4.157294e+01 4.037925e+01 5.489866e+01 5.258815e+01 5.194115e+01 6.138691e+01 5.522617e+01 6.402625e+01 5.060719e+01 2.193146e+01 4.783500e-01 9.699163e-01 1.334069e+00 2.027368e+00 1.957806e+00 3.098662e+00 2.345432e+00 3.233686e+00 2.913020e+00 2.999494e+00 2.892828e+00 2.230605e+00 5.381934e-01 1.201663e-01 1.568765e-01 2.381861e-01 3.429749e-01 3.859074e-01 3.993147e-01 4.671748e-01 5.356672e-01 5.970648e-01 4.787840e-01 4.957806e-01 4.341585e-01 1.063249e-01
<GCONST> 1.119447e+02
<MIXTURE> 4 1.797991e-01
<MEAN> 39
 3.428350e+00 -2.334108e+00 -3.458219e+00 -2.494579e+00 -7.314050e-01 -3.875643e+00 -2.321290e+00 6.184440e+00 2.909642e+00 -4.909427e+00 -4.449383e+00 9.085531e-01 6.971834e+00 5.600747e-02 -2.038451e-01 -2.299170e-01 -1.347966e-01 4.182084e-01 3.410598e-01 -9.350497e-02 9.998292e-02 8.426058e-02 -1.023094e-01 -1.340639e-01 -1.289494e-01 2.534465e-02 2.822382e-02 1.909630e-01 1.293595e-01 9.659704e-02 -3.788831e-02 -4.417984e-02 -1.150462e-01 -3.624425e-01 -9.342021e-02 2.340685e-01 1.393493e-01 -7.615151e-02 -1.619240e-01
<VARIANCE> 39
 9.975103e+00 2.096281e+01 2.078730e+01 2.361788e+01 3.498063e+01 4.828976e+01 5.285867e+01 5.097982e+01 5.635492e+01 5.509996e+01 4.753241e+01 5.928008e+01 2.425305e+01 1.894057e-01 4.815103e-01 7.628646e-01 8.130321e-01 1.363201e+00 1.405501e+00 1.716416e+00 1.659634e+00 1.686890e+00 1.657842e+00 1.521784e+00 1.466494e+00 1.512702e-01 3.266889e-02 7.785144e-02 1.157693e-01 1.533056e-01 1.888363e-01 2.350163e-01 2.906523e-01 3.431561e-01 3.090043e-01 2.986719e-01 2.665571e-01 2.570503e-01 3.143064e-02
<GCONST> 9.253832e+01
<MIXTURE> 5 1.482048e-01
<MEAN> 39
 2.585354e+00 -8.774123e-01 6.652610e+00 -3.848306e+00 -1.018701e+01 -4.616963e+00 4.317078e-02 1.862551e+00 -4.015959e+00 -1.193404e-01 -1.020761e+00 -3.900951e-01 7.081706e+00 1.550442e-01 -1.987721e-01 -1.310492e-01 -9.093072e-02 2.250215e-01 2.205555e-01 -7.531814e-02 2.099581e-01 1.014924e-01 -2.585503e-02 -2.213646e-01 -4.316429e-02 -7.908145e-02 -2.526808e-02 2.260119e-01 -1.454353e-01 2.435475e-01 2.491913e-01 -1.324855e-01 -1.709170e-01 -1.839087e-01 1.151356e-01 -1.214387e-01 -2.626760e-02 7.686611e-02 -1.582040e-01
<VARIANCE> 39
 1.187440e+01 2.616307e+01 3.103684e+01 4.383673e+01 3.629539e+01 4.794801e+01 5.378366e+01 6.513229e+01 5.028396e+01 6.038644e+01 6.677905e+01 7.206375e+01 1.628812e+01 2.774721e-01 6.093361e-01 9.606644e-01 1.095491e+00 1.394754e+00 1.662347e+00 1.806494e+00 2.067866e+00 1.977303e+00 2.086542e+00 1.827899e+00 1.752323e+00 1.702448e-01 6.044141e-02 1.099196e-01 1.432020e-01 2.053121e-01 2.642041e-01 2.920951e-01 3.399703e-01 3.788050e-01 3.433197e-01 3.735206e-01 3.560695e-01 3.247313e-01 4.051430e-02
<GCONST> 1.002164e+02
<MIXTURE> 6 1.199452e-01
<MEAN> 39
 3.685801e+00 7.156913e-01 1.298933e+00 6.470072e-01 -7.142745e+00 -8.637290e+00 -5.398351e+00 3.399253e+00 2.557156e+00 -4.582268e+00 -3.784143e+00 5.790455e-01 6.455654e+00 3.692152e-01 -4.807925e-01 -1.872711e-01 -2.950385e-01 2.833870e-01 5.479444e-01 -3.910036e-02 5.016029e-01 3.247544e-01 -2.215920e-02 -2.737283e-01 -3.201582e-01 8.821169e-02 -4.482041e-01 5.413966e-01 3.337940e-02 2.937393e-01 6.594630e-01 4.047421e-01 3.495970e-01 -6.054261e-01 -3.933262e-01 2.976386e-01 2.033577e-01 -2.108094e-01 -4.720025e-01
<VARIANCE> 39
 1.204185e+01 2.108377e+01 3.075339e+01 2.727826e+01 3.254713e+01 3.352056e+01 4.388472e+01 3.982101e+01 5.197757e+01 4.241814e+01 4.584183e+01 4.340245e+01 1.833971e+01 5.529018e-01 1.256198e+00 1.517037e+00 1.463640e+00 2.464676e+00 2.174908e+00 2.711044e+00 2.930158e+00 2.722096e+00 2.509844e+00 2.398079e+00 2.169757e+00 4.561512e-01 2.282186e-01 2.184162e-01 2.860646e-01 3.513071e-01 3.853230e-01 4.889062e-01 5.359597e-01 5.841177e-01 5.790684e-01 4.936204e-01 5.497400e-01 4.921543e-01 1.015994e-01
<GCONST> 1.106074e+02
<MIXTURE> 7 1.357094e-01
<MEAN> 39
 2.964940e+00 -6.302437e+00 -1.885528e+00 -5.431736e+00 9.449252e-01 -3.148715e+00 -6.786073e-01 9.438284e+00 1.422110e+00 -3.329918e+00 -4.946774e+00 1.815183e+00 9.738830e+00 -9.270362e-02 -4.756997e-01 -3.009892e-01 -1.543005e-01 7.886001e-01 6.904458e-01 4.085393e-01 3.404372e-01 -1.474958e-01 -2.160256e-01 -1.568654e-01 -8.209521e-02 3.220840e-01 1.642891e-02 5.647324e-01 9.128706e-02 4.344033e-01 -1.408424e-01 -9.920499e-02 -3.424374e-01 -9.858359e-01 -7.330093e-02 2.414237e-01 3.350720e-01 -1.718244e-01 -5.068972e-01
<VARIANCE> 39
 1.527470e+01 2.353244e+01 3.699194e+01 3.252136e+01 6.342200e+01 5.959867e+01 7.858007e+01 5.254961e+01 7.501961e+01 5.558517e+01 5.479860e+01 7.656055e+01 1.700248e+01 6.313167e-01 1.315669e+00 1.872839e+00 1.926678e+00 3.458030e+00 3.274990e+00 4.089240e+00 4.064785e+00 3.768388e+00 3.400584e+00 3.070472e+00 3.194553e+00 5.607205e-01 1.440121e-01 2.199454e-01 3.509005e-01 4.525731e-01 5.005925e-01 5.768185e-01 7.554785e-01 7.727066e-01 8.075609e-01 6.852216e-01 5.640540e-01 6.252981e-01 1.499446e-01
<GCONST> 1.207151e+02
<MIXTURE> 8 1.170190e-01
<MEAN> 39
 4.495730e+00 -7.374734e-01 -6.544596e-02 -4.342828e+00 -2.829001e+00 -4.685800e+00 -5.200508e+00 -1.621089e+00 2.189166e+00 1.685194e+00 -2.063596e+00 -1.241251e+00 6.012920e+00 9.771754e-01 -7.768586e-01 -1.098842e-01 -1.091704e+00 7.769831e-03 1.825824e-01 -3.539627e-01 2.048380e-01 1.991421e-01 1.362561e-01 -2.195461e-01 -1.644732e-01 8.646509e-01 -6.732395e-01 3.770967e-01 6.601042e-03 6.800680e-01 4.500994e-01 5.040654e-01 6.191515e-01 2.448576e-02 -2.453223e-01 -1.843699e-01 1.519580e-01 4.817064e-02 -6.564208e-01
<VARIANCE> 39
 3.096899e+01 4.575897e+01 6.468771e+01 6.061331e+01 7.638232e+01 8.526890e+01 8.232153e+01 8.412762e+01 8.137922e+01 7.851221e+01 7.648902e+01 6.258946e+01 2.945573e+01 2.767507e+00 3.622046e+00 3.495435e+00 4.799282e+00 5.209730e+00 5.605383e+00 6.152502e+00 6.947091e+00 5.582851e+00 5.554356e+00 5.352998e+00 5.133676e+00 2.943680e+00 4.765422e-01 6.678894e-01 6.852573e-01 8.933057e-01 1.008077e+00 1.187813e+00 1.237012e+00 1.407095e+00 1.251891e+00 1.109253e+00 1.016658e+00 9.420478e-01 5.110184e-01
<GCONST> 1.442456e+02
<STATE> 3
<NUMMIXES> 8
<MIXTURE> 1 1.039727e-01
<MEAN> 39
 2.170535e+00 -5.053005e+00 -4.382275e+00 -4.043057e+00 3.524796e+00 -5.527807e-02 -3.839323e+00 5.432830e+00 7.524496e+00 1.223324e+01 1.391032e+01 1.062914e+01 7.176531e+00 6.329738e-02 1.019375e-01 -3.486676e-02 -2.390614e-02 1.142834e-01 5.166277e-02 -4.654391e-03 -1.156836e-01 -1.810772e-02 6.612759e-02 6.193029e-02 1.668349e-03 -9.737889e-02 1.963913e-02 7.526890e-02 1.814422e-02 2.932608e-02 -7.314844e-02 -4.998600e-02 4.769615e-02 -2.801765e-04 -1.285159e-02 -8.854529e-02 -1.051275e-01 -5.134716e-02 -2.861226e-02
<VARIANCE> 39
 1.366606e+01 3.023806e+01 4.132018e+01 4.394869e+01 7.077837e+01 6.726718e+01 7.313006e+01 8.232423e+01 1.050168e+02 1.113066e+02 6.908162e+01 1.304576e+02 1.881218e+01 2.653487e-01 6.000784e-01 8.460411e-01 1.056850e+00 1.277608e+00 1.396674e+00 1.467760e+00 1.588185e+00 1.809360e+00 1.826546e+00 1.817715e+00 1.957697e+00 1.253858e-01 4.832506e-02 1.038016e-01 1.523673e-01 1.972717e-01 2.261845e-01 2.600504e-01 2.765774e-01 2.887407e-01 3.173760e-01 3.344679e-01 3.077575e-01 3.321200e-01 2.196703e-02
<GCONST> 1.011462e+02
<MIXTURE> 2 1.214065e-01
<MEAN> 39
 2.742054e+00 1.266217e+00 1.805142e+00 -8.736993e-01 -3.576493e+00 -5.707271e+00 -3.198375e+00 -1.801365e+00 -3.929287e-02 1.064240e-01 -8.468953e-01 3.185295e-01 3.751504e+00 -2.169144e-01 9.624739e-01 9.505110e-02 7.435003e-01 5.323159e-01 4.749376e-01 2.201706e-01 -5.842961e-01 -5.182970e-01 -3.774539e-01 -1.225148e-01 -3.328394e-01 -7.566236e-01 -4.404799e-01 3.336573e-01 -5.490346e-02 3.859126e-01 3.168410e-01 3.281370e-01 3.167673e-01 1.227921e-02 -7.388693e-02 -8.568330e-02 4.154069e-02 -6.916943e-02 -3.491746e-01
<VARIANCE> 39
 3.462114e+01 4.388623e+01 5.460987e+01 5.391151e+01 6.831232e+01 6.732222e+01 6.796051e+01 6.567533e+01 6.867180e+01 6.882037e+01 7.798963e+01 7.690377e+01 3.949345e+01 1.884485e+00 2.437074e+00 2.476113e+00 3.135466e+00 3.395218e+00 3.594708e+00 3.895378e+00 4.258663e+00 3.979200e+00 3.718426e+00 3.629071e+00 3.504712e+00 1.962769e+00 3.583382e-01 4.156339e-01 4.516078e-01 5.523744e-01 6.705685e-01 7.360961e-01 8.074140e-01 8.430566e-01 8.243532e-01 7.669130e-01 7.601947e-01 7.413633e-01 3.481286e-01
<GCONST> 1.329900e+02
<MIXTURE> 3 1.463879e-01
<MEAN> 39
 3.767796e+00 -4.378954e+00 -6.405568e+00 -5.077778e+00 3.160949e+00 1.230668e+00 -4.355036e+00 4.630697e+00 4.680012e+00 -2.432528e+00 -4.088825e+00 -2.773334e+00 9.263286e+00 3.428347e-02 2.211947e-02 -5.423014e-02 -3.384116e-02 1.018322e-01 1.017020e-01 -6.411647e-02 -8.525145e-02 -1.963097e-02 3.872805e-02 5.179828e-02 -4.922678e-02 -4.483215e-02 2.168582e-02 4.315654e-02 6.349662e-02 4.125718e-02 -1.550485e-02 -9.661789e-03 4.110492e-02 2.930534e-02 9.853957e-03 4.925347e-02 4.473389e-02 3.481276e-02 -1.358331e-02
<VARIANCE> 39
 9.967057e+00 1.626722e+01 2.099136e+01 2.817924e+01 4.317987e+01 6.267678e+01 5.767202e+01 5.551413e+01 6.668458e+01 7.101227e+01 4.657748e+01 4.768740e+01 1.491571e+01 7.819765e-02 1.884047e-01 2.833048e-01 3.981318e-01 5.388669e-01 6.455120e-01 6.827219e-01 7.079494e-01 7.224094e-01 7.045649e-01 6.562670e-01 6.017960e-01 4.132660e-02 1.378620e-02 3.114939e-02 4.778544e-02 7.011348e-02 8.713790e-02 1.129324e-01 1.218474e-01 1.199415e-01 1.401418e-01 1.253553e-01 1.196776e-01 1.031415e-01 1.000000e-02
<GCONST> 6.968043e+01
<MIXTURE> 4 1.252107e-01
<MEAN> 39
 3.581971e+00 -6.427274e-01 3.457469e+00 -8.500317e-01 -8.517124e+00 -5.115937e+00 -2.696792e+00 3.421163e+00 -8.044587e-01 -2.683793e+00 -1.568884e+00 6.113154e-01 7.481865e+00 9.537058e-02 1.975326e-02 -1.707474e-01 3.991498e-02 1.821613e-01 1.438944e-02 -1.635746e-01 7.641589e-03 1.531058e-01 -4.519216e-03 -1.392905e-01 1.453063e-02 -9.384276e-02 5.956502e-03 5.295099e-02 -2.042522e-02 2.984200e-02 9.418053e-02 -5.193608e-02 -6.502864e-02 -7.335014e-02 1.984059e-02 1.265619e-02 -3.161817e-02 7.830836e-03 -4.239525e-02
<VARIANCE> 39
 9.481088e+00 2.272765e+01 2.901333e+01 3.894577e+01 3.125720e+01 4.921059e+01 5.734364e+01 5.661167e+01 6.526410e+01 5.407781e+01 5.086422e+01 5.987236e+01 1.820528e+01 1.016703e-01 2.276191e-01 4.407011e-01 4.968830e-01 7.258154e-01 8.033119e-01 9.256494e-01 9.706576e-01 1.038987e+00 9.888777e-01 9.241327e-01 8.531684e-01 6.176365e-02 1.742810e-02 3.896993e-02 6.246766e-02 8.715065e-02 1.133127e-01 1.382146e-01 1.576641e-01 1.743238e-01 1.693439e-01 1.681657e-01 1.534128e-01 1.523520e-01 1.066365e-02
<GCONST> 7.755484e+01
<MIXTURE> 5 1.421586e-01
<MEAN> 39
 4.202087e+00 -4.777119e+00 -7.134134e+00 -7.209668e+00 3.583316e+00 3.240938e+00 -5.474804e+00 7.192935e-01 3.997460e+00 -1.963049e+00 -3.590278e+00 -5.600821e+00 8.419135e+00 2.563841e-02 1.112110e-01 -5.110256e-02 -3.940504e-02 2.356118e-02 1.094075e-01 -1.532779e-02 -1.496726e-01 -1.944115e-01 -3.990648e-02 1.398112e-01 4.677733e-02 -1.287192e-01 5.955867e-02 1.541768e-01 1.950311e-01 1.817822e-01 -1.787219e-02 -8.020110e-02 1.289513e-01 1.247881e-01 -1.890914e-02 1.294340e-01 1.090367e-01 2.554775e-01 -6.359612e-02
<VARIANCE> 39
 1.489513e+01 2.410723e+01 2.805190e+01 3.841847e+01 6.258192e+01 6.629368e+01 7.395405e+01 6.282537e+01 7.142918e+01 7.205961e+01 5.306754e+01 4.461942e+01 1.882681e+01 3.072882e-01 6.583674e-01 9.301505e-01 1.255582e+00 1.677770e+00 1.987108e+00 2.028516e+00 2.167635e+00 2.075610e+00 2.161049e+00 1.861302e+00 1.773353e+00 2.331707e-01 5.050768e-02 1.006410e-01 1.454380e-01 1.913906e-01 2.949571e-01 3.420604e-01 3.603050e-01 3.396728e-01 3.923311e-01 3.562675e-01 3.183196e-01 2.633264e-01 4.041709e-02
<GCONST> 1.021374e+02
<MIXTURE> 6 1.144437e-01
<MEAN> 39
 3.323521e+00 -4.470003e+00 -1.982792e+00 -4.078924e+00 -1.120966e+00 -4.052978e+00 -3.157577e+00 7.059163e+00 1.851697e+00 -2.475645e+00 -2.315615e+00 2.337497e+00 8.330180e+00 4.034647e-01 7.423176e-01 1.843480e-01 3.620978e-01 -1.744720e-01 -5.162198e-01 -8.008308e-01 -1.274787e+00 -1.507973e-01 3.608989e-01 3.701408e-02 -2.620917e-01 -8.470910e-01 3.415515e-02 4.554350e-01 1.863293e-01 3.636398e-01 1.110901e-02 -7.366623e-02 -1.177601e-01 -7.176269e-01 -2.360499e-01 3.578915e-02 3.411844e-02 -2.071247e-01 -4.383285e-01
<VARIANCE> 39
 1.143087e+01 2.198624e+01 3.716910e+01 2.935530e+01 6.136450e+01 5.625202e+01 6.717933e+01 5.181399e+01 7.380527e+01 6.119885e+01 6.766769e+01 8.641481e+01 1.537918e+01 4.240052e-01 8.422706e-01 1.489206e+00 1.559595e+00 2.646267e+00 2.699081e+00 2.940467e+00 3.149605e+00 3.125790e+00 2.895362e+00 2.598807e+00 2.554164e+00 3.171743e-01 9.289771e-02 1.554238e-01 2.768415e-01 2.935128e-01 4.199396e-01 4.728696e-01 5.648184e-01 5.107872e-01 6.395789e-01 5.765004e-01 5.275494e-01 5.168726e-01 8.077728e-02
<GCONST> 1.128542e+02
<MIXTURE> 7 1.149448e-01
<MEAN> 39
 4.704190e+00 1.586066e+00 1.922385e-01 1.271279e+00 -2.765588e+00 -5.473422e+00 -7.100503e+00 -5.567255e-01 4.111311e+00 -2.747726e-01 -4.120476e+00 -1.715402e+00 3.940789e+00 2.360218e-01 2.642405e-01 -2.778292e-01 -7.503711e-02 5.490267e-01 4.812574e-01 -2.284476e-01 -6.539361e-01 -1.384726e-01 3.682831e-01 1.067045e-01 -3.045628e-01 -3.641278e-01 -1.038138e-01 1.071722e-01 7.278544e-02 -1.318977e-02 6.672187e-02 8.493152e-02 1.884477e-01 -1.331045e-01 -3.602421e-01 -7.278170e-02 1.708280e-01 7.222559e-02 -7.931571e-02
<VARIANCE> 39
 1.570340e+01 2.282389e+01 3.004087e+01 2.789384e+01 3.424600e+01 4.255198e+01 5.018353e+01 5.077829e+01 5.305980e+01 5.177286e+01 4.832007e+01 4.425058e+01 3.095520e+01 2.833344e-01 5.047258e-01 9.853350e-01 1.124442e+00 1.383815e+00 1.684722e+00 1.763784e+00 1.989821e+00 2.097202e+00 2.112180e+00 1.965543e+00 1.777347e+00 1.941015e-01 4.889644e-02 9.270768e-02 1.354117e-01 1.766461e-01 2.351997e-01 2.636289e-01 2.974321e-01 3.481619e-01 3.417097e-01 3.370028e-01 3.335161e-01 2.981977e-01 3.982229e-02
<GCONST> 9.792486e+01
<MIXTURE> 8 1.314750e-01
<MEAN> 39
 3.827046e+00 -5.350392e+00 -4.680585e+00 -4.032888e+00 5.750164e+00 5.225181e-01 -2.436482e+00 8.385137e+00 2.002636e+00 -3.328761e+00 -2.756212e+00 1.959202e+00 9.119556e+00 6.819846e-02 7.847430e-02 -1.066929e-01 -1.219070e-02 6.708708e-02 7.366475e-04 -1.689720e-01 -1.569092e-01 -1.576056e-03 1.074999e-01 3.164400e-02 -1.156334e-01 -1.341673e-01 -6.348416e-02 -1.979670e-02 -1.072923e-01 -1.406274e-01 -2.931974e-01 -2.238033e-01 -1.841057e-01 -2.882520e-01 -1.041612e-01 -6.413679e-02 -5.448937e-02 -1.319342e-01 -7.870506e-02
<VARIANCE> 39
 9.644012e+00 1.848095e+01 2.553245e+01 3.026576e+01 5.062762e+01 5.667945e+01 6.429475e+01 5.202386e+01 6.394684e+01 5.501829e+01 5.082339e+01 7.459052e+01 1.291194e+01 1.997525e-01 4.291558e-01 6.511726e-01 8.267989e-01 1.269774e+00 1.328663e+00 1.497436e+00 1.368748e+00 1.440253e+00 1.360162e+00 1.282041e+00 1.204931e+00 1.093465e-01 2.681607e-02 6.581143e-02 8.679338e-02 1.232495e-01 1.438453e-01 1.778993e-01 2.144731e-01 2.108297e-01 2.328248e-01 2.253409e-01 2.119500e-01 1.944699e-01 1.476137e-02
<GCONST> 8.761899e+01
<STATE> 4
<NUMMIXES> 8
<MIXTURE> 1 9.772877e-02
<MEAN> 39
 4.463750e-01 -2.171304e+00 -5.397332e-01 -1.555331e+00 -4.961814e-02 -1.321371e+00 8.439906e-01 1.639519e+00 1.142478e+00 2.175455e+00 3.348554e+00 4.138658e+00 4.166512e+00 -1.933305e-01 3.065187e-02 1.092623e-01 1.294441e-01 1.139258e-01 6.322801e-02 3.628467e-01 4.876107e-02 -3.113039e-01 -2.224169e-01 9.584914e-02 2.794884e-01 -1.161131e-01 5.646553e-03 6.874914e-02 -4.423441e-02 4.210554e-02 -1.026566e-01 -1.002681e-01 -1.660283e-01 -4.128082e-02 3.473584e-02 -2.323472e-02 -8.022156e-02 -7.713857e-02 -5.839128e-02
<VARIANCE> 39
 3.823953e+01 4.111861e+01 4.779812e+01 5.670130e+01 7.316486e+01 6.643311e+01 6.789206e+01 7.365549e+01 8.163664e+01 9.153352e+01 1.046791e+02 1.194727e+02 5.779487e+01 5.409392e-01 9.360756e-01 1.212039e+00 1.526895e+00 2.175646e+00 2.474279e+00 2.615791e+00 2.647993e+00 2.897228e+00 2.701372e+00 2.654612e+00 2.386269e+00 5.089697e-01 9.722314e-02 1.500344e-01 2.028674e-01 2.695099e-01 3.215386e-01 3.795647e-01 4.583183e-01 4.530098e-01 5.022271e-01 4.732861e-01 4.616610e-01 4.476897e-01 8.473644e-02
<GCONST> 1.168493e+02
<MIXTURE> 2 1.354910e-01
<MEAN> 39
 1.302249e+00 6.507458e+00 1.002017e+00 3.255187e+00 -2.472153e+00 -7.241147e+00 -4.040514e+00 -2.685790e+00 -1.076954e+00 -3.206007e+00 -2.934440e+00 -5.909914e-01 1.631321e+00 -1.691443e+00 1.978264e+00 -5.642448e-04 1.766312e+00 1.074043e+00 1.034156e+00 9.023270e-01 -7.836969e-01 -4.739742e-01 -3.262678e-01 2.329662e-03 -7.452721e-01 -1.378325e+00 -5.044929e-01 -3.011020e-01 -1.212342e-01 -8.839089e-02 1.239520e-01 4.232513e-01 4.240411e-01 3.554047e-01 1.740217e-01 3.023973e-01 2.513774e-01 9.623443e-02 -4.072935e-02
<VARIANCE> 39
 2.659505e+01 3.082194e+01 4.093305e+01 3.085197e+01 5.058895e+01 4.443072e+01 4.186154e+01 4.193186e+01 4.179895e+01 5.001084e+01 5.088760e+01 4.921644e+01 3.086567e+01 3.142672e+00 2.972736e+00 3.042591e+00 3.355946e+00 4.185404e+00 3.961801e+00 4.485034e+00 4.920805e+00 4.052516e+00 3.960953e+00 3.882848e+00 4.252095e+00 2.628752e+00 2.882688e-01 3.405836e-01 3.443334e-01 3.701712e-01 4.740070e-01 5.383404e-01 5.302486e-01 5.845619e-01 5.489209e-01 5.825194e-01 5.459843e-01 5.192872e-01 1.963470e-01
<GCONST> 1.256763e+02
<MIXTURE> 3 1.538429e-01
<MEAN> 39
 5.901822e+00 1.126706e+00 -5.834287e+00 -3.128443e+00 2.927838e+00 -4.097668e+00 -5.707471e+00 3.412722e+00 8.184591e-01 -7.655392e+00 -9.036190e+00 -5.332795e+00 3.067556e+00 3.224127e-02 1.564894e-01 4.952467e-02 8.086765e-02 -2.437761e-02 -6.706429e-02 -1.020802e-01 -1.950199e-01 -1.157276e-01 1.112500e-01 1.631093e-02 -7.454755e-02 -1.934419e-01 3.388238e-03 4.619003e-02 1.032783e-01 5.242382e-02 -4.501845e-02 5.841891e-02 5.973682e-02 -7.324704e-02 2.427687e-02 1.551905e-01 1.265594e-01 6.371086e-02 -1.501332e-02
<VARIANCE> 39
 6.636866e+00 1.432722e+01 2.450147e+01 2.783206e+01 4.334399e+01 5.301492e+01 5.188184e+01 4.659544e+01 5.987189e+01 5.317088e+01 4.311248e+01 4.276990e+01 8.690665e+00 1.410801e-01 3.714529e-01 6.198344e-01 7.900704e-01 1.157622e+00 1.233399e+00 1.459032e+00 1.576257e+00 1.581984e+00 1.571054e+00 1.418328e+00 1.317510e+00 1.038646e-01 2.413429e-02 6.285371e-02 1.005420e-01 1.365272e-01 1.962135e-01 2.146417e-01 2.595345e-01 2.795681e-01 2.867322e-01 2.532566e-01 2.479332e-01 2.192769e-01 1.443200e-02
<GCONST> 8.648892e+01
<MIXTURE> 4 1.237855e-01
<MEAN> 39
 3.763822e+00 2.628083e+00 3.178182e+00 4.894673e-01 -7.052042e+00 -7.015792e+00 -1.902297e+00 5.125307e-01 -2.263127e+00 -3.304280e+00 -1.955506e+00 -6.399911e-01 3.392603e+00 -6.698491e-03 7.423096e-01 3.588811e-01 7.190616e-01 4.969850e-01 -6.309567e-02 -1.451949e-01 -8.391845e-01 -4.182177e-01 -1.099869e-01 -2.423285e-01 -1.104458e-01 -7.985439e-01 -1.252763e-01 1.221657e-01 -7.517411e-03 1.300758e-01 2.800094e-01 1.419956e-01 -1.455977e-02 -1.431550e-01 3.807834e-02 4.182908e-02 -6.724275e-02 -6.986544e-02 -1.407931e-01
<VARIANCE> 39
 1.018772e+01 2.002696e+01 3.400722e+01 3.134028e+01 3.862927e+01 3.968929e+01 4.426717e+01 4.679261e+01 4.595484e+01 4.739083e+01 4.324930e+01 4.199829e+01 1.579908e+01 4.312540e-01 7.634737e-01 1.234966e+00 1.274640e+00 2.020272e+00 2.014375e+00 2.259027e+00 2.556463e+00 2.346478e+00 2.371462e+00 2.047891e+00 1.930259e+00 4.001969e-01 8.252563e-02 1.170386e-01 1.677452e-01 2.061909e-01 2.816244e-01 3.159395e-01 3.592928e-01 3.796747e-01 3.590414e-01 3.554393e-01 3.306462e-01 3.137884e-01 5.538537e-02
<GCONST> 1.019301e+02
<MIXTURE> 5 9.925280e-02
<MEAN> 39
 7.656073e+00 3.428315e+00 -5.576565e+00 -8.638921e+00 4.546130e-01 6.540097e+00 -5.256838e+00 -6.537855e+00 -2.736893e+00 1.782309e+00 4.782393e+00 1.387220e+00 3.937445e+00 2.581463e-01 5.757741e-01 1.588485e-01 -2.760092e-01 -4.042858e-01 1.089646e-01 7.680955e-01 1.033130e-01 -8.867892e-01 -8.766408e-01 -8.735362e-02 5.729193e-01 -5.083528e-01 -6.973588e-02 -6.296262e-02 1.387605e-01 2.411797e-01 -4.145144e-04 -3.773932e-01 -8.351905e-02 2.393128e-01 2.476940e-01 -4.044129e-02 -3.725201e-01 -1.990145e-01 -2.259321e-02
<VARIANCE> 39
 1.221574e+01 1.984987e+01 2.814774e+01 4.442533e+01 4.262358e+01 4.454886e+01 5.341856e+01 5.278100e+01 5.121702e+01 6.478541e+01 5.440872e+01 6.342910e+01 1.733161e+01 2.400803e-01 5.843077e-01 8.015975e-01 1.252474e+00 1.454057e+00 1.902420e+00 1.969670e+00 2.149292e+00 2.447109e+00 2.338182e+00 2.448154e+00 2.222894e+00 2.030502e-01 3.727568e-02 8.293432e-02 1.351123e-01 1.881941e-01 2.285373e-01 2.817643e-01 2.990493e-01 3.721899e-01 3.850675e-01 3.678838e-01 3.606776e-01 3.541045e-01 2.307982e-02
<GCONST> 9.907298e+01
<MIXTURE> 6 1.228118e-01
<MEAN> 39
 5.663899e+00 -1.478349e+00 -1.918286e+00 -2.790147e+00 -1.135597e+00 -3.870528e+00 -7.738991e+00 5.814976e-01 2.610681e+00 -6.974847e-01 -2.432559e+00 -4.158252e-01 5.360930e+00 2.559597e-01 1.773111e+00 1.017079e+00 1.521952e+00 3.123213e-01 -4.367849e-01 -3.027124e-01 -2.308351e+00 -1.318467e+00 -2.469980e-01 -2.089877e-01 -7.610415e-01 -2.074615e+00 -2.819904e-01 2.655721e-01 2.311968e-01 3.295740e-01 1.490854e-01 6.823450e-02 4.844703e-01 -2.513594e-02 -2.180415e-01 -1.566894e-01 -7.733151e-02 -1.021477e-01 -3.422239e-01
<VARIANCE> 39
 1.201690e+01 2.164832e+01 3.683688e+01 3.420974e+01 4.423735e+01 6.247522e+01 5.645239e+01 6.478907e+01 5.784867e+01 6.093897e+01 6.565096e+01 7.343751e+01 1.526729e+01 9.360032e-01 1.227062e+00 2.215940e+00 2.127211e+00 3.518888e+00 3.832267e+00 4.317084e+00 4.445051e+00 4.531924e+00 4.208697e+00 3.974994e+00 4.125007e+00 9.309362e-01 1.547485e-01 2.089670e-01 3.138762e-01 3.634846e-01 4.629394e-01 6.042045e-01 6.123298e-01 7.398157e-01 6.515340e-01 6.547138e-01 6.416639e-01 5.821813e-01 1.305629e-01
<GCONST> 1.212586e+02
<MIXTURE> 7 1.729780e-01
<MEAN> 39
 6.878716e+00 3.514640e+00 -3.170364e+00 -2.744653e+00 9.236502e-01 -9.080448e-01 -7.507768e+00 -3.073264e+00 3.538301e+00 2.829887e+00 -1.711007e+00 -2.807211e+00 3.349946e+00 5.557580e-02 1.614256e-01 -2.069055e-02 -5.636983e-02 6.586329e-02 1.343074e-01 9.191582e-02 -2.112620e-01 -2.202527e-01 6.175087e-02 2.016654e-01 3.199892e-02 -1.310357e-01 -2.863193e-02 -2.750878e-02 2.261011e-02 -5.763910e-03 -4.473387e-02 -5.861666e-02 1.314287e-02 2.865139e-02 -8.106870e-02 -1.138651e-01 -2.734549e-02 2.071272e-02 -8.143166e-03
<VARIANCE> 39
 1.015676e+01 1.768625e+01 3.291608e+01 3.931493e+01 3.384731e+01 5.628481e+01 4.758154e+01 5.771971e+01 5.745203e+01 4.778036e+01 5.436038e+01 5.135589e+01 1.577242e+01 9.190483e-02 2.310976e-01 3.819694e-01 5.356949e-01 6.544711e-01 8.521546e-01 8.576657e-01 1.025184e+00 1.115478e+00 1.044870e+00 1.013367e+00 9.035286e-01 6.643245e-02 1.457969e-02 3.551051e-02 6.023568e-02 8.704197e-02 1.126316e-01 1.354322e-01 1.539851e-01 1.737674e-01 1.833431e-01 1.788011e-01 1.699659e-01 1.546447e-01 1.000000e-02
<GCONST> 7.703398e+01
<MIXTURE> 8 9.410918e-02
<MEAN> 39
 6.876359e+00 -2.098537e-01 -5.654940e+00 -5.987553e+00 4.138077e+00 6.976135e-01 -1.062339e+01 -2.615417e+00 3.474708e+00 5.539660e+00 -8.524276e-01 -2.878127e+00 5.357744e+00 4.937753e-01 7.832746e-01 -1.415094e-01 -4.374055e-01 1.231315e-01 7.792373e-01 2.653737e-01 -1.532983e+00 -1.463707e+00 3.219242e-01 1.150257e+00 1.557611e-01 -7.539517e-01 -8.576394e-02 1.322086e-01 2.688571e-01 1.893508e-01 -3.177342e-01 -2.341621e-01 4.035015e-01 1.444310e-01 -2.861797e-01 -5.521083e-01 -8.181452e-02 2.957540e-01 -1.253581e-01
<VARIANCE> 39
 1.350184e+01 2.231932e+01 3.054193e+01 3.978683e+01 4.314328e+01 5.117970e+01 4.899817e+01 6.189397e+01 5.968972e+01 6.562841e+01 8.055279e+01 8.735132e+01 1.529916e+01 3.377717e-01 7.279256e-01 1.289222e+00 1.837803e+00 1.978170e+00 2.786984e+00 2.577135e+00 2.560431e+00 3.107823e+00 3.226830e+00 2.502013e+00 2.820390e+00 2.197241e-01 5.583315e-02 1.076502e-01 1.870157e-01 2.628084e-01 3.082606e-01 3.531790e-01 3.709233e-01 5.159606e-01 4.926576e-01 4.582316e-01 5.308111e-01 4.586057e-01 4.084145e-02
<GCONST> 1.077652e+02
<STATE> 5
<NUMMIXES> 8
<MIXTURE> 1 9.898064e-02
<MEAN> 39
 1.757820e+00 -2.314946e+00 -1.901182e+00 -1.945742e+00 -1.759257e+00 -4.669637e+00 -2.368191e+00 3.178670e+00 3.067061e+00 5.453878e+00 8.736316e+00 9.429383e+00 4.399630e+00 -2.384351e-01 5.456258e-01 4.812827e-02 3.571611e-01 -3.021831e-01 -3.612328e-01 5.973107e-02 -6.013541e-01 -2.381161e-01 -2.024436e-01 -1.752516e-01 -1.813749e-01 -7.183851e-01 -5.882510e-02 -2.325298e-02 -6.037592e-04 -8.688228e-03 7.994891e-02 1.596891e-01 2.397461e-02 -5.265103e-02 3.191751e-03 -1.111193e-01 -3.149207e-01 -2.841132e-01 4.451781e-03
<VARIANCE> 39
 1.573956e+01 3.091517e+01 4.593835e+01 3.583763e+01 6.595663e+01 6.112761e+01 7.242374e+01 6.651497e+01 9.339165e+01 1.087859e+02 1.030505e+02 9.923478e+01 3.395161e+01 1.010363e+00 1.561154e+00 1.881162e+00 2.134858e+00 2.812868e+00 3.330281e+00 3.591189e+00 3.849738e+00 3.615472e+00 3.841362e+00 3.807534e+00 3.672075e+00 1.194889e+00 1.510516e-01 2.280107e-01 2.846926e-01 3.386070e-01 4.215979e-01 4.941318e-01 6.198772e-01 6.230860e-01 6.491619e-01 6.667737e-01 6.125529e-01 5.541934e-01 1.712078e-01
<GCONST> 1.242829e+02
<MIXTURE> 2 1.150367e-01
<MEAN> 39
 3.980404e+00 7.089627e+00 4.234305e+00 4.877445e+00 7.756358e-01 -3.085853e+00 -3.693493e+00 -4.592082e+00 -2.982109e+00 -3.690512e+00 -5.125428e+00 -5.189711e+00 -5.448785e+00 -1.254303e+00 2.474676e-01 1.765756e-01 7.511385e-01 7.340382e-01 6.736093e-01 9.639331e-01 8.089441e-02 8.471847e-02 2.235995e-01 3.310292e-01 8.620218e-02 -1.481434e+00 -3.725945e-01 -7.376549e-01 -4.693294e-01 -6.567643e-01 -3.128895e-01 -6.235746e-02 1.144381e-01 4.866961e-01 4.962863e-01 4.386460e-01 3.640588e-01 4.584788e-01 7.757722e-01
<VARIANCE> 39
 2.097899e+01 3.024513e+01 3.923310e+01 3.141883e+01 5.167382e+01 4.563134e+01 4.338544e+01 5.013151e+01 4.127127e+01 4.743370e+01 4.263091e+01 4.330064e+01 2.738824e+01 2.422281e+00 2.576931e+00 2.757180e+00 3.074594e+00 3.578472e+00 3.797967e+00 3.811075e+00 3.955824e+00 3.760923e+00 3.510230e+00 3.307907e+00 3.336169e+00 4.250166e+00 3.062295e-01 3.761207e-01 4.805154e-01 4.718673e-01 6.477513e-01 6.580175e-01 7.055129e-01 8.201818e-01 7.066568e-01 6.890656e-01 5.922118e-01 5.891898e-01 4.529706e-01
<GCONST> 1.272178e+02
<MIXTURE> 3 1.354478e-01
<MEAN> 39
 7.067719e+00 3.832107e+00 -3.780361e+00 -2.103347e+00 1.523303e+00 -2.134520e+00 -6.893830e+00 -3.848995e+00 5.748128e-01 -1.077065e+00 -3.876415e+00 -4.904446e+00 3.000989e-01 -1.657063e-01 6.483939e-01 6.827819e-01 8.462160e-01 -2.133413e-02 -2.406992e-01 2.132844e-01 -7.155340e-01 -5.244353e-01 -1.220340e-01 7.331182e-03 -3.509411e-02 -7.775717e-01 -1.334976e-01 -9.623189e-02 1.682903e-01 9.236961e-02 -1.276214e-02 1.368438e-02 9.869057e-02 1.213062e-01 -1.614413e-02 -2.901505e-02 8.962183e-03 1.098383e-01 4.997204e-02
<VARIANCE> 39
 1.038010e+01 2.080764e+01 2.443296e+01 2.705293e+01 2.950459e+01 4.067382e+01 4.097562e+01 4.776296e+01 4.757567e+01 5.089653e+01 4.429371e+01 4.147464e+01 1.611826e+01 3.738220e-01 7.045537e-01 1.403767e+00 1.436831e+00 1.858116e+00 1.951997e+00 2.344024e+00 2.911904e+00 2.750338e+00 2.526923e+00 2.355146e+00 2.185771e+00 3.252324e-01 4.916070e-02 1.000150e-01 1.651972e-01 2.009315e-01 2.584600e-01 2.831803e-01 3.459175e-01 4.278875e-01 4.132453e-01 3.971824e-01 3.811910e-01 3.199368e-01 3.891874e-02
<GCONST> 1.009310e+02
<MIXTURE> 4 1.611471e-01
<MEAN> 39
 5.348969e+00 4.627132e+00 3.323590e+00 3.584994e+00 -1.212468e+00 -5.651720e+00 -6.277679e+00 -4.863028e+00 -2.439475e+00 -2.723212e+00 -4.332584e+00 -3.302440e+00 -4.665076e-01 -1.891147e-01 1.041877e+00 8.838965e-01 1.081960e+00 5.501314e-01 1.552758e-01 5.101640e-01 -1.044778e+00 -7.552033e-01 -1.975647e-01 -3.240304e-01 -5.550873e-01 -1.496891e+00 -1.706458e-01 -3.031127e-01 -2.500474e-01 -3.618174e-01 -9.308335e-02 1.208500e-01 2.581085e-01 5.009783e-01 3.096040e-01 1.027483e-01 1.256838e-01 1.736496e-01 2.355447e-01
<VARIANCE> 39
 1.029092e+01 2.093981e+01 2.434637e+01 2.182903e+01 3.462062e+01 3.883739e+01 3.854097e+01 4.172630e+01 4.227691e+01 4.600392e+01 4.538099e+01 4.463496e+01 1.481176e+01 8.573372e-01 1.202202e+00 1.871188e+00 1.884432e+00 2.560877e+00 3.072441e+00 3.271264e+00 3.846183e+00 3.394700e+00 3.351249e+00 3.128506e+00 2.823345e+00 8.894889e-01 8.035634e-02 1.269903e-01 1.980719e-01 2.065113e-01 3.106622e-01 3.754004e-01 4.287515e-01 4.535157e-01 4.624792e-01 4.797069e-01 4.405269e-01 4.262508e-01 6.023965e-02
<GCONST> 1.086173e+02
<MIXTURE> 5 1.608002e-01
<MEAN> 39
 4.171572e+00 2.394747e+00 1.299968e+00 -2.838745e+00 -2.951799e+00 -1.729041e+00 -2.166397e+00 -2.873954e+00 -2.172325e+00 -4.797100e-01 -7.673618e-01 2.466575e-01 3.427931e+00 8.643067e-03 8.550865e-02 6.041877e-02 4.879925e-02 6.903189e-03 3.083579e-02 1.366337e-01 -3.402591e-02 -1.439752e-01 -1.099809e-01 -5.234218e-02 7.461342e-02 -1.541062e-01 4.083423e-03 -4.567890e-02 -4.511086e-02 2.024144e-02 1.793270e-02 -3.600016e-02 -1.008196e-01 6.024519e-02 1.180992e-01 8.705931e-03 -3.992434e-02 -5.421927e-02 5.937926e-03
<VARIANCE> 39
 2.121078e+01 3.581898e+01 6.126568e+01 6.575541e+01 7.427644e+01 7.309725e+01 6.215877e+01 7.662193e+01 6.442716e+01 6.903806e+01 6.728226e+01 7.233678e+01 2.844187e+01 1.642024e-01 3.808289e-01 6.005074e-01 8.005946e-01 1.021051e+00 1.193656e+00 1.319501e+00 1.505503e+00 1.530864e+00 1.497720e+00 1.527483e+00 1.320253e+00 1.134648e-01 2.651240e-02 6.366229e-02 1.003496e-01 1.404314e-01 1.898475e-01 2.133180e-01 2.509995e-01 2.771032e-01 2.676111e-01 2.704698e-01 2.661112e-01 2.467267e-01 1.699956e-02
<GCONST> 9.471025e+01
<MIXTURE> 6 1.058840e-01
<MEAN> 39
 -6.749226e+00 8.831353e+00 -3.748410e-01 5.749708e+00 1.608958e+00 -2.903637e+00 8.308858e-01 -1.837257e+00 -1.784427e-01 -1.088443e+00 -7.341713e-01 -4.991443e-01 1.938771e-02 -2.461165e+00 4.329980e-01 -5.097088e-01 6.417101e-01 5.371680e-01 1.122977e+00 1.283226e+00 4.006914e-01 2.798495e-01 6.029469e-01 6.907440e-01 1.142073e-01 -1.760870e-01 3.985274e-01 -5.514111e-01 -5.444859e-02 -4.667140e-01 -3.487319e-01 -9.225491e-02 -2.773609e-01 1.546696e-01 1.210606e-01 1.576139e-01 5.616984e-02 1.068066e-01 1.931162e-01
<VARIANCE> 39
 3.178303e+01 5.266113e+01 4.128246e+01 3.981167e+01 5.605603e+01 4.938010e+01 4.379428e+01 4.423598e+01 3.954015e+01 4.476121e+01 3.974990e+01 3.728804e+01 4.146533e+01 3.467786e+00 3.405405e+00 2.563645e+00 3.123708e+00 3.215178e+00 3.813922e+00 3.776270e+00 3.729323e+00 3.632838e+00 3.491172e+00 3.335138e+00 3.407636e+00 2.999319e+00 3.729449e-01 5.101076e-01 4.362521e-01 4.653741e-01 5.844841e-01 6.338404e-01 6.475646e-01 6.888453e-01 6.268429e-01 6.323920e-01 5.760282e-01 4.989588e-01 3.143604e-01
<GCONST> 1.278908e+02
<MIXTURE> 7 1.109689e-01
<MEAN> 39
 -9.469889e-03 3.575459e+00 9.541200e-01 3.787694e+00 2.129004e+00 -2.605853e-01 3.880719e-01 -1.100645e+00 -3.935277e-01 -1.246159e+00 -1.685712e+00 -2.213190e+00 -4.264406e+00 -6.504200e-01 -2.526803e-02 -6.075688e-03 3.285791e-01 3.812086e-01 4.226852e-01 5.832838e-01 2.087188e-01 6.288558e-02 1.490431e-01 2.357421e-01 1.818383e-01 -6.481857e-01 -1.098082e-02 -1.544241e-01 -1.060224e-01 -2.153569e-01 -2.013053e-01 -1.455433e-01 -1.838691e-01 8.191112e-03 1.039626e-01 1.069376e-01 6.762170e-02 8.877863e-02 2.309036e-01
<VARIANCE> 39
 3.629753e+01 3.190763e+01 2.916241e+01 2.705004e+01 3.631768e+01 3.496955e+01 3.702247e+01 3.692369e+01 3.430384e+01 3.612483e+01 3.083159e+01 3.462532e+01 3.386038e+01 8.134210e-01 8.040712e-01 9.818250e-01 1.257279e+00 1.558609e+00 1.695953e+00 1.865365e+00 1.892071e+00 1.974548e+00 1.876350e+00 1.869898e+00 1.671215e+00 9.008989e-01 1.216314e-01 1.430207e-01 1.745067e-01 2.225483e-01 3.032375e-01 3.104107e-01 3.540085e-01 3.717938e-01 3.981183e-01 3.559223e-01 3.400787e-01 3.337631e-01 1.059995e-01
<GCONST> 1.036860e+02
<MIXTURE> 8 1.117346e-01
<MEAN> 39
 8.845065e+00 2.297813e+00 -4.495442e-01 -7.629066e+00 2.066836e-01 6.689680e-01 -4.894998e+00 -6.991522e+00 -4.145704e+00 -1.683872e-01 -8.446304e-01 -6.446285e-01 1.731659e+00 1.766039e-02 6.293551e-01 5.064191e-01 7.713419e-01 6.186136e-02 -4.315850e-01 3.627488e-01 -2.710123e-01 -4.656066e-01 -5.700535e-01 -5.432838e-01 -2.509911e-01 -9.257478e-01 -2.807645e-01 -4.619749e-02 -5.156280e-02 3.747798e-01 7.541971e-03 -1.298641e-01 -5.328092e-02 3.386606e-01 3.958002e-01 8.357954e-02 -6.746960e-02 -1.071138e-01 1.009143e-01
<VARIANCE> 39
 2.063158e+01 3.248127e+01 6.238984e+01 6.085132e+01 7.699765e+01 8.737926e+01 7.816513e+01 7.365881e+01 7.854916e+01 8.942912e+01 8.559387e+01 7.977991e+01 1.900649e+01 9.782760e-01 1.574209e+00 2.368739e+00 3.447245e+00 3.520646e+00 3.628631e+00 4.241691e+00 5.082456e+00 5.115589e+00 4.924792e+00 4.393316e+00 4.138224e+00 1.133315e+00 1.396497e-01 2.445240e-01 3.778559e-01 4.533008e-01 6.099864e-01 6.722766e-01 7.475449e-01 8.830983e-01 8.751686e-01 8.732924e-01 8.307361e-01 7.178758e-01 1.130001e-01
<GCONST> 1.295175e+02
<TRANSP> 6
 0.000000e+00 1.000000e+00 0.000000e+00 0.000000e+00 0.000000e+00 0.000000e+00
 0.000000e+00 4.689856e-01 5.310144e-01 0.000000e+00 0.000000e+00 0.000000e+00
 0.000000e+00 0.000000e+00 6.940956e-01 3.059044e-01 0.000000e+00 0.000000e+00
 0.000000e+00 0.000000e+00 0.000000e+00 5.736194e-01 4.263806e-01 0.000000e+00
 0.000000e+00 0.000000e+00 0.000000e+00 0.000000e+00 5.179943e-01 4.820057e-01
 0.000000e+00 0.000000e+00 0.000000e+00 0.000000e+00 0.000000e+00 0.000000e+00
<ENDHMM>
