~o
<STREAMINFO> 1 39
<VECSIZE> 39<NULLD><MFCC_D_A_Z_0><DIAGC>
~h "er"
<BEGINHMM>
<NUMSTATES> 6
<STATE> 2
<NUMMIXES> 8
<MIXTURE> 1 1.120698e-01
<MEAN> 39
 6.402551e+00 -5.048966e+00 -8.831719e-01 -1.877930e+00 -3.396410e+00 -4.576257e+00 -6.673588e+00 2.513934e+00 2.176368e+00 3.561159e+00 5.203438e-01 1.780762e+00 6.718029e+00 5.253262e-01 -1.421508e+00 2.468249e-01 -4.830571e-01 -2.492879e-01 -8.679637e-02 1.805316e-01 1.652939e+00 1.531661e-01 1.966338e-01 -1.495663e-01 4.537328e-01 8.330258e-01 -6.040982e-01 5.279214e-01 1.078583e-01 3.824293e-01 2.835385e-01 2.894857e-01 5.832360e-01 -2.460005e-01 -2.438280e-01 -3.764354e-01 -6.671076e-02 -1.441976e-01 -3.657154e-01
<VARIANCE> 39
 2.668640e+01 3.610092e+01 5.796975e+01 5.725823e+01 6.337815e+01 7.922053e+01 7.414249e+01 7.853087e+01 7.637502e+01 8.666892e+01 1.010805e+02 1.025831e+02 2.302817e+01 1.408945e+00 2.223714e+00 3.009942e+00 3.187382e+00 4.269840e+00 4.765519e+00 5.246182e+00 5.241034e+00 5.272399e+00 4.953902e+00 4.751939e+00 4.638098e+00 1.362850e+00 2.929100e-01 3.613637e-01 5.192889e-01 6.133218e-01 7.143856e-01 8.401738e-01 8.170142e-01 9.835788e-01 9.292338e-01 9.118813e-01 9.444687e-01 8.796185e-01 2.242436e-01
<GCONST> 1.354572e+02
<MIXTURE> 2 1.242550e-01
<MEAN> 39
 5.095993e+00 -2.966093e+00 1.963268e+00 6.321715e-01 -8.695199e+00 -6.974118e+00 -3.263086e+00 4.928322e+00 1.443770e+00 -2.025306e+00 -2.594786e+00 -7.617942e-01 6.952354e+00 3.684606e-01 -6.651866e-01 -3.087819e-01 -9.440288e-02 5.169585e-02 2.131223e-01 2.223004e-01 9.044223e-01 2.337497e-01 1.991292e-02 -8.422480e-02 1.262452e-02 2.038371e-01 -2.110365e-01 3.420991e-01 3.654317e-02 1.190447e-01 5.089228e-01 1.358486e-01 7.182033e-02 -4.037486e-01 -1.415101e-01 4.956817e-02 2.217308e-02 -3.137726e-02 -2.343023e-01
<VARIANCE> 39
 1.229526e+01 2.436905e+01 3.062115e+01 3.292498e+01 3.170054e+01 3.674175e+01 5.129553e+01 4.369963e+01 5.423518e+01 4.452860e+01 5.153532e+01 4.352129e+01 1.714334e+01 5.001476e-01 1.021592e+00 1.589105e+00 1.439016e+00 2.227854e+00 2.151283e+00 2.692004e+00 2.615104e+00 2.834157e+00 2.544019e+00 2.304109e+00 2.044187e+00 4.056865e-01 1.335394e-01 1.670802e-01 2.018305e-01 2.556686e-01 2.628317e-01 3.675816e-01 4.242205e-01 4.172052e-01 4.353011e-01 4.030207e-01 3.877208e-01 3.333157e-01 5.836781e-02
<GCONST> 1.062516e+02
<MIXTURE> 3 1.280392e-01
<MEAN> 39
 7.051912e+00 -2.848869e+00 -6.050257e+00 -3.176735e+00 8.189214e-01 -1.097481e+00 -8.045600e+00 3.038451e+00 7.267096e+00 1.296254e+00 -5.417669e+00 -4.253127e+00 7.345474e+00 -1.311530e-01 -5.148114e-01 8.185336e-02 2.840757e-01 -7.668674e-02 -3.383017e-01 2.512260e-01 1.020565e+00 2.925650e-01 -5.649358e-01 -4.784222e-01 3.197796e-01 3.059235e-01 -5.138411e-02 1.650770e-01 2.228423e-01 8.326667e-02 -6.939402e-02 -2.117841e-02 2.176900e-01 -2.731743e-01 -4.348820e-01 -7.703733e-02 2.591198e-01 1.123504e-01 -1.927148e-01
<VARIANCE> 39
 1.012874e+01 2.131746e+01 2.411017e+01 3.435403e+01 3.542325e+01 4.653494e+01 4.391330e+01 5.701530e+01 4.116134e+01 6.928145e+01 5.916713e+01 4.485926e+01 1.673674e+01 2.555342e-01 5.474158e-01 8.176534e-01 1.183161e+00 1.479909e+00 1.853583e+00 1.908517e+00 2.007671e+00 2.186775e+00 1.975895e+00 1.863612e+00 1.759651e+00 1.870071e-01 6.542923e-02 1.079638e-01 1.560637e-01 2.325421e-01 2.429269e-01 2.776279e-01 3.210587e-01 3.697426e-01 3.393364e-01 3.913639e-01 3.175716e-01 2.910238e-01 4.126262e-02
<GCONST> 9.830400e+01
<MIXTURE> 4 1.635731e-01
<MEAN> 39
 5.534515e+00 -3.199367e+00 -9.286062e-02 -2.484847e+00 -3.640525e+00 -6.607114e+00 6.837747e-01 6.729728e+00 -4.039902e-01 -5.578652e+00 -5.854143e+00 9.106524e-02 6.100784e+00 1.103035e-01 -1.381093e-01 -1.034598e-01 7.538006e-02 1.334103e-01 9.762470e-02 7.018753e-03 1.315496e-01 -3.955163e-02 -9.231415e-02 -1.822924e-02 1.693739e-02 -6.005646e-02 4.035125e-03 4.152464e-02 3.240532e-02 -9.946630e-04 2.839762e-02 7.927620e-04 -9.726010e-02 -1.503484e-01 7.202396e-02 9.945419e-02 5.763978e-02 -5.096426e-02 -3.773513e-02
<VARIANCE> 39
 7.892498e+00 1.754779e+01 2.450871e+01 2.199074e+01 4.303471e+01 3.448432e+01 4.799755e+01 4.257726e+01 4.929723e+01 5.223809e+01 4.446162e+01 3.845479e+01 9.133027e+00 1.502883e-01 3.803128e-01 6.737750e-01 6.960769e-01 1.111584e+00 1.170197e+00 1.465719e+00 1.402909e+00 1.580061e+00 1.484865e+00 1.410816e+00 1.138768e+00 9.340511e-02 2.148328e-02 5.879918e-02 9.046238e-02 1.196507e-01 1.614116e-01 1.848021e-01 2.324072e-01 2.408388e-01 2.413658e-01 2.452731e-01 2.306831e-01 1.880987e-01 1.279363e-02
<GCONST> 8.373479e+01
<MIXTURE> 5 1.463359e-01
<MEAN> 39
 6.788442e+00 -1.088172e+00 -2.779912e+00 1.614913e+00 -2.866755e+00 -2.460370e+00 -5.179702e+00 -2.021664e+00 2.682722e+00 2.150007e+00 2.170528e+00 -2.646825e-01 3.769725e+00 1.919113e-01 -3.301357e-02 -2.823032e-01 3.152145e-01 2.120344e-01 -2.600262e-01 -2.919450e-01 1.481747e-01 2.821917e-01 4.950383e-02 -1.172079e-01 -1.280237e-01 -1.883065e-01 -8.042721e-02 3.144695e-03 8.605060e-02 -7.826139e-02 5.557223e-02 -1.457889e-02 1.053579e-01 8.938407e-02 -4.541580e-02 -1.064564e-01 -1.197786e-01 2.624757e-02 1.089035e-02
<VARIANCE> 39
 2.920333e+01 2.962601e+01 4.632006e+01 5.505938e+01 5.938827e+01 6.455245e+01 6.198952e+01 5.625307e+01 6.587195e+01 5.912172e+01 6.931246e+01 5.841895e+01 3.162160e+01 2.786164e-01 5.769142e-01 7.916963e-01 1.182380e+00 1.369298e+00 1.668794e+00 1.677985e+00 1.872806e+00 2.068022e+00 1.981049e+00 1.972293e+00 1.689687e+00 2.639618e-01 4.609467e-02 8.388738e-02 1.226054e-01 2.046233e-01 2.281667e-01 2.771580e-01 2.931735e-01 3.071187e-01 3.406926e-01 3.447645e-01 3.371417e-01 3.061951e-01 3.401609e-02
<GCONST> 1.018770e+02
<MIXTURE> 6 1.430626e-01
<MEAN> 39
 2.986160e+00 -8.802044e+00 -1.176986e+00 -3.756052e+00 4.369634e-01 -9.547381e-01 -5.611982e-01 9.841161e+00 -1.211368e+00 -3.547173e-01 -2.104327e+00 4.958873e+00 1.104880e+01 1.361546e-01 -2.948836e-01 -1.888000e-01 2.335472e-01 3.232588e-01 1.124209e-01 -5.650327e-02 1.975161e-01 -1.638466e-01 -3.598239e-01 2.323396e-02 2.478599e-05 -8.144618e-02 4.846160e-02 1.558375e-01 -2.552754e-02 -5.875587e-03 -7.887661e-02 -2.042720e-01 -1.480861e-01 -2.928166e-01 2.288817e-01 3.893011e-02 7.352015e-02 -1.369916e-01 -1.237906e-01
<VARIANCE> 39
 1.313972e+01 1.775891e+01 2.957433e+01 2.910964e+01 6.409431e+01 5.218503e+01 6.639483e+01 4.627143e+01 5.323885e+01 6.941113e+01 8.689831e+01 1.001003e+02 1.094647e+01 3.396899e-01 6.969649e-01 9.412642e-01 1.160416e+00 1.734136e+00 1.642297e+00 2.048090e+00 2.017280e+00 2.133566e+00 2.175054e+00 1.875194e+00 1.888222e+00 1.817262e-01 4.889519e-02 9.631145e-02 1.405212e-01 1.884693e-01 2.246411e-01 2.344426e-01 3.189082e-01 3.136505e-01 2.971523e-01 3.616603e-01 3.062274e-01 3.197466e-01 2.694641e-02
<GCONST> 9.951476e+01
<MIXTURE> 7 9.761405e-02
<MEAN> 39
 2.805419e+00 -6.812822e+00 -3.865135e+00 -3.573944e+00 7.842859e-01 -3.022180e+00 -1.229516e+00 9.087349e+00 7.449896e+00 3.291247e+00 -1.108673e+00 1.399665e+00 1.139326e+01 -7.727700e-02 -4.023974e-01 -4.603253e-02 1.496566e-01 3.804168e-01 9.002211e-04 3.540170e-01 5.838668e-01 -1.799974e-01 -4.144260e-01 2.682693e-02 2.599137e-01 2.074828e-01 5.079597e-02 2.982767e-01 1.339601e-01 2.409149e-01 -4.224193e-02 2.662720e-02 -2.524351e-01 -6.642699e-01 -4.814076e-01 -1.214030e-01 1.528866e-01 -6.655709e-03 -4.238116e-01
<VARIANCE> 39
 1.695609e+01 2.119549e+01 2.928390e+01 2.908435e+01 5.135685e+01 6.316751e+01 7.635419e+01 7.512795e+01 8.603076e+01 9.667285e+01 9.236527e+01 1.239568e+02 1.715228e+01 7.817972e-01 1.227181e+00 1.735308e+00 1.958800e+00 3.353486e+00 3.786162e+00 4.513142e+00 3.990865e+00 4.179219e+00 4.302984e+00 3.311175e+00 3.771022e+00 7.775061e-01 1.455581e-01 2.356905e-01 2.897255e-01 3.886060e-01 4.544396e-01 5.476959e-01 6.630649e-01 7.542026e-01 7.067362e-01 7.504498e-01 6.479734e-01 7.143243e-01 1.130425e-01
<GCONST> 1.228141e+02
<MIXTURE> 8 8.505043e-02
<MEAN> 39
 8.897397e+00 -8.851156e+00 2.925088e+00 -6.777153e+00 3.039388e+00 -1.105500e+01 3.937353e+00 1.162717e+00 4.747262e+00 -1.844507e+00 -2.477860e+00 -1.935556e+00 6.699336e+00 1.287127e-01 -1.837006e-01 -3.040804e-02 6.251733e-02 1.285212e-01 -1.035814e-01 1.277715e-01 1.482469e-01 -4.244794e-02 -6.431854e-02 1.440571e-04 4.412581e-03 -6.570710e-02 -1.947673e-01 3.562384e-01 -2.812152e-01 3.821333e-01 -4.106408e-01 4.318236e-01 -4.955097e-01 1.814337e-01 -3.271191e-01 2.074459e-01 -1.412574e-01 1.242882e-01 -2.257117e-02
<VARIANCE> 39
 1.239391e+01 2.687161e+01 4.208478e+01 3.801020e+01 6.029952e+01 5.076486e+01 8.444469e+01 6.989680e+01 6.129916e+01 7.414010e+01 7.803812e+01 6.672668e+01 1.505054e+01 3.896334e-01 7.669350e-01 1.133779e+00 1.427039e+00 1.660964e+00 1.836655e+00 2.299583e+00 2.184722e+00 2.067398e+00 2.063004e+00 1.843140e+00 1.598815e+00 2.006724e-01 5.071562e-02 1.089342e-01 1.473711e-01 2.053528e-01 2.032079e-01 2.510335e-01 3.112484e-01 3.187836e-01 3.386571e-01 3.526917e-01 3.228572e-01 3.200198e-01 2.798702e-02
<GCONST> 1.022382e+02
<STATE> 3
<NUMMIXES> 8
<MIXTURE> 1 9.312972e-02
<MEAN> 39
 4.474009e+00 -7.489866e+00 -8.268795e+00 -9.127227e-01 7.590938e+00 -2.054032e+00 -5.702696e+00 7.952375e+00 2.511539e+00 -2.413931e+00 2.266652e+00 9.158974e+00 6.999216e+00 -1.182285e-02 3.835382e-02 1.471154e-02 2.355946e-02 -4.999955e-02 -4.947052e-02 -1.008390e-02 -3.131028e-02 -5.704191e-02 3.214343e-02 9.260012e-03 4.111665e-02 -9.822108e-02 1.023258e-03 3.860364e-02 1.025720e-01 -1.195971e-02 -1.681097e-01 3.992869e-02 8.872040e-02 -8.281818e-02 -3.994656e-02 7.779435e-02 -6.732631e-03 -8.763764e-02 -1.142751e-02
<VARIANCE> 39
 1.321502e+01 1.976281e+01 2.857032e+01 3.902085e+01 5.298100e+01 5.210836e+01 7.175658e+01 5.967694e+01 5.494366e+01 5.716784e+01 7.186256e+01 9.573632e+01 1.646615e+01 2.879949e-01 6.471526e-01 9.590649e-01 1.096415e+00 1.543682e+00 1.546813e+00 1.845549e+00 1.748209e+00 1.661901e+00 1.587901e+00 1.669159e+00 1.517012e+00 1.485409e-01 4.762375e-02 1.038040e-01 1.503945e-01 1.832866e-01 2.409491e-01 2.533709e-01 2.950614e-01 3.156935e-01 2.779673e-01 2.783433e-01 2.684649e-01 2.497007e-01 1.966917e-02
<GCONST> 9.737794e+01
<MIXTURE> 2 6.888686e-02
<MEAN> 39
 4.876359e+00 -3.778969e+00 -3.312069e-02 -1.013341e+00 -3.236439e+00 -5.185820e+00 -3.285337e+00 3.552611e+00 1.383457e+00 6.372305e-01 -1.310818e+00 9.673918e-01 5.858832e+00 -4.705555e-02 3.191990e-01 2.826528e-01 2.916613e-01 -6.627748e-02 -5.276263e-02 -1.335198e-02 -1.480287e-01 -4.700502e-01 -1.158024e-01 -4.749584e-02 9.291558e-02 -3.078428e-01 -2.478307e-01 4.602429e-01 4.487757e-02 2.183747e-01 1.610041e-01 2.301141e-01 1.318340e-01 -4.531713e-01 -1.543277e-01 -1.209760e-01 2.050349e-02 -1.475537e-01 -2.791265e-01
<VARIANCE> 39
 2.627622e+01 4.154298e+01 5.272056e+01 4.866510e+01 6.319431e+01 6.774289e+01 7.732224e+01 7.185307e+01 7.548649e+01 7.596851e+01 8.037072e+01 8.019831e+01 3.507111e+01 7.237688e-01 1.296059e+00 1.830411e+00 1.933589e+00 2.835144e+00 2.987715e+00 3.649551e+00 3.239165e+00 3.379792e+00 3.416080e+00 3.085987e+00 2.741958e+00 8.500504e-01 1.919514e-01 2.950583e-01 3.445494e-01 4.237358e-01 5.200176e-01 5.792446e-01 6.980960e-01 7.451766e-01 7.114016e-01 6.363978e-01 6.026877e-01 5.572113e-01 1.737818e-01
<GCONST> 1.244335e+02
<MIXTURE> 3 1.240396e-01
<MEAN> 39
 5.159844e+00 -6.606239e+00 -5.525927e+00 -3.220984e+00 -1.574156e+00 -4.344564e+00 -5.125053e+00 5.757396e+00 8.675683e-02 -5.622814e+00 -7.147052e+00 -2.253329e+00 7.591711e+00 3.045568e-03 -1.501056e-02 2.160961e-03 2.352411e-02 -5.358779e-02 -4.125636e-02 -2.944233e-02 -3.128217e-02 -6.328399e-02 -1.082892e-02 -1.736902e-03 -2.021277e-03 -4.923379e-02 1.063351e-01 1.701655e-01 2.084897e-01 2.194300e-01 2.094364e-01 2.361736e-01 2.431411e-01 2.146165e-01 2.464377e-01 2.236813e-01 2.078951e-01 1.461473e-01 2.117378e-02
<VARIANCE> 39
 9.328938e+00 2.025908e+01 2.657813e+01 2.564267e+01 4.974328e+01 4.516795e+01 5.324434e+01 4.797720e+01 5.214697e+01 5.335608e+01 4.402239e+01 4.900623e+01 1.578991e+01 1.081746e-01 2.616825e-01 4.004351e-01 5.153329e-01 7.199829e-01 8.012004e-01 8.777702e-01 9.204432e-01 9.697813e-01 9.255954e-01 7.989039e-01 7.580357e-01 5.249391e-02 1.371281e-02 3.598857e-02 5.500677e-02 6.948615e-02 1.035255e-01 1.129420e-01 1.272577e-01 1.450658e-01 1.393514e-01 1.412346e-01 1.345178e-01 1.259383e-01 1.000000e-02
<GCONST> 7.367731e+01
<MIXTURE> 4 1.597516e-01
<MEAN> 39
 6.584309e+00 -5.400854e+00 -3.062088e+00 3.209580e-01 -2.650032e+00 -3.847757e+00 -4.071102e+00 6.046316e+00 4.521277e+00 -2.699703e-01 -2.468714e+00 -1.281943e+00 8.522593e+00 1.031074e-02 4.661038e-03 1.669972e-02 3.463896e-02 1.170702e-02 -7.644061e-03 1.107321e-02 1.575190e-02 -1.832745e-02 -5.816291e-03 3.083100e-02 -4.431286e-03 -2.119150e-02 6.991576e-03 1.109787e-02 8.827491e-03 -3.047706e-03 3.289199e-03 -3.044285e-03 -2.749734e-03 -4.392189e-03 -4.986366e-03 4.308599e-04 9.941156e-04 1.531707e-02 -1.080212e-02
<VARIANCE> 39
 1.275789e+01 1.665814e+01 2.848762e+01 3.195353e+01 5.068328e+01 5.288509e+01 5.455912e+01 5.700823e+01 6.177813e+01 5.881339e+01 4.741419e+01 4.366654e+01 1.569299e+01 4.306002e-02 9.757821e-02 1.575207e-01 2.087697e-01 2.839823e-01 3.547587e-01 3.870213e-01 4.175543e-01 4.368494e-01 4.276962e-01 3.958445e-01 3.745159e-01 1.933510e-02 1.000000e-02 1.596313e-02 2.602521e-02 3.491803e-02 4.784353e-02 6.096403e-02 6.844041e-02 7.296208e-02 7.688405e-02 7.590313e-02 6.985050e-02 6.704270e-02 1.000000e-02
<GCONST> 5.584016e+01
<MIXTURE> 5 1.841465e-01
<MEAN> 39
 8.491945e+00 3.140747e-01 -1.744019e+00 3.554795e+00 -2.148890e+00 -5.911494e+00 -5.949909e+00 2.909619e+00 4.047679e+00 -4.866247e-01 -2.439947e+00 -8.415343e-01 2.511792e+00 1.011452e-02 4.287605e-02 -1.921740e-03 4.814421e-02 2.965810e-02 -2.688476e-02 -6.913817e-03 -1.578203e-02 -1.021761e-02 -3.245616e-02 -2.932005e-02 -3.876465e-03 -7.246643e-02 -1.832991e-02 -9.583581e-03 1.755640e-02 -2.315640e-02 -1.333409e-02 1.941729e-02 -1.331142e-03 -2.089192e-02 -2.222249e-02 -1.076650e-02 3.007423e-03 -1.752551e-02 2.155061e-03
<VARIANCE> 39
 8.123970e+00 1.439927e+01 2.347027e+01 2.748995e+01 3.226674e+01 3.004232e+01 3.385139e+01 4.116454e+01 4.396605e+01 5.450276e+01 5.124606e+01 3.380444e+01 1.102036e+01 6.595390e-02 1.940121e-01 3.129359e-01 4.040826e-01 5.536312e-01 6.482635e-01 7.537154e-01 8.050897e-01 8.675261e-01 8.595816e-01 8.242354e-01 7.494365e-01 5.937367e-02 1.133098e-02 3.147270e-02 5.254867e-02 7.183989e-02 9.938876e-02 1.173626e-01 1.390319e-01 1.485632e-01 1.600167e-01 1.577769e-01 1.510799e-01 1.382750e-01 1.000000e-02
<GCONST> 6.911191e+01
<MIXTURE> 6 1.023739e-01
<MEAN> 39
 3.370660e+00 -8.107306e+00 -7.450197e+00 3.743996e-01 6.954900e+00 -1.918787e+00 -3.603900e+00 9.830745e+00 6.802822e-01 -1.454544e+00 6.911942e+00 1.416573e+01 7.474298e+00 1.741293e-02 1.915330e-02 2.792079e-02 3.586747e-02 4.747566e-03 -5.649567e-03 1.377444e-02 3.319851e-02 2.224228e-02 -9.135597e-03 4.708305e-02 2.690256e-02 -2.108418e-02 -4.570214e-03 1.221402e-03 -1.925976e-03 -3.614601e-02 -3.622174e-02 -2.509012e-02 -1.272754e-02 -2.567251e-02 1.576483e-02 9.571491e-04 -2.567229e-02 -1.805883e-02 -1.103966e-02
<VARIANCE> 39
 7.651488e+00 1.501146e+01 2.988719e+01 3.121566e+01 5.426173e+01 4.764334e+01 5.971008e+01 6.033771e+01 5.313195e+01 5.160307e+01 5.000558e+01 6.513222e+01 1.924916e+01 1.062106e-01 2.521105e-01 3.779861e-01 4.753464e-01 5.938772e-01 5.858042e-01 6.618153e-01 6.904355e-01 6.794947e-01 6.236268e-01 6.872134e-01 6.610544e-01 3.724266e-02 1.667042e-02 4.063413e-02 6.323523e-02 8.015754e-02 9.270007e-02 9.700857e-02 1.162718e-01 1.211994e-01 1.213223e-01 1.109115e-01 1.229037e-01 1.195918e-01 1.000000e-02
<GCONST> 7.146593e+01
<MIXTURE> 7 1.358209e-01
<MEAN> 39
 7.159030e+00 -5.599839e+00 -3.661239e+00 5.849806e-01 -4.602330e+00 -7.956798e-01 -5.951533e+00 3.895866e+00 8.895165e+00 1.160772e+00 -1.187274e+00 -4.111474e+00 9.173338e+00 6.781109e-02 1.555260e-02 1.403947e-02 2.117473e-01 1.439977e-03 -3.927764e-02 4.920505e-02 1.558820e-01 -1.608764e-02 -7.012731e-02 9.135017e-04 1.169642e-01 -8.621074e-02 -1.560828e-02 5.066621e-02 5.402238e-03 -5.078851e-02 3.937596e-02 -8.783535e-02 -4.464596e-03 -4.659126e-02 -1.850333e-01 -6.489013e-03 -2.899433e-02 8.796438e-02 -3.731130e-02
<VARIANCE> 39
 1.486458e+01 2.040264e+01 2.709317e+01 3.876773e+01 4.025793e+01 6.152260e+01 6.639037e+01 7.414701e+01 4.804619e+01 5.793160e+01 6.066629e+01 4.358556e+01 1.676377e+01 1.680105e-01 3.446741e-01 5.431360e-01 7.264993e-01 9.820486e-01 1.275311e+00 1.296746e+00 1.459183e+00 1.424066e+00 1.483376e+00 1.366945e+00 1.186319e+00 9.474321e-02 2.160195e-02 4.481599e-02 7.178300e-02 1.039253e-01 1.339356e-01 1.782888e-01 2.035660e-01 2.178655e-01 2.115781e-01 2.133858e-01 2.016377e-01 1.706868e-01 1.214758e-02
<GCONST> 8.568809e+01
<MIXTURE> 8 1.318511e-01
<MEAN> 39
 6.055460e+00 -5.496764e+00 -3.291710e+00 -1.415624e+00 1.117819e+00 -1.559307e+00 -1.527992e+00 9.691013e+00 2.360906e+00 -3.685367e+00 -5.493567e+00 3.266267e-02 8.347553e+00 -1.585399e-02 -4.699839e-02 -2.217130e-03 -2.659125e-02 -8.334713e-02 -6.730130e-02 -6.650642e-02 -5.542502e-02 -1.184761e-01 -4.196049e-02 5.334895e-04 -2.168064e-02 -4.901285e-02 -8.736979e-02 -9.102006e-02 -1.515537e-01 -1.606003e-01 -2.172165e-01 -2.117510e-01 -2.191398e-01 -2.394453e-01 -1.401525e-01 -1.403653e-01 -1.025816e-01 -1.271429e-01 -4.235423e-02
<VARIANCE> 39
 7.575118e+00 1.604172e+01 2.477727e+01 2.109187e+01 4.664371e+01 4.025117e+01 5.106189e+01 3.882538e+01 4.762957e+01 4.995035e+01 3.902736e+01 3.797469e+01 1.286765e+01 1.071850e-01 2.596150e-01 4.031895e-01 4.898777e-01 6.884673e-01 7.693210e-01 8.606557e-01 8.575744e-01 8.914973e-01 8.522731e-01 7.331488e-01 6.970009e-01 4.900024e-02 1.286908e-02 3.541204e-02 4.793371e-02 6.992099e-02 8.931740e-02 1.059436e-01 1.176544e-01 1.242223e-01 1.384785e-01 1.302556e-01 1.252473e-01 1.180094e-01 1.000000e-02
<GCONST> 7.027831e+01
<STATE> 4
<NUMMIXES> 8
<MIXTURE> 1 1.155947e-01
<MEAN> 39
 2.187449e+00 -9.219208e+00 -2.325483e+00 -8.677639e-01 1.350998e-01 -1.128848e+00 -3.388912e-02 6.969597e+00 3.388750e+00 1.022229e+01 1.568615e+01 1.837210e+01 8.296403e+00 -5.223832e-02 1.475168e-01 1.354481e-01 -5.176709e-02 -1.910353e-01 3.489919e-02 1.295968e-01 -1.947325e-01 -1.704079e-01 1.393709e-01 2.076646e-01 -3.633250e-02 -9.840471e-02 1.636652e-02 9.643035e-02 -1.858009e-02 -2.943998e-02 -1.762781e-02 -3.166079e-02 -5.770956e-02 -3.476026e-02 7.613954e-02 -8.858683e-03 -1.591246e-01 -1.932464e-01 -4.781363e-02
<VARIANCE> 39
 1.336767e+01 2.912241e+01 4.573948e+01 4.398700e+01 7.940425e+01 7.585743e+01 7.231163e+01 6.462428e+01 6.982795e+01 1.224025e+02 9.254889e+01 6.620803e+01 1.715680e+01 4.478445e-01 9.406629e-01 1.265999e+00 1.592664e+00 2.019236e+00 2.079057e+00 2.242194e+00 2.278944e+00 2.497035e+00 2.878102e+00 2.818843e+00 2.449827e+00 2.145122e-01 6.840374e-02 1.504111e-01 2.109166e-01 2.754765e-01 3.015952e-01 3.349487e-01 3.544070e-01 3.821469e-01 3.913124e-01 4.711552e-01 4.417229e-01 3.700504e-01 3.322209e-02
<GCONST> 1.096649e+02
<MIXTURE> 2 1.129474e-01
<MEAN> 39
 7.987695e+00 -8.516996e+00 2.710560e+00 -3.281245e-01 -6.544457e+00 -5.398339e+00 -3.159810e+00 9.996288e+00 -5.741076e+00 3.816458e+00 -5.716086e+00 -2.765554e-01 6.491436e+00 -6.995858e-02 2.648689e-01 2.674403e-01 4.178290e-02 -2.348814e-01 -7.162481e-02 1.289354e-01 -3.670901e-01 -1.641026e-01 -5.537261e-02 2.770543e-01 -3.563214e-02 -1.841916e-01 -1.276489e-01 2.875736e-01 -1.316603e-01 5.357183e-02 1.170311e-01 -4.727266e-02 2.541281e-02 -4.974226e-01 3.904846e-01 -3.358110e-01 2.363476e-01 -1.297547e-01 -5.599465e-02
<VARIANCE> 39
 1.854788e+01 2.764641e+01 3.612843e+01 3.976904e+01 5.184871e+01 7.459384e+01 1.088751e+02 6.417059e+01 5.860291e+01 6.369812e+01 6.184962e+01 6.475465e+01 1.381686e+01 4.120841e-01 7.562639e-01 1.312824e+00 1.405854e+00 1.796565e+00 2.118024e+00 2.714376e+00 2.566384e+00 2.677440e+00 2.612430e+00 2.327676e+00 1.932624e+00 2.444522e-01 5.510822e-02 1.251309e-01 1.599142e-01 2.137481e-01 2.756791e-01 3.479575e-01 4.922304e-01 4.712603e-01 3.513547e-01 3.646380e-01 3.776302e-01 3.349927e-01 3.942328e-02
<GCONST> 1.066961e+02
<MIXTURE> 3 1.495968e-01
<MEAN> 39
 5.773407e+00 -2.894158e+00 -3.697511e+00 -6.732612e-01 -1.870412e+00 -4.359442e+00 -4.198706e+00 5.188208e+00 4.613220e+00 -2.724679e+00 -4.399277e+00 -1.506298e+00 6.006162e+00 1.758583e-02 5.861790e-01 2.867849e-01 1.652021e-01 -1.734054e-01 -2.573603e-01 -2.901461e-01 -8.245351e-01 -4.463148e-01 7.267883e-02 1.034541e-01 -5.556312e-02 -5.791387e-01 -3.387689e-02 1.778252e-01 1.811040e-01 1.057905e-01 5.296293e-02 3.596309e-02 -1.371740e-02 -3.228813e-01 -3.024574e-01 7.535156e-02 4.393334e-02 -3.168344e-02 -2.014138e-01
<VARIANCE> 39
 1.289471e+01 2.226943e+01 2.812059e+01 3.155075e+01 4.331304e+01 4.461601e+01 5.259308e+01 5.118137e+01 4.830209e+01 5.221542e+01 4.477174e+01 4.230934e+01 2.167159e+01 2.744269e-01 5.706890e-01 9.900594e-01 1.132396e+00 1.680218e+00 1.955711e+00 2.019168e+00 2.146072e+00 2.199504e+00 2.117530e+00 1.867667e+00 1.717772e+00 1.833738e-01 4.911165e-02 1.016726e-01 1.333546e-01 1.909070e-01 2.348653e-01 2.844044e-01 3.369781e-01 3.641463e-01 3.209283e-01 3.467322e-01 2.984152e-01 2.735773e-01 4.432660e-02
<GCONST> 9.837788e+01
<MIXTURE> 4 9.325315e-02
<MEAN> 39
 5.325082e+00 -1.187867e+01 2.436249e+00 -3.025089e+00 -2.285165e+00 -2.868927e+00 -7.072574e-01 1.125263e+01 -3.585483e+00 2.816156e+00 -3.948367e+00 3.406174e+00 1.084546e+01 4.633935e-04 1.479393e-02 1.216898e-01 2.362780e-02 -1.970503e-01 -9.561183e-02 6.078250e-02 -9.100921e-02 -1.729335e-01 3.703762e-02 7.098819e-02 3.876112e-02 -8.581513e-02 1.882900e-04 6.856850e-02 -3.185347e-02 1.738033e-02 -6.430866e-02 -3.377200e-02 -5.606120e-02 -5.260196e-02 2.067717e-02 -1.674764e-02 3.192332e-02 -2.548151e-02 -3.749090e-02
<VARIANCE> 39
 2.096733e+01 1.929808e+01 2.544181e+01 3.056115e+01 6.077089e+01 7.043622e+01 8.920576e+01 5.673726e+01 5.083838e+01 5.448502e+01 5.603348e+01 8.956444e+01 1.531559e+01 1.835152e-01 3.739401e-01 5.654655e-01 6.572129e-01 9.627758e-01 9.350947e-01 1.026101e+00 1.164101e+00 1.135282e+00 1.112543e+00 1.020336e+00 1.074848e+00 7.428255e-02 2.775746e-02 5.795784e-02 8.403841e-02 9.729448e-02 1.316656e-01 1.412878e-01 1.600261e-01 1.759658e-01 1.761060e-01 1.766809e-01 1.609499e-01 1.697782e-01 1.068636e-02
<GCONST> 8.413163e+01
<MIXTURE> 5 1.065969e-01
<MEAN> 39
 5.758839e+00 -2.808380e+00 -2.041581e-01 -6.482526e-01 -1.852488e+00 -6.584792e+00 -5.309339e+00 2.178643e+00 1.374479e+00 2.946081e-01 -1.907767e+00 -3.312781e-02 5.112713e+00 -3.572070e-01 1.534479e+00 4.334774e-01 1.003379e+00 2.984894e-01 1.241893e-01 -6.058830e-02 -1.295979e+00 -6.556826e-01 -5.815822e-01 -1.672486e-01 -4.445450e-01 -1.273373e+00 -3.821569e-01 4.110569e-01 2.573099e-02 2.392121e-01 1.607866e-01 3.419845e-01 3.775444e-01 -1.975643e-01 -1.272873e-01 -1.170643e-01 -1.996150e-02 -1.472290e-01 -2.854609e-01
<VARIANCE> 39
 2.635286e+01 3.948000e+01 5.328358e+01 5.566620e+01 6.200960e+01 7.229234e+01 8.100539e+01 7.091737e+01 7.375080e+01 7.135865e+01 7.868186e+01 7.274746e+01 3.424029e+01 1.325268e+00 1.996606e+00 2.718064e+00 2.889061e+00 3.814449e+00 3.798538e+00 4.771360e+00 4.921169e+00 4.661911e+00 3.998986e+00 3.767742e+00 3.316592e+00 1.848168e+00 2.593223e-01 3.455050e-01 4.284969e-01 5.187139e-01 5.850345e-01 6.510543e-01 7.618683e-01 7.329168e-01 8.078808e-01 8.002708e-01 7.245274e-01 6.359376e-01 2.343152e-01
<GCONST> 1.312400e+02
<MIXTURE> 6 1.075150e-01
<MEAN> 39
 1.627431e+00 -6.639335e+00 -6.677889e+00 9.022802e-01 5.776369e+00 -9.146795e-01 -2.154458e+00 1.372464e+01 1.442630e+01 1.595038e+01 1.391117e+01 5.951111e+00 7.307822e+00 1.229320e-02 2.673625e-02 -1.912979e-02 -1.308247e-03 -2.635415e-02 -3.208469e-02 1.975717e-02 1.026024e-02 3.853545e-02 2.166519e-02 2.562004e-02 -2.665477e-02 -3.673343e-02 1.400389e-04 6.486792e-03 3.436148e-03 -2.882484e-02 -3.157748e-02 -8.863433e-03 1.765565e-02 -1.375291e-02 -3.330610e-02 -2.154738e-02 2.660292e-04 4.212917e-02 -4.546666e-03
<VARIANCE> 39
 1.424274e+01 2.645024e+01 4.638337e+01 4.084653e+01 5.852882e+01 4.693555e+01 6.388599e+01 8.207034e+01 9.672093e+01 5.414558e+01 8.343725e+01 2.032099e+02 2.459235e+01 1.895857e-01 4.019331e-01 5.834284e-01 6.573954e-01 7.263951e-01 6.752638e-01 9.179989e-01 8.977879e-01 1.022582e+00 1.013672e+00 1.063140e+00 1.111337e+00 5.634920e-02 3.540439e-02 7.162628e-02 1.050384e-01 1.281868e-01 1.293132e-01 1.262872e-01 1.647210e-01 1.539152e-01 1.812939e-01 1.790099e-01 1.856479e-01 1.804408e-01 1.000000e-02
<GCONST> 8.652701e+01
<MIXTURE> 7 1.656031e-01
<MEAN> 39
 7.729768e+00 -4.730044e+00 8.077559e-01 5.757047e+00 -8.990338e+00 -9.144499e+00 -6.884836e-01 7.436059e+00 -1.324789e+00 -2.245517e+00 -1.012227e-01 -3.045793e-01 4.540266e+00 -4.792939e-02 9.616060e-02 2.304643e-01 7.675226e-03 -1.461305e-01 -1.769633e-02 1.024761e-01 -7.649148e-02 -1.812090e-01 -7.504682e-02 8.473316e-02 9.880862e-02 -9.995823e-02 -2.970891e-02 2.901131e-02 4.084579e-02 -1.196831e-01 6.348810e-02 7.903577e-02 -7.033764e-02 -1.019802e-01 -9.634202e-03 5.904788e-02 -8.472947e-02 9.097879e-03 -1.494340e-02
<VARIANCE> 39
 1.304422e+01 2.054948e+01 3.590172e+01 2.555254e+01 3.815590e+01 4.837683e+01 6.272018e+01 4.397095e+01 5.703917e+01 4.867761e+01 4.679503e+01 4.952095e+01 1.054894e+01 1.274829e-01 2.943925e-01 5.724412e-01 6.231202e-01 8.670906e-01 1.045556e+00 1.209375e+00 1.226942e+00 1.312990e+00 1.285011e+00 1.149831e+00 1.084946e+00 8.000484e-02 2.041344e-02 4.982764e-02 7.956021e-02 1.039847e-01 1.430376e-01 1.844376e-01 2.042595e-01 2.177507e-01 2.324664e-01 2.153916e-01 1.980229e-01 1.969167e-01 1.105909e-02
<GCONST> 8.259112e+01
<MIXTURE> 8 1.488929e-01
<MEAN> 39
 8.966478e+00 1.584615e+00 -7.921453e+00 -3.083649e+00 4.397430e+00 -1.391931e-01 -1.004139e+01 -1.711241e+00 4.229239e+00 3.484927e+00 -5.538585e-01 -1.606459e+00 3.042412e+00 8.179493e-03 1.366107e-01 6.952038e-02 -2.068496e-02 -3.882743e-02 8.810548e-02 5.108985e-02 -1.264259e-01 -1.595220e-01 -2.467744e-02 5.477010e-02 -3.523841e-03 -1.353840e-01 -2.347665e-02 -2.596807e-02 6.789844e-02 2.807440e-02 -7.631189e-02 -3.379791e-02 7.644982e-02 3.021409e-02 -4.017474e-02 -3.987124e-02 -7.639597e-04 2.707227e-02 2.619572e-03
<VARIANCE> 39
 1.177635e+01 1.530783e+01 3.374107e+01 4.633451e+01 5.171659e+01 5.356258e+01 6.344478e+01 6.351095e+01 7.794368e+01 7.108890e+01 7.485035e+01 6.713077e+01 1.694198e+01 1.084917e-01 3.165516e-01 4.497727e-01 6.928291e-01 8.053412e-01 1.047015e+00 1.190573e+00 1.337551e+00 1.364362e+00 1.325374e+00 1.316605e+00 1.081318e+00 9.058125e-02 1.716539e-02 4.377446e-02 7.291099e-02 1.087294e-01 1.375973e-01 1.709322e-01 2.056962e-01 2.219409e-01 2.271540e-01 2.295610e-01 2.228249e-01 1.914395e-01 1.060961e-02
<GCONST> 8.520578e+01
<STATE> 5
<NUMMIXES> 8
<MIXTURE> 1 1.039474e-01
<MEAN> 39
 2.697358e+00 2.858337e+00 1.651526e+00 8.485212e-01 -4.885660e+00 -9.488590e+00 -4.540909e+00 -6.850628e-01 -5.644534e-01 -2.716452e+00 -7.501678e-01 2.263838e+00 3.777326e+00 -2.185606e+00 3.266040e+00 -6.287072e-01 1.739527e+00 9.689442e-01 4.019829e-01 4.569873e-01 -1.935247e+00 -1.911433e-01 -9.503999e-01 -2.871024e-01 -1.222317e+00 -1.147595e+00 -5.710580e-01 -1.397900e-02 -1.744791e-01 1.575246e-01 3.028156e-01 5.706876e-01 5.196376e-01 3.610182e-01 8.796667e-02 2.729944e-01 -9.040684e-04 -1.946290e-01 -8.343950e-02
<VARIANCE> 39
 2.177930e+01 4.113017e+01 4.363631e+01 3.163717e+01 4.464066e+01 3.702404e+01 4.432625e+01 4.607040e+01 5.472326e+01 5.770108e+01 6.977945e+01 7.293904e+01 2.037120e+01 2.323146e+00 2.213830e+00 3.082707e+00 3.516764e+00 4.989397e+00 4.459418e+00 5.103529e+00 4.778688e+00 5.085170e+00 4.316499e+00 4.451715e+00 4.169305e+00 1.316983e+00 2.521942e-01 4.774093e-01 3.622619e-01 4.489592e-01 5.115830e-01 5.545231e-01 5.664746e-01 6.807148e-01 6.473072e-01 6.781482e-01 6.604845e-01 5.787340e-01 1.027776e-01
<GCONST> 1.267402e+02
<MIXTURE> 2 1.655982e-01
<MEAN> 39
 1.748132e+00 4.776202e+00 2.772317e+00 5.002645e+00 -1.392804e-01 -4.364213e+00 -3.126926e+00 -1.825684e+00 -1.923710e+00 -2.941509e+00 -3.417855e+00 -2.693438e+00 -1.102463e+00 -1.821235e+00 1.064278e+00 8.130004e-02 5.814681e-01 1.061018e+00 1.086671e+00 1.165128e+00 -2.009986e-01 3.372855e-02 2.760732e-01 1.703613e-01 -1.920314e-01 -1.236562e+00 -1.787578e-01 -5.057259e-01 -2.933164e-01 -4.053860e-01 -2.040290e-01 3.956996e-03 9.839424e-02 4.320721e-01 2.982455e-01 3.449560e-01 3.025195e-01 2.682727e-01 2.842395e-01
<VARIANCE> 39
 4.046478e+01 3.408990e+01 3.828502e+01 2.982315e+01 4.797764e+01 4.409876e+01 4.633818e+01 4.779751e+01 4.783547e+01 4.895335e+01 4.461782e+01 4.220634e+01 3.356769e+01 2.845747e+00 2.833627e+00 2.846201e+00 2.990548e+00 3.664739e+00 3.782206e+00 3.647632e+00 3.740605e+00 3.966550e+00 3.784659e+00 3.404891e+00 2.992651e+00 3.023595e+00 3.196194e-01 3.686141e-01 3.983095e-01 4.150853e-01 5.555122e-01 5.900242e-01 6.189120e-01 6.812418e-01 6.660508e-01 6.453882e-01 5.635939e-01 4.836787e-01 2.910427e-01
<GCONST> 1.264321e+02
<MIXTURE> 3 1.518689e-01
<MEAN> 39
 5.740073e+00 2.906438e+00 1.262532e+00 3.703687e+00 -1.782498e+00 -6.156406e+00 -4.539808e+00 -2.614350e-01 1.998720e-01 -2.815898e+00 -3.438647e+00 -1.904674e+00 -1.410578e+00 -4.278574e-01 4.810693e-01 4.316180e-01 3.447763e-01 3.679037e-01 3.161233e-01 3.548438e-01 -5.140618e-01 -3.732630e-01 8.274052e-03 -6.309497e-02 -9.153461e-02 -5.856249e-01 -1.088650e-01 -9.002421e-02 -4.833134e-02 -6.955294e-02 3.926814e-02 1.094203e-01 8.556524e-02 6.469543e-02 3.415898e-03 4.342483e-02 5.047204e-02 4.333067e-02 6.406889e-02
<VARIANCE> 39
 1.222428e+01 1.954590e+01 2.485053e+01 2.700879e+01 3.893839e+01 3.825719e+01 3.784411e+01 3.908017e+01 4.298636e+01 4.083224e+01 4.443039e+01 4.334573e+01 1.592941e+01 3.633114e-01 6.692917e-01 9.034733e-01 1.163204e+00 1.569455e+00 1.688911e+00 1.877431e+00 2.038049e+00 2.009838e+00 1.910231e+00 1.820438e+00 1.616125e+00 3.643757e-01 6.003276e-02 8.782481e-02 1.291185e-01 1.790236e-01 2.350557e-01 2.559497e-01 3.015484e-01 3.178132e-01 3.358271e-01 3.116621e-01 3.247325e-01 2.828221e-01 3.716499e-02
<GCONST> 9.633121e+01
<MIXTURE> 4 1.298133e-01
<MEAN> 39
 5.459740e+00 -3.046706e+00 3.568484e+00 1.058835e+00 -8.926638e+00 -6.983470e+00 -3.427289e+00 3.741481e+00 -1.394899e+00 -2.528897e+00 -1.893063e+00 -1.088244e-01 4.969364e+00 -2.656180e-01 1.487735e+00 6.649572e-01 5.814030e-01 6.023021e-01 -2.270898e-01 -1.649228e-01 -1.752069e+00 -6.253314e-01 -3.170902e-01 -3.139270e-01 -2.298120e-01 -1.208202e+00 -1.520998e-01 3.023982e-01 -1.314017e-01 1.540167e-01 5.791130e-01 1.829420e-01 1.773765e-01 -1.512102e-01 6.279898e-02 1.816125e-02 -1.208073e-01 -1.309641e-01 -2.717286e-01
<VARIANCE> 39
 1.041117e+01 2.543950e+01 3.617335e+01 3.760258e+01 3.869326e+01 4.476941e+01 6.381001e+01 4.927100e+01 5.984203e+01 5.752796e+01 5.148048e+01 5.600365e+01 1.593646e+01 5.501286e-01 8.964106e-01 1.398607e+00 1.734973e+00 2.596284e+00 2.557055e+00 3.166478e+00 3.169769e+00 3.156283e+00 3.378832e+00 3.037811e+00 2.545180e+00 5.843888e-01 1.188738e-01 1.999205e-01 2.424203e-01 3.120888e-01 3.267556e-01 4.480727e-01 4.882731e-01 5.305329e-01 5.249532e-01 5.514733e-01 4.693525e-01 4.314084e-01 9.276976e-02
<GCONST> 1.123077e+02
<MIXTURE> 5 1.275553e-01
<MEAN> 39
 8.611562e+00 8.082513e-02 -5.412868e+00 -1.293901e+00 1.616341e+00 -1.053895e+00 -7.541010e+00 -4.645590e+00 -3.288988e-01 1.906578e+00 7.197450e-01 -1.187852e+00 2.677034e+00 -1.092956e-01 6.799649e-01 4.785147e-01 3.329809e-01 1.132705e-01 6.820531e-02 4.882341e-01 -5.211607e-01 -7.138424e-01 -4.298460e-01 -5.642851e-02 -8.125750e-02 -7.460324e-01 -1.410877e-01 -1.122399e-01 2.105013e-01 1.103380e-01 -1.620636e-01 -1.615996e-01 1.924143e-01 4.406001e-01 1.555580e-01 -1.098645e-01 -1.609984e-01 2.632487e-02 6.077500e-02
<VARIANCE> 39
 1.447915e+01 2.054235e+01 3.596756e+01 5.354129e+01 4.104615e+01 5.910754e+01 5.161450e+01 5.068755e+01 7.041500e+01 7.361066e+01 8.665425e+01 8.115191e+01 1.830031e+01 5.275657e-01 1.389318e+00 1.762376e+00 2.255022e+00 2.410775e+00 2.903163e+00 3.041412e+00 4.090825e+00 4.060482e+00 3.682696e+00 3.327161e+00 3.225998e+00 8.817605e-01 6.533120e-02 1.442231e-01 2.187742e-01 2.990834e-01 3.364222e-01 3.895613e-01 4.855045e-01 4.742520e-01 6.148428e-01 6.213427e-01 5.297902e-01 5.126973e-01 6.867457e-02
<GCONST> 1.155697e+02
<MIXTURE> 6 1.382606e-01
<MEAN> 39
 3.246867e+00 -2.548722e+00 5.737746e-01 -2.645308e+00 -4.069548e+00 -1.735428e+00 9.293396e-01 7.612659e-01 -1.557492e+00 -9.675025e-01 -6.260985e-01 9.994359e-01 5.483989e+00 -1.923502e-01 1.922960e-01 1.830553e-01 -2.864027e-01 -1.570563e-01 3.038849e-01 1.180158e-01 -5.430934e-01 -1.408423e-01 5.857082e-02 -1.070080e-02 -6.393592e-02 -8.791000e-02 5.789654e-02 4.019337e-02 -4.624626e-02 8.661023e-02 9.904861e-02 -1.107780e-01 -2.115173e-01 5.452038e-02 1.158566e-01 2.468148e-02 -2.931713e-02 7.767735e-03 -5.549715e-02
<VARIANCE> 39
 2.323111e+01 3.215723e+01 5.294010e+01 4.533153e+01 7.174030e+01 6.324099e+01 6.454363e+01 6.480990e+01 6.337948e+01 7.821405e+01 7.691580e+01 9.374023e+01 3.004882e+01 2.163902e-01 4.904605e-01 7.734048e-01 9.879991e-01 1.239996e+00 1.460088e+00 1.643040e+00 1.785809e+00 1.693555e+00 1.747281e+00 1.640074e+00 1.371976e+00 1.243446e-01 2.950675e-02 7.350545e-02 1.141760e-01 1.477998e-01 2.046602e-01 2.256626e-01 2.739533e-01 2.761075e-01 2.883551e-01 3.008659e-01 2.991067e-01 2.671551e-01 1.793554e-02
<GCONST> 9.773425e+01
<MIXTURE> 7 9.943148e-02
<MEAN> 39
 1.733081e+00 -5.927841e+00 -3.129273e+00 -1.398576e+00 -1.189153e-01 -3.019502e+00 1.331020e+00 9.234407e+00 8.074189e+00 9.368275e+00 8.066836e+00 3.957892e+00 6.541059e+00 -1.900674e-01 4.875545e-01 -1.280136e-02 -2.180053e-01 -3.710337e-01 -1.131573e-01 1.642865e-03 -7.179434e-01 -1.348752e-01 -5.550222e-02 -8.562273e-03 -1.057237e-01 -5.060275e-01 2.107995e-02 9.009683e-02 -7.568414e-03 1.232783e-01 2.210513e-03 -3.278487e-02 -1.685813e-01 -2.182572e-01 -1.644832e-01 -2.212719e-01 -1.664187e-01 -3.011542e-02 -1.205552e-01
<VARIANCE> 39
 1.742900e+01 2.831914e+01 4.182492e+01 4.102879e+01 7.242141e+01 7.910765e+01 9.172102e+01 8.652307e+01 1.328935e+02 1.340264e+02 1.240113e+02 1.790504e+02 3.917399e+01 8.777663e-01 1.363802e+00 1.488362e+00 2.077708e+00 2.682870e+00 3.254303e+00 3.545573e+00 3.884449e+00 4.039809e+00 4.327434e+00 3.730421e+00 4.148161e+00 9.307528e-01 1.491991e-01 2.180907e-01 2.602286e-01 3.514524e-01 4.076609e-01 5.110544e-01 6.210744e-01 6.776377e-01 6.809947e-01 7.854995e-01 6.763167e-01 7.343450e-01 1.452532e-01
<GCONST> 1.265437e+02
<MIXTURE> 8 8.352486e-02
<MEAN> 39
 7.530398e+00 -6.396851e+00 -1.087366e+00 5.037550e+00 -6.757705e+00 -6.798365e+00 -4.154594e+00 4.378879e+00 1.379890e+00 -1.418085e+00 -1.033071e+00 -1.190015e+00 6.288458e+00 -8.529537e-01 -4.185902e-01 1.218300e+00 -8.453791e-01 -7.603231e-01 3.592837e-01 1.343365e+00 4.260998e-01 -4.033172e-01 -3.149385e-01 -2.147983e-01 2.252445e-01 6.342339e-01 -1.347380e-01 2.156675e-01 6.354360e-02 -3.451341e-01 2.703217e-01 2.617364e-01 1.631970e-02 -2.841005e-01 -1.711743e-01 1.335609e-01 -2.669217e-03 5.780331e-02 -3.177150e-02
<VARIANCE> 39
 1.648151e+01 2.415752e+01 5.575963e+01 4.533770e+01 5.330863e+01 7.177568e+01 8.402780e+01 6.524239e+01 8.020159e+01 6.766154e+01 7.429297e+01 7.130170e+01 1.740881e+01 5.193858e-01 1.447851e+00 1.750389e+00 2.338579e+00 3.498785e+00 3.783058e+00 3.751725e+00 4.721967e+00 4.261276e+00 4.089286e+00 3.847144e+00 3.574939e+00 4.890087e-01 8.394609e-02 1.566265e-01 2.331922e-01 3.015537e-01 4.556914e-01 5.532812e-01 6.476871e-01 5.785446e-01 5.738471e-01 6.039391e-01 5.706222e-01 5.290475e-01 5.487222e-02
<GCONST> 1.192290e+02
<TRANSP> 6
 0.000000e+00 1.000000e+00 0.000000e+00 0.000000e+00 0.000000e+00 0.000000e+00
 0.000000e+00 6.810089e-01 3.189911e-01 0.000000e+00 0.000000e+00 0.000000e+00
 0.000000e+00 0.000000e+00 8.650675e-01 1.349325e-01 0.000000e+00 0.000000e+00
 0.000000e+00 0.000000e+00 0.000000e+00 7.420160e-01 2.579840e-01 0.000000e+00
 0.000000e+00 0.000000e+00 0.000000e+00 0.000000e+00 6.601145e-01 3.398855e-01
 0.000000e+00 0.000000e+00 0.000000e+00 0.000000e+00 0.000000e+00 0.000000e+00
<ENDHMM>
