~o
<STREAMINFO> 1 39
<VECSIZE> 39<NULLD><MFCC_D_A_Z_0><DIAGC>
~h "f"
<BEGINHMM>
<NUMSTATES> 5
<STATE> 2
<NUMMIXES> 8
<MIXTURE> 1 1.599436e-01
<MEAN> 39
 -9.544123e+00 2.266499e+00 -1.561940e+00 3.951572e+00 -1.399664e+00 -2.087095e+00 -1.883952e+00 -3.133071e+00 -1.358143e+00 1.499483e-01 6.392119e-01 4.212224e-01 -2.621848e+00 -3.366477e-01 -9.536140e-02 -5.674968e-02 9.514689e-02 1.556748e-01 2.108768e-01 1.482956e-01 8.775827e-02 8.486085e-02 9.942333e-02 5.666939e-02 3.837163e-02 -2.037956e-01 1.423293e-01 -3.026427e-02 9.402430e-02 6.876933e-02 2.073670e-01 2.488651e-01 3.621009e-01 3.793278e-01 2.541111e-01 9.635171e-02 -6.109643e-03 -5.095728e-02 6.946129e-02
<VARIANCE> 39
 1.778865e+01 1.813279e+01 2.017319e+01 2.152973e+01 2.538796e+01 2.168880e+01 2.234577e+01 2.212947e+01 2.296720e+01 2.282924e+01 2.166305e+01 2.531234e+01 1.840988e+01 5.981727e-01 6.176540e-01 8.276423e-01 9.729024e-01 1.189449e+00 1.325089e+00 1.527433e+00 1.645877e+00 1.657242e+00 1.610027e+00 1.521484e+00 1.479086e+00 4.353873e-01 1.050399e-01 1.119417e-01 1.505525e-01 1.867184e-01 2.104743e-01 2.134700e-01 2.265843e-01 2.253858e-01 2.735346e-01 2.720073e-01 2.732945e-01 2.738360e-01 6.619287e-02
<GCONST> 9.065141e+01
<MIXTURE> 2 1.515244e-01
<MEAN> 39
 -1.187599e+01 -1.509290e-01 -2.869571e+00 3.737368e+00 -5.889952e-01 -2.930358e-01 2.454939e+00 2.821208e+00 4.250881e+00 4.151943e+00 2.913372e+00 1.597039e+00 -1.381933e+00 -2.828862e-01 -2.186768e-01 -1.996902e-01 -1.057714e-01 -3.726984e-02 6.370661e-02 1.423083e-01 1.913221e-01 2.887933e-01 3.854554e-01 3.665233e-01 2.611220e-01 -1.761875e-01 3.231761e-01 1.799539e-01 2.559011e-01 1.637320e-01 1.853868e-01 2.740616e-02 -1.880119e-01 -3.847120e-01 -4.747589e-01 -4.452875e-01 -3.230357e-01 -2.023568e-01 1.284660e-02
<VARIANCE> 39
 1.448716e+01 2.216241e+01 1.894099e+01 2.228687e+01 2.570178e+01 2.567066e+01 2.801203e+01 2.434034e+01 2.275526e+01 2.234288e+01 2.306932e+01 2.770431e+01 1.841565e+01 5.543011e-01 6.305109e-01 8.251447e-01 1.024980e+00 1.231351e+00 1.418263e+00 1.571662e+00 1.643587e+00 1.768356e+00 1.672585e+00 1.629434e+00 1.545087e+00 4.483039e-01 1.154265e-01 1.163518e-01 1.445606e-01 1.703755e-01 2.008087e-01 2.437656e-01 2.650481e-01 2.623221e-01 2.645336e-01 2.783712e-01 2.945406e-01 3.012661e-01 6.740712e-02
<GCONST> 9.218394e+01
<MIXTURE> 3 1.339807e-01
<MEAN> 39
 -1.085204e+01 2.220798e+00 -8.110704e-02 7.389481e+00 3.430649e+00 3.750133e+00 3.780262e+00 1.095755e+00 1.422153e+00 1.450701e+00 1.373772e+00 -1.051065e-02 -3.763532e+00 -2.949653e-01 -1.452515e-01 -6.224984e-02 4.719505e-02 7.664089e-02 1.321969e-01 1.570127e-01 9.569036e-02 3.503010e-02 -4.554886e-02 -7.598733e-02 -5.670702e-02 -2.292043e-02 2.613485e-01 -6.781887e-02 -9.891602e-02 -3.264668e-01 -3.668657e-01 -4.254311e-01 -2.878681e-01 -1.224880e-01 3.501605e-03 6.634384e-03 -2.621384e-02 7.965893e-03 1.320906e-01
<VARIANCE> 39
 2.422735e+01 2.565768e+01 1.972839e+01 2.310234e+01 2.396147e+01 2.132297e+01 2.650945e+01 2.531491e+01 2.361357e+01 2.006018e+01 2.092824e+01 2.326094e+01 2.414512e+01 7.740410e-01 8.140240e-01 9.702255e-01 1.139025e+00 1.420193e+00 1.535126e+00 1.640010e+00 1.621199e+00 1.570535e+00 1.497293e+00 1.470521e+00 1.434016e+00 6.793609e-01 1.487065e-01 1.463399e-01 1.610264e-01 1.663331e-01 1.977969e-01 2.216914e-01 2.805066e-01 3.048751e-01 2.977180e-01 2.719707e-01 2.575484e-01 2.810965e-01 1.087213e-01
<GCONST> 9.472726e+01
<MIXTURE> 4 8.803298e-02
<MEAN> 39
 -1.057009e+00 5.324918e+00 1.909158e+00 5.493529e+00 4.852110e-01 -1.409419e+00 -1.428632e+00 -3.483976e+00 -2.748145e+00 -2.850965e+00 -3.057221e+00 -2.868639e+00 -9.536763e-01 -2.189683e+00 5.066915e-01 -5.520180e-02 1.029017e+00 8.595691e-01 7.906229e-01 9.437405e-01 3.662223e-01 1.575821e-01 1.225623e-01 1.976592e-01 4.604984e-03 -1.089790e+00 -7.483404e-02 -6.175792e-01 -2.966830e-01 -5.810281e-01 -3.841804e-01 -1.092535e-01 8.590526e-02 4.316227e-01 3.910834e-01 3.667459e-01 2.656952e-01 2.946486e-01 2.757272e-01
<VARIANCE> 39
 2.310255e+01 1.999624e+01 3.146492e+01 2.722841e+01 3.695156e+01 3.612751e+01 3.476558e+01 3.431092e+01 3.287014e+01 3.615407e+01 3.461233e+01 3.898591e+01 2.369204e+01 2.428406e+00 2.237610e+00 2.222534e+00 2.626461e+00 3.068328e+00 3.186940e+00 2.961406e+00 3.371962e+00 3.273641e+00 3.127213e+00 3.059182e+00 3.046824e+00 1.515056e+00 2.644850e-01 2.666126e-01 3.206337e-01 3.733677e-01 4.670306e-01 4.777154e-01 5.346645e-01 5.558202e-01 5.594225e-01 5.512810e-01 4.916396e-01 4.735208e-01 1.422906e-01
<GCONST> 1.172396e+02
<MIXTURE> 5 1.250949e-01
<MEAN> 39
 -9.193956e+00 -3.616584e-02 -2.141371e-01 3.214238e+00 1.281449e+00 8.082652e-01 1.732851e+00 5.242059e-01 1.087048e+00 2.535213e+00 3.142148e+00 1.985779e+00 2.796772e-02 3.434140e-03 3.016108e-03 3.226769e-02 4.924212e-02 3.113423e-02 3.265440e-02 -2.424605e-02 -7.677130e-02 -7.924390e-02 -5.344779e-02 -8.751577e-02 -4.282805e-02 -9.236856e-02 3.190093e-02 -5.567159e-03 2.019940e-02 4.312105e-03 -1.538876e-03 -8.032048e-03 1.993806e-02 2.048175e-02 -1.401026e-02 -1.251184e-01 -2.087487e-01 -1.494072e-01 -7.435262e-03
<VARIANCE> 39
 3.354147e+01 2.358124e+01 2.165538e+01 2.516140e+01 2.918291e+01 2.825422e+01 2.868270e+01 2.841345e+01 3.342711e+01 2.646202e+01 2.465269e+01 2.545823e+01 2.835689e+01 1.290345e-01 2.573415e-01 3.976180e-01 6.110874e-01 7.763423e-01 8.982425e-01 1.084312e+00 1.137085e+00 1.230639e+00 1.217358e+00 1.181230e+00 1.088456e+00 7.954162e-02 2.218766e-02 4.624036e-02 7.451749e-02 1.115086e-01 1.487418e-01 1.633090e-01 2.004530e-01 2.021610e-01 2.221531e-01 2.194928e-01 2.027439e-01 1.870618e-01 1.083122e-02
<GCONST> 7.837978e+01
<MIXTURE> 6 1.029836e-01
<MEAN> 39
 -8.941219e+00 3.443704e+00 5.038073e-01 6.557518e+00 1.403372e+00 6.727630e-01 1.860015e+00 -3.562126e-01 -2.776644e-02 -9.576532e-01 -1.702113e+00 -2.267099e+00 -3.021954e+00 -1.465334e+00 -9.046399e-01 -8.316141e-01 -3.818868e-01 -1.510637e-01 2.514098e-01 6.568434e-01 9.921551e-01 1.180875e+00 1.172739e+00 1.062150e+00 8.014021e-01 -8.228775e-03 7.013928e-01 -1.320668e-01 -1.217215e-01 -4.530713e-01 -3.362755e-01 -3.157593e-01 -3.751170e-01 -1.953704e-01 -3.045158e-02 9.890197e-02 9.745385e-02 1.466286e-01 2.886450e-01
<VARIANCE> 39
 1.980985e+01 2.365509e+01 2.623108e+01 2.432925e+01 3.482378e+01 3.151899e+01 3.010862e+01 3.183778e+01 2.919417e+01 2.843916e+01 2.748628e+01 2.981894e+01 3.117416e+01 2.123667e+00 1.317777e+00 1.780330e+00 1.756950e+00 1.990869e+00 2.197400e+00 2.198553e+00 2.206516e+00 2.180492e+00 2.098412e+00 2.100065e+00 1.999801e+00 1.575357e+00 2.677489e-01 3.173084e-01 3.364312e-01 3.813488e-01 4.533824e-01 4.533062e-01 4.235843e-01 4.677564e-01 4.905034e-01 4.684473e-01 4.483276e-01 4.340780e-01 2.736211e-01
<GCONST> 1.115334e+02
<MIXTURE> 7 1.333406e-01
<MEAN> 39
 -9.086558e+00 1.693176e+00 1.140797e+00 5.071314e+00 1.959269e+00 2.291491e+00 2.211897e+00 1.217234e-01 -1.325698e-01 -8.768437e-01 -2.378495e+00 -3.001851e+00 -2.320707e+00 -4.749496e-02 -2.587157e-02 -7.636704e-03 3.611931e-02 5.754314e-02 6.686487e-02 3.639054e-02 4.822269e-02 4.743068e-02 6.462646e-02 6.056406e-02 2.237126e-02 -1.183446e-01 3.682725e-02 -3.425598e-02 -3.335747e-02 -5.259604e-02 -3.600573e-02 -1.004202e-01 -8.978152e-02 -6.903743e-02 4.214722e-02 1.926997e-01 2.990595e-01 2.282238e-01 2.489330e-02
<VARIANCE> 39
 1.593446e+01 1.550994e+01 1.479303e+01 1.551191e+01 1.759526e+01 1.830222e+01 1.930157e+01 2.010845e+01 2.346507e+01 1.806038e+01 1.680731e+01 1.902470e+01 1.285786e+01 2.345090e-01 3.449070e-01 4.981431e-01 6.674683e-01 8.960097e-01 1.076527e+00 1.189607e+00 1.335362e+00 1.442700e+00 1.396607e+00 1.303646e+00 1.208668e+00 1.375550e-01 3.959601e-02 6.823523e-02 8.956681e-02 1.193550e-01 1.549571e-01 1.863834e-01 1.999919e-01 2.235984e-01 2.693489e-01 2.372123e-01 1.885778e-01 1.999132e-01 2.150293e-02
<GCONST> 7.773963e+01
<MIXTURE> 8 1.050993e-01
<MEAN> 39
 -7.025636e+00 -9.962406e-01 -3.069145e+00 7.187482e-01 -2.779853e-01 -7.212887e-01 8.864719e-01 9.050298e-01 1.734360e+00 2.257250e+00 1.788684e+00 1.756231e+00 -1.326324e+00 -4.911396e-01 -7.470623e-04 -8.887621e-02 7.156377e-02 -1.032656e-01 -6.785022e-02 -2.655292e-02 -1.697100e-01 -1.525761e-01 -1.814897e-01 -1.697323e-01 -1.238333e-01 2.319720e-01 2.610027e-01 1.552392e-01 2.585015e-01 2.172799e-01 1.655485e-01 9.934273e-02 7.163832e-03 -5.828763e-02 -7.381330e-02 -8.941278e-02 -8.061574e-02 -9.104463e-02 7.948747e-02
<VARIANCE> 39
 3.645856e+01 2.978826e+01 2.947706e+01 2.525411e+01 4.099616e+01 3.698032e+01 3.843620e+01 3.530167e+01 3.664283e+01 3.960592e+01 4.264600e+01 3.970248e+01 5.795562e+01 1.780998e+00 1.761950e+00 1.849621e+00 1.979810e+00 2.262411e+00 2.208369e+00 2.477504e+00 2.510274e+00 2.405985e+00 2.346846e+00 2.278373e+00 2.226550e+00 2.308616e+00 3.529079e-01 3.037601e-01 3.229035e-01 3.412478e-01 4.201525e-01 4.485540e-01 4.531284e-01 4.697845e-01 4.675710e-01 4.914514e-01 4.695473e-01 4.274319e-01 4.253329e-01
<GCONST> 1.170746e+02
<STATE> 3
<NUMMIXES> 8
<MIXTURE> 1 1.136702e-01
<MEAN> 39
 -9.931891e+00 2.402275e+00 -2.159264e+00 3.520729e+00 -1.689327e+00 -2.780890e+00 -1.320567e+00 -1.664687e+00 1.299531e+00 3.811027e+00 4.533809e+00 3.144304e+00 -3.988316e+00 6.756341e-01 -1.400725e-02 3.877029e-01 2.889481e-01 6.163738e-01 3.214823e-01 1.835321e-01 -3.015814e-02 -2.986252e-01 -5.463806e-01 -5.958807e-01 -4.075170e-01 4.140015e-01 9.196706e-01 1.026535e-03 6.400069e-02 -1.874781e-01 9.824899e-02 2.198633e-01 6.066379e-02 4.204767e-03 -1.408572e-01 -3.685150e-01 -5.248620e-01 -4.498172e-01 4.599685e-01
<VARIANCE> 39
 2.075345e+01 1.744777e+01 1.941340e+01 1.924961e+01 2.713136e+01 2.291762e+01 2.500284e+01 2.608540e+01 2.792686e+01 2.209705e+01 2.071742e+01 2.690115e+01 1.889464e+01 2.175709e+00 1.229944e+00 1.408009e+00 1.491919e+00 1.634750e+00 1.944007e+00 2.026281e+00 2.147902e+00 2.269171e+00 2.097146e+00 2.040319e+00 1.938246e+00 1.701333e+00 3.726777e-01 3.081023e-01 3.364424e-01 3.765743e-01 3.940771e-01 4.280170e-01 3.968371e-01 4.445201e-01 4.791953e-01 4.345304e-01 3.849383e-01 4.031030e-01 2.300301e-01
<GCONST> 1.072654e+02
<MIXTURE> 2 1.285184e-01
<MEAN> 39
 -1.291294e+01 -1.898032e+00 -2.612000e+00 4.613081e+00 7.054846e-01 1.637525e+00 3.587052e+00 3.691758e+00 4.783714e+00 4.297121e+00 2.866505e+00 1.585369e+00 -1.064251e+00 1.195653e+00 2.669157e-01 5.902960e-01 1.087225e-01 1.708068e-01 -3.568866e-01 -3.737834e-01 -4.133457e-01 -3.221626e-01 -3.763065e-01 -2.702209e-01 -1.749350e-01 4.397437e-01 1.235373e+00 5.970746e-01 2.756703e-01 -2.100017e-01 -2.532277e-01 -4.132774e-01 -7.532675e-01 -8.289925e-01 -7.600240e-01 -5.581346e-01 -4.310404e-01 -3.184012e-01 2.816077e-01
<VARIANCE> 39
 1.354418e+01 2.114236e+01 2.094437e+01 2.596518e+01 2.795019e+01 2.644786e+01 2.788668e+01 2.440912e+01 2.417815e+01 2.274008e+01 2.205415e+01 2.749405e+01 1.897104e+01 1.600746e+00 1.294923e+00 1.549293e+00 1.483623e+00 1.628348e+00 1.834474e+00 1.953482e+00 2.068964e+00 2.087561e+00 2.004609e+00 1.851638e+00 1.705449e+00 1.004709e+00 2.125475e-01 2.176094e-01 3.182599e-01 3.941257e-01 3.680848e-01 4.784027e-01 4.117670e-01 3.949434e-01 3.893417e-01 3.928629e-01 3.845884e-01 4.386819e-01 1.494326e-01
<GCONST> 1.047992e+02
<MIXTURE> 3 1.451495e-01
<MEAN> 39
 -1.057936e+01 2.286781e+00 -4.462401e-01 7.456635e+00 1.870166e+00 2.261527e+00 2.577929e+00 3.535295e-01 1.567977e+00 7.208620e-01 -7.197314e-02 -1.223579e+00 -4.835186e+00 2.638493e+00 3.159745e-01 -1.028195e-01 -1.087774e+00 -5.670984e-01 -8.547530e-01 -1.028389e+00 -7.520458e-01 -1.243781e-01 1.344029e-01 1.899758e-01 2.440322e-01 1.416617e+00 1.329899e+00 -1.638891e-01 -3.721441e-01 -1.055303e+00 -4.930328e-01 -4.128225e-01 -6.437970e-01 -2.643214e-01 -4.111248e-02 9.029546e-02 -3.783800e-02 3.041869e-02 7.401392e-01
<VARIANCE> 39
 1.378162e+01 1.590234e+01 1.640788e+01 2.007228e+01 2.583362e+01 2.373981e+01 2.490999e+01 2.419948e+01 2.476414e+01 1.990422e+01 2.304021e+01 2.714262e+01 1.816986e+01 2.570584e+00 1.397592e+00 1.818622e+00 2.116925e+00 2.239229e+00 2.768076e+00 2.573494e+00 2.558493e+00 2.358525e+00 2.175952e+00 2.208716e+00 2.436798e+00 1.375715e+00 2.294132e-01 2.955441e-01 3.568581e-01 4.532866e-01 5.504552e-01 6.496986e-01 5.366416e-01 5.895311e-01 5.624792e-01 4.978809e-01 6.114017e-01 6.947274e-01 1.511924e-01
<GCONST> 1.104863e+02
<MIXTURE> 4 1.015403e-01
<MEAN> 39
 -7.432317e+00 6.318194e-01 -2.283212e+00 2.432930e+00 2.209657e+00 2.125618e+00 3.791065e+00 2.331292e+00 2.969862e+00 2.020375e+00 2.873521e-01 2.491237e-01 -2.098906e+00 3.867345e-01 1.117815e-02 4.060295e-01 -2.042809e-01 -5.298970e-01 -6.047084e-01 -1.272242e-01 -1.791212e-02 8.535290e-02 1.304316e-01 2.766143e-01 3.426356e-01 1.005804e+00 6.799535e-01 7.025144e-02 2.856809e-01 -1.229115e-01 -3.918200e-01 -4.679691e-01 -5.641455e-01 -3.930023e-01 -4.035012e-01 -2.166915e-01 4.356372e-03 1.890697e-02 2.988162e-01
<VARIANCE> 39
 4.390792e+01 4.320010e+01 4.668726e+01 3.819668e+01 4.910178e+01 5.168004e+01 4.288731e+01 4.337554e+01 4.040244e+01 3.845432e+01 4.007554e+01 3.774330e+01 7.793885e+01 3.663158e+00 2.863750e+00 3.566322e+00 3.112405e+00 3.904959e+00 4.154406e+00 3.818956e+00 3.767775e+00 3.431548e+00 3.203062e+00 3.203243e+00 2.909352e+00 6.011137e+00 6.213345e-01 6.098999e-01 6.212546e-01 5.933220e-01 7.727069e-01 8.505318e-01 7.425967e-01 7.406933e-01 7.331142e-01 6.573204e-01 6.920051e-01 6.497337e-01 8.868108e-01
<GCONST> 1.331023e+02
<MIXTURE> 5 1.037910e-01
<MEAN> 39
 -5.628812e+00 4.887040e+00 -3.980426e-01 5.571438e+00 -1.743129e-01 -2.838466e-01 -1.049330e+00 -4.371353e+00 -2.390682e+00 -2.614880e+00 -2.599541e+00 -2.768212e+00 -4.318974e+00 1.422911e+00 -5.851601e-01 -3.248147e-01 -8.998914e-01 -2.369030e-01 -3.740482e-01 -2.586567e-01 4.978528e-01 1.099535e+00 1.199097e+00 9.664745e-01 7.749326e-01 1.488891e+00 7.208673e-01 -6.394678e-01 -2.798098e-01 -7.962227e-01 -2.200982e-01 -1.525665e-01 -9.093886e-02 4.950717e-01 5.830643e-01 6.663358e-01 5.026927e-01 4.598403e-01 7.480894e-01
<VARIANCE> 39
 2.849334e+01 2.433932e+01 2.798643e+01 2.707023e+01 3.518667e+01 3.316290e+01 3.455515e+01 3.221813e+01 3.290978e+01 2.884562e+01 3.064506e+01 3.220406e+01 3.111793e+01 3.080857e+00 2.060913e+00 2.672376e+00 2.879201e+00 3.044283e+00 3.223117e+00 3.319067e+00 3.481862e+00 3.391307e+00 3.714890e+00 3.724856e+00 3.635760e+00 2.794993e+00 4.392134e-01 4.126903e-01 4.984536e-01 5.955566e-01 6.607853e-01 7.335504e-01 6.875052e-01 7.246835e-01 6.659589e-01 7.107180e-01 8.652849e-01 9.176857e-01 3.438243e-01
<GCONST> 1.245119e+02
<MIXTURE> 6 1.371116e-01
<MEAN> 39
 -5.307200e+00 3.951346e+00 -3.909559e-01 5.895165e+00 2.422162e-01 5.246813e-01 1.749513e+00 1.292370e-01 3.320432e+00 3.047918e+00 2.656402e+00 1.163457e+00 -3.180393e+00 3.985523e+00 -1.258486e+00 -7.220195e-01 -2.970015e+00 -9.567845e-01 -1.111154e+00 -1.558794e+00 -3.777575e-04 4.609869e-01 7.926920e-01 4.546675e-01 9.001532e-01 3.234012e+00 4.356538e-01 -6.599542e-01 -2.156012e-01 -8.504398e-01 -4.641638e-02 1.630566e-02 -2.582348e-01 9.031538e-02 -1.918111e-01 -1.474250e-01 -3.308413e-01 -6.523971e-02 5.830170e-01
<VARIANCE> 39
 2.059234e+01 1.881618e+01 2.107237e+01 2.140425e+01 3.318058e+01 2.571780e+01 2.878924e+01 2.967889e+01 2.715092e+01 2.340302e+01 2.684071e+01 2.781062e+01 2.416865e+01 2.737672e+00 3.144752e+00 4.653841e+00 4.924861e+00 6.034399e+00 6.707400e+00 5.305906e+00 6.099244e+00 5.564948e+00 5.953797e+00 7.168507e+00 7.759459e+00 2.535555e+00 3.744999e-01 3.189258e-01 3.777553e-01 5.160804e-01 6.824832e-01 6.238474e-01 6.479474e-01 7.332242e-01 6.803927e-01 6.176188e-01 7.166706e-01 7.536786e-01 2.949396e-01
<GCONST> 1.263528e+02
<MIXTURE> 7 1.325227e-01
<MEAN> 39
 -1.066574e+01 3.093818e-01 -2.099243e+00 4.431889e+00 6.142893e-01 4.652007e-01 1.563162e+00 3.298253e-01 -7.534534e-01 -1.515004e+00 -2.579042e+00 -1.460387e+00 -2.303804e+00 5.305979e-01 1.451541e-02 3.895070e-01 1.765325e-01 3.767663e-01 1.066430e-01 1.403001e-01 5.402837e-02 1.213134e-01 8.076053e-02 1.484381e-02 -7.898039e-02 2.742959e-02 9.259743e-01 2.837198e-01 1.473454e-01 -2.452241e-01 -2.004145e-01 -2.054054e-01 -3.285168e-01 -2.396869e-01 9.332445e-02 3.852566e-01 4.471970e-01 2.616689e-01 2.573681e-01
<VARIANCE> 39
 1.567911e+01 2.130048e+01 2.118249e+01 2.061966e+01 2.949579e+01 2.848862e+01 2.911237e+01 2.526630e+01 2.490271e+01 2.089439e+01 2.032426e+01 2.504079e+01 1.863989e+01 1.148296e+00 8.867646e-01 1.058784e+00 1.143925e+00 1.341764e+00 1.554118e+00 1.639047e+00 1.648515e+00 1.793803e+00 1.672042e+00 1.591533e+00 1.625433e+00 6.680702e-01 2.411059e-01 2.140257e-01 2.561633e-01 3.152172e-01 3.465064e-01 4.155501e-01 4.039150e-01 3.762347e-01 4.017789e-01 3.580363e-01 3.455494e-01 4.464145e-01 1.514828e-01
<GCONST> 1.009001e+02
<MIXTURE> 8 1.376962e-01
<MEAN> 39
 7.118829e-01 -1.889554e+00 -1.456655e+00 -7.473596e-01 -1.196973e-01 -6.201230e-01 2.217300e-01 1.180753e+00 7.423185e-01 6.743183e-02 4.577642e-01 1.682341e+00 4.513180e+00 9.194572e-02 7.212777e-03 2.935992e-02 -3.164398e-02 1.604841e-02 5.515343e-02 1.443384e-02 -5.263571e-02 3.328819e-03 -6.532496e-02 -8.272692e-02 -9.355611e-02 -1.560543e-01 5.211025e-02 1.150038e-02 3.488651e-02 -4.606891e-02 -6.402185e-02 -2.949003e-02 -4.403552e-02 1.768693e-02 -2.216063e-02 -3.360049e-02 2.124403e-02 -1.177082e-02 -2.396187e-02
<VARIANCE> 39
 2.503007e+01 4.320801e+01 4.072841e+01 4.164736e+01 7.150400e+01 5.186388e+01 5.760472e+01 6.006662e+01 6.206402e+01 7.176458e+01 8.765140e+01 8.066555e+01 4.738021e+01 2.764664e-01 5.241168e-01 7.882893e-01 9.736642e-01 1.327611e+00 1.438756e+00 1.610063e+00 1.687890e+00 1.715602e+00 1.700547e+00 1.717318e+00 1.471783e+00 2.233152e-01 4.160748e-02 9.124747e-02 1.239115e-01 1.693436e-01 2.061675e-01 2.573471e-01 2.728181e-01 2.840205e-01 2.988801e-01 2.884127e-01 2.969507e-01 2.692180e-01 2.585990e-02
<GCONST> 9.997549e+01
<STATE> 4
<NUMMIXES> 8
<MIXTURE> 1 9.168836e-02
<MEAN> 39
 3.698690e+00 -2.891287e+00 -3.441956e+00 -4.328170e+00 -3.070189e+00 -2.902561e+00 -2.345492e+00 1.076505e+00 5.329014e+00 6.505921e+00 6.641066e+00 6.800370e+00 6.337210e+00 1.919486e+00 -2.272646e+00 -2.025627e-01 -2.533200e+00 -2.015607e-01 -5.058712e-01 -4.858076e-01 8.403404e-01 5.695127e-01 1.028902e+00 1.092738e+00 1.914379e+00 2.655731e+00 -9.261721e-01 1.603556e-01 2.345890e-01 5.695452e-01 4.481153e-01 5.082236e-01 4.018697e-01 -2.930791e-02 -4.940394e-01 -5.621874e-01 -5.458711e-01 -4.932972e-01 -5.309187e-01
<VARIANCE> 39
 2.728444e+01 3.442801e+01 5.506956e+01 6.124240e+01 6.634909e+01 6.995368e+01 6.210676e+01 7.044354e+01 6.376254e+01 7.064629e+01 7.263440e+01 6.978392e+01 2.930838e+01 3.141335e+00 3.594769e+00 4.414139e+00 5.736098e+00 6.717662e+00 6.706242e+00 7.093501e+00 8.209167e+00 7.471364e+00 7.417233e+00 7.911626e+00 8.290947e+00 3.370504e+00 4.715600e-01 5.086963e-01 5.568097e-01 7.581860e-01 7.356321e-01 8.557480e-01 8.666206e-01 1.043810e+00 8.866370e-01 9.127412e-01 9.515861e-01 8.723553e-01 4.058270e-01
<GCONST> 1.425825e+02
<MIXTURE> 2 1.708258e-01
<MEAN> 39
 -1.793791e+00 5.944430e-01 -4.601357e-01 1.298691e+00 -4.893492e-01 -8.734177e-01 4.475181e-01 -2.934351e-01 5.338582e-02 -5.354989e-01 -4.865364e-01 -3.111011e-01 -5.841448e-01 2.647324e-01 1.036917e-02 4.311482e-02 -9.684495e-02 -7.260794e-02 1.002109e-02 -1.236060e-01 -1.105676e-02 -2.985232e-02 -4.392276e-02 2.984190e-04 -5.665889e-02 -4.212663e-01 1.340576e-03 2.705099e-04 1.827022e-02 3.518767e-02 2.554290e-02 2.881760e-03 -6.032319e-03 1.014021e-02 2.105533e-02 4.671295e-02 4.653019e-02 5.137635e-02 5.941455e-02
<VARIANCE> 39
 4.093495e+01 3.756861e+01 3.880267e+01 4.043858e+01 5.496575e+01 4.854639e+01 4.877202e+01 4.900530e+01 4.797209e+01 5.188553e+01 5.314395e+01 5.638358e+01 5.561101e+01 9.959652e-01 1.060151e+00 1.217545e+00 1.461216e+00 1.837486e+00 1.977913e+00 2.205402e+00 2.285679e+00 2.431718e+00 2.312594e+00 2.123088e+00 1.965827e+00 1.149654e+00 1.648952e-01 1.790561e-01 2.304700e-01 2.617553e-01 3.200346e-01 3.636742e-01 3.926277e-01 4.303705e-01 4.472835e-01 4.290244e-01 3.868153e-01 3.687896e-01 1.811378e-01
<GCONST> 1.131529e+02
<MIXTURE> 3 1.379378e-01
<MEAN> 39
 -2.059115e+00 5.751405e+00 2.362895e+00 5.073640e+00 3.353444e-02 -2.249520e+00 -2.560019e+00 -4.916557e+00 -3.533234e+00 -1.907210e+00 -1.673320e+00 -1.351822e+00 8.815712e-01 4.167384e+00 5.959600e-01 9.925522e-02 -1.549724e+00 -1.331750e+00 -9.435513e-01 -1.826808e+00 -1.651769e+00 -9.212489e-01 -5.232366e-01 -3.840048e-01 -6.976024e-01 1.798078e+00 -5.921765e-02 -6.407053e-01 -5.065641e-01 -6.154585e-01 -2.710781e-01 1.904851e-01 1.837779e-01 5.103042e-01 5.831084e-01 4.404863e-01 2.444964e-01 6.833208e-02 1.490075e-01
<VARIANCE> 39
 1.743231e+01 1.811488e+01 2.806349e+01 2.471351e+01 3.415323e+01 3.453450e+01 3.176862e+01 3.254988e+01 3.136864e+01 2.699258e+01 2.758238e+01 2.892535e+01 2.257839e+01 2.253224e+00 2.801454e+00 4.206810e+00 4.678091e+00 3.949032e+00 5.791298e+00 4.317701e+00 4.042003e+00 4.640208e+00 4.074821e+00 4.609180e+00 3.603954e+00 1.261987e+00 2.841509e-01 2.878617e-01 3.232121e-01 4.153427e-01 4.881630e-01 5.392792e-01 5.641220e-01 6.548241e-01 6.497467e-01 5.305106e-01 5.977720e-01 5.108289e-01 1.486082e-01
<GCONST> 1.203222e+02
<MIXTURE> 4 1.095692e-01
<MEAN> 39
 7.564169e+00 -2.006500e+00 -7.539867e+00 -6.036951e+00 8.826750e-01 -4.167416e-01 -7.049315e+00 -1.166524e+00 4.372902e+00 1.020548e+00 -4.479411e+00 -5.409691e+00 6.450695e+00 1.906476e+00 -2.176529e+00 -1.096737e+00 -2.316699e+00 6.737732e-01 5.989851e-01 -4.163844e-01 1.631904e+00 8.251352e-01 -2.892456e-01 -1.296082e+00 -7.097899e-01 2.164774e+00 -1.326853e+00 6.596815e-02 5.349744e-01 9.341118e-01 2.220668e-01 2.718659e-01 8.471789e-01 3.073790e-01 -3.009509e-01 -2.226133e-01 3.018842e-01 4.215585e-01 -5.829595e-01
<VARIANCE> 39
 1.257577e+01 2.155219e+01 2.594836e+01 4.197073e+01 3.866911e+01 5.257473e+01 4.747198e+01 4.938387e+01 4.111988e+01 5.272015e+01 4.510894e+01 4.467764e+01 1.795916e+01 2.405612e+00 2.137586e+00 2.348966e+00 4.668759e+00 4.581583e+00 4.517834e+00 5.199478e+00 5.281622e+00 5.060084e+00 4.468519e+00 3.840349e+00 4.096461e+00 1.515389e+00 2.430952e-01 2.814573e-01 3.231517e-01 4.933090e-01 4.965569e-01 6.576959e-01 6.641476e-01 7.325960e-01 6.867366e-01 6.870123e-01 6.487886e-01 6.085630e-01 1.694249e-01
<GCONST> 1.246791e+02
<MIXTURE> 5 1.150464e-01
<MEAN> 39
 7.040852e+00 4.332170e+00 -5.718918e+00 -7.385849e+00 -1.151328e+00 4.989378e+00 -1.887277e+00 -6.995659e+00 -2.284710e+00 2.056207e+00 3.362368e+00 1.104934e-01 4.262471e+00 3.117758e+00 -3.702700e-01 -1.278350e+00 -3.350305e+00 -8.639359e-01 1.321230e+00 -4.368321e-01 -1.056848e+00 6.127644e-01 6.553050e-01 9.326369e-01 -1.719874e-01 1.847401e+00 -1.122480e+00 -5.518003e-01 1.691816e-01 6.046843e-01 3.018467e-01 -1.413053e-01 1.590419e-01 6.874354e-01 5.027196e-01 5.916604e-02 -1.946932e-01 -7.565530e-02 -3.137555e-01
<VARIANCE> 39
 1.294414e+01 1.675300e+01 1.866497e+01 2.995894e+01 2.822277e+01 2.940732e+01 3.716156e+01 3.394088e+01 3.415117e+01 3.815351e+01 3.533619e+01 3.946410e+01 1.832344e+01 3.317873e+00 2.543663e+00 2.481599e+00 4.506670e+00 4.336703e+00 4.334121e+00 4.809661e+00 4.839237e+00 5.153465e+00 4.448288e+00 4.724449e+00 4.377401e+00 1.595956e+00 2.482715e-01 2.483074e-01 2.749113e-01 4.612743e-01 4.068294e-01 4.643924e-01 4.895069e-01 5.527931e-01 5.602859e-01 5.601544e-01 5.334098e-01 4.487530e-01 1.398028e-01
<GCONST> 1.194413e+02
<MIXTURE> 6 1.181412e-01
<MEAN> 39
 2.499844e+00 1.040138e+00 5.954746e+00 1.475884e+00 -1.060326e+01 -9.691348e+00 -1.573662e+00 -1.334323e+00 -3.518338e+00 -3.654726e-01 -6.767336e-01 2.505739e-01 5.905077e+00 1.833502e+00 -1.044493e+00 1.270033e+00 -1.650342e+00 -2.554844e+00 -1.120304e+00 6.831519e-02 -1.997511e-02 -8.417726e-01 2.309751e-01 -3.026222e-01 -1.521587e-01 2.093145e+00 -9.781088e-01 -1.723222e-02 -2.952544e-01 -2.347393e-02 6.764967e-01 1.020713e+00 5.090357e-01 1.466613e-01 2.698933e-01 2.083203e-01 3.954653e-02 -5.689913e-02 -5.199593e-01
<VARIANCE> 39
 1.274127e+01 2.373289e+01 3.188238e+01 3.899282e+01 3.645682e+01 3.375070e+01 3.684103e+01 4.462692e+01 4.570472e+01 3.924887e+01 3.893327e+01 4.021552e+01 2.121420e+01 2.637431e+00 2.577939e+00 3.139092e+00 3.745385e+00 3.768629e+00 4.883167e+00 4.933585e+00 5.457712e+00 5.247106e+00 4.595120e+00 5.002104e+00 3.931627e+00 1.685082e+00 2.562011e-01 3.278990e-01 3.469510e-01 4.506238e-01 5.393396e-01 4.846479e-01 5.558801e-01 5.823222e-01 6.071503e-01 5.437773e-01 5.371715e-01 5.218301e-01 1.865318e-01
<GCONST> 1.233462e+02
<MIXTURE> 7 1.365869e-01
<MEAN> 39
 -9.897928e+00 -7.997471e-01 -6.950283e-01 4.349182e+00 1.684304e+00 3.838160e-01 1.789719e+00 1.759631e+00 1.588774e+00 2.263062e+00 1.270192e+00 1.046622e+00 -4.709670e-01 3.639540e+00 1.431249e+00 1.000150e+00 -6.007590e-01 -8.511520e-01 -9.344895e-01 -1.359445e+00 -1.774559e+00 -1.390411e+00 -8.442976e-01 -6.116730e-01 -6.611937e-01 1.343451e+00 9.699968e-01 2.389519e-01 -3.032471e-02 -5.084640e-01 -5.300898e-01 -1.639017e-01 -4.132235e-01 -4.405782e-01 -2.401402e-01 -9.807722e-02 -1.011532e-01 -1.804803e-01 3.414554e-01
<VARIANCE> 39
 1.854838e+01 2.124175e+01 3.011417e+01 2.549085e+01 3.382898e+01 3.094892e+01 3.430182e+01 2.812843e+01 2.886129e+01 2.568570e+01 2.532450e+01 2.614746e+01 2.136332e+01 3.458520e+00 1.988730e+00 3.349076e+00 3.586549e+00 3.464609e+00 4.592111e+00 3.724245e+00 3.169163e+00 3.424651e+00 3.176600e+00 3.139852e+00 2.794991e+00 1.421611e+00 2.922155e-01 3.440479e-01 4.868081e-01 5.393902e-01 4.635719e-01 6.659804e-01 6.034415e-01 5.728197e-01 6.010320e-01 5.361710e-01 5.984428e-01 5.200618e-01 2.065537e-01
<GCONST> 1.190994e+02
<MIXTURE> 8 1.202044e-01
<MEAN> 39
 3.974779e+00 3.744850e+00 -3.099817e+00 1.693529e+00 -1.441028e+00 -4.886518e+00 -6.939790e+00 -4.901304e+00 1.199286e+00 1.697942e-01 -2.086013e+00 -2.933611e+00 2.112314e+00 3.607213e+00 -1.297568e+00 -1.108848e+00 -2.284448e+00 -6.123174e-01 -9.281303e-01 -1.666855e+00 5.972418e-01 8.135443e-01 1.692263e-01 -8.372114e-01 -6.372006e-01 2.194340e+00 -7.576644e-01 -6.048499e-01 3.910964e-02 -9.048484e-02 1.766230e-01 5.332822e-01 7.876092e-01 8.442801e-01 1.725421e-01 2.989976e-02 5.678318e-03 1.678434e-01 -4.236030e-02
<VARIANCE> 39
 1.331899e+01 1.865805e+01 2.220092e+01 2.271050e+01 2.973063e+01 2.715080e+01 3.172562e+01 3.761227e+01 3.248307e+01 3.399775e+01 3.565934e+01 3.445271e+01 1.624534e+01 2.816610e+00 3.294263e+00 2.969371e+00 4.578983e+00 4.578039e+00 4.975316e+00 5.308248e+00 5.404870e+00 5.621740e+00 4.681042e+00 5.066349e+00 4.857850e+00 1.752911e+00 2.618818e-01 2.558234e-01 3.018982e-01 3.757082e-01 4.926342e-01 4.724685e-01 5.659136e-01 6.618536e-01 6.660050e-01 5.749596e-01 5.607571e-01 5.299294e-01 1.211404e-01
<GCONST> 1.208529e+02
<TRANSP> 5
 0.000000e+00 1.000000e+00 0.000000e+00 0.000000e+00 0.000000e+00
 0.000000e+00 8.277748e-01 1.722252e-01 0.000000e+00 0.000000e+00
 0.000000e+00 0.000000e+00 5.360243e-01 4.639757e-01 0.000000e+00
 0.000000e+00 0.000000e+00 0.000000e+00 6.101096e-01 3.898905e-01
 0.000000e+00 0.000000e+00 0.000000e+00 0.000000e+00 0.000000e+00
<ENDHMM>
