~o
<STREAMINFO> 1 39
<VECSIZE> 39<NULLD><MFCC_D_A_Z_0><DIAGC>
~h "iy"
<BEGINHMM>
<NUMSTATES> 6
<STATE> 2
<NUMMIXES> 8
<MIXTURE> 1 8.416306e-02
<MEAN> 39
 -1.781754e+00 -4.136542e+00 7.569157e+00 -6.345955e+00 -9.561845e+00 -1.849255e+00 2.913229e+00 -4.689592e-01 -5.217455e-01 1.285904e+01 1.080049e+01 1.356430e+01 8.928183e+00 -5.739837e-01 3.521395e-01 6.551541e-01 -6.529276e-01 -3.256969e-02 1.156112e+00 1.963186e-01 -9.763762e-01 -1.237401e-01 6.583611e-01 -3.116793e-01 1.199885e-01 1.592646e-01 1.605965e-01 2.087747e-01 -2.707370e-01 2.428065e-01 1.613911e-01 -1.835280e-01 -3.051460e-01 -1.071784e-02 2.517602e-01 -3.420892e-01 -2.886457e-01 -2.541525e-01 -2.638043e-01
<VARIANCE> 39
 1.430018e+01 2.677412e+01 3.318886e+01 4.375334e+01 4.052723e+01 5.540133e+01 5.228217e+01 6.682782e+01 8.444826e+01 8.633823e+01 8.556649e+01 7.562759e+01 1.675951e+01 5.821056e-01 9.770233e-01 1.332381e+00 1.691823e+00 1.930254e+00 2.632906e+00 2.740798e+00 2.644094e+00 3.252939e+00 3.155295e+00 3.156966e+00 3.055439e+00 3.117366e-01 1.173830e-01 1.913088e-01 2.533572e-01 3.201019e-01 3.396381e-01 4.783088e-01 5.416858e-01 5.188965e-01 5.990891e-01 5.967276e-01 5.324856e-01 5.699868e-01 9.909262e-02
<GCONST> 1.146264e+02
<MIXTURE> 2 2.156003e-01
<MEAN> 39
 1.151581e+00 -1.031520e+00 8.221805e+00 9.043823e-01 -1.225966e+01 -6.489685e+00 1.186908e+00 1.499767e+00 -6.246131e+00 -1.722521e+00 4.054371e+00 -2.920611e-01 7.807182e+00 -2.475897e-01 3.095150e-01 5.386009e-01 -4.085148e-01 -4.487513e-01 5.328776e-01 4.031452e-01 -6.912465e-01 -4.238141e-01 5.623955e-01 5.584328e-02 -5.266031e-01 -6.840657e-02 7.085297e-02 1.078846e-02 -1.114949e-01 4.990915e-02 2.055960e-01 -3.173912e-02 -2.167555e-01 -2.996563e-02 1.808837e-01 1.343433e-02 -1.977897e-01 7.348301e-02 -6.850065e-02
<VARIANCE> 39
 1.426549e+01 2.650052e+01 3.923680e+01 3.576585e+01 4.398721e+01 4.555704e+01 4.595866e+01 5.295991e+01 5.166001e+01 4.733031e+01 4.747972e+01 5.479447e+01 2.419675e+01 1.594047e-01 3.857252e-01 6.026595e-01 7.423199e-01 9.720424e-01 1.168406e+00 1.255712e+00 1.438578e+00 1.400907e+00 1.456175e+00 1.394972e+00 1.210313e+00 1.123794e-01 2.897882e-02 5.884529e-02 9.732983e-02 1.252286e-01 1.789957e-01 1.958057e-01 2.380203e-01 2.379986e-01 2.448906e-01 2.373094e-01 2.309240e-01 2.198687e-01 1.748378e-02
<GCONST> 8.841163e+01
<MIXTURE> 3 9.724829e-02
<MEAN> 39
 2.416618e+00 -2.218993e+00 5.705245e+00 2.662657e+00 -9.124291e+00 -8.932750e+00 -2.979426e+00 4.002444e+00 -2.484772e+00 -4.225818e+00 1.754838e+00 2.997197e+00 7.652516e+00 -6.503246e-01 7.080259e-02 1.268375e+00 -3.324661e-01 -1.643823e+00 1.998836e-01 1.714539e+00 1.804444e-01 -1.447912e+00 -4.599314e-02 1.147061e+00 -9.121545e-02 3.158429e-01 1.807459e-02 3.217754e-01 -9.248094e-02 -1.811581e-01 3.567125e-01 4.768880e-01 -1.545312e-02 -7.386437e-01 -1.000614e-01 5.399868e-01 -8.231021e-02 -4.227649e-01 -2.579376e-01
<VARIANCE> 39
 1.510138e+01 2.490018e+01 3.619843e+01 4.050838e+01 4.523870e+01 4.683583e+01 5.091384e+01 4.937278e+01 5.414362e+01 5.167466e+01 6.034569e+01 6.751096e+01 2.379086e+01 4.995701e-01 7.669111e-01 1.635247e+00 1.388885e+00 2.587330e+00 2.207984e+00 2.938968e+00 2.759872e+00 2.758815e+00 2.721458e+00 2.244983e+00 2.364021e+00 3.646170e-01 9.076426e-02 1.449473e-01 1.999706e-01 2.750752e-01 3.620807e-01 4.730195e-01 4.825398e-01 5.586241e-01 4.900268e-01 4.461155e-01 4.772780e-01 4.328207e-01 7.469981e-02
<GCONST> 1.101783e+02
<MIXTURE> 4 1.185968e-01
<MEAN> 39
 1.823269e-01 5.057454e+00 1.028615e+01 -1.049328e+01 -8.982356e+00 1.584279e+00 -3.815734e+00 -8.402370e+00 3.309047e-01 1.343466e+00 -7.936944e+00 -1.045341e+00 5.004235e+00 -1.558762e-01 3.179122e-01 1.672777e-01 -5.318637e-01 3.402092e-01 3.395179e-01 -5.429674e-01 -8.860984e-02 3.680458e-01 -2.462744e-01 -3.655330e-01 3.906245e-01 -8.896727e-02 8.754478e-02 -1.221666e-01 -8.390240e-02 3.007682e-01 -4.160958e-02 -2.556934e-01 2.149044e-01 1.923462e-01 -2.522987e-01 2.115183e-02 2.829983e-01 -3.276436e-03 -4.025557e-02
<VARIANCE> 39
 1.491687e+01 2.015761e+01 3.690355e+01 5.596183e+01 4.849473e+01 4.377547e+01 4.351755e+01 4.423782e+01 4.770828e+01 4.563359e+01 5.183164e+01 5.534287e+01 1.627032e+01 2.627444e-01 6.599725e-01 8.046831e-01 1.180873e+00 1.373365e+00 1.500116e+00 1.814458e+00 1.782187e+00 1.924034e+00 1.932254e+00 1.895531e+00 1.665846e+00 1.601065e-01 5.579793e-02 1.004880e-01 1.523253e-01 2.532580e-01 2.477845e-01 3.309208e-01 2.958160e-01 3.306845e-01 3.387157e-01 3.312512e-01 3.258345e-01 2.882354e-01 2.907890e-02
<GCONST> 9.804539e+01
<MIXTURE> 5 1.237384e-01
<MEAN> 39
 6.288028e-01 2.187284e+00 1.207313e+01 -5.957008e+00 -1.404519e+01 -3.938644e-01 1.146684e+00 -6.402579e+00 -6.432271e+00 5.926315e+00 -4.670792e+00 -3.570132e+00 6.308301e+00 -5.440565e-01 7.438532e-01 6.272997e-01 -1.242070e+00 2.038915e-02 1.464156e+00 -5.226793e-01 -1.155220e+00 7.771535e-01 7.424633e-01 -1.216353e+00 8.978709e-04 3.505423e-02 1.852903e-01 4.834901e-02 -3.920725e-01 4.375971e-01 4.559042e-01 -4.467898e-01 -3.436725e-01 2.560365e-01 2.337981e-01 -5.577979e-01 9.687122e-02 2.660706e-01 -2.215954e-01
<VARIANCE> 39
 1.264757e+01 2.274440e+01 2.721672e+01 3.553746e+01 3.092135e+01 4.023273e+01 4.110554e+01 4.367730e+01 5.001869e+01 4.149821e+01 5.796212e+01 5.211725e+01 1.325793e+01 2.375169e-01 6.178889e-01 7.904729e-01 1.128975e+00 1.256629e+00 1.568379e+00 1.703096e+00 1.876883e+00 1.880983e+00 1.925034e+00 1.710174e+00 1.691173e+00 1.519518e-01 7.231378e-02 1.171856e-01 1.573740e-01 2.261051e-01 2.733561e-01 3.028652e-01 3.442258e-01 3.689622e-01 3.721574e-01 3.262019e-01 3.472111e-01 2.922647e-01 4.346360e-02
<GCONST> 9.714675e+01
<MIXTURE> 6 1.462635e-01
<MEAN> 39
 -1.941702e+00 -2.934422e+00 1.307132e+01 -1.153695e+01 -9.883982e+00 6.041958e-01 1.358517e+00 -3.099056e+00 -6.805387e+00 1.043342e+01 -6.659308e+00 4.380346e+00 9.105433e+00 -3.951321e-02 1.525003e-01 1.040083e-01 -1.811844e-01 -3.679378e-02 2.285018e-01 -1.306370e-01 -2.603901e-01 1.279682e-01 1.447546e-01 -2.813922e-01 1.337743e-01 -9.104211e-02 5.006368e-02 -7.494193e-03 -9.333678e-02 1.221201e-01 -5.209654e-02 -1.124592e-01 -2.192194e-02 2.430256e-02 1.513733e-02 -1.537007e-01 1.476228e-01 -9.839110e-03 -3.171600e-02
<VARIANCE> 39
 1.243300e+01 2.047212e+01 2.984331e+01 2.416491e+01 3.306052e+01 4.399277e+01 5.101704e+01 4.821007e+01 4.033005e+01 3.860580e+01 6.172641e+01 7.957871e+01 9.886529e+00 2.261945e-01 5.221916e-01 6.774037e-01 9.029157e-01 1.028221e+00 1.174279e+00 1.414529e+00 1.540264e+00 1.433062e+00 1.400908e+00 1.486296e+00 1.450951e+00 1.066877e-01 3.891411e-02 7.965541e-02 1.127133e-01 1.605445e-01 1.730592e-01 2.110302e-01 2.394218e-01 2.604959e-01 2.414619e-01 2.370527e-01 2.473134e-01 2.390049e-01 1.517520e-02
<GCONST> 8.884573e+01
<MIXTURE> 7 1.046342e-01
<MEAN> 39
 1.439754e+00 -2.415542e-01 1.077372e+01 -1.297011e+00 -1.411908e+01 -5.361454e+00 2.061003e+00 -1.202861e+00 -9.100937e+00 1.769559e+00 1.293564e+00 -2.449469e+00 7.065273e+00 -9.436293e-01 6.468228e-01 1.365581e+00 -1.556684e+00 -1.309065e+00 1.940375e+00 1.037190e+00 -1.504852e+00 -6.256586e-01 1.688131e+00 -2.094668e-01 -1.000449e+00 3.556408e-01 1.553734e-01 3.716291e-01 -4.137318e-01 1.203983e-01 8.226913e-01 1.192885e-01 -6.291058e-01 -4.317950e-01 6.316656e-01 -3.364277e-02 -5.408582e-01 5.347801e-03 -3.772005e-01
<VARIANCE> 39
 1.323783e+01 2.554088e+01 3.009148e+01 3.885654e+01 3.087574e+01 4.552053e+01 3.976050e+01 4.660718e+01 4.535143e+01 4.756191e+01 5.787090e+01 5.445557e+01 1.681477e+01 4.157941e-01 7.784225e-01 1.203387e+00 1.643287e+00 1.965440e+00 2.262878e+00 2.434790e+00 2.654802e+00 2.737201e+00 2.384529e+00 2.521203e+00 1.995763e+00 3.045225e-01 9.782337e-02 1.639934e-01 2.227932e-01 2.869645e-01 3.524886e-01 4.461127e-01 4.788382e-01 4.915290e-01 4.564230e-01 4.599915e-01 4.001502e-01 4.315401e-01 7.029743e-02
<GCONST> 1.069556e+02
<MIXTURE> 8 1.097554e-01
<MEAN> 39
 7.522363e-01 3.253553e+00 1.052159e+01 -2.298043e+00 -1.151124e+01 -5.159585e+00 -1.888479e+00 -5.829082e+00 -5.012137e+00 1.906209e+00 -7.831274e-01 6.504439e-02 5.750746e+00 3.354548e-01 -5.645632e-01 1.227794e+00 -1.371357e+00 -1.060002e+00 6.759765e-01 -1.029394e-01 -2.596656e-01 -2.804912e-01 6.440408e-01 -4.574717e-01 -6.612667e-02 8.098722e-01 -5.605322e-01 1.585556e-01 -4.801363e-01 2.916588e-01 7.711877e-01 4.846501e-01 2.974268e-01 2.646634e-01 3.599201e-01 -2.258723e-02 -1.147500e-03 -6.511522e-02 -4.290833e-01
<VARIANCE> 39
 1.916996e+01 3.489740e+01 4.857185e+01 6.390252e+01 4.661460e+01 4.841423e+01 4.703109e+01 5.386159e+01 5.933449e+01 5.972615e+01 7.117183e+01 6.887161e+01 2.436649e+01 2.259262e+00 2.470927e+00 2.640023e+00 3.707851e+00 4.332920e+00 4.089508e+00 3.942785e+00 3.941473e+00 3.988613e+00 4.186344e+00 4.683063e+00 3.969757e+00 1.449375e+00 3.973180e-01 4.119754e-01 4.179432e-01 5.803651e-01 5.998908e-01 6.946902e-01 6.556656e-01 7.003274e-01 6.697987e-01 7.147938e-01 6.703974e-01 6.534986e-01 2.272623e-01
<GCONST> 1.294505e+02
<STATE> 3
<NUMMIXES> 8
<MIXTURE> 1 8.139689e-02
<MEAN> 39
 -1.426216e+00 -2.070534e-01 9.184548e+00 -8.805183e+00 -1.176295e+01 1.910929e+00 1.327229e+00 -6.242561e+00 -5.536739e-01 1.215719e+01 6.612732e+00 1.662643e+01 7.127648e+00 2.408453e-03 -8.078210e-03 -4.119817e-04 -2.125635e-02 -6.300572e-03 -3.346530e-03 -1.345478e-02 -8.571913e-03 6.469364e-03 1.060558e-02 -2.046450e-02 2.312694e-02 -1.560841e-02 3.024141e-04 -8.855707e-03 -1.588583e-02 4.480166e-03 -1.426260e-02 -2.297798e-02 -6.181196e-03 7.033776e-03 -6.032331e-03 -2.222551e-02 -2.066489e-03 -2.890373e-02 -4.222715e-03
<VARIANCE> 39
 1.036127e+01 1.941128e+01 2.263114e+01 2.802967e+01 3.767242e+01 3.952581e+01 4.353510e+01 4.619534e+01 5.405692e+01 6.462972e+01 7.096806e+01 3.538039e+01 1.508196e+01 6.415635e-02 1.745745e-01 2.696979e-01 3.507909e-01 3.957318e-01 3.810154e-01 4.480377e-01 4.950439e-01 4.625739e-01 4.569720e-01 4.617862e-01 4.610373e-01 2.339157e-02 1.130955e-02 3.018377e-02 4.780051e-02 6.460842e-02 7.580849e-02 7.101699e-02 8.432998e-02 9.353583e-02 8.800144e-02 8.523469e-02 8.940979e-02 8.865519e-02 1.000000e-02
<GCONST> 6.177753e+01
<MIXTURE> 2 1.204529e-01
<MEAN> 39
 -1.546042e+00 1.223796e-01 9.604069e+00 -7.367502e+00 -1.586196e+01 -2.075084e+00 -4.324589e-01 -7.276022e+00 -7.990287e+00 2.776421e+00 -5.217402e+00 -4.316779e+00 7.095425e+00 7.099168e-03 2.636254e-02 1.290624e-02 -1.798250e-02 -2.970055e-03 4.205118e-02 3.855665e-03 -2.862381e-02 1.172764e-02 2.710306e-02 -4.160846e-02 1.529861e-02 -3.172854e-02 1.165686e-01 1.473823e-01 1.881625e-01 2.659751e-01 2.639346e-01 2.251690e-01 2.675802e-01 2.856219e-01 2.398444e-01 1.929076e-01 2.139952e-01 1.828270e-01 3.055417e-02
<VARIANCE> 39
 1.082542e+01 1.971039e+01 2.818307e+01 4.180754e+01 3.143309e+01 5.139731e+01 4.579887e+01 4.873650e+01 5.084723e+01 5.315996e+01 6.525877e+01 6.292712e+01 1.311493e+01 9.562683e-02 2.303685e-01 3.613134e-01 4.879631e-01 5.998980e-01 7.342060e-01 8.094508e-01 8.675582e-01 8.424978e-01 8.248821e-01 7.704396e-01 7.102281e-01 4.660999e-02 1.262518e-02 2.955909e-02 4.800538e-02 6.693562e-02 8.784649e-02 1.077806e-01 1.160855e-01 1.264604e-01 1.281906e-01 1.334682e-01 1.281983e-01 1.198192e-01 1.000000e-02
<GCONST> 7.188502e+01
<MIXTURE> 3 1.594552e-01
<MEAN> 39
 2.510758e-01 1.719897e+00 1.149002e+01 1.494953e+00 -1.453456e+01 -5.532129e+00 1.727281e+00 -2.475366e+00 -7.647997e+00 -4.002203e-01 4.468278e+00 -2.594240e+00 8.046383e+00 -2.738677e-03 8.085161e-03 8.242263e-03 -7.873195e-03 -6.712242e-03 8.599238e-03 9.283078e-03 -1.395143e-02 -1.470914e-02 1.834350e-02 6.882459e-03 -3.289847e-02 -1.609100e-02 2.205963e-03 -7.640290e-03 -9.656987e-03 -1.194647e-02 9.489823e-03 -9.593314e-03 -1.983977e-02 -3.982841e-03 -2.038390e-03 9.515828e-03 -3.344953e-02 6.778526e-03 -4.445066e-03
<VARIANCE> 39
 1.464330e+01 2.076176e+01 3.936648e+01 3.546362e+01 3.935703e+01 4.914306e+01 3.942647e+01 5.304055e+01 5.692871e+01 5.575646e+01 4.072915e+01 5.158364e+01 1.757490e+01 4.437524e-02 1.020787e-01 1.795359e-01 2.352534e-01 3.178589e-01 3.783058e-01 4.113313e-01 4.794185e-01 4.855576e-01 4.806400e-01 4.636400e-01 4.054727e-01 2.400058e-02 1.000000e-02 1.726680e-02 3.057851e-02 4.187112e-02 5.785414e-02 6.865539e-02 7.497865e-02 8.653480e-02 8.916588e-02 8.908121e-02 8.465508e-02 7.539026e-02 1.000000e-02
<GCONST> 5.888274e+01
<MIXTURE> 4 1.130972e-01
<MEAN> 39
 -1.791489e-01 5.222261e+00 1.060847e+01 -1.329987e+01 -6.813979e+00 3.390988e+00 -4.827959e+00 -7.446684e+00 -1.561728e-01 1.225080e+00 -6.801479e+00 1.705088e+00 5.112837e+00 6.120611e-03 1.231949e-02 1.032183e-02 -5.786641e-02 9.232835e-03 2.592002e-02 -4.986068e-02 -3.006511e-02 1.303321e-02 -3.672048e-02 -3.309180e-02 6.521847e-02 -4.877931e-02 -4.357865e-03 -5.810555e-02 -3.344667e-02 4.564327e-02 -1.183828e-01 -7.279558e-02 4.487961e-02 -3.039090e-02 -9.832858e-02 2.970970e-02 2.548638e-02 -5.541893e-02 -3.000918e-03
<VARIANCE> 39
 1.023615e+01 1.720271e+01 2.288026e+01 3.286396e+01 3.404203e+01 4.206936e+01 4.631597e+01 4.349683e+01 5.602706e+01 5.287403e+01 6.064008e+01 6.030281e+01 8.464876e+00 8.978812e-02 2.498631e-01 3.532406e-01 5.100415e-01 6.577676e-01 7.376953e-01 8.517697e-01 8.617390e-01 8.868175e-01 8.749239e-01 8.105761e-01 7.794158e-01 4.640761e-02 1.355141e-02 3.687178e-02 5.509628e-02 8.566164e-02 1.017133e-01 1.248273e-01 1.399482e-01 1.470921e-01 1.503425e-01 1.505434e-01 1.416132e-01 1.294307e-01 1.000000e-02
<GCONST> 7.275335e+01
<MIXTURE> 5 1.499010e-01
<MEAN> 39
 -2.345290e-01 2.832027e+00 1.299345e+01 -7.043859e+00 -1.422978e+01 2.122147e+00 6.699480e-01 -7.427010e+00 -5.710108e+00 7.681570e+00 -6.836142e+00 -2.281236e+00 6.476438e+00 1.174336e-02 2.026463e-02 2.641715e-02 4.627483e-03 1.042119e-02 3.441712e-02 9.669838e-03 -1.164306e-02 2.978051e-02 4.022340e-02 -2.674856e-02 2.262643e-02 -2.530426e-02 -1.766289e-02 -3.985489e-02 -5.907690e-02 -2.946840e-02 -5.146078e-02 -8.720395e-02 -5.338772e-02 -3.193679e-02 -4.801123e-02 -9.256948e-02 5.661771e-03 -3.480644e-02 -9.325940e-03
<VARIANCE> 39
 8.076459e+00 1.850738e+01 1.911140e+01 2.220057e+01 2.154680e+01 3.099961e+01 3.952521e+01 3.535459e+01 4.242215e+01 3.447213e+01 4.722750e+01 4.642410e+01 8.738816e+00 5.191547e-02 1.278744e-01 1.959979e-01 2.728745e-01 3.470759e-01 4.079051e-01 4.503572e-01 4.948394e-01 5.021633e-01 4.919949e-01 4.727214e-01 4.194153e-01 2.568508e-02 1.000000e-02 2.047816e-02 3.207120e-02 4.627362e-02 5.809586e-02 6.931233e-02 7.733406e-02 8.678018e-02 8.843838e-02 8.444682e-02 8.272274e-02 7.496699e-02 1.000000e-02
<GCONST> 5.544162e+01
<MIXTURE> 6 9.675396e-02
<MEAN> 39
 -1.652869e+00 3.344714e-01 8.805902e+00 -8.784431e+00 -1.177949e+01 2.272949e+00 1.023018e+00 -6.962567e+00 5.441373e-01 1.151433e+01 6.477983e+00 1.638683e+01 5.888009e+00 6.358558e-03 5.565083e-02 2.853107e-02 -5.325350e-03 -1.760672e-02 5.954920e-02 -4.968714e-03 -5.211053e-02 8.081670e-02 3.041586e-02 -1.782796e-02 2.360788e-02 -5.403893e-02 2.161940e-02 -3.155769e-02 -3.355435e-02 4.351753e-02 -6.490801e-03 -8.363082e-02 7.753731e-03 7.234826e-02 -4.457413e-02 -6.686969e-02 -9.739443e-03 -1.050435e-01 -7.745347e-03
<VARIANCE> 39
 1.040637e+01 2.072677e+01 2.473674e+01 3.286798e+01 3.579942e+01 4.534639e+01 4.906100e+01 4.579244e+01 5.967990e+01 6.256701e+01 7.598892e+01 4.057996e+01 1.480029e+01 1.800008e-01 4.579239e-01 6.692200e-01 8.505109e-01 1.004889e+00 1.032332e+00 1.209534e+00 1.221692e+00 1.319782e+00 1.360452e+00 1.463026e+00 1.241867e+00 9.667464e-02 3.150223e-02 7.387826e-02 1.162760e-01 1.502470e-01 1.743157e-01 1.876509e-01 2.052024e-01 2.233253e-01 2.184154e-01 2.290790e-01 2.354953e-01 2.082180e-01 1.178222e-02
<GCONST> 8.696412e+01
<MIXTURE> 7 8.605973e-02
<MEAN> 39
 -6.494018e-02 1.685288e+00 1.048497e+01 -2.307925e+00 -1.204290e+01 -3.081410e+00 -2.112698e-01 -4.536492e+00 -6.129062e+00 1.417660e+00 -4.838340e-01 -2.268213e+00 6.200001e+00 1.857390e-02 2.110584e-01 2.734970e-02 5.912930e-02 3.536526e-02 1.191986e-01 6.752200e-03 -1.867654e-01 -1.490625e-02 3.833805e-02 -1.450293e-01 -6.098460e-02 -1.919006e-01 1.531473e-02 3.574600e-02 -1.397386e-01 1.500783e-01 1.888209e-01 -3.273041e-02 5.478291e-02 8.434472e-02 8.110093e-02 -2.649800e-02 3.024826e-02 6.114520e-02 -9.330206e-02
<VARIANCE> 39
 2.064858e+01 3.318225e+01 5.307063e+01 6.205282e+01 6.245307e+01 5.952903e+01 6.031146e+01 6.504860e+01 7.624933e+01 7.476051e+01 8.085553e+01 7.994115e+01 2.893339e+01 5.574989e-01 1.005550e+00 1.183958e+00 1.485613e+00 1.928263e+00 2.102128e+00 2.265273e+00 2.595943e+00 2.402048e+00 2.443471e+00 2.300984e+00 2.111363e+00 5.486677e-01 1.298246e-01 1.671725e-01 2.607180e-01 3.306414e-01 4.411551e-01 4.345155e-01 4.551621e-01 4.872455e-01 4.904455e-01 5.084788e-01 4.569795e-01 4.123398e-01 1.024815e-01
<GCONST> 1.147214e+02
<MIXTURE> 8 1.928831e-01
<MEAN> 39
 -2.010820e-01 1.512911e+00 1.210641e+01 -1.413228e+00 -1.504619e+01 -2.621580e+00 2.509115e+00 -3.432018e+00 -7.971606e+00 2.970453e+00 8.681373e-01 -4.790051e+00 7.640886e+00 -2.276713e-03 5.626639e-02 1.657174e-02 -4.624249e-02 -2.445055e-02 8.425741e-02 -2.937770e-02 -1.158752e-01 -3.844740e-03 7.775062e-02 -1.059210e-01 -5.281264e-02 -6.863108e-02 -1.870022e-02 -7.236758e-02 -1.072618e-01 -6.059968e-02 -4.192322e-02 -1.323011e-01 -1.244527e-01 -6.015053e-02 -6.485114e-02 -1.310374e-01 -7.462601e-02 6.910023e-03 -1.694998e-02
<VARIANCE> 39
 1.211187e+01 1.880243e+01 3.181900e+01 3.315707e+01 3.229253e+01 5.417180e+01 4.640350e+01 5.199516e+01 5.212115e+01 5.444346e+01 6.340910e+01 4.446743e+01 1.338570e+01 1.441446e-01 3.224280e-01 5.055522e-01 6.713206e-01 8.353859e-01 1.054924e+00 1.138979e+00 1.268256e+00 1.218043e+00 1.244838e+00 1.182909e+00 1.054795e+00 8.576141e-02 2.058896e-02 4.381345e-02 7.323907e-02 1.005681e-01 1.349605e-01 1.689754e-01 1.784250e-01 2.025099e-01 2.008374e-01 2.011028e-01 1.861568e-01 1.719017e-01 1.000000e-02
<GCONST> 8.180536e+01
<STATE> 4
<NUMMIXES> 8
<MIXTURE> 1 4.522907e-02
<MEAN> 39
 -2.996611e+00 -6.104395e+00 7.559287e+00 -3.931507e+00 -1.020491e+01 -3.311053e-01 3.974302e+00 4.339919e-01 -1.250837e+00 1.620815e+01 1.419317e+01 1.602105e+01 1.034372e+01 7.814343e-02 -1.398759e-01 -2.107808e-01 1.567171e-01 1.002095e-01 -2.133874e-01 6.911553e-02 2.509931e-01 -8.246489e-03 -1.844793e-01 9.308280e-02 1.101832e-01 -3.914224e-02 6.322716e-02 1.201079e-02 -8.966982e-02 4.815486e-02 5.602269e-02 -1.146129e-01 -7.140557e-02 7.539106e-02 7.564629e-02 -1.382001e-01 -6.698369e-02 -2.864430e-02 -3.072478e-02
<VARIANCE> 39
 1.396655e+01 1.738885e+01 3.194461e+01 3.849492e+01 3.975153e+01 5.435823e+01 3.801190e+01 4.608829e+01 6.218317e+01 1.172563e+02 7.070969e+01 4.786311e+01 1.395263e+01 2.477651e-01 5.900528e-01 7.717445e-01 1.003560e+00 1.132596e+00 1.142424e+00 1.333423e+00 1.378637e+00 1.589258e+00 1.777194e+00 1.589479e+00 1.350573e+00 1.067264e-01 4.689241e-02 9.070811e-02 1.379278e-01 1.776206e-01 1.950890e-01 2.222708e-01 2.449793e-01 2.355704e-01 2.622285e-01 2.994353e-01 2.740178e-01 2.475103e-01 1.875270e-02
<GCONST> 9.296958e+01
<MIXTURE> 2 1.710925e-01
<MEAN> 39
 1.458533e+00 7.593172e+00 1.400532e+01 -3.042587e+00 -1.567159e+01 6.649073e-01 -7.369904e-02 -1.102941e+01 -5.384531e+00 5.199118e+00 -7.386773e+00 -5.811821e+00 1.794257e+00 4.939941e-02 1.105479e-01 -3.062493e-02 1.120543e-01 8.463712e-02 -1.486878e-02 3.985265e-02 -4.928281e-02 1.132586e-02 -3.143745e-02 -3.820831e-02 3.729325e-02 -1.810552e-01 2.096258e-02 -2.467423e-02 -7.141268e-02 6.939591e-02 1.752343e-01 -7.317866e-02 -1.559420e-02 1.477186e-01 1.198958e-02 -1.368462e-01 1.146707e-01 1.556396e-01 -1.238779e-02
<VARIANCE> 39
 8.310996e+00 1.662938e+01 2.380690e+01 3.228172e+01 2.862419e+01 4.043919e+01 4.079320e+01 3.595473e+01 4.066155e+01 4.340205e+01 6.260656e+01 3.911317e+01 1.334091e+01 1.560666e-01 4.224449e-01 6.051179e-01 8.244925e-01 1.043933e+00 1.256757e+00 1.270044e+00 1.443328e+00 1.455081e+00 1.463342e+00 1.485644e+00 1.213698e+00 1.675940e-01 2.530374e-02 6.430092e-02 9.937358e-02 1.376631e-01 1.653654e-01 2.304099e-01 2.217545e-01 2.563193e-01 2.474927e-01 2.698148e-01 2.479608e-01 2.017937e-01 1.954617e-02
<GCONST> 8.600318e+01
<MIXTURE> 3 1.979140e-01
<MEAN> 39
 1.855623e+00 7.802237e+00 1.405668e+01 3.529018e+00 -1.045530e+01 -3.179560e+00 1.325780e+00 -6.515997e+00 -8.972104e+00 2.682387e+00 1.644841e+00 -1.598652e+00 7.861403e-01 5.873655e-03 2.028747e-02 6.207750e-03 8.089079e-03 3.211096e-02 4.454177e-02 -5.136192e-03 -1.942110e-02 -1.795487e-02 2.977942e-02 -1.681078e-02 -2.662166e-02 -7.046702e-02 -3.434062e-03 -1.738738e-02 -1.047159e-02 -2.321949e-02 -1.434808e-02 1.587046e-02 -2.081689e-02 -3.915688e-03 4.526874e-02 -9.615947e-03 -4.351689e-02 -9.100111e-03 4.093266e-03
<VARIANCE> 39
 8.412937e+00 1.583929e+01 2.936468e+01 2.686499e+01 3.674482e+01 3.673983e+01 3.348010e+01 3.487109e+01 3.304117e+01 4.618980e+01 3.455488e+01 4.128197e+01 1.220526e+01 6.586467e-02 1.725588e-01 2.983133e-01 4.153219e-01 5.693848e-01 6.506004e-01 7.240322e-01 8.123808e-01 8.091549e-01 8.090650e-01 7.753616e-01 7.148010e-01 5.845800e-02 1.143416e-02 3.084826e-02 5.543642e-02 7.726458e-02 1.053072e-01 1.214488e-01 1.387389e-01 1.559614e-01 1.538137e-01 1.567681e-01 1.473298e-01 1.368797e-01 1.000000e-02
<GCONST> 6.883418e+01
<MIXTURE> 4 2.399458e-01
<MEAN> 39
 2.655467e+00 9.379813e+00 1.193526e+01 -5.302873e+00 -1.245628e+01 2.693962e+00 -3.911744e+00 -1.034240e+01 -9.897206e-03 2.797637e+00 -8.574161e+00 -2.586345e+00 1.865188e-01 5.537260e-03 1.015806e-02 3.737031e-03 -2.822198e-06 1.449061e-02 1.501677e-02 -1.278179e-02 -1.953229e-02 -1.140189e-04 -2.089021e-02 -1.563898e-02 3.358434e-03 -4.317579e-02 -5.773750e-03 -1.157496e-02 -1.946076e-03 1.469769e-02 -6.589360e-03 -3.331149e-02 2.247347e-02 7.527680e-03 -4.707999e-02 -1.933423e-03 2.694705e-02 -1.321873e-02 -3.069636e-05
<VARIANCE> 39
 6.572792e+00 1.596849e+01 2.364866e+01 2.606059e+01 3.547591e+01 3.085016e+01 4.182488e+01 3.978844e+01 3.575686e+01 4.275392e+01 4.363998e+01 4.517573e+01 1.054292e+01 4.824038e-02 1.460896e-01 2.390829e-01 3.511404e-01 4.628319e-01 5.588267e-01 6.406778e-01 6.881334e-01 7.090053e-01 7.197726e-01 6.923093e-01 6.295757e-01 3.239853e-02 1.000000e-02 2.740226e-02 4.567478e-02 6.625832e-02 8.796537e-02 1.084672e-01 1.223097e-01 1.344423e-01 1.365318e-01 1.378800e-01 1.332280e-01 1.216757e-01 1.000000e-02
<GCONST> 6.444457e+01
<MIXTURE> 5 1.626958e-01
<MEAN> 39
 1.434162e+00 8.795744e+00 1.150736e+01 -7.384640e+00 -8.906204e+00 2.794441e+00 -6.630769e+00 -1.005931e+01 5.487840e-01 6.626064e-01 -7.790729e+00 8.755667e-01 3.082713e-01 3.782108e-02 -4.770895e-02 -5.864911e-02 1.901945e-01 -5.466912e-02 -6.915323e-02 1.320946e-01 -6.263413e-02 -9.863915e-02 1.607758e-02 9.775639e-02 -9.907872e-02 -1.292225e-01 4.275798e-03 -6.880070e-02 -2.554543e-02 1.092760e-01 -1.132477e-01 -9.881919e-02 1.628618e-01 2.374464e-02 -1.395208e-01 4.737131e-02 8.266301e-02 -1.411120e-01 4.232057e-03
<VARIANCE> 39
 9.197909e+00 2.149939e+01 2.699922e+01 4.061165e+01 3.221188e+01 3.591986e+01 4.128317e+01 4.486917e+01 4.092739e+01 4.837580e+01 5.524791e+01 5.100669e+01 1.827721e+01 1.891065e-01 4.565748e-01 6.365933e-01 9.207475e-01 1.129310e+00 1.227356e+00 1.544077e+00 1.507842e+00 1.546129e+00 1.653980e+00 1.578988e+00 1.457025e+00 1.611165e-01 3.248909e-02 7.587884e-02 1.161675e-01 1.740278e-01 1.816541e-01 2.368181e-01 2.568072e-01 2.827383e-01 2.833756e-01 2.977304e-01 2.930391e-01 2.403429e-01 2.134635e-02
<GCONST> 9.046849e+01
<MIXTURE> 6 5.774094e-02
<MEAN> 39
 7.103934e-01 3.573784e+00 1.061540e+01 -5.165258e+00 -8.925122e+00 -1.754748e+00 -1.977198e+00 -6.573692e+00 -3.198804e+00 2.678609e+00 -3.746677e+00 3.064598e-01 3.620297e+00 7.948468e-02 3.255825e-01 -3.328968e-01 6.874588e-01 2.221421e-01 -1.294430e-01 2.383082e-01 -1.483154e-01 1.380877e-02 -2.165981e-01 4.143772e-02 -2.807136e-01 -5.300983e-01 5.730610e-03 3.616497e-02 -2.648183e-01 2.852603e-01 1.927612e-01 -3.877175e-02 8.129418e-02 1.628485e-01 6.615244e-02 -1.406309e-01 1.119310e-01 -7.260232e-02 -1.639485e-01
<VARIANCE> 39
 2.440817e+01 3.523785e+01 5.866943e+01 8.306535e+01 6.212108e+01 5.629184e+01 6.077374e+01 7.337399e+01 7.844479e+01 7.466358e+01 8.851595e+01 8.508511e+01 2.919056e+01 1.187980e+00 1.827941e+00 1.802708e+00 2.367870e+00 3.223585e+00 2.821285e+00 3.105084e+00 3.329960e+00 3.276915e+00 3.320601e+00 3.201579e+00 3.019661e+00 1.325712e+00 2.014776e-01 2.687985e-01 3.537498e-01 4.913994e-01 5.766270e-01 5.395069e-01 5.493100e-01 6.264642e-01 6.218836e-01 6.464112e-01 5.877216e-01 5.449914e-01 1.854562e-01
<GCONST> 1.255377e+02
<MIXTURE> 7 9.818626e-02
<MEAN> 39
 1.685516e+00 1.196991e+00 7.690939e+00 -2.939442e-01 -1.110274e+01 -4.965219e+00 1.689830e+00 -3.806237e-01 -5.743112e+00 -5.748199e-01 1.093361e+00 -1.297274e+00 4.923902e+00 1.849638e-01 -1.318292e-01 -4.455905e-01 3.091224e-01 3.517874e-01 -3.530384e-01 -8.285034e-02 5.198917e-01 1.653475e-01 -4.112451e-01 1.392987e-02 2.679552e-01 -9.085385e-02 4.373205e-02 3.847145e-02 -8.807369e-02 7.499532e-02 1.676423e-01 -3.531732e-02 -1.531884e-01 -1.549090e-02 1.273099e-01 -3.233927e-02 -1.230048e-01 6.128056e-02 -5.968028e-02
<VARIANCE> 39
 1.231862e+01 1.753196e+01 3.986626e+01 3.907982e+01 4.416484e+01 4.422012e+01 4.239724e+01 4.841738e+01 5.872664e+01 4.920123e+01 4.789552e+01 4.977122e+01 2.323824e+01 1.305636e-01 3.719672e-01 5.409778e-01 6.678202e-01 8.492130e-01 1.046852e+00 1.210909e+00 1.335360e+00 1.463381e+00 1.363410e+00 1.303019e+00 1.118714e+00 1.269445e-01 2.584865e-02 5.663072e-02 9.636888e-02 1.129085e-01 1.611883e-01 1.828476e-01 2.148485e-01 2.262290e-01 2.430274e-01 2.348877e-01 2.183880e-01 1.963773e-01 1.720382e-02
<GCONST> 8.615134e+01
<MIXTURE> 8 2.719564e-02
<MEAN> 39
 -1.254401e+00 -6.898191e-01 6.309260e+00 -7.199548e+00 -1.135507e+01 2.832230e+00 4.405177e+00 4.537200e+00 1.619549e+01 2.578537e+01 1.352923e+01 5.269780e+00 8.016245e+00 1.670152e-02 -1.487173e-02 -3.556528e-02 4.265456e-02 1.131819e-02 -2.001221e-02 1.900798e-02 4.413690e-02 5.776124e-02 -3.936756e-03 -4.469456e-02 -7.785831e-02 -3.765287e-02 8.515190e-03 -2.873940e-02 -1.821219e-02 2.939857e-02 7.243295e-04 -4.102243e-02 3.163165e-03 -3.925978e-03 -1.068165e-01 -5.678287e-02 2.451404e-02 6.500047e-02 -9.404392e-03
<VARIANCE> 39
 1.468585e+01 2.427304e+01 2.400912e+01 3.493238e+01 3.015724e+01 5.223957e+01 5.281578e+01 6.175346e+01 4.223668e+01 4.298502e+01 6.410380e+01 1.244978e+02 2.142167e+01 1.556326e-01 3.462853e-01 5.296456e-01 6.391799e-01 6.715662e-01 7.663327e-01 9.004003e-01 1.051786e+00 1.291546e+00 1.009811e+00 1.176289e+00 1.655306e+00 6.980969e-02 2.829151e-02 6.176802e-02 9.474490e-02 1.140967e-01 1.259167e-01 1.503929e-01 1.649185e-01 1.832189e-01 2.110163e-01 1.928073e-01 2.015963e-01 2.280444e-01 1.060005e-02
<GCONST> 8.366692e+01
<STATE> 5
<NUMMIXES> 8
<MIXTURE> 1 9.937070e-02
<MEAN> 39
 -1.278167e+00 -2.764300e+00 6.385906e+00 -5.808113e+00 -9.996160e+00 -1.969942e+00 3.202000e+00 -7.475880e-01 1.069110e+00 1.055728e+01 8.583120e+00 1.074108e+01 7.036735e+00 3.592015e-01 -2.805343e-01 -9.877253e-01 6.283785e-01 4.869226e-01 -7.335138e-01 -1.371467e-01 5.974128e-01 -4.386112e-02 -1.050617e+00 -7.059773e-02 -1.252109e-01 -3.307433e-01 5.026650e-02 1.646081e-01 -9.470578e-02 1.380420e-01 2.000534e-01 1.456246e-02 -2.279069e-01 -1.269497e-01 -3.509432e-02 -2.976079e-01 -3.450499e-01 -2.637693e-01 -1.934049e-01
<VARIANCE> 39
 1.574977e+01 2.583549e+01 3.186597e+01 3.895098e+01 4.417174e+01 5.524630e+01 5.709923e+01 7.287617e+01 8.136570e+01 9.383813e+01 8.881358e+01 1.066584e+02 2.718127e+01 7.271008e-01 1.312710e+00 1.452306e+00 1.895264e+00 2.245119e+00 3.028930e+00 3.443235e+00 3.298490e+00 3.360454e+00 3.761461e+00 3.659203e+00 3.497767e+00 7.292671e-01 1.102111e-01 1.839706e-01 2.325936e-01 2.762533e-01 3.461939e-01 4.233949e-01 5.195478e-01 5.205504e-01 5.585262e-01 5.789449e-01 5.496724e-01 5.698048e-01 1.089574e-01
<GCONST> 1.180478e+02
<MIXTURE> 2 1.457078e-01
<MEAN> 39
 -8.968725e-01 7.091684e+00 7.651471e+00 4.625158e+00 -3.492012e+00 -3.261216e+00 1.700041e-01 -5.682379e+00 -4.644977e+00 -1.107057e+00 -2.007192e+00 -2.621128e+00 -3.029727e+00 -1.402299e+00 1.524728e-01 -1.294594e+00 7.900217e-01 1.973872e+00 7.558912e-01 5.530995e-01 5.258941e-01 8.642280e-01 -4.289010e-02 2.647511e-01 9.550036e-02 -1.098884e+00 -1.868241e-01 -4.152469e-01 -1.325606e-01 -4.313596e-01 -3.314599e-01 6.689981e-02 1.642668e-03 2.224315e-01 1.099939e-01 2.924933e-01 1.511222e-01 1.797135e-01 3.725865e-01
<VARIANCE> 39
 3.081980e+01 3.314011e+01 4.378131e+01 3.313799e+01 4.676011e+01 4.379902e+01 4.059373e+01 4.583080e+01 4.607409e+01 4.138383e+01 4.275728e+01 4.339417e+01 3.833649e+01 2.517259e+00 3.437302e+00 2.767927e+00 3.333054e+00 3.953741e+00 3.721842e+00 3.342659e+00 3.827710e+00 3.462269e+00 3.549201e+00 3.539173e+00 3.303050e+00 3.277491e+00 3.520682e-01 3.963644e-01 4.502676e-01 4.265547e-01 5.822920e-01 6.243298e-01 6.040206e-01 6.206428e-01 6.176743e-01 6.528200e-01 5.740434e-01 5.166883e-01 3.485751e-01
<GCONST> 1.267470e+02
<MIXTURE> 3 1.512142e-01
<MEAN> 39
 1.769034e+00 5.053529e+00 8.789939e+00 3.812399e+00 -7.419558e+00 -5.188095e+00 4.241350e-01 -3.888013e+00 -7.156665e+00 -3.542752e-01 2.730804e-01 -1.986020e+00 -3.493693e-01 -6.595422e-02 2.003353e-01 -3.928728e-01 4.475540e-01 1.096428e+00 1.341086e-01 1.045915e-01 1.689824e-01 2.063541e-01 -2.287394e-01 -2.378721e-01 1.761464e-01 -6.825101e-01 -9.835805e-02 -4.257283e-02 -2.079707e-02 -1.132304e-01 7.394500e-02 1.614901e-01 -7.557455e-03 5.213607e-03 1.210388e-01 3.897627e-02 -5.959883e-02 1.467021e-02 4.003348e-03
<VARIANCE> 39
 1.504778e+01 2.027365e+01 3.639059e+01 2.844341e+01 4.371958e+01 4.339388e+01 3.705276e+01 3.619189e+01 4.618540e+01 4.240630e+01 3.903522e+01 3.905714e+01 2.385904e+01 4.325740e-01 7.487575e-01 8.825945e-01 1.114195e+00 1.831800e+00 1.861116e+00 1.849318e+00 1.985433e+00 1.909634e+00 2.044606e+00 1.800117e+00 1.616825e+00 5.104731e-01 5.736401e-02 1.016396e-01 1.375567e-01 1.699992e-01 2.814801e-01 2.875057e-01 2.901174e-01 3.169163e-01 3.328441e-01 3.217671e-01 2.928683e-01 2.691321e-01 5.588663e-02
<GCONST> 9.885176e+01
<MIXTURE> 4 1.365170e-01
<MEAN> 39
 5.038221e-01 2.551115e+00 1.208296e+01 -4.941229e+00 -1.458400e+01 -6.781347e-01 1.949241e+00 -6.321544e+00 -7.336221e+00 5.527916e+00 -3.336359e+00 -3.221382e+00 5.740353e+00 5.339352e-01 -6.801904e-01 -9.551201e-01 1.247516e+00 3.202182e-01 -1.484644e+00 3.906756e-01 1.454419e+00 -4.344434e-01 -1.066584e+00 8.383663e-01 2.889683e-01 -1.324987e-01 1.418268e-01 4.661839e-02 -3.379385e-01 2.643795e-01 5.560700e-01 -2.185666e-01 -3.741827e-01 1.990578e-01 3.322714e-01 -4.594085e-01 -1.221279e-01 2.137658e-01 -1.752508e-01
<VARIANCE> 39
 1.179906e+01 2.179891e+01 2.766512e+01 4.250576e+01 3.134431e+01 4.428298e+01 4.248752e+01 4.644904e+01 5.111280e+01 4.638044e+01 6.710369e+01 5.619929e+01 1.492147e+01 2.655696e-01 6.914240e-01 8.977231e-01 1.256238e+00 1.490769e+00 1.799542e+00 2.065209e+00 2.275105e+00 2.212797e+00 2.172120e+00 1.839856e+00 1.846945e+00 3.081203e-01 5.183695e-02 1.174021e-01 1.536316e-01 2.004580e-01 2.592202e-01 3.241996e-01 3.647134e-01 3.830345e-01 3.750351e-01 3.220310e-01 3.494402e-01 2.849160e-01 5.091865e-02
<GCONST> 9.997906e+01
<MIXTURE> 5 8.831756e-02
<MEAN> 39
 5.085189e+00 -6.825664e-01 2.476672e+00 1.417408e+00 -3.978591e+00 -7.807143e+00 -6.925498e+00 -3.996129e-01 -3.850736e-01 3.951681e-01 -3.199564e+00 2.385376e-01 4.492678e+00 7.783868e-01 7.092087e-01 -1.405534e+00 -1.245848e-01 2.122942e+00 1.074668e+00 -1.120873e+00 -1.827527e+00 5.552990e-01 7.045195e-01 -3.051247e-01 -9.576922e-01 -1.013367e+00 -1.886748e-01 2.842429e-01 3.695688e-01 -3.304369e-01 -3.954576e-01 4.910699e-01 7.034818e-01 -3.846486e-01 -6.149146e-01 1.520343e-01 4.117151e-01 -7.146050e-02 -8.887777e-02
<VARIANCE> 39
 1.407636e+01 2.594032e+01 3.395488e+01 3.914778e+01 4.040468e+01 4.326860e+01 4.469259e+01 5.632201e+01 6.039432e+01 6.475978e+01 7.570340e+01 8.449766e+01 1.964545e+01 6.417910e-01 1.044308e+00 2.021317e+00 2.262352e+00 2.645747e+00 3.233390e+00 3.701147e+00 3.354184e+00 4.005924e+00 3.414079e+00 3.529040e+00 2.739928e+00 6.468360e-01 8.285496e-02 1.419926e-01 2.318490e-01 2.994791e-01 3.793983e-01 4.985234e-01 4.833801e-01 7.107939e-01 5.382798e-01 6.665827e-01 5.149681e-01 5.200551e-01 6.572381e-02
<GCONST> 1.154061e+02
<MIXTURE> 6 1.197491e-01
<MEAN> 39
 1.559862e+00 7.992374e+00 1.038626e+01 -3.508454e+00 -1.034547e+01 7.244726e-01 -2.953336e+00 -1.156925e+01 -2.191646e+00 9.419951e-01 -6.679597e+00 -1.907342e+00 -1.849802e+00 -2.887905e-01 5.125958e-02 -5.284218e-01 1.404659e+00 1.029532e+00 -1.747098e-01 4.703895e-01 2.095773e-01 -1.909092e-01 -6.131806e-01 5.375971e-01 -5.330992e-01 -1.128943e+00 -2.144728e-01 -2.400531e-01 -1.386210e-01 1.592572e-01 3.076640e-01 -4.820350e-02 1.677331e-01 3.614209e-01 5.380092e-04 3.177410e-02 2.069384e-01 7.088085e-02 -7.478868e-03
<VARIANCE> 39
 1.147265e+01 2.005231e+01 2.483645e+01 3.236360e+01 3.281640e+01 3.423841e+01 4.014344e+01 3.415057e+01 4.498312e+01 4.356882e+01 4.854456e+01 5.674695e+01 2.135537e+01 7.972541e-01 1.188130e+00 1.306548e+00 1.995721e+00 2.406313e+00 2.394506e+00 2.480040e+00 2.583308e+00 2.611281e+00 2.682770e+00 2.675419e+00 2.489560e+00 1.006956e+00 1.015671e-01 1.620495e-01 2.089707e-01 2.788709e-01 3.342837e-01 3.564365e-01 3.886766e-01 4.128082e-01 4.260138e-01 4.617614e-01 4.221058e-01 4.205874e-01 1.193190e-01
<GCONST> 1.085909e+02
<MIXTURE> 7 1.396098e-01
<MEAN> 39
 1.900705e+00 -2.032962e+00 4.532914e+00 -3.689016e-01 -9.425282e+00 -7.162035e+00 1.389078e+00 4.283285e+00 -3.780010e+00 -2.444792e+00 5.939114e-02 1.844947e+00 7.625057e+00 4.651259e-01 -2.893406e-01 -1.323266e+00 4.387980e-01 1.538163e+00 -3.997253e-01 -1.162504e+00 6.571552e-01 1.249403e+00 -7.176968e-01 -8.885964e-01 2.902758e-01 -1.586836e-01 2.967636e-02 1.548115e-01 -2.907708e-02 -1.237865e-01 2.330855e-01 2.944954e-01 -2.764294e-01 -5.256553e-01 1.396516e-01 3.578522e-01 -1.637475e-01 -2.628437e-01 -1.136976e-01
<VARIANCE> 39
 1.338892e+01 2.417068e+01 3.387990e+01 3.789292e+01 4.663107e+01 4.934399e+01 5.102581e+01 4.876746e+01 6.050165e+01 4.886957e+01 6.265100e+01 7.357700e+01 1.913469e+01 2.606665e-01 6.054435e-01 1.086599e+00 1.113759e+00 1.650215e+00 1.831997e+00 2.297460e+00 2.425214e+00 2.408135e+00 2.513965e+00 2.006340e+00 1.860735e+00 2.130422e-01 3.652575e-02 8.124965e-02 1.516623e-01 1.796782e-01 2.613747e-01 3.100913e-01 3.316659e-01 3.798127e-01 3.865199e-01 3.577784e-01 3.613906e-01 3.118031e-01 2.710862e-02
<GCONST> 1.005178e+02
<MIXTURE> 8 1.195138e-01
<MEAN> 39
 2.186943e+00 1.980011e+00 9.556918e+00 -3.625262e-02 -1.287275e+01 -7.100257e+00 -8.964752e-02 -3.832596e+00 -7.739576e+00 7.760324e-01 -9.874203e-01 -5.499361e-01 4.396330e+00 3.063650e-01 9.604521e-01 -1.303166e+00 1.896103e+00 1.871646e+00 -7.213471e-01 -5.006633e-01 3.087562e-02 6.344507e-01 -1.556658e+00 -2.619249e-01 -3.108699e-01 -1.459940e+00 -3.133231e-01 3.493965e-01 -7.344323e-02 -3.143594e-02 5.676044e-01 6.261698e-01 -1.339222e-02 -2.892939e-01 3.439564e-01 1.864909e-01 -1.671131e-01 -1.570929e-01 -3.357052e-01
<VARIANCE> 39
 1.387695e+01 2.829838e+01 3.703642e+01 4.514366e+01 3.299849e+01 4.212021e+01 4.090217e+01 5.149668e+01 5.236757e+01 5.718441e+01 6.693396e+01 6.842445e+01 1.911746e+01 1.831362e+00 2.277235e+00 2.272613e+00 2.574531e+00 3.703987e+00 3.941170e+00 4.117488e+00 4.239700e+00 3.969417e+00 3.933748e+00 4.196109e+00 4.376413e+00 1.216074e+00 2.179738e-01 2.946560e-01 3.182877e-01 4.024427e-01 4.382058e-01 5.116357e-01 5.655953e-01 6.919892e-01 5.687453e-01 6.053941e-01 5.601245e-01 5.416887e-01 1.505419e-01
<GCONST> 1.225498e+02
<TRANSP> 6
 0.000000e+00 1.000000e+00 0.000000e+00 0.000000e+00 0.000000e+00 0.000000e+00
 0.000000e+00 7.718858e-01 2.281142e-01 0.000000e+00 0.000000e+00 0.000000e+00
 0.000000e+00 0.000000e+00 9.218018e-01 7.819818e-02 0.000000e+00 0.000000e+00
 0.000000e+00 0.000000e+00 0.000000e+00 8.838149e-01 1.161851e-01 0.000000e+00
 0.000000e+00 0.000000e+00 0.000000e+00 0.000000e+00 7.744931e-01 2.255069e-01
 0.000000e+00 0.000000e+00 0.000000e+00 0.000000e+00 0.000000e+00 0.000000e+00
<ENDHMM>
