~o
<STREAMINFO> 1 39
<VECSIZE> 39<NULLD><MFCC_D_A_Z_0><DIAGC>
~h "jh"
<BEGINHMM>
<NUMSTATES> 5
<STATE> 2
<NUMMIXES> 8
<MIXTURE> 1 1.853716e-01
<MEAN> 39
 -2.004296e+01 8.468149e+00 8.567880e+00 2.664148e-02 4.735058e+00 5.265862e+00 2.600392e+00 2.125478e+00 2.872183e+00 1.162576e+00 3.971406e+00 -8.177605e-03 2.938263e+00 -3.016550e-01 -4.014926e-01 2.237559e-01 1.441646e-01 -2.586714e-01 6.632141e-02 4.259984e-01 1.224731e-01 1.927054e-01 -1.322845e-02 1.484544e-01 1.231810e-01 2.984213e-01 7.814522e-01 -1.305549e-01 -7.212359e-02 8.240777e-02 -2.359703e-01 -3.911772e-01 -2.338857e-01 -2.188619e-01 -2.301679e-01 -1.390720e-01 -1.913134e-01 -7.376799e-02 -1.904567e-01
<VARIANCE> 39
 1.778293e+01 3.919690e+01 3.807374e+01 2.414487e+01 3.556194e+01 3.431314e+01 3.228652e+01 3.490083e+01 2.961774e+01 2.937932e+01 2.596863e+01 3.205111e+01 1.866990e+01 1.073809e+00 9.535435e-01 1.290850e+00 1.206693e+00 1.309850e+00 1.595219e+00 1.583376e+00 1.643637e+00 1.645800e+00 1.555131e+00 1.329484e+00 1.381760e+00 7.461349e-01 3.219995e-01 2.265160e-01 2.535174e-01 2.550622e-01 2.698436e-01 3.506172e-01 3.471353e-01 3.394883e-01 2.973121e-01 3.268378e-01 3.082779e-01 2.830715e-01 1.093036e-01
<GCONST> 1.021800e+02
<MIXTURE> 2 1.408548e-01
<MEAN> 39
 -2.014033e+01 1.118539e+01 4.895602e+00 1.184946e+00 6.991294e+00 5.003821e+00 3.544182e+00 2.182667e+00 3.310474e+00 2.612334e+00 3.421364e+00 -1.895051e+00 2.784170e+00 -3.458541e-01 3.802653e-01 7.562228e-01 -4.477806e-01 -1.123151e+00 -3.504759e-01 1.538748e-01 2.152712e-01 8.961201e-02 3.503309e-01 1.052249e+00 5.928888e-01 1.442646e+00 2.053138e+00 -5.591947e-01 1.414034e-01 -1.132856e-01 -1.358384e+00 -1.287735e+00 -7.603679e-01 -6.238297e-01 -6.360926e-01 -4.795966e-01 -2.144502e-01 1.582970e-01 -2.220086e-01
<VARIANCE> 39
 1.347264e+01 2.498660e+01 3.392063e+01 2.982417e+01 2.938228e+01 3.470400e+01 3.636535e+01 3.544090e+01 3.522904e+01 3.252758e+01 3.118505e+01 3.564292e+01 1.641949e+01 3.588341e+00 2.546195e+00 2.255279e+00 1.883309e+00 3.004695e+00 3.089868e+00 2.699403e+00 2.851665e+00 2.673105e+00 2.784060e+00 2.390081e+00 2.220203e+00 1.739173e+00 4.611409e-01 5.182089e-01 4.838571e-01 4.730710e-01 4.776519e-01 4.431482e-01 5.088527e-01 6.311010e-01 6.359060e-01 7.064806e-01 7.877890e-01 7.305921e-01 2.364865e-01
<GCONST> 1.191285e+02
<MIXTURE> 3 1.325634e-01
<MEAN> 39
 -1.270690e+01 1.562961e+01 6.013330e+00 1.248542e+00 1.954813e+00 -3.202933e+00 -2.106016e+00 -5.728932e+00 -4.587195e+00 -4.931986e+00 -2.664527e+00 -6.073472e+00 3.154745e+00 -1.138108e+00 2.428696e-01 3.628486e-01 -4.305415e-01 -7.092872e-01 -4.940673e-01 2.851312e-02 2.930125e-01 1.515891e-01 2.697664e-01 1.134590e+00 8.193499e-01 1.118336e+00 1.447587e+00 -1.062143e+00 9.856052e-02 -1.475660e-01 -8.717886e-01 -3.038048e-01 -2.719181e-02 2.409023e-01 1.815635e-01 1.566890e-01 1.258393e-01 3.377728e-01 -7.795928e-02
<VARIANCE> 39
 1.779944e+01 2.648468e+01 3.786478e+01 2.778206e+01 4.382969e+01 3.855022e+01 4.342894e+01 3.358905e+01 3.681869e+01 3.391874e+01 3.870992e+01 5.127637e+01 1.476720e+01 3.837339e+00 2.622973e+00 1.976841e+00 1.590107e+00 3.714922e+00 2.808020e+00 2.294042e+00 2.392114e+00 2.214374e+00 2.428019e+00 2.399443e+00 2.344878e+00 9.176229e-01 4.190516e-01 3.899007e-01 4.135840e-01 3.908210e-01 5.279015e-01 5.482787e-01 5.075171e-01 4.948423e-01 5.420330e-01 5.488933e-01 6.140054e-01 5.575593e-01 1.286074e-01
<GCONST> 1.171591e+02
<MIXTURE> 4 7.235219e-02
<MEAN> 39
 1.047910e-01 -4.481000e-01 2.406368e+00 -3.524609e+00 -2.659688e+00 -8.521680e-01 7.559960e-02 -7.729251e-01 5.035900e-02 -2.443425e-01 1.362682e+00 2.837535e+00 5.126868e+00 -1.063195e-01 2.683379e-02 1.413306e-01 2.121059e-01 1.670627e-01 5.796101e-02 2.831479e-01 1.170152e-01 2.970637e-02 -6.247010e-02 -4.262716e-02 6.769056e-02 6.481840e-02 8.682500e-02 -2.380711e-02 -1.078897e-01 1.739443e-01 3.913804e-02 -1.241549e-01 -7.896373e-02 3.804499e-02 -3.185347e-02 -9.330098e-03 -1.140106e-01 -1.408775e-01 -1.012953e-01
<VARIANCE> 39
 2.726988e+01 3.678548e+01 6.422088e+01 4.343146e+01 7.149601e+01 5.670733e+01 5.748038e+01 7.159463e+01 7.044615e+01 8.325142e+01 9.051328e+01 9.063704e+01 2.639729e+01 4.922436e-01 7.644362e-01 1.170583e+00 1.299716e+00 1.620869e+00 2.121182e+00 2.213122e+00 2.733621e+00 2.427232e+00 2.575302e+00 2.161316e+00 2.052660e+00 3.700830e-01 8.336898e-02 1.476869e-01 2.129752e-01 2.598931e-01 3.377529e-01 3.442718e-01 4.380091e-01 4.597256e-01 4.314101e-01 5.093046e-01 4.019719e-01 3.832404e-01 8.323289e-02
<GCONST> 1.120021e+02
<MIXTURE> 5 1.081828e-01
<MEAN> 39
 -9.277937e+00 9.283236e+00 1.137949e+01 3.195516e+00 4.166781e+00 3.154850e+00 -2.484941e+00 -2.880085e+00 -2.618334e+00 -4.013269e+00 -1.297715e+00 -2.507350e+00 -9.711713e-01 -3.988524e+00 3.566284e-02 -2.225446e-01 -7.024823e-01 8.451387e-01 1.205124e+00 4.568689e-01 6.689942e-01 1.088171e+00 4.232132e-01 1.022576e+00 4.480647e-01 1.824040e+00 4.629874e-01 -2.234336e-01 -3.244315e-01 -1.401978e-01 -6.348455e-01 -5.278845e-01 1.609575e-01 1.907181e-01 1.039540e-01 2.602946e-01 1.579295e-01 1.539702e-01 1.952470e-01
<VARIANCE> 39
 3.942028e+01 3.049770e+01 3.422572e+01 2.632042e+01 4.388766e+01 3.962887e+01 3.371968e+01 4.060727e+01 3.232764e+01 3.028350e+01 3.459629e+01 4.567826e+01 2.201091e+01 3.490527e+00 3.062403e+00 3.101977e+00 2.347266e+00 3.212910e+00 3.073273e+00 3.218040e+00 2.694274e+00 2.872924e+00 3.565280e+00 2.760191e+00 2.656172e+00 2.150974e+00 5.586578e-01 5.190244e-01 4.231474e-01 3.830312e-01 5.737477e-01 6.339538e-01 4.786425e-01 5.238116e-01 5.661088e-01 4.782389e-01 4.766488e-01 4.788676e-01 2.919488e-01
<GCONST> 1.220206e+02
<MIXTURE> 6 1.522061e-01
<MEAN> 39
 -1.560229e+01 1.000868e+01 5.567597e+00 -5.856058e-01 5.210673e+00 1.832528e+00 4.625705e-01 2.437828e-01 1.264894e+00 9.612678e-01 1.541661e+00 -1.706249e+00 1.035536e+00 -3.223082e+00 1.106030e+00 4.118689e-01 -3.837158e-01 5.815414e-01 1.093368e+00 7.921203e-01 8.909486e-01 7.109728e-01 5.474283e-01 9.331775e-01 3.888437e-01 1.572965e+00 1.046978e+00 -2.902628e-01 1.718661e-01 3.021902e-01 -5.456345e-01 -2.801711e-01 9.187684e-03 -2.514667e-01 -2.731626e-01 -1.941241e-01 -1.418806e-01 3.137761e-02 -2.737842e-01
<VARIANCE> 39
 2.278099e+01 2.610715e+01 4.207708e+01 2.526854e+01 3.689621e+01 3.307586e+01 3.142869e+01 4.151106e+01 3.375295e+01 3.021103e+01 2.687852e+01 3.494150e+01 1.584919e+01 1.754390e+00 2.314463e+00 2.127692e+00 1.932389e+00 1.961342e+00 1.976708e+00 2.215038e+00 2.363413e+00 2.043613e+00 2.120603e+00 1.788185e+00 1.789138e+00 1.367222e+00 3.263255e-01 3.054490e-01 4.231064e-01 3.408584e-01 4.794458e-01 3.825934e-01 4.449459e-01 4.910940e-01 3.806119e-01 3.822552e-01 3.791578e-01 3.694474e-01 1.775032e-01
<GCONST> 1.115370e+02
<MIXTURE> 7 8.735564e-02
<MEAN> 39
 -3.919469e+00 2.817463e+00 3.221827e+00 3.153395e+00 1.058732e+00 -6.337522e-01 -1.386856e-01 -4.415636e-01 -7.932092e-01 -1.750157e+00 -1.350378e+00 -8.159978e-01 -1.258066e+00 -4.846255e-01 -1.823670e-01 1.667783e-01 -4.825750e-01 -3.891829e-01 -2.600573e-01 -1.724274e-01 2.897542e-01 1.901529e-01 1.604311e-01 1.805586e-01 1.386449e-01 8.131920e-01 1.840681e-01 -7.711887e-02 -2.696397e-02 -1.928009e-01 -2.517821e-01 -1.520147e-01 -1.050413e-01 -5.034677e-02 6.108961e-02 1.269785e-01 1.123088e-01 3.005011e-02 1.661242e-01
<VARIANCE> 39
 3.545280e+01 4.316838e+01 3.301449e+01 3.331695e+01 4.039529e+01 4.078074e+01 4.698302e+01 4.136023e+01 3.706004e+01 3.273579e+01 2.893909e+01 3.581293e+01 3.622599e+01 2.452842e+00 2.158672e+00 2.170112e+00 2.293694e+00 2.868271e+00 2.965300e+00 2.746809e+00 3.045003e+00 2.467547e+00 2.535540e+00 2.287403e+00 2.405855e+00 1.665739e+00 2.686609e-01 3.891711e-01 3.785225e-01 3.873702e-01 4.918590e-01 5.039955e-01 5.284933e-01 5.334918e-01 4.809423e-01 4.491052e-01 4.139259e-01 5.123493e-01 3.422273e-01
<GCONST> 1.192181e+02
<MIXTURE> 8 1.211134e-01
<MEAN> 39
 -1.352257e+01 1.540288e-01 3.089988e+00 -3.511653e+00 1.859063e+00 2.907604e+00 6.713848e-01 4.952228e-01 2.280139e+00 2.416667e+00 2.990028e+00 1.252626e+00 3.413813e+00 -2.136887e+00 6.339632e-01 5.742691e-01 -4.698544e-01 -5.366482e-01 -9.492806e-02 3.065710e-01 2.784823e-01 3.394620e-01 1.750596e-01 6.710117e-01 4.605819e-01 2.327547e+00 1.119508e+00 6.200635e-01 4.997717e-01 7.932704e-01 -1.855873e-01 -5.807587e-01 -1.036424e-01 -2.074944e-01 -4.469841e-01 -4.268944e-01 -3.619595e-01 -2.032450e-01 -5.857069e-01
<VARIANCE> 39
 3.952170e+01 3.304936e+01 4.395187e+01 3.147486e+01 4.269304e+01 4.455391e+01 4.315355e+01 3.627583e+01 4.344205e+01 3.578464e+01 3.332947e+01 2.958970e+01 2.226852e+01 5.674175e+00 3.603546e+00 3.556300e+00 3.148902e+00 2.896020e+00 3.250008e+00 3.328246e+00 3.307644e+00 3.543741e+00 2.761267e+00 2.595495e+00 2.065443e+00 2.992876e+00 9.399967e-01 5.696549e-01 6.567569e-01 4.605529e-01 7.832407e-01 7.018870e-01 7.719464e-01 6.177230e-01 7.353622e-01 6.307497e-01 5.273288e-01 4.515190e-01 3.560330e-01
<GCONST> 1.270723e+02
<STATE> 3
<NUMMIXES> 8
<MIXTURE> 1 1.154591e-01
<MEAN> 39
 -9.076118e+00 9.730053e+00 4.247256e+00 6.931075e-02 -2.353468e+00 -4.006792e+00 -2.955698e-02 -1.299799e+00 8.464480e-01 1.756568e+00 4.180244e+00 8.553190e-01 4.219212e+00 3.195570e+00 -1.826124e+00 1.753028e-01 -1.566945e+00 -2.906052e+00 -2.035089e+00 -7.819162e-01 6.981339e-01 3.408355e-01 7.491025e-01 1.613678e+00 1.645283e+00 1.545132e+00 6.970552e-01 -9.413956e-01 -1.457690e-01 -9.137151e-02 8.402774e-02 1.463213e-01 1.361061e-02 3.602630e-01 3.465046e-02 -6.485356e-02 -2.585978e-01 5.873719e-02 -1.166330e-01
<VARIANCE> 39
 5.128561e+01 4.472210e+01 3.744559e+01 3.209674e+01 4.188048e+01 5.056408e+01 4.957573e+01 4.734967e+01 4.769165e+01 4.966801e+01 5.833994e+01 5.279929e+01 2.469939e+01 4.678205e+00 3.735697e+00 3.772651e+00 3.197882e+00 4.982471e+00 4.661892e+00 5.526854e+00 5.693318e+00 6.167816e+00 5.715224e+00 6.146987e+00 7.499838e+00 1.838005e+00 6.566421e-01 6.184164e-01 4.849751e-01 5.335764e-01 6.506413e-01 6.616060e-01 6.961414e-01 7.606673e-01 6.968015e-01 7.426232e-01 8.959119e-01 8.305420e-01 3.418682e-01
<GCONST> 1.351235e+02
<MIXTURE> 2 1.644757e-01
<MEAN> 39
 -1.877548e+01 6.786827e+00 7.538434e+00 2.016129e-02 3.488770e+00 4.004776e+00 3.649425e+00 1.659247e+00 2.224215e+00 1.639116e+00 3.712367e+00 4.473249e-01 4.155345e+00 3.103134e+00 3.479322e-01 1.069266e+00 2.417843e-01 -2.570940e+00 -2.735434e+00 -1.653835e+00 -1.377580e+00 -1.522031e+00 -1.390968e+00 -6.423137e-01 -1.477739e-01 9.834111e-01 1.636725e+00 -3.370155e-01 -1.718879e-01 -5.202107e-02 -7.582229e-01 -9.293246e-01 -6.997097e-01 -2.610376e-01 -3.334079e-01 -3.690009e-01 -3.618785e-01 -9.109008e-02 -2.413449e-02
<VARIANCE> 39
 1.709663e+01 3.891331e+01 4.090072e+01 2.843047e+01 3.529317e+01 3.828985e+01 3.472938e+01 3.601981e+01 3.290390e+01 3.095831e+01 3.082941e+01 3.073975e+01 1.730379e+01 3.016659e+00 2.250018e+00 2.318466e+00 2.557749e+00 3.514816e+00 2.565938e+00 2.437112e+00 2.702298e+00 2.746660e+00 2.372489e+00 2.499449e+00 2.349288e+00 1.176887e+00 4.359460e-01 5.645480e-01 4.781587e-01 4.341068e-01 5.121990e-01 5.298881e-01 4.683117e-01 5.602481e-01 5.459915e-01 4.902569e-01 5.267122e-01 4.580893e-01 1.816506e-01
<GCONST> 1.177327e+02
<MIXTURE> 3 1.367574e-01
<MEAN> 39
 -1.124524e+01 1.068079e+01 1.179516e+01 1.013617e+00 -5.767785e-01 -1.811448e+00 -2.632530e+00 -3.178128e+00 -2.562113e+00 -5.258995e+00 1.463572e-01 -5.207158e-01 5.901601e+00 1.616098e+00 -1.135622e+00 1.710094e-01 5.620545e-02 -2.028467e+00 -1.823546e+00 -6.400992e-01 -2.014057e-01 -3.454766e-01 -2.614490e-01 2.577792e-01 6.550215e-01 7.713802e-01 9.894097e-01 -6.268930e-01 -3.733905e-01 6.648134e-03 -3.425525e-01 -2.691152e-01 -1.570375e-02 1.870877e-01 1.225442e-01 2.000144e-01 -7.743082e-02 -7.126737e-02 -1.602587e-01
<VARIANCE> 39
 1.908221e+01 2.640376e+01 3.454263e+01 2.568888e+01 4.339790e+01 4.270638e+01 3.520341e+01 3.398224e+01 3.591156e+01 3.192102e+01 2.896812e+01 4.506861e+01 1.477727e+01 1.937966e+00 1.707807e+00 1.927882e+00 1.472889e+00 2.190163e+00 2.245100e+00 2.193260e+00 2.491719e+00 2.324688e+00 1.895848e+00 1.810387e+00 1.771873e+00 4.019878e-01 3.048452e-01 2.379003e-01 2.611205e-01 2.401937e-01 3.723773e-01 4.386469e-01 3.964733e-01 3.895721e-01 4.399522e-01 4.076965e-01 3.719125e-01 3.593547e-01 6.567039e-02
<GCONST> 1.079537e+02
<MIXTURE> 4 1.241211e-01
<MEAN> 39
 -1.102058e+01 5.676417e+00 5.966524e+00 2.450214e+00 6.830275e-01 2.849736e-01 1.767056e-01 -1.386564e+00 -5.227292e-01 -1.495003e+00 2.490372e-01 -2.872814e+00 -6.829588e-01 3.861817e-01 -2.686755e-01 -2.406484e-01 1.935741e-01 -6.930873e-02 -2.109319e-01 6.184612e-02 -4.095855e-02 -8.131587e-02 9.511733e-02 -4.891348e-02 4.741931e-04 -3.885331e-01 2.623720e-01 -1.498902e-02 -9.338222e-02 -3.785843e-02 3.624212e-02 -8.931171e-03 -1.941866e-03 1.722960e-02 5.791779e-03 2.583698e-02 -6.100961e-03 4.962609e-02 -8.656166e-02
<VARIANCE> 39
 4.409945e+01 4.508723e+01 3.843705e+01 3.141930e+01 3.644827e+01 3.379745e+01 3.412886e+01 3.521293e+01 3.792702e+01 2.516918e+01 3.243425e+01 4.289532e+01 2.216944e+01 1.207443e+00 8.156550e-01 9.828945e-01 1.072434e+00 1.184346e+00 1.477682e+00 1.551428e+00 1.907076e+00 1.890081e+00 1.648033e+00 1.658248e+00 1.401143e+00 8.530876e-01 1.257620e-01 1.485183e-01 1.769948e-01 1.956161e-01 2.305850e-01 2.620698e-01 3.002087e-01 3.693709e-01 3.676870e-01 2.756896e-01 2.616071e-01 2.810615e-01 6.326836e-02
<GCONST> 1.012681e+02
<MIXTURE> 5 1.224906e-01
<MEAN> 39
 -3.922629e+00 8.522201e+00 7.430973e+00 -3.740872e+00 -1.090299e+01 -7.736031e+00 -3.975464e+00 -4.800981e+00 -3.708195e+00 -2.853010e+00 9.355946e-01 -4.708317e+00 7.094630e+00 3.886263e+00 -2.698186e+00 -3.072652e-01 -1.293651e+00 -2.830490e+00 -1.700513e+00 -1.730238e-01 1.045748e+00 -3.038000e-01 -4.182891e-01 -6.387165e-01 2.817381e-01 1.092452e+00 -5.179002e-01 -5.538576e-01 -4.211503e-01 2.079537e-01 1.279371e+00 9.411824e-01 7.387011e-01 9.536350e-01 6.001040e-01 2.753982e-01 -1.216406e-01 2.416776e-01 -1.826134e-01
<VARIANCE> 39
 1.546506e+01 2.230296e+01 2.457924e+01 1.986457e+01 2.842142e+01 3.221288e+01 2.989704e+01 4.028823e+01 3.247868e+01 3.814722e+01 3.496823e+01 3.757139e+01 1.285263e+01 2.063040e+00 2.973705e+00 3.083016e+00 2.112385e+00 3.593445e+00 3.932232e+00 4.110593e+00 4.445064e+00 4.258878e+00 4.215526e+00 4.349725e+00 3.828667e+00 5.771685e-01 4.390934e-01 2.924140e-01 3.067503e-01 2.643371e-01 4.214416e-01 4.731140e-01 5.764762e-01 5.825917e-01 5.598711e-01 5.872197e-01 5.452001e-01 4.697859e-01 7.664491e-02
<GCONST> 1.165616e+02
<MIXTURE> 6 1.257516e-01
<MEAN> 39
 -9.875875e+00 1.021144e+01 1.172113e+01 1.428997e+00 -1.451937e+00 -3.946850e+00 -2.992691e+00 -3.656037e+00 -3.546144e+00 -3.297681e+00 9.253126e-01 1.326250e-01 6.795604e+00 4.760744e+00 -8.260745e-01 3.884111e-01 1.856324e-01 -3.653239e+00 -3.650439e+00 -2.101863e+00 -9.574678e-01 -1.050495e+00 -1.209619e+00 -6.128031e-01 1.661843e-01 1.209793e+00 3.454115e-01 -9.043671e-01 -7.440979e-01 -2.896196e-01 -2.559371e-02 2.697154e-01 2.529846e-01 6.746612e-01 6.617945e-01 4.224986e-01 6.556580e-02 6.075844e-02 -1.086419e-01
<VARIANCE> 39
 2.188629e+01 2.315589e+01 2.620794e+01 2.265372e+01 3.363648e+01 3.762677e+01 3.932262e+01 3.321122e+01 3.055782e+01 3.162629e+01 3.128005e+01 3.485170e+01 1.846048e+01 1.713534e+00 3.207260e+00 2.762752e+00 2.810777e+00 3.135113e+00 2.799229e+00 2.684854e+00 3.109528e+00 3.851229e+00 3.238634e+00 3.489132e+00 2.874800e+00 7.454776e-01 4.169207e-01 2.908501e-01 3.119014e-01 3.012448e-01 4.234381e-01 5.024381e-01 5.274559e-01 5.121727e-01 4.967536e-01 5.212804e-01 5.688052e-01 4.888476e-01 1.188582e-01
<GCONST> 1.158843e+02
<MIXTURE> 7 9.844084e-02
<MEAN> 39
 -5.310579e+00 -3.022140e+00 1.951190e+00 -1.350347e+00 7.185647e-01 9.833450e-01 2.863307e+00 3.326581e+00 1.126219e+00 -1.382533e-01 3.779780e+00 3.622924e+00 5.965817e+00 1.310264e-01 -6.350335e-02 -2.453692e-02 9.131334e-02 -1.720589e-02 -1.491841e-01 -1.371397e-01 1.305966e-01 -8.065048e-02 -5.007643e-03 -5.330487e-02 -2.425397e-02 -2.833559e-02 5.391506e-02 5.909707e-03 -2.805227e-02 -1.873882e-02 -5.419864e-02 -8.128097e-02 -1.473427e-01 -8.199253e-02 -2.842475e-02 -5.333223e-03 -6.502051e-02 -8.194982e-02 -7.395418e-02
<VARIANCE> 39
 6.133284e+01 4.254916e+01 4.434880e+01 4.423594e+01 7.256910e+01 4.570173e+01 6.506876e+01 7.468513e+01 5.252415e+01 6.775894e+01 8.175744e+01 9.583723e+01 2.764852e+01 2.681920e-01 4.661653e-01 5.528309e-01 8.757092e-01 1.419408e+00 1.536497e+00 1.590007e+00 1.585213e+00 2.003483e+00 1.724377e+00 1.641933e+00 1.636163e+00 2.221254e-01 4.373875e-02 8.396952e-02 1.016828e-01 1.508060e-01 1.924574e-01 2.511813e-01 2.823040e-01 2.941070e-01 3.054456e-01 2.947360e-01 2.734967e-01 2.857190e-01 2.473004e-02
<GCONST> 9.984827e+01
<MIXTURE> 8 1.125038e-01
<MEAN> 39
 -1.076390e+00 1.901876e+00 9.565746e+00 3.093078e+00 -7.617969e+00 -1.010467e+01 -5.749536e+00 -1.219710e+00 -2.042602e+00 -4.672864e+00 6.492681e-01 4.656936e+00 9.540871e+00 3.362755e+00 -2.599569e+00 -1.334197e+00 -1.490799e-01 -2.273717e+00 -1.613270e+00 -1.139948e+00 1.070083e+00 1.489961e+00 4.669299e-01 1.559628e-01 2.428782e-01 1.126432e+00 -8.108055e-01 -3.340161e-02 -5.992059e-01 -5.350875e-01 8.869911e-01 1.146416e+00 5.662649e-01 5.667692e-01 6.638244e-01 6.212503e-01 4.984690e-03 -4.879734e-01 -2.667740e-01
<VARIANCE> 39
 1.394649e+01 1.987131e+01 2.116847e+01 2.285058e+01 3.131329e+01 2.568922e+01 3.490751e+01 2.725523e+01 3.907623e+01 3.308374e+01 3.329928e+01 2.133565e+01 1.863438e+01 1.985969e+00 1.967873e+00 2.816637e+00 1.918548e+00 3.502621e+00 4.488785e+00 3.691703e+00 3.669070e+00 3.591107e+00 3.658693e+00 3.771225e+00 2.862399e+00 6.347355e-01 3.324818e-01 3.260494e-01 3.344297e-01 2.869946e-01 4.778460e-01 4.951576e-01 5.090645e-01 4.899527e-01 6.446003e-01 4.721116e-01 5.580904e-01 3.565469e-01 7.669844e-02
<GCONST> 1.138306e+02
<STATE> 4
<NUMMIXES> 8
<MIXTURE> 1 1.007156e-01
<MEAN> 39
 -9.905651e-01 -3.476321e+00 4.058843e+00 -3.905140e+00 -4.992632e+00 -6.210763e+00 -8.447207e-01 4.014327e+00 8.066471e-01 3.749357e+00 9.563486e+00 1.260557e+01 9.584744e+00 4.482836e-01 -1.249475e+00 -9.983813e-01 -2.005449e-01 1.576750e+00 5.286434e-01 5.584326e-01 9.807050e-01 3.270759e-01 -4.867465e-01 -1.026251e+00 4.673684e-01 1.435415e-01 -3.505773e-01 5.760980e-01 -2.096710e-01 2.199823e-01 2.553965e-01 2.482645e-01 -2.198585e-02 -3.141107e-01 2.640560e-02 -2.724751e-01 -4.544401e-01 -6.918153e-01 -2.230786e-01
<VARIANCE> 39
 1.779415e+01 2.712465e+01 3.845698e+01 3.211927e+01 4.364254e+01 5.090761e+01 6.033754e+01 5.559312e+01 5.941985e+01 7.406348e+01 8.230904e+01 6.241399e+01 1.553746e+01 5.181497e-01 1.696990e+00 2.427500e+00 2.229350e+00 3.119417e+00 3.534493e+00 3.720788e+00 3.482888e+00 3.597013e+00 4.081928e+00 3.846146e+00 3.708143e+00 4.422323e-01 2.066962e-01 3.014872e-01 3.816795e-01 4.301401e-01 4.501739e-01 5.197451e-01 6.412150e-01 6.726209e-01 6.643375e-01 7.490745e-01 6.524554e-01 5.931972e-01 7.439907e-02
<GCONST> 1.204057e+02
<MIXTURE> 2 1.368133e-01
<MEAN> 39
 1.065142e+00 -3.803934e-01 4.182060e+00 -5.573673e+00 -8.468990e+00 -7.050224e+00 6.913443e-01 4.205944e+00 -1.271653e+00 -4.764036e+00 -3.403108e+00 -3.641145e+00 8.762398e+00 1.190211e+00 -2.023300e+00 -1.177714e+00 -5.304917e-01 1.016376e+00 9.003223e-01 1.384154e+00 2.218863e+00 1.038694e+00 -1.232652e-01 -1.190541e+00 1.420252e-01 5.779721e-01 -7.314680e-01 5.776127e-01 -8.473511e-02 3.994589e-01 8.593535e-01 4.788021e-01 -1.290669e-01 -4.219307e-01 6.266733e-02 1.267857e-01 2.566250e-01 1.899819e-01 -2.290639e-01
<VARIANCE> 39
 1.199845e+01 2.286434e+01 2.656716e+01 2.240395e+01 3.338742e+01 3.337419e+01 4.125092e+01 5.509053e+01 4.853764e+01 3.844931e+01 2.756372e+01 3.312282e+01 1.488764e+01 1.050733e+00 1.773769e+00 2.243998e+00 1.925429e+00 2.988696e+00 3.154598e+00 3.648511e+00 3.991978e+00 4.384756e+00 3.421168e+00 2.582321e+00 2.616815e+00 4.631032e-01 2.210727e-01 2.985394e-01 3.233285e-01 3.288667e-01 5.285453e-01 6.002849e-01 6.375249e-01 8.323901e-01 7.119759e-01 5.259867e-01 4.336535e-01 4.110680e-01 7.022186e-02
<GCONST> 1.142276e+02
<MIXTURE> 3 1.540728e-01
<MEAN> 39
 -2.286083e+00 5.489332e+00 1.017569e+01 1.245425e+00 -6.907495e+00 -7.458672e+00 -3.043347e+00 -3.097161e+00 -3.557265e+00 -3.616287e+00 1.236409e+00 5.704329e-01 6.406459e+00 1.963664e+00 -1.734869e+00 -3.797356e-01 -1.261137e-01 -1.360568e+00 -5.915751e-01 -1.185375e-01 5.699306e-01 2.875203e-01 2.445328e-01 1.760622e-02 1.802323e-01 2.916858e-01 -3.780255e-01 1.490902e-02 -2.477329e-01 -9.430613e-02 4.471220e-01 4.560357e-01 2.005651e-01 2.877683e-01 3.063036e-01 1.022860e-01 -1.323764e-01 -1.281293e-01 -9.962952e-02
<VARIANCE> 39
 1.366209e+01 2.065975e+01 3.369350e+01 3.225640e+01 3.952000e+01 3.519967e+01 3.610789e+01 3.552825e+01 3.139557e+01 3.269981e+01 3.499341e+01 4.950530e+01 1.436898e+01 1.075951e+00 1.700906e+00 1.680561e+00 1.807747e+00 2.174926e+00 2.312733e+00 2.419756e+00 2.899246e+00 2.286594e+00 2.341138e+00 2.375175e+00 2.232110e+00 2.768943e-01 2.433132e-01 1.886324e-01 1.972805e-01 1.971443e-01 3.295005e-01 3.281972e-01 3.453489e-01 3.448454e-01 3.445502e-01 3.436441e-01 3.469125e-01 3.720910e-01 4.111978e-02
<GCONST> 1.050501e+02
<MIXTURE> 4 1.284993e-01
<MEAN> 39
 -7.942707e+00 3.926334e+00 4.259845e+00 3.399633e+00 7.142861e-01 -6.114777e-01 4.701046e-01 -3.106149e-01 3.638957e-01 -7.051073e-01 8.625157e-01 -9.245132e-01 -1.895159e+00 1.411798e+00 -2.376104e-01 -7.606466e-01 1.497921e-01 2.727586e-01 -1.438109e-01 -3.919268e-01 -1.657574e-01 4.330562e-02 2.639810e-02 -3.896741e-01 -3.024898e-01 -6.972499e-01 -2.630340e-02 -3.731853e-02 -3.693481e-03 -1.947679e-01 1.113273e-02 1.064191e-01 3.227527e-02 5.184425e-02 5.986345e-02 2.396470e-02 -2.945784e-02 8.250828e-02 2.001800e-01
<VARIANCE> 39
 6.734772e+01 5.658046e+01 4.147810e+01 3.289820e+01 5.333131e+01 5.331748e+01 4.927713e+01 4.648251e+01 4.988821e+01 4.011209e+01 4.281454e+01 4.628710e+01 4.397516e+01 3.228943e+00 2.783401e+00 2.264657e+00 2.552852e+00 2.915433e+00 3.233290e+00 2.994613e+00 2.933585e+00 3.019031e+00 3.248226e+00 2.511132e+00 2.534518e+00 3.064156e+00 4.673124e-01 4.156129e-01 3.531384e-01 4.323666e-01 5.359566e-01 5.961346e-01 5.648385e-01 5.776559e-01 5.882359e-01 6.036719e-01 5.413058e-01 4.679195e-01 4.434806e-01
<GCONST> 1.264272e+02
<MIXTURE> 5 1.243949e-01
<MEAN> 39
 2.974545e+00 -1.172613e+00 4.695429e+00 1.857140e+00 -7.420963e+00 -9.004592e+00 -6.993004e+00 2.586489e+00 4.272997e+00 -1.834659e+00 -2.940041e-01 3.005392e+00 8.885575e+00 8.118054e-01 -8.391327e-01 -1.776549e+00 -7.464159e-01 4.877108e-01 4.554643e-01 -2.009586e-01 8.472005e-01 1.553778e+00 8.416161e-01 -4.164160e-01 -8.633199e-01 2.994344e-01 -5.492709e-01 4.369831e-01 6.942356e-02 -1.413850e-01 5.531838e-01 4.440882e-01 2.867437e-01 -2.924198e-01 -3.256611e-01 1.020239e-02 -4.557269e-02 -2.277128e-01 -1.703994e-01
<VARIANCE> 39
 8.706820e+00 1.680845e+01 2.356054e+01 2.283667e+01 2.877356e+01 2.460514e+01 4.258891e+01 3.559930e+01 3.300856e+01 4.983781e+01 3.292725e+01 2.637328e+01 1.745865e+01 5.470278e-01 7.187541e-01 1.249855e+00 1.292731e+00 2.123821e+00 2.076769e+00 2.365246e+00 2.912390e+00 2.563975e+00 2.913239e+00 2.625402e+00 2.080603e+00 2.421985e-01 1.483171e-01 1.454144e-01 1.857632e-01 2.254994e-01 2.942366e-01 3.924972e-01 3.881673e-01 4.300987e-01 3.628681e-01 5.126769e-01 4.059031e-01 3.143887e-01 4.575681e-02
<GCONST> 1.013375e+02
<MIXTURE> 6 1.050305e-01
<MEAN> 39
 1.395372e+00 -1.374022e+00 8.664528e+00 -2.327932e+00 -1.157287e+01 -7.971592e+00 -3.648532e+00 4.560060e+00 8.466696e-01 -6.804014e-01 5.240386e+00 1.526150e+00 1.037824e+01 1.115589e+00 -1.969377e+00 -1.217635e+00 -7.564165e-01 7.975800e-02 4.275942e-01 3.319532e-01 2.315979e+00 1.216102e+00 5.304829e-01 -4.614211e-01 1.061240e-01 6.354691e-01 -7.663900e-01 6.385886e-01 -3.755230e-01 1.323279e-01 1.106035e+00 4.872401e-01 2.694242e-01 -2.365265e-01 -1.047997e-01 -1.963401e-01 -6.318848e-01 -1.950078e-01 -3.303670e-01
<VARIANCE> 39
 1.120080e+01 2.081051e+01 2.539145e+01 2.312684e+01 2.345915e+01 3.453876e+01 2.681167e+01 2.822050e+01 3.293517e+01 3.496808e+01 2.505923e+01 3.102030e+01 1.748447e+01 6.885867e-01 1.302535e+00 1.767312e+00 1.621242e+00 2.312967e+00 2.296230e+00 2.990691e+00 2.534897e+00 3.299195e+00 3.010377e+00 2.827227e+00 2.745255e+00 3.376480e-01 2.169911e-01 2.459511e-01 2.287725e-01 2.660258e-01 3.519684e-01 4.808685e-01 3.912871e-01 4.232212e-01 4.775151e-01 4.633664e-01 3.550045e-01 4.033460e-01 8.012433e-02
<GCONST> 1.060145e+02
<MIXTURE> 7 1.344980e-01
<MEAN> 39
 8.181531e-01 8.673247e-01 3.760946e+00 -1.079198e+00 -4.389184e+00 -4.713668e+00 -7.109913e-01 6.102362e-01 -1.257021e+00 -2.079067e+00 -9.898526e-01 6.560090e-01 4.296454e+00 2.238977e-01 -1.997328e-01 -4.220617e-01 -1.786927e-02 2.652263e-01 -8.492385e-02 -4.236418e-02 2.892844e-01 1.102073e-01 -1.492986e-01 -3.255163e-01 -4.294559e-02 -7.067852e-02 -7.386170e-02 1.080717e-01 3.695597e-03 5.204358e-02 1.451259e-01 9.731854e-02 -7.506412e-02 -8.890967e-02 4.186662e-02 3.482859e-03 5.165013e-02 1.569247e-02 -5.439169e-02
<VARIANCE> 39
 2.323219e+01 3.362701e+01 5.900836e+01 4.476774e+01 6.337425e+01 5.213288e+01 4.962064e+01 5.287782e+01 4.999104e+01 4.766083e+01 5.723224e+01 6.336036e+01 2.728241e+01 2.349928e-01 4.834806e-01 7.291943e-01 7.866975e-01 1.134051e+00 1.167320e+00 1.489213e+00 1.676973e+00 1.565441e+00 1.353141e+00 1.360189e+00 1.328626e+00 1.473144e-01 5.357048e-02 8.450823e-02 1.145501e-01 1.562043e-01 2.039013e-01 2.326355e-01 2.747886e-01 3.181210e-01 2.575572e-01 2.700256e-01 2.485083e-01 2.143941e-01 2.565106e-02
<GCONST> 9.519526e+01
<MIXTURE> 8 1.159756e-01
<MEAN> 39
 -3.247077e-01 1.865879e+00 4.150671e+00 -4.478390e+00 -9.085363e+00 -8.526697e+00 -3.447397e+00 6.507742e-01 1.897110e+00 4.013073e+00 8.277310e+00 5.765226e+00 8.487542e+00 2.679173e+00 -3.292228e+00 -5.591303e-01 -1.514136e+00 -6.887650e-01 -4.866692e-01 1.441965e-01 1.594571e+00 5.357281e-01 4.975383e-01 7.503089e-01 1.574421e+00 1.319682e+00 -1.038309e+00 1.311400e-01 -2.158265e-01 4.343486e-01 1.351511e+00 1.068426e+00 6.571441e-01 2.000180e-01 -2.703629e-02 -4.092953e-01 -7.807191e-01 -4.957235e-01 -3.602304e-01
<VARIANCE> 39
 2.484122e+01 3.474868e+01 4.836453e+01 3.370927e+01 4.153204e+01 4.390678e+01 5.377399e+01 5.100418e+01 6.571225e+01 7.435430e+01 8.355732e+01 7.563368e+01 1.923272e+01 2.884216e+00 3.236406e+00 3.999755e+00 3.716460e+00 5.755034e+00 5.473636e+00 5.445288e+00 5.916172e+00 6.047665e+00 6.367580e+00 6.493315e+00 8.396638e+00 1.199098e+00 3.958550e-01 5.496004e-01 4.862451e-01 5.248809e-01 6.950874e-01 7.491821e-01 7.188822e-01 7.725549e-01 8.241936e-01 9.440849e-01 9.310122e-01 8.005074e-01 1.363185e-01
<GCONST> 1.344789e+02
<TRANSP> 5
 0.000000e+00 1.000000e+00 0.000000e+00 0.000000e+00 0.000000e+00
 0.000000e+00 6.719968e-01 3.280032e-01 0.000000e+00 0.000000e+00
 0.000000e+00 0.000000e+00 6.613676e-01 3.386325e-01 0.000000e+00
 0.000000e+00 0.000000e+00 0.000000e+00 6.502842e-01 3.497159e-01
 0.000000e+00 0.000000e+00 0.000000e+00 0.000000e+00 0.000000e+00
<ENDHMM>
