~o
<STREAMINFO> 1 39
<VECSIZE> 39<NULLD><MFCC_D_A_Z_0><DIAGC>
~h "k"
<BEGINHMM>
<NUMSTATES> 5
<STATE> 2
<NUMMIXES> 8
<MIXTURE> 1 1.229825e-01
<MEAN> 39
 -3.691783e-01 3.255943e-01 1.031729e-01 5.074008e-01 -6.809464e-01 -7.082274e-01 5.312183e-01 -6.649822e-01 1.611111e-01 6.702697e-01 -5.135425e-01 -3.931734e-01 -1.394010e+00 -1.467409e-01 1.453738e-01 7.836221e-02 1.403254e-01 2.134128e-01 4.528686e-02 7.304696e-03 -3.546652e-02 8.165991e-02 -7.024508e-04 6.214204e-02 6.988505e-02 -3.536743e-01 4.787618e-02 3.484497e-02 6.913959e-02 -2.454113e-03 -4.285731e-02 -3.425724e-02 -2.775456e-02 -2.510348e-02 -7.653327e-02 -6.611811e-02 -3.315109e-02 -9.262495e-03 6.347930e-02
<VARIANCE> 39
 2.946196e+01 3.272437e+01 4.386253e+01 4.247247e+01 5.662780e+01 4.325029e+01 4.936385e+01 4.704277e+01 4.647221e+01 4.858428e+01 4.854606e+01 4.901746e+01 5.247799e+01 3.617063e-01 6.073416e-01 8.654268e-01 9.905324e-01 1.382785e+00 1.512764e+00 1.804504e+00 1.921091e+00 1.785690e+00 1.854725e+00 1.782084e+00 1.607257e+00 3.877389e-01 5.989885e-02 9.623090e-02 1.482636e-01 1.841121e-01 2.534738e-01 2.764800e-01 3.228443e-01 3.372715e-01 3.366635e-01 3.424519e-01 3.250041e-01 3.005007e-01 4.879740e-02
<GCONST> 1.015641e+02
<MIXTURE> 2 1.798358e-01
<MEAN> 39
 -1.511775e+00 2.663882e+00 2.394237e+00 3.788562e+00 -6.582565e-01 -6.792769e-01 1.680244e+00 -2.424695e+00 -1.380032e+00 3.700920e-01 -1.747572e+00 -2.353690e+00 -7.217638e+00 -1.320064e+00 -7.547020e-01 -8.883414e-01 1.695161e-01 7.755831e-01 4.157591e-01 5.388681e-01 7.122604e-01 8.188545e-01 2.388615e-01 4.802646e-01 2.526755e-01 -6.549740e-01 -9.481935e-02 -2.218673e-01 2.081375e-02 -3.790156e-01 -4.053743e-01 -2.324003e-01 -3.654983e-02 -6.558260e-03 6.796959e-02 2.149321e-01 9.275246e-02 2.418470e-01 8.593273e-01
<VARIANCE> 39
 1.964392e+01 2.890310e+01 4.157631e+01 3.305144e+01 4.841976e+01 3.938903e+01 4.108448e+01 4.673795e+01 4.517339e+01 3.956774e+01 3.896235e+01 3.753498e+01 3.323993e+01 1.930510e+00 2.291788e+00 2.953034e+00 3.030048e+00 3.477983e+00 3.341387e+00 3.193009e+00 3.429437e+00 3.363583e+00 3.197572e+00 3.267621e+00 2.912791e+00 3.579252e+00 3.506315e-01 4.878048e-01 5.189766e-01 5.472146e-01 6.514204e-01 6.390232e-01 6.626003e-01 6.806386e-01 6.942171e-01 6.566086e-01 5.814756e-01 5.337863e-01 4.667890e-01
<GCONST> 1.256518e+02
<MIXTURE> 3 9.585028e-02
<MEAN> 39
 -2.817668e+00 -6.891160e+00 -1.081567e+01 2.275196e+00 8.257682e+00 -3.903947e+00 -3.775335e+00 9.515728e-01 2.851045e+00 5.736347e+00 -6.903403e-01 1.580461e+00 1.859211e+00 -2.034534e-01 -4.266547e-01 -1.024065e+00 -2.813103e-01 1.448903e-01 -9.423421e-01 -6.047897e-01 4.994765e-01 9.955655e-01 7.286844e-01 -5.302285e-02 2.151946e-01 2.544630e+00 1.565693e-01 1.118993e+00 1.393988e+00 9.832872e-02 -7.952601e-01 2.771603e-01 3.961905e-01 -3.304155e-01 -3.176424e-01 -5.484873e-01 -4.689372e-03 -3.609612e-01 -7.543236e-01
<VARIANCE> 39
 1.652683e+01 2.747791e+01 3.519562e+01 5.277290e+01 4.597976e+01 6.533464e+01 4.799394e+01 5.406664e+01 5.720957e+01 4.994725e+01 4.501380e+01 3.704181e+01 2.664157e+01 2.839445e+00 3.862136e+00 5.241110e+00 3.709781e+00 4.428071e+00 4.885278e+00 4.317505e+00 4.252082e+00 4.246850e+00 4.084349e+00 3.528952e+00 3.323741e+00 4.257985e+00 5.245923e-01 5.170642e-01 5.700485e-01 9.359454e-01 8.558027e-01 1.092427e+00 9.175195e-01 9.494404e-01 9.604378e-01 9.008031e-01 8.607124e-01 7.605144e-01 5.180703e-01
<GCONST> 1.345971e+02
<MIXTURE> 4 1.359272e-01
<MEAN> 39
 -1.092388e+01 -3.668675e+00 3.597012e+00 -3.346827e+00 -2.448248e+00 1.381341e+00 1.533138e+00 -3.795075e+00 3.240007e+00 4.088122e+00 -3.285875e-01 2.325114e+00 3.954761e+00 -8.837762e-01 1.076261e+00 5.020395e-01 -1.184163e+00 -6.480597e-01 -5.834077e-03 -2.583151e-01 -4.153874e-01 5.440136e-01 3.206492e-01 2.659008e-01 3.908659e-01 2.179208e+00 1.063074e+00 9.539692e-01 2.620845e-01 5.932240e-01 -1.053856e-01 -3.109334e-01 -2.026328e-02 -2.670066e-03 -6.859758e-01 -4.285817e-01 -7.299904e-02 -4.211619e-01 -9.123642e-01
<VARIANCE> 39
 1.271373e+01 2.841292e+01 2.325637e+01 2.709033e+01 3.553181e+01 3.362069e+01 4.221881e+01 4.118265e+01 5.668718e+01 4.063442e+01 3.390823e+01 3.260134e+01 2.197602e+01 2.726792e+00 2.974519e+00 2.685560e+00 2.973788e+00 3.232312e+00 3.024353e+00 3.031640e+00 3.301168e+00 3.626294e+00 3.006917e+00 2.879195e+00 2.683233e+00 4.238834e+00 3.901570e-01 5.912850e-01 5.748335e-01 6.356718e-01 8.331612e-01 7.517788e-01 7.914770e-01 7.989464e-01 8.725687e-01 8.845144e-01 8.358533e-01 7.666971e-01 4.957048e-01
<GCONST> 1.262259e+02
<MIXTURE> 5 1.186182e-01
<MEAN> 39
 -7.044302e+00 -7.833462e+00 -2.531575e+00 5.149879e+00 -2.536533e+00 -7.881433e+00 5.967675e+00 1.773875e+00 -2.532506e-01 4.446231e+00 2.169707e+00 2.559153e+00 4.175562e+00 -3.087051e-01 2.421238e-01 1.235029e-01 -4.574615e-01 -1.294354e+00 -1.349924e+00 4.756065e-01 4.467229e-01 1.056693e-01 3.219623e-01 3.151291e-01 4.215820e-01 2.568291e+00 6.624231e-01 1.338405e+00 5.986298e-01 -2.725686e-01 2.201585e-01 6.264897e-01 -6.365759e-01 -4.363360e-01 -5.420672e-02 -5.403309e-01 -4.354202e-01 -3.664094e-01 -9.742960e-01
<VARIANCE> 39
 1.208459e+01 2.295002e+01 2.793729e+01 3.573903e+01 4.130922e+01 3.891940e+01 4.941402e+01 5.525500e+01 5.514338e+01 4.173153e+01 3.582241e+01 3.766873e+01 2.309107e+01 2.997470e+00 3.971393e+00 3.229909e+00 3.218682e+00 3.508823e+00 4.049667e+00 4.251871e+00 4.010201e+00 3.868493e+00 3.681267e+00 3.051357e+00 3.181107e+00 4.434745e+00 4.306527e-01 5.280606e-01 5.422622e-01 8.581039e-01 8.205698e-01 7.983894e-01 9.242011e-01 9.277204e-01 9.532457e-01 8.945103e-01 8.280660e-01 9.012617e-01 4.948637e-01
<GCONST> 1.303400e+02
<MIXTURE> 6 1.246986e-01
<MEAN> 39
 -2.185447e-01 -4.934968e+00 -5.984716e+00 -1.892932e+00 3.910867e+00 -8.865780e-01 -1.336901e+00 3.105315e+00 3.542394e+00 3.819776e+00 2.165799e+00 2.738725e+00 3.942423e+00 -2.411103e-01 4.226016e-01 3.871192e-01 1.711008e-01 -1.924344e-01 -1.125994e-01 1.543788e-01 -2.427353e-01 2.737086e-02 5.107876e-02 1.875600e-02 -6.715111e-02 -4.103962e-01 2.241784e-02 2.473414e-01 3.685697e-01 2.623917e-01 -9.346494e-02 6.117731e-02 6.357273e-02 -3.047865e-01 -2.656350e-01 -2.433419e-01 -1.245202e-01 -1.607888e-01 -2.102894e-01
<VARIANCE> 39
 2.407296e+01 2.838481e+01 3.396741e+01 4.399752e+01 6.618287e+01 7.204055e+01 7.427443e+01 5.941758e+01 6.854285e+01 8.564050e+01 8.778499e+01 8.187749e+01 4.922332e+01 1.126891e+00 1.765049e+00 2.178289e+00 2.508727e+00 3.426284e+00 4.040881e+00 3.625537e+00 3.970166e+00 3.736303e+00 3.474241e+00 3.417511e+00 3.148678e+00 1.751417e+00 2.052329e-01 2.396963e-01 3.385051e-01 4.308635e-01 5.648825e-01 7.259640e-01 7.063541e-01 7.043756e-01 7.213684e-01 7.493083e-01 6.943436e-01 6.531246e-01 3.336571e-01
<GCONST> 1.279800e+02
<MIXTURE> 7 1.212220e-01
<MEAN> 39
 -6.575665e+00 -3.312257e-01 1.160144e+00 6.056197e+00 2.397033e+00 1.772392e+00 4.107940e+00 -1.282650e-01 1.728164e+00 2.936849e+00 7.104666e-01 -4.890773e-02 -6.869051e+00 -7.748137e-01 -1.698081e+00 -2.749036e-01 -7.604505e-01 -7.759113e-01 -6.858739e-01 1.455056e-01 1.554646e-01 5.975116e-01 9.605326e-01 4.935399e-01 8.115131e-01 3.092643e+00 4.677405e-01 4.143676e-01 1.511556e-01 -5.222710e-01 -6.439618e-01 -5.763701e-01 -4.234148e-01 -2.832870e-01 -2.736299e-01 -1.299389e-01 -8.860199e-02 2.004237e-02 7.469989e-01
<VARIANCE> 39
 2.655538e+01 3.951351e+01 4.574723e+01 4.075164e+01 5.004337e+01 4.307158e+01 3.963115e+01 4.513976e+01 4.623602e+01 3.709341e+01 3.386546e+01 3.324619e+01 3.796377e+01 5.135604e+00 5.159236e+00 6.591547e+00 5.303088e+00 6.191846e+00 5.663864e+00 5.875493e+00 5.646139e+00 5.698241e+00 4.729020e+00 4.204377e+00 3.942806e+00 5.938369e+00 4.637712e-01 6.664871e-01 5.992285e-01 6.040470e-01 6.691126e-01 6.952843e-01 6.876445e-01 7.301227e-01 7.194648e-01 6.699733e-01 6.695483e-01 6.569062e-01 6.893260e-01
<GCONST> 1.356447e+02
<MIXTURE> 8 1.008654e-01
<MEAN> 39
 1.370183e+00 1.020180e+00 4.418127e+00 -1.763293e+00 -7.011716e+00 -4.694198e+00 1.048361e+00 -3.365262e+00 -2.465135e+00 3.052817e+00 -6.687644e-01 1.653970e+00 3.439905e+00 1.915931e-02 1.212096e+00 3.952880e-01 1.272120e+00 7.135248e-01 -5.929942e-02 -4.167434e-01 -8.175532e-01 -4.879915e-01 -6.771219e-01 -5.785222e-01 -7.055012e-01 -1.939050e+00 -9.913356e-02 -2.312976e-01 -3.272434e-01 1.206953e-01 4.391157e-01 3.879360e-01 1.797245e-01 3.674625e-01 9.433214e-02 -3.629300e-01 -4.515021e-02 -2.175682e-01 -2.294286e-01
<VARIANCE> 39
 2.025650e+01 2.822436e+01 4.609693e+01 4.894724e+01 5.508581e+01 5.518004e+01 6.169558e+01 6.792950e+01 7.568584e+01 7.598510e+01 8.412393e+01 7.372923e+01 2.149325e+01 1.340311e+00 1.553599e+00 2.349027e+00 2.469276e+00 3.641351e+00 3.516812e+00 3.794707e+00 4.185895e+00 4.354644e+00 4.075304e+00 3.749250e+00 3.715515e+00 1.814679e+00 1.924439e-01 2.706161e-01 3.233981e-01 4.604105e-01 5.338613e-01 6.025438e-01 6.206344e-01 7.137796e-01 7.949525e-01 7.318035e-01 7.092652e-01 6.267627e-01 1.678556e-01
<GCONST> 1.265329e+02
<STATE> 3
<NUMMIXES> 8
<MIXTURE> 1 1.142747e-01
<MEAN> 39
 -2.664936e+00 -6.105237e+00 -3.370706e+00 8.626338e-03 5.822892e+00 1.155634e+00 8.450609e-01 5.910533e+00 8.197296e+00 9.735436e+00 8.509955e+00 3.770125e+00 8.501901e+00 5.900523e-02 6.569487e-02 3.595171e-02 -2.958256e-03 -1.353670e-03 8.627305e-02 -1.436092e-02 -3.515209e-02 3.048625e-03 -1.580570e-02 3.123660e-02 -7.422960e-02 -8.668052e-02 4.488331e-02 3.319681e-02 1.136571e-02 -4.144447e-02 -1.116359e-01 -5.616762e-02 3.794455e-03 -3.366941e-02 -5.992093e-02 -6.337797e-02 -7.330985e-02 -4.368459e-03 -4.291199e-02
<VARIANCE> 39
 2.893823e+01 2.682867e+01 4.901338e+01 6.419888e+01 9.008361e+01 5.720653e+01 8.365603e+01 8.323269e+01 1.022451e+02 1.191077e+02 1.198246e+02 1.285115e+02 2.687971e+01 3.557997e-01 6.671225e-01 9.537773e-01 1.247664e+00 1.670350e+00 1.746450e+00 2.015144e+00 2.155823e+00 2.427644e+00 2.369427e+00 2.182786e+00 2.479058e+00 2.088017e-01 6.176550e-02 1.160942e-01 1.732716e-01 2.332392e-01 2.554425e-01 3.066773e-01 3.366584e-01 3.873090e-01 4.120001e-01 4.103578e-01 3.769384e-01 3.880543e-01 3.088146e-02
<GCONST> 1.093618e+02
<MIXTURE> 2 1.076802e-01
<MEAN> 39
 -2.348339e+00 7.796313e+00 1.109828e+01 -8.685089e-01 -8.185775e+00 -3.081353e+00 -8.519780e-01 -9.204189e+00 -3.687859e+00 4.683461e-01 -2.479178e+00 -1.443014e+00 3.978919e+00 2.881997e+00 8.246644e-01 1.219607e+00 -6.624259e-01 -2.923625e+00 -1.477508e+00 -7.961650e-01 -7.004276e-01 -2.015749e+00 -6.528080e-01 -6.333010e-01 -8.844803e-01 1.333686e+00 -2.271399e-01 -1.007160e+00 -7.921448e-01 -1.597652e-01 2.312572e-01 2.361521e-01 4.086381e-01 8.729541e-01 4.442867e-01 2.292493e-01 2.473502e-01 1.388332e-01 -3.602767e-02
<VARIANCE> 39
 1.502043e+01 2.053374e+01 2.391259e+01 3.036178e+01 3.588194e+01 3.767159e+01 4.174142e+01 3.766008e+01 4.824902e+01 3.442564e+01 3.688767e+01 3.440232e+01 1.917670e+01 1.314096e+00 2.696182e+00 3.011765e+00 4.274817e+00 3.532530e+00 4.255747e+00 4.322666e+00 4.399242e+00 4.351994e+00 5.226878e+00 5.781495e+00 5.007940e+00 9.370510e-01 2.592400e-01 3.260825e-01 3.319039e-01 3.732532e-01 5.746490e-01 4.733486e-01 5.622631e-01 5.151659e-01 6.604279e-01 6.130202e-01 5.453398e-01 5.297399e-01 2.203390e-01
<GCONST> 1.212228e+02
<MIXTURE> 3 1.459252e-01
<MEAN> 39
 1.615720e+00 2.892800e+00 3.317565e+00 1.746294e+00 -2.493571e+00 -2.802492e+00 -1.591358e-01 -3.324005e+00 -3.105463e+00 -5.750348e-01 -2.432893e+00 -1.813246e+00 -2.567196e+00 -2.323004e-01 2.896585e-01 -1.292331e-01 5.555159e-01 5.197878e-01 3.136264e-01 1.390416e-01 -2.622734e-02 -1.951731e-01 -6.116186e-01 -1.435137e-01 -3.547593e-01 -1.274335e+00 -1.250979e-01 -2.296517e-01 -1.522543e-01 -1.944569e-01 -8.496861e-02 9.303442e-02 1.093809e-01 1.940953e-01 1.777548e-01 1.440282e-01 1.192392e-01 8.645984e-02 2.363098e-01
<VARIANCE> 39
 1.845419e+01 2.517267e+01 4.028725e+01 3.185930e+01 4.907078e+01 4.070595e+01 4.695797e+01 5.066033e+01 4.597232e+01 4.563444e+01 4.869173e+01 4.267971e+01 2.493087e+01 1.089682e+00 1.317800e+00 1.823237e+00 2.133201e+00 2.846845e+00 2.668592e+00 2.731377e+00 3.158331e+00 3.019357e+00 2.921013e+00 2.750959e+00 2.754128e+00 1.686241e+00 1.090934e-01 2.021670e-01 2.615389e-01 2.940867e-01 3.753637e-01 4.144739e-01 4.541704e-01 5.076963e-01 4.765860e-01 4.445255e-01 4.718454e-01 4.222225e-01 1.189453e-01
<GCONST> 1.144796e+02
<MIXTURE> 4 1.107398e-01
<MEAN> 39
 -1.082952e+01 2.484189e+00 5.866649e+00 -1.999157e+00 -1.424210e+00 2.684732e+00 3.438071e+00 -3.646673e+00 3.383505e+00 3.680990e+00 5.253572e-01 1.380456e+00 1.688913e+00 2.200964e+00 1.865913e+00 1.930664e+00 3.000826e-01 -1.555704e+00 -8.774093e-01 -6.037706e-01 -1.171965e+00 -1.846119e+00 -8.913014e-01 -6.962229e-01 -7.243500e-01 5.034457e-01 1.009992e+00 -1.369296e-01 2.468797e-02 7.129852e-02 -6.323904e-01 -5.024570e-01 -2.374450e-01 -6.400848e-02 -6.427824e-01 -3.217231e-01 -2.331917e-01 -2.603922e-01 7.144851e-02
<VARIANCE> 39
 1.578480e+01 2.362232e+01 2.551366e+01 2.356565e+01 3.210469e+01 2.985199e+01 3.922217e+01 3.453115e+01 4.625350e+01 3.218282e+01 3.044228e+01 3.179045e+01 2.037032e+01 1.663237e+00 2.666268e+00 1.963396e+00 3.450734e+00 3.148723e+00 3.070605e+00 3.570206e+00 3.390772e+00 3.017870e+00 3.321201e+00 3.727690e+00 3.394935e+00 1.083851e+00 2.555367e-01 4.185392e-01 4.878994e-01 4.719044e-01 5.645449e-01 5.391593e-01 6.344079e-01 6.162369e-01 6.836252e-01 6.709643e-01 7.312502e-01 6.896242e-01 3.239862e-01
<GCONST> 1.199335e+02
<MIXTURE> 5 1.155371e-01
<MEAN> 39
 -6.354673e+00 -4.266184e+00 -3.376520e+00 4.711302e+00 3.409136e+00 -4.425958e+00 2.300628e+00 2.946368e+00 4.523459e+00 4.879699e+00 1.080098e+00 1.290358e+00 1.068909e+00 1.398827e+00 1.707462e+00 1.552629e+00 1.384025e-01 -4.703799e-02 2.571796e-01 -7.981139e-01 -1.041969e+00 -8.990371e-01 -1.477491e+00 -1.039873e+00 -7.579461e-01 1.037753e-01 9.124545e-01 4.252667e-01 8.241908e-02 -3.981146e-01 -2.196973e-01 9.203757e-02 -4.885272e-01 -5.379854e-01 -5.920352e-01 -5.273166e-01 -4.165473e-01 -3.054325e-01 6.564637e-02
<VARIANCE> 39
 1.185011e+01 1.830271e+01 3.129246e+01 2.920700e+01 5.212592e+01 5.077312e+01 5.532319e+01 4.280121e+01 4.664947e+01 3.956777e+01 3.783231e+01 3.482946e+01 2.339362e+01 1.898696e+00 2.259574e+00 2.023557e+00 2.849422e+00 3.258926e+00 3.380182e+00 3.620759e+00 3.303187e+00 3.593768e+00 3.286079e+00 3.081361e+00 2.753918e+00 1.006976e+00 2.019529e-01 2.924336e-01 4.114348e-01 4.841169e-01 5.926960e-01 7.270562e-01 6.982958e-01 6.476072e-01 7.242677e-01 6.892973e-01 6.479861e-01 6.224593e-01 2.973833e-01
<GCONST> 1.211918e+02
<MIXTURE> 6 1.227406e-01
<MEAN> 39
 -2.043957e+00 1.699014e+00 2.745882e+00 6.068096e+00 3.166584e+00 -3.135781e+00 5.204802e-01 -8.307690e-01 -7.817124e-01 4.699196e-01 -1.603783e+00 -2.320236e-01 1.349513e+00 2.959154e+00 1.647142e+00 6.763866e-01 -8.793302e-01 -1.196652e+00 -6.053693e-01 -1.394493e+00 -1.170578e+00 -1.065147e+00 -1.494207e+00 -1.011023e+00 -8.168278e-01 1.106643e+00 2.164368e-01 -4.843574e-01 -6.546347e-01 -6.965062e-01 -3.725499e-01 2.030715e-03 -1.139490e-01 1.188024e-01 2.043823e-01 1.549251e-01 6.743974e-02 -1.524440e-02 2.422861e-01
<VARIANCE> 39
 1.758416e+01 2.099834e+01 3.599104e+01 2.594837e+01 4.418296e+01 5.262206e+01 4.712429e+01 3.987999e+01 3.830225e+01 4.060472e+01 3.573697e+01 3.316579e+01 2.561027e+01 1.412691e+00 2.227914e+00 2.869994e+00 3.801626e+00 3.722373e+00 4.442244e+00 4.559882e+00 4.334786e+00 4.979511e+00 4.437261e+00 4.710945e+00 4.465374e+00 9.470708e-01 2.096262e-01 3.013989e-01 3.491309e-01 3.290951e-01 4.810844e-01 6.176744e-01 5.492381e-01 5.526534e-01 5.778311e-01 5.785990e-01 5.428993e-01 4.900181e-01 2.079758e-01
<GCONST> 1.214799e+02
<MIXTURE> 7 1.662434e-01
<MEAN> 39
 -1.243619e+01 4.330510e+00 2.128374e-01 3.034739e+00 8.819670e-02 -2.147742e-01 4.076872e+00 -2.551782e-01 2.962231e+00 2.289089e+00 1.954773e+00 5.039274e-01 5.128590e-01 -7.619544e-01 5.515926e-01 2.383661e-01 1.597624e-01 1.934182e-01 4.915608e-01 4.959590e-01 2.666446e-01 1.628462e-01 6.103291e-02 2.451651e-01 7.383983e-02 -1.279485e-01 6.410496e-01 -1.240409e-01 1.677870e-01 5.434922e-03 -9.800993e-02 -3.680665e-02 -2.117827e-01 -1.892305e-01 -2.679768e-01 -9.977216e-02 -1.721977e-01 -6.036844e-02 -1.606123e-01
<VARIANCE> 39
 3.134889e+01 4.538600e+01 4.455829e+01 5.563019e+01 4.714305e+01 4.707158e+01 4.317197e+01 4.253283e+01 4.006808e+01 3.399074e+01 3.191732e+01 3.301003e+01 2.591415e+01 2.198711e+00 2.474292e+00 1.736763e+00 1.662421e+00 1.901367e+00 2.151136e+00 2.236860e+00 2.114033e+00 2.092303e+00 2.046841e+00 1.942683e+00 1.731348e+00 9.604478e-01 2.603564e-01 3.299738e-01 3.386849e-01 3.982327e-01 4.243582e-01 4.807100e-01 4.781710e-01 4.657913e-01 4.657564e-01 4.488077e-01 4.411791e-01 3.932705e-01 2.155347e-01
<GCONST> 1.153476e+02
<MIXTURE> 8 1.168590e-01
<MEAN> 39
 -3.247857e+00 -6.575867e-01 -2.465799e-03 1.612045e+00 -2.304930e+00 -2.587707e+00 3.210949e+00 3.989408e-01 4.741075e+00 4.346251e+00 1.549770e+00 -1.499225e-01 3.179444e+00 6.913189e-01 3.719246e-01 2.476198e-01 -9.704983e-01 -7.206479e-01 -4.342045e-01 -4.315195e-01 -1.245040e-01 -1.550894e-03 2.381040e-01 4.043510e-01 7.296401e-01 1.005162e+00 1.961259e-01 -1.782719e-02 4.536815e-03 -1.585195e-01 1.266956e-01 1.890236e-01 -1.498454e-01 -1.134755e-02 -2.275108e-01 -3.121763e-02 1.082692e-01 2.202784e-01 -1.949021e-01
<VARIANCE> 39
 3.520079e+01 4.379074e+01 5.051908e+01 5.358534e+01 7.355410e+01 6.463274e+01 7.471461e+01 8.378426e+01 1.021113e+02 8.943208e+01 7.514478e+01 7.806953e+01 5.421292e+01 5.123199e+00 4.416184e+00 4.202643e+00 6.623958e+00 6.675023e+00 5.977245e+00 6.584610e+00 6.600451e+00 6.829199e+00 7.596693e+00 7.689570e+00 8.613711e+00 5.432130e+00 5.220054e-01 6.225525e-01 6.438608e-01 8.036994e-01 9.327513e-01 1.043207e+00 1.125770e+00 1.183870e+00 1.317098e+00 1.309494e+00 1.297741e+00 1.364914e+00 7.821199e-01
<GCONST> 1.490058e+02
<STATE> 4
<NUMMIXES> 8
<MIXTURE> 1 1.050364e-01
<MEAN> 39
 -3.161883e+00 -7.666694e+00 -1.420789e+00 -2.696828e-01 2.995224e+00 1.062617e+00 4.098202e+00 3.020445e+00 1.663906e+00 3.882947e+00 9.241496e+00 1.106608e+01 1.152115e+01 1.268255e-01 -1.521555e-01 -8.991642e-02 5.067978e-02 2.529279e-01 7.467790e-02 -9.146090e-02 -7.060930e-02 -3.145336e-01 -4.269423e-01 -2.172330e-01 7.978924e-03 -1.284265e-01 7.634443e-02 1.440464e-01 6.148069e-03 4.442361e-03 -1.492600e-01 -1.413872e-01 -2.141094e-01 -1.239935e-01 8.117943e-02 7.313154e-02 -1.400019e-01 -2.182227e-01 -1.775442e-01
<VARIANCE> 39
 2.241570e+01 2.954078e+01 3.940918e+01 5.228802e+01 8.715460e+01 7.641364e+01 6.970384e+01 6.008986e+01 6.739062e+01 9.474207e+01 1.048206e+02 8.934389e+01 2.965842e+01 7.835369e-01 1.387050e+00 1.643605e+00 2.337645e+00 3.863882e+00 3.665842e+00 3.746838e+00 3.770769e+00 3.948622e+00 4.249996e+00 4.245118e+00 4.015672e+00 7.490406e-01 1.234013e-01 1.944541e-01 2.579996e-01 3.481109e-01 4.612668e-01 5.801151e-01 6.248062e-01 6.116014e-01 6.559992e-01 6.969373e-01 6.904158e-01 6.513193e-01 1.163556e-01
<GCONST> 1.241859e+02
<MIXTURE> 2 1.024955e-01
<MEAN> 39
 3.045772e-01 4.485044e+00 9.435261e+00 -7.130605e+00 -1.308190e+01 -5.200134e-01 1.852612e-01 -8.594166e+00 -3.575700e+00 1.430296e+00 -6.502156e+00 -3.580976e+00 5.836159e+00 9.116576e-01 -1.359134e+00 -3.724104e-01 -8.805683e-01 -8.750113e-01 2.769635e-01 8.464996e-01 1.351367e+00 -6.880422e-01 3.256279e-01 -1.830918e-01 -3.032914e-01 9.386448e-01 -5.617459e-01 -3.763090e-01 -4.249139e-01 5.170506e-01 8.855435e-01 2.078146e-01 3.539529e-01 5.844273e-01 5.301809e-01 1.331011e-02 5.481801e-01 2.510273e-01 -2.432251e-01
<VARIANCE> 39
 1.106899e+01 2.359246e+01 2.438396e+01 3.174209e+01 3.068862e+01 4.094860e+01 4.671818e+01 3.906002e+01 4.949488e+01 4.372076e+01 4.386154e+01 4.906539e+01 1.575248e+01 9.031391e-01 1.520957e+00 1.978175e+00 2.205654e+00 3.069551e+00 2.736115e+00 3.360191e+00 3.360683e+00 3.562918e+00 3.478233e+00 3.244495e+00 3.188312e+00 5.597422e-01 1.685140e-01 3.099675e-01 3.212792e-01 3.615056e-01 4.152705e-01 4.751263e-01 5.675427e-01 5.660707e-01 5.548176e-01 5.984625e-01 5.259246e-01 5.820193e-01 8.759944e-02
<GCONST> 1.146815e+02
<MIXTURE> 3 1.892238e-01
<MEAN> 39
 -3.439068e+00 3.369754e+00 1.293616e+00 3.648024e+00 -7.986588e-01 -1.347188e+00 1.897629e+00 -1.829908e+00 -1.446609e+00 -5.731722e-01 -1.341964e+00 -1.686228e+00 -4.852303e+00 -5.741118e-01 1.000244e-01 -3.345715e-01 2.330425e-01 3.605584e-01 4.265426e-01 8.272293e-02 6.727970e-02 1.783139e-01 4.033273e-02 1.906598e-01 -6.449988e-02 -5.903864e-01 1.079288e-01 -2.064792e-01 -2.492568e-03 -1.810277e-01 -1.604820e-01 -1.169317e-01 -5.902610e-02 3.894797e-02 1.002681e-01 2.497225e-01 1.092418e-01 1.644723e-01 4.456962e-01
<VARIANCE> 39
 5.524957e+01 4.197991e+01 4.281179e+01 4.111160e+01 5.207705e+01 4.523714e+01 4.686672e+01 4.947977e+01 4.611978e+01 4.322252e+01 4.437799e+01 4.061787e+01 3.927816e+01 2.231819e+00 2.486660e+00 2.149801e+00 2.495898e+00 2.884317e+00 3.138030e+00 3.012467e+00 2.997208e+00 2.953214e+00 2.897851e+00 2.710975e+00 2.625474e+00 3.009549e+00 4.663000e-01 4.890560e-01 4.517317e-01 4.703609e-01 5.739905e-01 6.080868e-01 6.047543e-01 6.551004e-01 6.421799e-01 6.041077e-01 5.840871e-01 5.327275e-01 4.456961e-01
<GCONST> 1.262584e+02
<MIXTURE> 4 1.365036e-01
<MEAN> 39
 4.755733e+00 3.565947e+00 -1.304212e+00 -2.037098e-02 -7.189964e-01 -6.143297e+00 -4.673624e+00 -4.252675e+00 -1.903449e+00 -2.198123e+00 -5.017682e+00 -2.825253e+00 4.375030e+00 2.487610e+00 6.751744e-02 -6.449298e-01 -2.191159e+00 -1.250207e+00 -1.764522e-02 -1.064469e+00 -2.858857e-01 -3.203461e-01 -7.316766e-01 -8.063008e-01 -6.781275e-01 1.408386e+00 -6.861232e-01 -9.274012e-01 -4.147797e-01 2.947357e-03 2.999981e-01 4.691902e-01 5.504165e-01 7.035977e-01 5.814776e-01 5.717075e-01 4.945748e-01 2.767899e-01 -2.710228e-02
<VARIANCE> 39
 1.491536e+01 2.165678e+01 3.068882e+01 3.818287e+01 5.042991e+01 5.470615e+01 4.446299e+01 4.625299e+01 4.156137e+01 5.263958e+01 5.054261e+01 3.992573e+01 2.091196e+01 1.299575e+00 2.524994e+00 2.938345e+00 3.035014e+00 3.901183e+00 4.830043e+00 4.980890e+00 5.237057e+00 5.456933e+00 5.122009e+00 5.048556e+00 4.511257e+00 9.718561e-01 1.940666e-01 2.395049e-01 3.344347e-01 4.523350e-01 5.030275e-01 5.931053e-01 6.133788e-01 6.255521e-01 6.231822e-01 6.454065e-01 5.902190e-01 5.349432e-01 1.143559e-01
<GCONST> 1.230579e+02
<MIXTURE> 5 1.053057e-01
<MEAN> 39
 1.554737e+00 1.574417e+00 8.216979e+00 2.828830e+00 -1.177286e+01 -8.670513e+00 1.721053e+00 -9.586647e-03 -5.774183e+00 -2.842852e-01 2.671522e+00 -8.394306e-01 8.268817e+00 1.206239e+00 -1.006103e+00 -8.731096e-01 -3.301952e-01 -1.084317e+00 -6.067803e-01 -5.214213e-02 1.387919e+00 1.073455e+00 -6.100363e-01 4.125129e-01 -3.232717e-01 1.181891e+00 -6.418548e-01 -3.936810e-01 -5.503794e-01 -2.895898e-01 9.560692e-01 7.130320e-01 7.053501e-02 1.091104e-01 5.663974e-01 2.570057e-01 -3.047973e-01 2.160198e-01 -4.135393e-01
<VARIANCE> 39
 1.183303e+01 1.966132e+01 3.208099e+01 2.434577e+01 3.326275e+01 3.933738e+01 4.588688e+01 4.421680e+01 4.564964e+01 3.957335e+01 3.667256e+01 3.443865e+01 2.237292e+01 1.423786e+00 1.981732e+00 2.513470e+00 2.157777e+00 4.124659e+00 3.779032e+00 3.932537e+00 4.057765e+00 4.612308e+00 3.967843e+00 3.650378e+00 2.958229e+00 1.075958e+00 1.980911e-01 3.830344e-01 3.852496e-01 3.633775e-01 5.042356e-01 5.792633e-01 5.990271e-01 6.610262e-01 7.553200e-01 6.213062e-01 5.492763e-01 4.958201e-01 1.483869e-01
<GCONST> 1.192643e+02
<MIXTURE> 6 1.095798e-01
<MEAN> 39
 2.156806e+00 -9.995092e-01 9.618624e-01 -6.203570e+00 -6.349053e+00 -4.941341e+00 -1.178660e+00 -2.650529e+00 2.335693e+00 6.239332e+00 4.789214e+00 8.041044e+00 7.058348e+00 1.261609e+00 -1.117657e+00 -2.443870e-01 -1.667581e+00 -2.001134e-01 1.363540e-01 -2.783006e-01 5.553141e-01 -3.635463e-01 3.693283e-01 6.343268e-01 1.487222e+00 1.199468e+00 -6.000614e-01 -2.728445e-01 -1.682130e-01 7.862124e-01 7.867113e-01 5.642145e-01 4.403602e-01 3.693603e-01 -7.904916e-02 -4.429367e-01 -3.475820e-01 -6.092378e-01 -3.747461e-01
<VARIANCE> 39
 2.872478e+01 3.112487e+01 6.046962e+01 4.677984e+01 7.773282e+01 6.804245e+01 7.123923e+01 7.213615e+01 7.615359e+01 8.599041e+01 9.134178e+01 9.162793e+01 2.515328e+01 2.049925e+00 3.281491e+00 3.684542e+00 5.195550e+00 6.360066e+00 5.872852e+00 6.201032e+00 6.414920e+00 6.770601e+00 7.341753e+00 8.529208e+00 8.832167e+00 2.571611e+00 3.162093e-01 4.681228e-01 5.930094e-01 6.191633e-01 8.257685e-01 8.569243e-01 9.289724e-01 1.014377e+00 1.095729e+00 1.110806e+00 1.032564e+00 1.000067e+00 3.006050e-01
<GCONST> 1.416264e+02
<MIXTURE> 7 1.242365e-01
<MEAN> 39
 4.402381e+00 -2.961031e-01 -3.107646e+00 -2.208849e+00 -1.162907e+00 -3.947421e+00 -1.484080e+00 3.737525e-02 2.426239e-01 -2.704338e+00 -4.866358e+00 -2.547552e+00 6.832547e+00 6.399028e-01 -1.166679e+00 -1.254410e+00 -1.042492e+00 3.918755e-01 1.028577e+00 1.974765e-02 7.897026e-01 7.347910e-01 -8.040482e-02 -8.345831e-02 -2.511629e-01 8.333074e-01 -5.252819e-01 -1.625162e-01 1.778591e-01 3.742374e-01 3.532235e-01 2.063188e-01 1.622366e-01 7.320030e-02 1.015591e-01 3.203762e-01 3.340922e-01 1.801489e-01 -2.953902e-01
<VARIANCE> 39
 1.215487e+01 2.199745e+01 3.129363e+01 3.556566e+01 5.088195e+01 5.062632e+01 5.899813e+01 5.324590e+01 5.035373e+01 5.728935e+01 5.167156e+01 4.714818e+01 2.186847e+01 6.085899e-01 1.424069e+00 1.834227e+00 2.115374e+00 2.973030e+00 3.085096e+00 3.349713e+00 3.717033e+00 3.669884e+00 3.320158e+00 3.027890e+00 2.743848e+00 5.850669e-01 1.540187e-01 2.170288e-01 2.838894e-01 3.478929e-01 4.175907e-01 4.824362e-01 5.865458e-01 6.245086e-01 6.067963e-01 5.825446e-01 5.326316e-01 5.156137e-01 9.203852e-02
<GCONST> 1.160319e+02
<MIXTURE> 8 1.276188e-01
<MEAN> 39
 -1.774272e+00 -2.335096e+00 -5.747882e-01 6.185153e-01 1.750422e+00 -3.772567e-01 1.208114e+00 1.219794e+00 4.787589e-01 1.136776e+00 3.351567e+00 4.561119e+00 6.933172e+00 4.695970e-02 -4.362336e-02 -6.227940e-02 -5.672566e-02 -3.605983e-02 4.145297e-02 -4.789888e-02 2.433140e-03 -4.813456e-02 -3.574680e-02 -2.340662e-02 -6.686378e-02 -9.383970e-02 1.063267e-02 -8.681598e-03 -1.332655e-02 -2.480153e-02 -3.242601e-02 -3.099531e-02 -1.886299e-02 -9.309224e-03 3.603312e-03 1.468908e-02 -1.998192e-02 -3.097101e-03 -1.878715e-02
<VARIANCE> 39
 4.387327e+01 5.153392e+01 4.614094e+01 5.427244e+01 9.213170e+01 5.632336e+01 5.895139e+01 6.223944e+01 5.421944e+01 6.229109e+01 9.793196e+01 9.922873e+01 6.930540e+01 2.069377e-01 3.962352e-01 5.531303e-01 6.806545e-01 9.741739e-01 1.134910e+00 1.225401e+00 1.305331e+00 1.325923e+00 1.283299e+00 1.287018e+00 1.176542e+00 1.218761e-01 3.933243e-02 7.143696e-02 9.932714e-02 1.307656e-01 1.735571e-01 2.069528e-01 2.256752e-01 2.515044e-01 2.391825e-01 2.437284e-01 2.491051e-01 2.280692e-01 1.944046e-02
<GCONST> 9.540307e+01
<TRANSP> 5
 0.000000e+00 1.000000e+00 0.000000e+00 0.000000e+00 0.000000e+00
 0.000000e+00 6.232118e-01 3.767882e-01 0.000000e+00 0.000000e+00
 0.000000e+00 0.000000e+00 6.217232e-01 3.782768e-01 0.000000e+00
 0.000000e+00 0.000000e+00 0.000000e+00 5.714238e-01 4.285762e-01
 0.000000e+00 0.000000e+00 0.000000e+00 0.000000e+00 0.000000e+00
<ENDHMM>
