~o
<STREAMINFO> 1 39
<VECSIZE> 39<NULLD><MFCC_D_A_Z_0><DIAGC>
~h "l"
<BEGINHMM>
<NUMSTATES> 5
<STATE> 2
<NUMMIXES> 8
<MIXTURE> 1 1.104639e-01
<MEAN> 39
 4.475676e+00 4.862843e+00 1.722381e+00 1.083282e+00 6.536106e-01 -4.689045e+00 -8.146758e+00 -6.170704e+00 -8.667884e-01 -1.551144e+00 -3.213714e+00 -2.636153e+00 1.594531e+00 -5.162526e-02 -2.520598e-01 -1.962076e-01 -2.910322e-01 -2.201957e-01 -7.273617e-02 1.330083e-01 5.166636e-01 2.641461e-01 1.748080e-01 1.583627e-01 1.678613e-01 4.337208e-01 -1.045379e-01 -4.539030e-01 -2.552786e-01 -3.233747e-01 -2.577373e-01 7.944150e-02 4.363217e-01 6.895206e-01 3.057332e-01 1.128741e-01 1.149414e-01 1.555440e-01 3.793117e-01
<VARIANCE> 39
 1.958916e+01 2.658003e+01 4.143295e+01 4.048375e+01 4.762960e+01 5.669524e+01 6.406908e+01 5.792565e+01 5.631207e+01 5.493662e+01 5.685565e+01 5.429024e+01 2.218608e+01 8.970228e-01 1.546715e+00 2.052747e+00 2.481606e+00 2.782586e+00 3.131782e+00 3.538859e+00 4.253537e+00 3.652085e+00 3.376385e+00 3.104463e+00 2.840977e+00 1.225421e+00 1.611824e-01 2.170257e-01 3.390505e-01 4.100939e-01 5.796689e-01 6.498259e-01 8.111295e-01 7.499013e-01 7.943504e-01 6.775140e-01 6.782537e-01 5.844578e-01 1.397995e-01
<GCONST> 1.220616e+02
<MIXTURE> 2 1.212500e-01
<MEAN> 39
 5.028566e+00 -3.248689e+00 -4.279378e+00 -7.535235e+00 3.337583e+00 -4.116505e-01 -4.450362e+00 6.157475e-01 4.209292e+00 1.769552e+00 -9.209195e-01 -1.009236e+00 7.914730e+00 2.238050e-01 4.926422e-01 7.175265e-02 3.156459e-02 6.032409e-02 -1.878334e-01 -6.271483e-01 -6.452023e-01 -2.006714e-01 8.057609e-02 8.691973e-03 -1.117169e-01 -4.930623e-01 -9.848715e-02 2.129878e-01 1.389251e-01 3.212821e-01 -1.116389e-01 9.667511e-03 6.678515e-02 -1.345426e-01 -2.963379e-01 -1.315219e-01 4.961074e-02 5.362226e-02 -1.912477e-01
<VARIANCE> 39
 2.248001e+01 2.997919e+01 4.834555e+01 6.130999e+01 8.069510e+01 9.515702e+01 8.636822e+01 8.772913e+01 8.446230e+01 9.035460e+01 9.130198e+01 8.856014e+01 2.347949e+01 7.815063e-01 1.558759e+00 2.220968e+00 2.935941e+00 3.774425e+00 4.628398e+00 4.130819e+00 4.774399e+00 4.228302e+00 4.097712e+00 3.821602e+00 3.597291e+00 9.175052e-01 1.357068e-01 2.164477e-01 3.375325e-01 4.467644e-01 5.793636e-01 6.437918e-01 7.407942e-01 8.144078e-01 7.810723e-01 7.629251e-01 6.893163e-01 6.282445e-01 1.361058e-01
<GCONST> 1.281994e+02
<MIXTURE> 3 1.698181e-01
<MEAN> 39
 6.485611e+00 1.407990e+00 -6.494703e+00 -9.476696e+00 2.637789e+00 5.093128e+00 -5.213991e+00 -2.914694e+00 2.637600e+00 9.914529e-01 1.213502e+00 -1.993511e+00 6.543097e+00 3.523343e-02 1.399205e-01 -9.160039e-03 -8.847299e-02 2.704337e-02 5.521357e-02 -3.688689e-02 -1.071848e-01 -8.594292e-02 7.961322e-03 1.162132e-01 3.552427e-02 -9.031530e-02 -7.684845e-03 -1.566796e-02 2.809456e-02 3.546809e-02 -2.525229e-02 -7.075401e-02 -8.328171e-03 4.125673e-03 -4.522234e-03 -9.692236e-03 -2.902631e-02 6.799088e-03 -8.071180e-03
<VARIANCE> 39
 1.118322e+01 2.383071e+01 3.190082e+01 4.500839e+01 5.938075e+01 6.471613e+01 6.461621e+01 6.424086e+01 6.257606e+01 5.842567e+01 6.436879e+01 6.001745e+01 1.657643e+01 8.156746e-02 2.332215e-01 3.285300e-01 5.299435e-01 6.338819e-01 7.534829e-01 8.388643e-01 9.216189e-01 9.473906e-01 9.456037e-01 9.226425e-01 8.192362e-01 5.332044e-02 1.348499e-02 3.624338e-02 5.500884e-02 8.548196e-02 1.103563e-01 1.302188e-01 1.466505e-01 1.584574e-01 1.631032e-01 1.593755e-01 1.553446e-01 1.407950e-01 1.000000e-02
<GCONST> 7.729523e+01
<MIXTURE> 4 1.450436e-01
<MEAN> 39
 7.896707e+00 4.980406e+00 -5.740220e+00 -1.301764e+01 1.603986e-02 7.505471e+00 -2.221842e+00 -5.853697e+00 -2.091226e+00 -7.811762e-01 4.525193e+00 1.429408e+00 3.922044e+00 1.284702e-02 2.089898e-01 1.403231e-01 1.398854e-01 -9.151211e-02 -2.204257e-01 -2.695549e-02 -6.666386e-02 -2.039509e-01 -1.162939e-01 -5.816447e-02 5.503402e-02 -2.335513e-01 -5.535251e-02 -1.311265e-01 1.104866e-02 2.232766e-01 9.688184e-02 -1.889408e-01 -1.797757e-01 5.835105e-02 1.912180e-01 1.330504e-01 -1.976834e-01 -1.738516e-01 3.231882e-02
<VARIANCE> 39
 1.428026e+01 2.283364e+01 3.843512e+01 4.437851e+01 5.947769e+01 5.128625e+01 6.259805e+01 6.662524e+01 6.900564e+01 7.030640e+01 5.682995e+01 6.834797e+01 2.098173e+01 2.411868e-01 6.532147e-01 8.454491e-01 1.346364e+00 1.580136e+00 1.875470e+00 2.132848e+00 2.105995e+00 2.417427e+00 2.402157e+00 2.151557e+00 2.017210e+00 2.619685e-01 3.973658e-02 9.830192e-02 1.455704e-01 2.283678e-01 2.712616e-01 3.288795e-01 3.543607e-01 3.967504e-01 4.264229e-01 3.946699e-01 3.947461e-01 3.469656e-01 3.303047e-02
<GCONST> 1.033097e+02
<MIXTURE> 5 1.341608e-01
<MEAN> 39
 5.698651e+00 3.906010e+00 -5.591035e-01 -8.701004e-01 7.844608e-01 -6.889297e+00 -9.359783e+00 -2.051976e+00 3.192984e+00 -8.653204e-01 -4.563919e+00 -2.158839e+00 2.890284e+00 -4.338853e-02 5.650029e-02 2.251572e-02 -4.184906e-02 6.488831e-02 -3.752463e-02 -1.482783e-01 1.348289e-01 5.560994e-02 -2.796059e-02 -5.582446e-02 5.135422e-02 1.891256e-02 -6.431347e-02 -1.758242e-01 -5.406047e-02 -7.530241e-02 -1.103241e-01 1.443367e-01 2.773243e-01 1.612808e-01 -7.504275e-02 -3.578344e-02 8.353153e-02 2.902934e-02 1.317647e-01
<VARIANCE> 39
 1.086306e+01 2.217265e+01 3.730405e+01 3.404700e+01 4.220391e+01 4.874925e+01 5.808239e+01 7.109119e+01 5.774483e+01 6.788836e+01 5.547305e+01 6.184707e+01 1.524094e+01 1.813388e-01 4.393711e-01 8.159809e-01 9.875479e-01 1.246352e+00 1.440286e+00 1.772786e+00 1.911276e+00 1.896024e+00 1.738292e+00 1.686833e+00 1.556049e+00 1.827073e-01 3.774745e-02 9.612048e-02 1.517427e-01 1.814739e-01 2.579762e-01 2.902110e-01 3.604059e-01 4.130909e-01 4.051113e-01 3.836374e-01 3.533266e-01 3.160637e-01 3.690490e-02
<GCONST> 9.785817e+01
<MIXTURE> 6 1.234916e-01
<MEAN> 39
 3.976390e+00 -5.245656e+00 -6.831226e+00 -8.578302e+00 7.112353e+00 3.903722e+00 -4.106425e+00 2.477960e+00 2.177318e+00 -7.117441e-02 6.653420e-01 7.291553e-01 9.343083e+00 1.192760e-01 2.356839e-01 -7.435933e-02 -1.962511e-01 -7.306894e-02 -2.262417e-02 -2.309740e-01 -8.532436e-02 4.371351e-02 1.204101e-01 9.812178e-02 -1.047540e-01 -1.914742e-01 1.149537e-02 7.269422e-02 6.049575e-02 6.977048e-02 -1.611725e-01 -1.261220e-01 -5.684959e-03 -7.411721e-02 2.101830e-02 4.429907e-02 3.874684e-03 -1.592876e-02 -5.554941e-02
<VARIANCE> 39
 1.554813e+01 2.151337e+01 3.495632e+01 5.045294e+01 7.116954e+01 8.312343e+01 8.013528e+01 5.763397e+01 6.570981e+01 7.194063e+01 8.333688e+01 9.349788e+01 1.719220e+01 2.592625e-01 6.464299e-01 7.996914e-01 1.108116e+00 1.577736e+00 1.747876e+00 1.810167e+00 1.781758e+00 1.807961e+00 1.774585e+00 1.803262e+00 1.630318e+00 1.473495e-01 4.524354e-02 9.570180e-02 1.423099e-01 1.988624e-01 2.492256e-01 2.808630e-01 3.256342e-01 3.247063e-01 3.126326e-01 3.030134e-01 2.986043e-01 2.696948e-01 2.363305e-02
<GCONST> 1.004280e+02
<MIXTURE> 7 1.142863e-01
<MEAN> 39
 6.576216e+00 1.432950e+00 -6.833911e+00 -6.190776e+00 3.479709e+00 1.127515e+00 -8.523818e+00 -3.584875e+00 4.847835e+00 3.513018e+00 -1.906553e+00 -5.960013e+00 5.434404e+00 2.630045e-01 6.113672e-01 -3.889792e-02 -2.960205e-01 1.649303e-01 4.171318e-01 -1.410361e-01 -8.883775e-01 -5.994267e-01 2.764570e-01 6.647904e-01 1.294433e-02 -4.673294e-01 -5.724303e-02 -9.414515e-03 2.153865e-01 1.042347e-01 -1.744737e-01 -1.453280e-01 2.361154e-01 1.900087e-01 -2.365665e-01 -3.167830e-01 1.578276e-03 2.885028e-01 -3.314400e-02
<VARIANCE> 39
 1.060002e+01 1.754320e+01 3.142830e+01 3.584319e+01 4.003236e+01 5.600679e+01 4.601777e+01 5.816739e+01 5.946131e+01 5.564045e+01 6.476689e+01 4.369254e+01 1.676623e+01 2.373773e-01 5.748834e-01 1.147697e+00 1.591545e+00 1.816988e+00 2.419653e+00 2.365633e+00 2.414978e+00 2.690504e+00 2.609314e+00 2.340708e+00 2.331855e+00 1.938577e-01 3.449742e-02 7.460813e-02 1.330010e-01 1.791142e-01 2.454443e-01 2.955255e-01 3.104613e-01 3.746838e-01 3.817746e-01 3.550539e-01 3.824142e-01 2.915033e-01 2.600686e-02
<GCONST> 9.993198e+01
<MIXTURE> 8 8.148566e-02
<MEAN> 39
 4.868575e+00 3.827857e+00 -1.537773e+00 -2.545896e+00 -1.656918e+00 -4.351203e+00 -5.967079e+00 -4.100158e+00 1.636626e+00 1.284584e+00 2.031767e-01 7.839388e-02 3.329273e+00 1.236636e+00 -1.293061e+00 -8.632843e-01 -1.960399e+00 -4.377931e-02 -9.686570e-02 -5.615633e-01 9.165907e-01 8.701525e-01 5.027825e-01 5.846655e-02 2.600151e-01 1.968834e+00 -6.220319e-01 -3.958668e-01 -2.008874e-02 2.589337e-01 3.463717e-01 4.388546e-01 6.073022e-01 5.297593e-01 4.328731e-02 -9.435043e-02 -1.301756e-01 -7.403131e-02 -1.315509e-01
<VARIANCE> 39
 2.472645e+01 3.207299e+01 4.770445e+01 5.068197e+01 5.627583e+01 6.562022e+01 6.444695e+01 6.962701e+01 6.143937e+01 6.616980e+01 6.930731e+01 6.704770e+01 2.856700e+01 2.816328e+00 3.082678e+00 3.240141e+00 3.840854e+00 5.373440e+00 5.707372e+00 6.725351e+00 7.047073e+00 6.449789e+00 6.049464e+00 5.701832e+00 5.927414e+00 2.200147e+00 4.965268e-01 4.656054e-01 5.264510e-01 7.095612e-01 7.275771e-01 9.092175e-01 1.112081e+00 1.068864e+00 9.838438e-01 9.424648e-01 8.649403e-01 8.226680e-01 3.242745e-01
<GCONST> 1.385789e+02
<STATE> 3
<NUMMIXES> 8
<MIXTURE> 1 1.145734e-01
<MEAN> 39
 3.860188e+00 3.989995e+00 1.750468e+00 -1.688037e+00 -5.277255e+00 -3.135708e+00 -7.288001e-02 -1.518793e+00 -2.266594e+00 -2.610354e+00 -2.402606e+00 -7.195470e-01 1.378233e+00 -7.565787e-02 -1.813052e-01 -6.018433e-02 -5.764751e-03 -4.827720e-02 7.710026e-02 8.600766e-02 9.474254e-02 -6.652778e-02 7.788029e-02 2.034616e-02 -1.899317e-02 7.057353e-02 -5.287790e-02 -8.940852e-02 -2.451750e-03 5.469146e-02 1.693645e-01 7.370712e-02 -7.248077e-02 -9.747244e-03 6.263155e-02 1.076075e-01 4.879200e-02 -3.687425e-02 1.720205e-02
<VARIANCE> 39
 2.542091e+01 3.334697e+01 4.862719e+01 5.023433e+01 5.259527e+01 4.872435e+01 4.490343e+01 5.376438e+01 4.762111e+01 5.132404e+01 4.324062e+01 4.558310e+01 2.859465e+01 3.990018e-01 7.780769e-01 1.078027e+00 1.269207e+00 1.908152e+00 1.836650e+00 2.125463e+00 2.244039e+00 2.215536e+00 2.155026e+00 1.969028e+00 1.717620e+00 3.933494e-01 7.586171e-02 1.072313e-01 1.699720e-01 2.233258e-01 2.836151e-01 3.088644e-01 3.290257e-01 3.585798e-01 3.436998e-01 3.508402e-01 3.154660e-01 2.910342e-01 5.016759e-02
<GCONST> 1.042575e+02
<MIXTURE> 2 1.041279e-01
<MEAN> 39
 2.717716e+00 -2.239473e+00 -5.268431e+00 -5.200600e+00 3.050479e+00 1.271738e+00 -3.526268e+00 1.907081e+00 3.465557e+00 7.306120e+00 1.038960e+01 1.102020e+01 5.951129e+00 6.415662e-03 -1.318405e-02 -2.769973e-02 3.979300e-02 -6.108701e-02 -9.769791e-02 -9.400436e-02 -1.750959e-03 1.031241e-01 7.163441e-02 -4.008634e-02 -1.223020e-01 -5.852668e-02 -1.677527e-02 -2.698246e-02 2.259960e-02 2.772485e-02 -7.829273e-02 -8.517507e-02 2.896540e-02 3.091718e-02 -8.331490e-03 -7.512189e-02 -4.772108e-02 -2.362898e-02 -2.144664e-03
<VARIANCE> 39
 1.063534e+01 2.137741e+01 3.816751e+01 3.538209e+01 7.798479e+01 6.592097e+01 7.886058e+01 6.983068e+01 7.864346e+01 1.062191e+02 1.234965e+02 1.190290e+02 1.942855e+01 1.637494e-01 4.271715e-01 6.239325e-01 7.938755e-01 1.024164e+00 1.034168e+00 1.216305e+00 1.262402e+00 1.307619e+00 1.393946e+00 1.316529e+00 1.295127e+00 7.801985e-02 2.592193e-02 6.587645e-02 1.003745e-01 1.361148e-01 1.636995e-01 1.702673e-01 2.028002e-01 2.244655e-01 2.176322e-01 2.376398e-01 2.307402e-01 2.181877e-01 1.037041e-02
<GCONST> 9.091531e+01
<MIXTURE> 3 1.229582e-01
<MEAN> 39
 7.170746e+00 3.154874e+00 -7.696337e+00 -8.488895e+00 3.489285e+00 2.062064e+00 -7.073161e+00 -2.704425e+00 -4.934446e-02 5.597247e-01 -1.331750e-01 -3.910523e+00 3.049721e+00 -1.097974e-01 6.193551e-01 9.767301e-01 1.276027e+00 -4.343168e-01 -8.975661e-01 -1.979333e-01 -8.383562e-01 -5.679529e-01 -2.200400e-01 -3.366022e-01 2.073813e-02 -9.098736e-01 -2.032013e-01 2.052153e-02 3.709338e-01 5.188135e-01 7.169096e-02 -8.581984e-02 2.296226e-01 -4.810013e-02 -4.185111e-02 -1.316160e-01 -1.604529e-01 1.633136e-02 -1.691799e-01
<VARIANCE> 39
 1.013282e+01 2.546785e+01 2.523162e+01 3.690245e+01 3.717319e+01 5.265395e+01 4.913581e+01 5.488315e+01 5.891537e+01 5.170692e+01 5.948394e+01 4.989716e+01 1.916773e+01 4.332422e-01 9.728646e-01 1.331095e+00 1.694853e+00 2.314694e+00 2.339435e+00 2.594739e+00 3.058405e+00 2.942844e+00 2.728673e+00 2.560464e+00 2.399313e+00 5.112141e-01 9.597712e-02 1.394173e-01 1.903226e-01 2.870432e-01 3.456118e-01 3.861034e-01 4.339426e-01 5.192342e-01 4.806543e-01 4.464943e-01 4.560374e-01 3.724752e-01 8.421870e-02
<GCONST> 1.089428e+02
<MIXTURE> 4 1.633328e-01
<MEAN> 39
 8.167439e+00 7.884626e+00 -4.662645e+00 -6.891792e+00 5.724257e-01 3.274004e+00 -3.451849e+00 -5.675621e+00 -2.154984e+00 2.292393e-01 1.328053e+00 -9.258230e-01 -6.015841e-01 -1.210745e-02 6.284292e-02 1.201437e-01 1.398855e-01 -1.273773e-02 -1.019023e-01 -2.663951e-03 2.838152e-03 -6.153330e-02 -4.788695e-02 -7.129221e-02 -1.368208e-02 -1.216488e-01 -2.386083e-02 -4.259828e-02 2.370603e-02 4.194369e-02 1.143477e-02 -3.660339e-02 -2.210127e-02 2.714537e-02 4.318815e-02 -1.816769e-03 -4.223688e-02 -2.129283e-02 1.131050e-02
<VARIANCE> 39
 6.928792e+00 1.615120e+01 2.361489e+01 3.106666e+01 3.443620e+01 3.423963e+01 4.217631e+01 3.619293e+01 4.494200e+01 4.952972e+01 4.562801e+01 5.504225e+01 1.197220e+01 8.813235e-02 2.555182e-01 4.122059e-01 6.268736e-01 7.387040e-01 8.684661e-01 1.014931e+00 1.077037e+00 1.198404e+00 1.164244e+00 1.115627e+00 1.028725e+00 8.299094e-02 1.567408e-02 4.413823e-02 7.422641e-02 1.115575e-01 1.360034e-01 1.589027e-01 1.832573e-01 2.028360e-01 2.210593e-01 2.140796e-01 2.039490e-01 1.903671e-01 1.116049e-02
<GCONST> 7.790401e+01
<MIXTURE> 5 1.485819e-01
<MEAN> 39
 4.574388e+00 1.115738e+00 -7.860847e-01 -8.746189e-01 -1.515293e+00 -9.038241e+00 -7.825291e+00 2.628821e+00 4.354810e+00 -1.672867e+00 -4.199721e+00 6.253132e-01 6.176936e+00 -4.669723e-01 -1.667288e+00 -4.591023e-01 -7.202250e-01 -1.148528e+00 2.129727e-01 2.267854e+00 2.736200e+00 4.740099e-02 -7.190876e-01 1.391360e-01 7.127784e-01 1.595264e+00 -1.824446e-01 -8.297689e-02 1.181847e-01 -5.718632e-03 -4.271516e-02 5.671092e-01 5.951358e-01 -2.160148e-01 -5.079327e-01 -8.132306e-02 2.283975e-01 -9.698835e-02 -3.461646e-02
<VARIANCE> 39
 1.137863e+01 1.985480e+01 3.346668e+01 2.888230e+01 4.083359e+01 3.737403e+01 4.874075e+01 5.009605e+01 5.106330e+01 5.305967e+01 5.201992e+01 5.864432e+01 1.817141e+01 6.809744e-01 1.594310e+00 3.142527e+00 2.753685e+00 4.600891e+00 5.465684e+00 4.752118e+00 4.503479e+00 5.382700e+00 4.620728e+00 4.061815e+00 3.706162e+00 6.777844e-01 1.069610e-01 2.105031e-01 2.658785e-01 3.320632e-01 5.210068e-01 4.373900e-01 5.945444e-01 6.550371e-01 6.121970e-01 6.403440e-01 5.663508e-01 4.948578e-01 1.128482e-01
<GCONST> 1.189615e+02
<MIXTURE> 6 1.336466e-01
<MEAN> 39
 6.208412e+00 3.385333e+00 -3.020021e+00 -4.015666e+00 2.631913e+00 -1.209212e+00 -9.932425e+00 -6.057491e+00 2.617342e+00 4.392169e+00 -9.840142e-03 -3.706203e+00 4.467703e+00 -2.521179e-01 -1.178747e+00 -6.132151e-01 -2.718783e-01 -1.657726e-01 -2.342370e-01 3.327327e-01 1.935108e+00 1.476205e+00 -1.306402e-01 -8.951031e-01 -2.131693e-01 1.039188e+00 -1.396865e-01 -3.185009e-01 -6.468449e-02 3.029658e-02 -1.624198e-01 -2.879985e-02 4.921044e-01 6.401616e-01 1.280617e-01 -4.735084e-01 -3.130427e-01 1.811749e-01 2.071624e-01
<VARIANCE> 39
 1.083639e+01 2.074380e+01 3.442535e+01 3.522122e+01 3.336951e+01 4.739174e+01 4.550091e+01 5.440586e+01 5.164464e+01 4.335767e+01 5.433314e+01 4.505069e+01 1.761163e+01 3.296428e-01 7.955135e-01 1.609533e+00 2.214375e+00 2.227417e+00 3.102030e+00 3.359403e+00 3.340909e+00 3.270436e+00 3.183352e+00 2.777902e+00 2.591316e+00 3.638659e-01 5.333594e-02 1.279806e-01 2.322953e-01 2.377684e-01 3.584315e-01 4.013656e-01 4.609459e-01 4.913197e-01 5.410706e-01 4.310757e-01 4.483963e-01 4.312267e-01 5.763452e-02
<GCONST> 1.080878e+02
<MIXTURE> 7 1.063058e-01
<MEAN> 39
 3.038806e+00 -1.426687e+00 -4.782213e+00 -5.622104e+00 2.778185e+00 -1.913646e+00 -5.617517e+00 6.888727e-01 4.391571e+00 9.948115e+00 1.401361e+01 1.401447e+01 5.453425e+00 -1.382369e-01 -1.514086e-01 -3.186670e-02 1.150157e-01 -4.436442e-02 -9.357408e-02 1.519971e-01 1.323670e-01 -1.163195e-01 -1.633202e-01 -1.116689e-01 -7.130787e-03 5.784418e-02 -9.271318e-02 -9.773631e-02 4.993914e-02 1.314141e-01 -4.629660e-02 1.610743e-02 1.968000e-01 1.557664e-01 -1.415039e-02 -2.452275e-01 -3.688908e-01 -3.140417e-01 3.578299e-02
<VARIANCE> 39
 1.664246e+01 2.989079e+01 4.542031e+01 4.117341e+01 7.581029e+01 8.515816e+01 7.566251e+01 8.434924e+01 8.436596e+01 9.059561e+01 6.446447e+01 5.940806e+01 2.334134e+01 6.101937e-01 1.265946e+00 1.564231e+00 1.910187e+00 2.761349e+00 3.098889e+00 3.075000e+00 3.484622e+00 3.793133e+00 4.203722e+00 3.867395e+00 3.542359e+00 6.244599e-01 9.717298e-02 1.965950e-01 2.665334e-01 3.387336e-01 4.229381e-01 5.495962e-01 5.380988e-01 6.106594e-01 6.200169e-01 6.674043e-01 6.189984e-01 6.013634e-01 9.218451e-02
<GCONST> 1.203781e+02
<MIXTURE> 8 1.064733e-01
<MEAN> 39
 5.808314e+00 -1.829929e+00 -2.575509e+00 -7.121259e+00 1.347837e+00 -1.739942e+00 -5.000694e+00 -1.233096e+00 3.238773e+00 4.162179e+00 2.010218e+00 8.123320e-01 6.159895e+00 -4.393114e-01 -2.805230e-01 3.730368e-02 7.682237e-01 -7.065199e-04 -2.077289e-01 2.500551e-01 4.907594e-01 -2.403123e-02 -2.760601e-01 -3.884767e-01 -1.913020e-01 3.069969e-01 -4.396500e-01 2.386435e-01 1.026819e-01 5.791153e-01 -4.437424e-02 1.630682e-01 3.529243e-01 1.011115e-01 -2.284662e-01 -3.793577e-01 -1.629277e-01 -5.832606e-02 -2.295929e-01
<VARIANCE> 39
 2.771510e+01 3.786827e+01 6.642961e+01 7.165913e+01 8.808421e+01 1.061145e+02 9.891998e+01 1.110875e+02 1.058181e+02 1.083051e+02 1.147260e+02 1.097311e+02 3.073791e+01 1.504534e+00 4.532007e+00 3.400886e+00 5.107096e+00 5.566096e+00 6.520507e+00 6.315164e+00 8.103656e+00 7.363722e+00 6.453533e+00 5.715092e+00 5.936664e+00 3.521657e+00 3.050183e-01 3.983933e-01 5.984678e-01 8.035526e-01 9.387670e-01 1.171990e+00 1.151541e+00 1.287229e+00 1.231760e+00 1.243031e+00 1.172814e+00 1.127573e+00 3.339592e-01
<GCONST> 1.459652e+02
<STATE> 4
<NUMMIXES> 8
<MIXTURE> 1 1.333850e-01
<MEAN> 39
 1.723910e+00 -4.959230e+00 -3.405702e+00 -4.430014e+00 1.838776e+00 3.077574e-01 -9.082641e-01 2.575478e+00 3.151022e+00 2.954313e+00 3.315058e+00 3.081228e+00 8.678858e+00 -4.017502e-02 -2.350224e-01 9.613141e-02 2.561274e-01 2.598391e-02 -1.022357e-01 -2.010055e-02 1.467712e-01 6.486909e-02 -1.026904e-01 -1.901220e-01 -8.370169e-02 7.436345e-03 6.653466e-02 1.425220e-01 5.575450e-02 2.981772e-02 -8.664044e-02 -8.308406e-02 -5.082721e-02 -4.148703e-02 -5.662097e-02 -4.554906e-02 -1.391211e-02 5.189705e-02 -1.011767e-01
<VARIANCE> 39
 2.093988e+01 2.669864e+01 4.606702e+01 4.675391e+01 7.822246e+01 7.329517e+01 8.520669e+01 7.691566e+01 9.432285e+01 1.073692e+02 1.147779e+02 1.314627e+02 2.361697e+01 3.039604e-01 6.545522e-01 8.949031e-01 1.104054e+00 1.701263e+00 1.854664e+00 2.019189e+00 2.133262e+00 2.198876e+00 2.166979e+00 2.188407e+00 2.130590e+00 1.962561e-01 5.194865e-02 1.070285e-01 1.582865e-01 1.981128e-01 2.647122e-01 3.171349e-01 3.680585e-01 3.627817e-01 4.078033e-01 4.002686e-01 3.595919e-01 3.675547e-01 3.265851e-02
<GCONST> 1.071789e+02
<MIXTURE> 2 1.247245e-01
<MEAN> 39
 4.603754e+00 4.776246e+00 -3.772754e-01 1.359219e-02 -2.558369e-03 -1.273661e+00 -3.345255e+00 -4.054964e+00 -1.496573e+00 -1.356694e+00 -2.332313e+00 -2.845983e+00 -1.192416e+00 -3.549728e-01 8.154524e-02 5.778029e-01 8.301778e-01 2.232522e-01 -1.245894e-01 1.589912e-01 -7.786094e-02 -8.996658e-02 -8.190747e-02 -2.404968e-01 -1.116492e-01 -4.647104e-01 -4.579278e-02 -6.681166e-02 -7.579526e-02 -1.088746e-01 3.815512e-02 6.525289e-02 4.185472e-02 1.045152e-01 7.197347e-02 1.002936e-02 7.866059e-02 6.040439e-02 5.347332e-02
<VARIANCE> 39
 1.845011e+01 2.451052e+01 3.469362e+01 3.292504e+01 4.456471e+01 4.347755e+01 4.482868e+01 4.451998e+01 4.783899e+01 4.807430e+01 4.443698e+01 4.556812e+01 2.392109e+01 4.396704e-01 5.762111e-01 1.007766e+00 1.321639e+00 1.517944e+00 1.702845e+00 1.772130e+00 2.117210e+00 1.994003e+00 2.009054e+00 1.765286e+00 1.609718e+00 3.307596e-01 4.647803e-02 8.747463e-02 1.391819e-01 1.892955e-01 2.292330e-01 2.662623e-01 2.971164e-01 3.412691e-01 3.574181e-01 3.538560e-01 3.152478e-01 2.895432e-01 3.664971e-02
<GCONST> 9.904562e+01
<MIXTURE> 3 1.339359e-01
<MEAN> 39
 1.477168e+00 6.153841e+00 -2.531773e-01 2.463940e+00 1.832028e+00 -1.057180e+00 -2.644636e+00 -4.490780e+00 -1.891625e+00 -1.821441e+00 -2.319071e+00 -2.997826e+00 -2.022461e+00 -1.573836e+00 7.105717e-02 3.724882e-01 1.149643e+00 1.702936e-01 9.017938e-02 1.008978e+00 5.472590e-01 1.869172e-01 6.053486e-02 4.854956e-02 2.275660e-02 -6.260578e-01 -8.292478e-02 -4.164548e-01 -2.522160e-01 -4.865264e-01 -1.039613e-01 3.989039e-02 -2.933997e-02 3.366300e-01 3.124161e-01 2.691113e-01 2.185441e-01 2.173375e-01 3.561988e-01
<VARIANCE> 39
 3.790145e+01 4.089083e+01 5.038354e+01 4.228926e+01 5.791965e+01 5.501061e+01 4.921648e+01 5.118882e+01 4.947302e+01 5.064776e+01 4.645466e+01 4.811037e+01 3.908310e+01 3.396057e+00 3.192845e+00 2.676544e+00 4.091150e+00 3.913029e+00 4.025855e+00 4.344595e+00 4.342801e+00 4.000226e+00 3.720536e+00 3.498890e+00 3.362463e+00 3.304886e+00 3.874262e-01 4.097592e-01 4.460876e-01 5.628129e-01 6.560109e-01 6.942897e-01 6.971464e-01 7.972884e-01 7.232019e-01 7.006398e-01 6.330002e-01 5.675927e-01 3.597709e-01
<GCONST> 1.312998e+02
<MIXTURE> 4 1.303116e-01
<MEAN> 39
 4.511040e+00 -1.545226e+00 -5.055904e+00 -3.220996e+00 7.593331e-01 -3.743914e+00 -3.813053e+00 6.213811e+00 4.174533e+00 -5.132997e+00 -6.775412e+00 -1.302527e+00 7.415325e+00 -3.651702e-01 -8.624692e-01 1.309995e-01 5.863028e-02 -1.968188e-01 3.957547e-01 1.172771e+00 1.022632e+00 -7.257222e-01 -1.116993e+00 -8.867234e-03 7.074085e-01 5.656452e-01 2.920783e-02 2.157892e-01 2.408268e-01 1.093064e-01 -3.350033e-02 3.209640e-02 -1.145351e-01 -6.105745e-01 -2.896793e-01 3.204802e-01 3.521063e-01 -9.186686e-02 -2.294052e-01
<VARIANCE> 39
 9.387762e+00 1.876744e+01 2.594235e+01 2.618744e+01 4.225829e+01 4.460299e+01 4.900900e+01 4.533103e+01 5.569603e+01 4.878396e+01 3.746123e+01 4.202803e+01 1.524228e+01 2.315177e-01 7.132319e-01 1.273737e+00 1.120867e+00 2.410590e+00 2.379560e+00 2.306402e+00 2.458338e+00 2.351495e+00 2.280073e+00 2.096559e+00 1.971857e+00 2.407561e-01 3.760234e-02 9.079017e-02 1.380771e-01 1.812988e-01 2.534615e-01 3.020570e-01 3.714763e-01 3.635977e-01 3.847585e-01 3.122953e-01 3.068619e-01 2.787889e-01 3.560627e-02
<GCONST> 9.847012e+01
<MIXTURE> 5 1.255510e-01
<MEAN> 39
 1.919212e+00 -2.182994e-01 3.753753e+00 -3.942596e-01 -8.542158e+00 -9.055112e+00 -4.065597e-01 3.534135e+00 -2.936810e+00 -2.180930e+00 7.873868e-01 2.627529e+00 7.566514e+00 -5.977929e-01 8.193736e-03 1.422439e+00 -5.234709e-01 -1.929987e+00 7.361087e-01 1.594757e+00 -6.474372e-01 -1.416641e+00 8.769391e-01 7.980027e-01 -3.544147e-01 3.214280e-01 8.203159e-02 2.738259e-01 -7.526078e-03 -1.310510e-01 4.311301e-01 5.077221e-01 -4.329360e-01 -7.274078e-01 2.483118e-01 3.548710e-01 -3.411483e-01 -4.317693e-01 -2.680290e-01
<VARIANCE> 39
 1.355663e+01 2.425759e+01 3.544195e+01 3.559645e+01 4.217628e+01 4.270720e+01 4.632258e+01 5.794398e+01 5.435981e+01 5.644581e+01 6.010889e+01 6.574532e+01 1.985433e+01 4.129224e-01 1.033934e+00 1.782841e+00 1.898937e+00 2.637965e+00 3.107719e+00 3.442215e+00 4.102869e+00 3.310546e+00 3.648949e+00 3.215899e+00 2.645454e+00 5.225895e-01 6.543920e-02 1.396131e-01 2.421274e-01 2.907355e-01 3.876359e-01 4.780394e-01 5.062775e-01 6.423753e-01 5.987025e-01 6.121168e-01 5.410812e-01 4.735171e-01 6.159837e-02
<GCONST> 1.130963e+02
<MIXTURE> 6 1.290548e-01
<MEAN> 39
 6.132679e+00 3.997926e+00 -3.710737e+00 -3.824811e+00 2.137024e+00 -1.003197e+00 -7.927212e+00 -5.405940e+00 -6.869047e-01 1.785575e-01 -6.304449e-01 -1.960918e+00 1.490409e+00 -8.045358e-01 1.145746e+00 1.294404e+00 2.387762e+00 7.851689e-02 -6.086899e-01 5.296143e-01 -9.681857e-01 -8.910581e-01 -7.303820e-01 -7.913305e-01 -5.433250e-01 -1.585806e+00 -3.627775e-01 -1.130573e-01 -1.731860e-02 7.692504e-02 1.539692e-01 2.536666e-01 4.830081e-01 3.887981e-01 1.776317e-01 1.959880e-02 -4.183646e-03 -3.669624e-02 -1.664939e-02
<VARIANCE> 39
 1.333862e+01 2.618570e+01 3.226004e+01 3.855506e+01 4.189367e+01 6.267938e+01 4.884916e+01 5.400895e+01 5.564663e+01 5.660623e+01 6.751633e+01 6.681174e+01 2.072145e+01 1.570379e+00 1.884298e+00 2.354402e+00 2.811839e+00 4.001011e+00 3.947650e+00 4.354189e+00 4.984804e+00 4.237423e+00 4.091337e+00 3.782881e+00 3.757403e+00 1.171450e+00 1.817167e-01 2.523197e-01 2.841104e-01 4.349014e-01 4.298264e-01 5.565110e-01 5.717725e-01 6.526695e-01 6.488931e-01 6.319674e-01 5.944695e-01 5.599172e-01 1.441607e-01
<GCONST> 1.228703e+02
<MIXTURE> 7 1.162621e-01
<MEAN> 39
 2.250146e+00 -6.032556e+00 -4.655608e+00 -4.658335e+00 9.187239e-01 -2.059391e+00 1.104409e+00 8.758788e+00 3.391144e+00 -2.924345e+00 -2.698309e+00 2.765209e+00 1.111355e+01 -7.243104e-01 -1.459146e+00 -2.669483e-01 1.641827e-01 4.945194e-01 1.451533e+00 2.096268e+00 9.820172e-01 -1.020352e+00 -1.165754e+00 4.105305e-02 3.858661e-01 1.096652e+00 7.061870e-02 4.898957e-01 3.126170e-01 2.945422e-01 1.054380e-01 -1.081706e-01 -5.675793e-01 -9.338021e-01 -2.754694e-01 2.783364e-01 3.058172e-01 -6.867683e-02 -5.110817e-01
<VARIANCE> 39
 1.552133e+01 1.894530e+01 3.170382e+01 3.119963e+01 6.986053e+01 6.585641e+01 7.036798e+01 5.377372e+01 8.016000e+01 6.816920e+01 8.003150e+01 9.029762e+01 1.863989e+01 6.854255e-01 1.805956e+00 2.220130e+00 2.403157e+00 4.198492e+00 4.591170e+00 5.656839e+00 5.313592e+00 4.573103e+00 4.494775e+00 3.923215e+00 3.949218e+00 8.793776e-01 1.284205e-01 2.258547e-01 3.136504e-01 4.161775e-01 5.981095e-01 7.197259e-01 8.475991e-01 7.686996e-01 8.971806e-01 7.229810e-01 6.496006e-01 6.489460e-01 1.063713e-01
<GCONST> 1.248467e+02
<MIXTURE> 8 1.067751e-01
<MEAN> 39
 4.990747e+00 -2.084418e+00 -6.101904e+00 -6.815881e+00 1.257982e+00 6.814527e-01 -6.358118e+00 1.273273e+00 9.422657e+00 4.439621e+00 -3.254735e+00 -6.236899e+00 9.669579e+00 -4.158619e-01 -1.436939e+00 -8.579431e-01 -2.825160e-01 1.598923e-01 6.237926e-01 1.331684e+00 2.294426e+00 1.237110e+00 -1.044164e+00 -1.397091e+00 -2.130446e-01 1.090096e+00 -3.746035e-02 2.457289e-01 3.287687e-01 3.493808e-01 1.030218e-01 -1.597572e-02 9.603375e-02 -4.538772e-01 -7.601974e-01 -4.544483e-01 1.868344e-01 4.085931e-01 -3.272985e-01
<VARIANCE> 39
 1.168391e+01 1.621990e+01 2.808545e+01 2.967897e+01 4.134918e+01 5.304856e+01 5.017747e+01 5.722409e+01 4.799554e+01 4.618862e+01 4.997561e+01 3.577419e+01 1.965595e+01 4.464003e-01 1.206380e+00 1.974970e+00 2.497191e+00 2.571528e+00 4.109198e+00 4.176615e+00 3.917713e+00 3.896139e+00 3.679312e+00 3.275574e+00 3.208968e+00 5.392030e-01 6.255700e-02 1.319129e-01 2.026441e-01 2.689580e-01 4.066995e-01 3.907843e-01 5.114226e-01 5.515419e-01 4.994897e-01 4.764924e-01 4.946482e-01 4.029275e-01 5.967764e-02
<GCONST> 1.113223e+02
<TRANSP> 5
 0.000000e+00 1.000000e+00 0.000000e+00 0.000000e+00 0.000000e+00
 0.000000e+00 7.591926e-01 2.408074e-01 0.000000e+00 0.000000e+00
 0.000000e+00 0.000000e+00 6.031646e-01 3.968354e-01 0.000000e+00
 0.000000e+00 0.000000e+00 0.000000e+00 5.921574e-01 4.078426e-01
 0.000000e+00 0.000000e+00 0.000000e+00 0.000000e+00 0.000000e+00
<ENDHMM>
