~o
<STREAMINFO> 1 39
<VECSIZE> 39<NULLD><MFCC_D_A_Z_0><DIAGC>
~h "ng"
<BEGINHMM>
<NUMSTATES> 5
<STATE> 2
<NUMMIXES> 8
<MIXTURE> 1 8.790150e-02
<MEAN> 39
 7.035611e-01 -1.774579e+00 5.029848e-01 -2.646388e+00 -5.964993e+00 -2.855071e+00 3.226767e+00 -4.440857e-02 1.041329e+00 1.077170e+01 1.040184e+01 7.852239e+00 3.933642e+00 3.280712e-01 5.019003e-01 -2.730500e-01 2.492309e-01 -9.910649e-03 -4.135212e-01 -2.339273e-01 -5.220553e-01 -3.033400e-02 -4.952955e-02 -8.909217e-02 -2.653054e-02 -6.900818e-01 -9.184562e-03 -1.139092e-02 4.315886e-02 -2.027715e-02 1.815105e-02 4.236127e-02 -1.161600e-01 7.013363e-02 2.951335e-02 -2.191103e-01 -1.885630e-01 -3.098448e-02 2.693849e-02
<VARIANCE> 39
 1.735594e+01 2.423483e+01 3.944833e+01 3.853273e+01 6.904642e+01 7.242246e+01 7.617828e+01 9.658900e+01 1.345600e+02 1.373713e+02 1.190686e+02 1.855335e+02 3.264936e+01 5.539966e-01 8.583905e-01 1.462814e+00 1.519457e+00 2.110576e+00 2.537648e+00 2.732474e+00 3.345717e+00 3.291934e+00 3.386453e+00 3.192909e+00 3.415725e+00 4.706950e-01 9.065149e-02 1.469205e-01 2.547213e-01 2.646560e-01 3.609872e-01 4.520225e-01 4.749565e-01 5.648003e-01 5.844391e-01 5.770032e-01 5.508568e-01 6.177101e-01 7.325542e-02
<GCONST> 1.188502e+02
<MIXTURE> 2 1.062210e-01
<MEAN> 39
 2.049875e+00 5.014781e+00 8.970799e+00 -9.399769e+00 -9.810064e+00 5.811429e+00 -2.547146e+00 -1.069289e+01 -3.978440e+00 1.322257e+00 -1.030565e+01 -5.199119e+00 2.575006e+00 1.981108e-01 1.961393e-01 -1.399689e-01 2.830764e-01 2.994707e-01 -7.316009e-02 -3.022290e-01 -3.198275e-01 1.855503e-01 -1.502835e-01 -2.499915e-01 2.291513e-01 -3.518201e-01 6.033825e-02 -3.119925e-02 -8.553442e-02 1.988527e-01 2.494583e-02 -2.524667e-01 1.376920e-01 1.641583e-01 -8.198185e-02 -5.781180e-02 2.034889e-01 1.009582e-02 -2.340176e-02
<VARIANCE> 39
 9.492557e+00 1.589433e+01 2.558849e+01 3.132801e+01 4.255333e+01 3.731220e+01 3.628155e+01 5.467467e+01 6.073167e+01 7.100409e+01 5.799811e+01 7.130750e+01 9.692459e+00 2.162771e-01 4.239164e-01 7.282275e-01 1.173486e+00 1.211606e+00 1.561200e+00 1.465603e+00 1.654740e+00 1.670385e+00 1.726385e+00 1.897205e+00 1.565269e+00 1.581919e-01 3.229567e-02 6.831439e-02 1.069522e-01 1.828289e-01 1.928834e-01 2.757478e-01 2.308382e-01 2.825727e-01 2.777763e-01 3.136465e-01 2.933074e-01 2.620524e-01 1.725332e-02
<GCONST> 9.181065e+01
<MIXTURE> 3 1.725489e-01
<MEAN> 39
 6.096637e+00 2.621093e+00 -2.012794e+00 -1.947232e+00 -5.659600e-01 -1.207808e+00 -2.809131e+00 -2.389335e+00 -6.387594e+00 -4.089716e+00 -5.472266e+00 -5.265258e+00 7.328879e-01 2.400582e-02 9.114671e-02 9.945479e-02 6.909095e-02 -7.828486e-02 -3.035786e-02 8.027967e-02 -1.579917e-01 -7.896770e-02 6.871536e-02 -3.513312e-02 -6.434603e-02 -1.327883e-01 -1.914996e-02 1.991217e-02 4.194793e-02 -1.080013e-02 -4.131817e-02 1.335592e-02 2.014287e-02 -8.078300e-04 3.241516e-02 2.472464e-02 3.432473e-02 4.113159e-02 7.903220e-03
<VARIANCE> 39
 9.046962e+00 2.007989e+01 2.682577e+01 2.813796e+01 4.897234e+01 4.496794e+01 5.877011e+01 7.153245e+01 6.276681e+01 5.747404e+01 6.473917e+01 5.026141e+01 1.465272e+01 1.067248e-01 2.698167e-01 4.713691e-01 6.376956e-01 8.347665e-01 9.753315e-01 1.068835e+00 1.230311e+00 1.394114e+00 1.307548e+00 1.261491e+00 1.128611e+00 6.589103e-02 1.807846e-02 4.458186e-02 8.224256e-02 1.104443e-01 1.516930e-01 1.816484e-01 2.021722e-01 2.382901e-01 2.589537e-01 2.508810e-01 2.265169e-01 2.106023e-01 1.000000e-02
<GCONST> 8.323144e+01
<MIXTURE> 4 1.414137e-01
<MEAN> 39
 2.043343e+00 3.720085e+00 7.612472e+00 -1.487026e+00 -1.294509e+01 -2.679356e+00 5.433600e+00 -5.958500e+00 -1.036326e+01 2.255737e+00 -2.067378e+00 -7.364701e+00 4.007721e+00 7.425963e-02 2.994706e-01 5.843438e-02 -6.142449e-03 1.264347e-01 1.821399e-01 -1.585431e-02 -6.140482e-01 -9.587974e-02 3.628268e-01 -3.326673e-01 -1.918724e-01 -3.148086e-01 2.600847e-02 -2.379908e-02 -7.930634e-02 3.164383e-02 1.387822e-01 -6.575835e-02 -1.919685e-01 8.378194e-02 1.847194e-01 -1.348007e-01 -8.512650e-02 1.552027e-01 -2.111224e-02
<VARIANCE> 39
 1.000090e+01 1.693266e+01 2.882249e+01 3.377505e+01 3.767088e+01 5.559512e+01 3.697565e+01 4.819294e+01 4.328703e+01 6.262132e+01 6.221088e+01 4.642565e+01 1.019949e+01 1.741216e-01 4.501631e-01 7.393040e-01 9.597442e-01 1.216856e+00 1.510354e+00 1.516372e+00 1.865309e+00 1.781530e+00 1.853220e+00 1.722579e+00 1.442473e+00 1.840205e-01 2.801711e-02 6.609429e-02 1.177181e-01 1.554729e-01 2.146032e-01 2.417045e-01 2.585534e-01 2.907012e-01 3.078184e-01 3.038393e-01 3.034866e-01 2.456133e-01 2.056107e-02
<GCONST> 9.149934e+01
<MIXTURE> 5 1.315710e-01
<MEAN> 39
 6.007570e+00 2.108397e+00 -3.376774e+00 -2.641967e+00 1.198499e+00 -7.390402e-01 -5.378593e+00 -4.012370e+00 -3.675979e+00 -1.539502e+00 -1.541723e+00 -3.858929e+00 1.277702e+00 3.388298e-02 7.359633e-01 1.090966e+00 6.137955e-01 -8.576220e-01 -4.708871e-01 4.648233e-01 -1.029716e+00 -4.221937e-01 8.118918e-02 -3.958119e-01 1.987239e-01 -7.819875e-01 -1.480816e-02 -5.750598e-02 2.932305e-02 -2.039356e-02 3.173494e-02 6.114025e-02 4.647691e-02 1.064955e-01 1.148857e-01 -8.186890e-02 1.210505e-02 6.996990e-02 3.127822e-02
<VARIANCE> 39
 8.989525e+00 1.712382e+01 2.907039e+01 3.229582e+01 4.337927e+01 4.807580e+01 4.838774e+01 5.366808e+01 5.340382e+01 5.027691e+01 5.882062e+01 5.429359e+01 1.462497e+01 3.298333e-01 6.581470e-01 1.589102e+00 1.681123e+00 2.287326e+00 2.519773e+00 2.653456e+00 3.251493e+00 2.742319e+00 2.811738e+00 2.631352e+00 2.274968e+00 2.788153e-01 4.379403e-02 9.000411e-02 2.120884e-01 2.242898e-01 3.077311e-01 3.514952e-01 3.976400e-01 4.766307e-01 4.161315e-01 4.273854e-01 3.997788e-01 3.422414e-01 3.779970e-02
<GCONST> 1.041664e+02
<MIXTURE> 6 1.427194e-01
<MEAN> 39
 5.157892e+00 5.222496e+00 4.649319e+00 6.724308e-01 -6.068106e+00 -3.628103e+00 -1.720695e+00 -7.282135e+00 -5.614826e+00 1.272778e+00 -3.990455e+00 -2.431724e+00 6.015009e-01 8.026029e-01 2.789809e-01 -7.115721e-01 9.769068e-01 1.012873e+00 -8.575163e-01 -1.442657e-01 -4.751573e-01 2.358620e-01 -5.075735e-01 -1.419452e-01 -7.753196e-02 -8.153707e-01 -1.775782e-01 -1.411813e-01 2.498641e-01 -3.240717e-01 -3.443722e-01 2.498475e-01 1.578189e-01 8.329920e-02 3.501648e-02 5.727100e-03 9.117413e-02 -3.359494e-03 2.118220e-01
<VARIANCE> 39
 9.634724e+00 1.605862e+01 2.172004e+01 3.653601e+01 2.921951e+01 3.570652e+01 4.233311e+01 4.547017e+01 5.107205e+01 4.791740e+01 5.716922e+01 5.569147e+01 1.282564e+01 3.379416e-01 7.430009e-01 1.446566e+00 1.624392e+00 2.005861e+00 2.914915e+00 2.695029e+00 3.322881e+00 3.211451e+00 3.120511e+00 2.884171e+00 2.202089e+00 2.322267e-01 4.138324e-02 8.555140e-02 1.622099e-01 1.866325e-01 2.545369e-01 3.235024e-01 3.423809e-01 3.682325e-01 3.851698e-01 3.681011e-01 3.676750e-01 3.078854e-01 2.872156e-02
<GCONST> 1.010611e+02
<MIXTURE> 7 1.094349e-01
<MEAN> 39
 1.427538e+00 4.063772e+00 9.926387e+00 -7.035769e+00 -1.118778e+01 3.634483e+00 -7.062746e-01 -1.059229e+01 -4.381090e+00 6.358635e+00 -4.991650e+00 -1.890022e-01 3.414130e+00 1.061337e+00 6.212044e-01 -1.085083e+00 1.274115e+00 1.376132e+00 -1.152080e+00 -6.634166e-01 -6.913645e-01 2.174645e-01 -3.137142e-01 -3.020371e-01 -4.265746e-03 -1.297171e+00 1.742838e-01 -1.411508e-01 -3.534517e-01 3.815342e-01 2.505445e-01 -5.505500e-01 8.002191e-02 4.803441e-01 -2.378769e-02 -4.286146e-01 3.161420e-01 -3.895134e-02 -4.885987e-02
<VARIANCE> 39
 1.286414e+01 1.946956e+01 2.645511e+01 4.734912e+01 3.691440e+01 4.727120e+01 5.851381e+01 5.218019e+01 8.101507e+01 6.382926e+01 9.821206e+01 1.252044e+02 1.484201e+01 5.252025e-01 9.510161e-01 1.737208e+00 2.047038e+00 2.628204e+00 3.472231e+00 2.881831e+00 3.379784e+00 3.160192e+00 3.378722e+00 3.429666e+00 2.855092e+00 3.292866e-01 7.911834e-02 1.227294e-01 2.163964e-01 2.939964e-01 3.725960e-01 4.540450e-01 4.860854e-01 4.516293e-01 5.970313e-01 5.231651e-01 5.595998e-01 5.607080e-01 4.782943e-02
<GCONST> 1.130427e+02
<MIXTURE> 8 1.081895e-01
<MEAN> 39
 4.197373e+00 1.915161e+00 2.630614e+00 -4.556246e-01 -5.162915e+00 -5.767163e+00 -2.957999e+00 -3.152668e+00 -4.706345e+00 -1.994641e+00 -2.264114e+00 -9.829102e-01 2.619202e+00 2.920925e-01 1.046281e+00 4.066616e-01 9.327233e-01 1.066626e-01 -2.362289e-01 4.200603e-02 -1.628807e+00 -6.251536e-01 -5.477602e-02 -5.956312e-01 -5.259533e-01 -1.270874e+00 -1.395669e-01 -8.918083e-02 -2.123973e-02 -1.058730e-01 1.376656e-01 2.995315e-01 1.612437e-01 1.495785e-01 1.686797e-01 8.568458e-02 6.031718e-02 2.349464e-02 5.724030e-02
<VARIANCE> 39
 1.634509e+01 2.495287e+01 4.882013e+01 5.062339e+01 6.382478e+01 5.964134e+01 6.236816e+01 6.826123e+01 7.134243e+01 6.191290e+01 6.959339e+01 7.055720e+01 2.361510e+01 1.248956e+00 1.936988e+00 2.982095e+00 3.141070e+00 4.640593e+00 4.801860e+00 4.827166e+00 5.736296e+00 5.210750e+00 5.688548e+00 4.803730e+00 4.398072e+00 1.404415e+00 1.652912e-01 2.473937e-01 3.600297e-01 4.282680e-01 5.966077e-01 6.220415e-01 6.787249e-01 8.151629e-01 7.220548e-01 6.867731e-01 6.738353e-01 6.275464e-01 1.493426e-01
<GCONST> 1.283675e+02
<STATE> 3
<NUMMIXES> 8
<MIXTURE> 1 9.033566e-02
<MEAN> 39
 4.898002e+00 4.203149e+00 4.746973e+00 6.124549e-01 -4.488023e+00 -4.892248e+00 -1.397872e+00 -6.919430e+00 -4.813716e+00 7.315258e-01 -2.458599e+00 -8.667287e-01 -5.923677e-01 2.764998e-02 5.031649e-01 -1.596252e-01 6.855668e-01 4.625905e-01 -1.784740e-01 9.946083e-03 -2.050499e-01 9.171967e-02 -3.016662e-01 -6.347162e-02 -2.324013e-01 -7.465487e-01 -3.869539e-01 -1.968499e-01 -9.159289e-02 -1.329467e-01 -5.833719e-02 2.661895e-01 9.555563e-02 4.316769e-01 2.120819e-01 -1.168905e-02 1.367015e-01 8.001529e-02 3.051609e-01
<VARIANCE> 39
 3.272704e+01 3.381008e+01 5.095202e+01 5.373552e+01 6.108275e+01 6.416949e+01 6.479010e+01 8.211687e+01 8.420852e+01 8.601406e+01 1.023744e+02 9.476542e+01 2.983969e+01 1.585823e+00 1.810479e+00 2.428253e+00 2.707587e+00 3.648697e+00 3.561128e+00 3.473736e+00 4.007753e+00 3.944411e+00 3.753542e+00 3.743316e+00 3.521361e+00 1.430811e+00 3.124216e-01 3.864158e-01 4.796615e-01 5.889395e-01 7.170547e-01 8.112639e-01 8.184128e-01 9.775767e-01 8.718006e-01 8.913841e-01 8.544705e-01 7.693841e-01 2.514052e-01
<GCONST> 1.324903e+02
<MIXTURE> 2 1.249717e-01
<MEAN> 39
 4.900590e+00 8.370206e+00 8.821600e+00 -1.766808e+00 -1.240120e+01 2.012172e+00 -6.404089e-01 -1.245848e+01 -2.245101e+00 3.029792e-01 -8.176519e+00 -5.990302e+00 -1.300363e+00 6.612968e-02 9.771167e-02 -7.337105e-02 1.023206e-01 1.152296e-01 -2.103441e-02 -2.147357e-02 -1.116033e-01 -5.899959e-04 -7.398614e-02 -3.942324e-02 4.574968e-02 -1.433778e-01 1.116399e-03 -6.298082e-03 -3.098279e-02 6.526923e-02 9.981961e-02 -1.038766e-01 1.760372e-02 1.163858e-01 -7.383967e-02 -2.952085e-02 6.734759e-02 1.429999e-02 -7.085342e-03
<VARIANCE> 39
 1.046502e+01 1.858777e+01 2.016460e+01 2.891451e+01 3.932130e+01 3.355439e+01 4.354700e+01 4.447837e+01 4.532325e+01 5.938173e+01 4.577793e+01 4.536839e+01 1.031785e+01 1.009582e-01 2.708060e-01 4.389350e-01 6.756526e-01 7.955570e-01 1.032971e+00 1.089260e+00 1.188733e+00 1.249432e+00 1.230030e+00 1.228557e+00 1.106968e+00 8.206777e-02 1.719180e-02 4.478322e-02 7.737816e-02 1.128358e-01 1.386826e-01 1.769601e-01 1.915043e-01 2.155532e-01 2.280009e-01 2.256617e-01 2.214517e-01 1.992439e-01 1.044344e-02
<GCONST> 7.996971e+01
<MIXTURE> 3 1.246317e-01
<MEAN> 39
 5.987761e+00 1.043424e+01 4.120097e+00 5.199553e+00 -1.499167e+00 -2.333760e+00 -3.111682e+00 -9.966128e+00 -6.297585e+00 -5.882945e+00 -7.408894e+00 -8.383256e+00 -7.350106e+00 -9.174595e-02 4.589197e-02 4.691201e-02 2.260414e-01 1.914684e-01 -8.832291e-02 -2.218811e-02 -7.731000e-03 -2.546757e-02 -8.860819e-02 1.806646e-02 -1.734213e-02 -1.977734e-01 -3.272186e-02 -6.929666e-02 1.284119e-02 -4.353085e-02 -1.585107e-02 3.168577e-02 4.972586e-02 5.625582e-02 3.765975e-02 6.330397e-02 5.980866e-02 9.151787e-02 2.888033e-02
<VARIANCE> 39
 1.241694e+01 1.735865e+01 3.137367e+01 3.096661e+01 3.849509e+01 3.277129e+01 3.838512e+01 3.981861e+01 3.544360e+01 3.848627e+01 3.686421e+01 2.828265e+01 1.401043e+01 1.993882e-01 3.571373e-01 5.878020e-01 8.248199e-01 1.132060e+00 1.205735e+00 1.340015e+00 1.461789e+00 1.461232e+00 1.498209e+00 1.453826e+00 1.304350e+00 1.142980e-01 3.044479e-02 6.016052e-02 1.062930e-01 1.460170e-01 1.991426e-01 2.178079e-01 2.434322e-01 2.757803e-01 2.728963e-01 2.866226e-01 2.710916e-01 2.374564e-01 1.461748e-02
<GCONST> 8.625675e+01
<MIXTURE> 4 1.366681e-01
<MEAN> 39
 3.483066e+00 5.043632e+00 7.468545e+00 1.520322e+00 -9.179131e+00 -2.752252e+00 4.002089e+00 -6.493868e+00 -7.789173e+00 2.145163e+00 -3.110847e+00 -5.789824e+00 1.427867e+00 2.043014e-02 2.461366e-02 -3.711586e-03 1.466479e-04 3.844929e-02 1.834521e-02 -2.028049e-02 -3.597667e-02 2.201949e-02 3.818353e-02 -5.780315e-02 -9.028488e-03 -5.150560e-02 3.786866e-03 1.080741e-02 -1.933553e-02 9.437435e-05 3.191717e-02 5.010835e-03 -4.315247e-02 7.139495e-03 2.912054e-02 -2.316985e-02 -5.830666e-03 2.313593e-02 -1.042443e-02
<VARIANCE> 39
 1.062241e+01 1.285538e+01 2.591304e+01 3.421290e+01 3.391839e+01 4.615482e+01 3.256672e+01 4.795549e+01 4.560843e+01 5.530048e+01 5.476143e+01 4.104028e+01 8.964079e+00 4.934031e-02 1.419582e-01 2.352523e-01 3.244574e-01 4.476765e-01 5.625948e-01 6.282383e-01 7.021863e-01 7.039467e-01 6.756418e-01 6.736466e-01 5.693302e-01 3.847036e-02 1.000000e-02 2.637614e-02 4.317364e-02 6.115233e-02 8.094467e-02 1.062979e-01 1.234829e-01 1.270142e-01 1.316872e-01 1.330763e-01 1.265942e-01 1.120857e-01 1.000000e-02
<GCONST> 6.515131e+01
<MIXTURE> 5 1.573666e-01
<MEAN> 39
 5.134923e+00 5.854782e+00 4.039359e+00 4.291021e+00 -5.144751e-01 -2.013975e+00 -1.099698e+00 -4.102205e+00 -3.347687e+00 -6.884086e-01 -9.425294e-01 -1.305521e+00 -3.135516e+00 -1.065390e-02 5.459775e-02 2.987710e-02 6.669772e-02 6.512675e-02 9.245791e-03 -1.234163e-02 -4.241827e-02 -2.460085e-03 -1.491875e-02 3.352644e-03 1.528566e-02 -1.049587e-01 -2.784877e-02 -9.719967e-03 9.045905e-03 -2.966765e-02 -6.307188e-02 -1.011073e-02 4.484911e-02 1.115793e-02 -3.079196e-02 -6.142020e-03 -3.065406e-02 -5.167853e-02 5.655462e-03
<VARIANCE> 39
 1.057619e+01 1.342237e+01 2.035909e+01 2.221721e+01 2.738653e+01 3.405370e+01 3.482477e+01 3.661323e+01 2.722165e+01 3.281985e+01 2.902621e+01 2.611866e+01 1.015896e+01 7.418707e-02 1.877947e-01 3.420686e-01 4.492693e-01 6.191403e-01 6.885902e-01 8.340725e-01 9.278081e-01 9.710720e-01 9.411983e-01 9.172677e-01 8.687975e-01 4.745249e-02 1.371548e-02 3.446755e-02 6.140617e-02 9.007312e-02 1.197734e-01 1.360994e-01 1.674304e-01 1.822067e-01 1.932857e-01 1.810054e-01 1.808129e-01 1.602866e-01 1.000000e-02
<GCONST> 6.990004e+01
<MIXTURE> 6 1.238260e-01
<MEAN> 39
 7.715623e+00 5.409193e+00 4.830975e+00 -4.256859e-01 -5.307941e+00 -3.521794e+00 -2.467618e+00 -1.142980e+01 -2.661850e+00 -2.089867e+00 -6.930707e+00 -3.287975e+00 -1.237182e+00 1.484076e-01 3.550516e-01 -1.663090e-02 3.639159e-01 5.354200e-02 -1.339946e-01 1.790529e-02 -2.394946e-01 1.341973e-02 -1.259224e-01 9.354629e-02 -1.228986e-01 -3.573788e-01 -1.851343e-01 3.437209e-02 -2.113311e-02 2.545523e-02 6.350558e-02 5.239266e-02 -1.224078e-02 3.884345e-01 -1.301835e-01 6.336765e-02 1.395818e-01 -2.013126e-04 7.944395e-02
<VARIANCE> 39
 1.159326e+01 2.072642e+01 4.000678e+01 4.318916e+01 4.658858e+01 5.414711e+01 5.518147e+01 4.777806e+01 5.491049e+01 6.532855e+01 6.686365e+01 6.490514e+01 1.368958e+01 2.674378e-01 6.063845e-01 1.064052e+00 1.206325e+00 1.476165e+00 1.741138e+00 1.938816e+00 2.116192e+00 2.262451e+00 2.385527e+00 2.308508e+00 2.104370e+00 2.007221e-01 7.335376e-02 1.327812e-01 2.430593e-01 2.992634e-01 3.589925e-01 4.370969e-01 4.539631e-01 4.424408e-01 4.850503e-01 5.140949e-01 5.034748e-01 4.743745e-01 5.055592e-02
<GCONST> 1.054331e+02
<MIXTURE> 7 1.498628e-01
<MEAN> 39
 4.142017e+00 4.782176e+00 4.652868e+00 3.253926e+00 -4.882178e+00 -4.817284e+00 1.404400e+00 -1.632002e+00 -4.887567e+00 -9.919007e-01 -2.258737e+00 -3.307643e+00 -1.212600e+00 3.844627e-02 1.481865e-01 6.138052e-02 1.495210e-01 1.651994e-01 2.021592e-02 -7.406288e-02 -1.563114e-01 8.604718e-02 -7.176206e-02 -1.377985e-01 8.663788e-02 -2.304656e-01 -2.527791e-02 -6.002881e-03 -2.763799e-02 -7.234443e-02 9.489197e-02 1.382437e-01 -1.363582e-01 -1.493462e-01 5.566595e-02 6.025471e-03 1.683452e-02 3.898213e-02 1.210249e-02
<VARIANCE> 39
 1.268982e+01 1.457313e+01 2.394910e+01 2.882539e+01 3.788293e+01 4.066207e+01 3.628553e+01 3.100777e+01 4.080255e+01 3.798135e+01 3.250422e+01 3.098847e+01 1.144773e+01 2.371762e-01 5.265675e-01 7.730846e-01 1.068849e+00 1.427829e+00 1.512437e+00 1.595487e+00 1.770198e+00 1.712610e+00 1.706742e+00 1.562954e+00 1.464446e+00 2.208735e-01 4.422451e-02 8.686665e-02 1.318110e-01 1.717661e-01 2.451515e-01 2.532227e-01 2.607387e-01 2.752990e-01 2.958931e-01 2.869577e-01 2.535059e-01 2.513161e-01 3.100786e-02
<GCONST> 9.096950e+01
<MIXTURE> 8 9.233752e-02
<MEAN> 39
 4.125749e+00 3.405031e+00 2.360558e-01 -1.817517e+00 -4.711431e+00 -2.395009e+00 -3.056781e+00 -6.833243e+00 -1.237926e+00 7.342994e+00 7.497639e+00 8.498982e+00 -6.213278e-01 4.860234e-02 7.850409e-02 -4.889128e-02 7.856286e-02 2.647568e-02 -8.253607e-02 -6.459814e-02 -1.336617e-03 2.366732e-02 -7.624555e-02 5.593577e-02 2.840899e-03 -1.227065e-01 -2.126759e-02 -2.615533e-02 2.976783e-02 -2.157812e-03 -7.424600e-03 -9.337625e-03 2.689625e-02 7.632992e-02 -1.101975e-02 -1.112605e-01 -1.346575e-01 -1.094601e-01 2.531629e-02
<VARIANCE> 39
 1.378970e+01 2.289495e+01 2.928067e+01 3.214406e+01 4.228560e+01 5.748398e+01 5.038579e+01 6.363317e+01 6.969904e+01 8.560120e+01 7.803128e+01 7.622962e+01 2.334079e+01 1.354637e-01 2.994244e-01 5.911507e-01 6.981788e-01 8.306587e-01 9.867211e-01 1.099901e+00 1.227216e+00 1.255174e+00 1.379986e+00 1.388350e+00 1.199559e+00 9.214915e-02 2.616409e-02 6.189296e-02 1.119294e-01 1.399482e-01 1.604222e-01 2.097819e-01 2.170492e-01 2.407932e-01 2.564667e-01 2.736922e-01 2.628684e-01 2.422339e-01 1.500691e-02
<GCONST> 8.883429e+01
<STATE> 4
<NUMMIXES> 8
<MIXTURE> 1 1.327407e-01
<MEAN> 39
 2.413620e+00 -1.702386e+00 1.253602e+00 -2.258776e+00 -3.429905e+00 -2.828706e+00 -7.134973e-02 1.218296e+00 -3.742582e+00 -1.357702e+00 1.465967e+00 2.507373e+00 5.174659e+00 -6.370899e-02 -2.576224e-01 -3.035338e-01 2.462011e-02 3.462218e-01 5.141547e-02 -1.270679e-01 3.452750e-01 3.091251e-01 -3.043946e-01 1.400396e-03 1.758511e-01 8.848171e-02 4.007426e-02 8.988953e-02 -6.283186e-04 7.019792e-02 5.114760e-02 1.230350e-02 -7.247926e-02 -2.066647e-01 7.418012e-02 1.102447e-01 -6.788749e-02 -5.532219e-02 -8.746705e-02
<VARIANCE> 39
 1.954127e+01 2.784228e+01 5.588958e+01 5.343151e+01 8.044926e+01 6.984161e+01 7.425833e+01 8.124780e+01 8.530602e+01 8.620710e+01 1.041955e+02 1.135490e+02 2.372343e+01 3.290734e-01 8.176901e-01 1.168938e+00 1.351240e+00 2.065856e+00 2.060124e+00 2.430394e+00 2.768256e+00 2.706265e+00 2.581323e+00 2.287453e+00 2.061876e+00 4.132798e-01 4.941855e-02 1.102339e-01 1.829410e-01 2.223073e-01 3.314575e-01 3.312676e-01 3.811746e-01 4.614451e-01 4.362014e-01 4.355648e-01 4.061012e-01 3.785291e-01 5.575116e-02
<GCONST> 1.110931e+02
<MIXTURE> 2 1.338461e-01
<MEAN> 39
 3.552888e+00 8.642577e+00 6.611699e+00 5.731569e+00 -1.132225e-01 -1.729208e+00 -2.071874e+00 -8.465905e+00 -7.134546e+00 -4.165522e+00 -5.134640e+00 -5.278208e+00 -6.585269e+00 -1.444913e+00 -6.405655e-01 -1.317955e-01 5.956460e-01 1.322315e+00 7.716852e-01 6.859809e-01 9.469256e-01 4.380532e-01 8.581340e-02 4.080339e-01 3.013995e-01 -9.218606e-01 -3.221542e-01 -5.559502e-01 -4.304605e-01 -3.969885e-01 -2.761622e-01 -8.961751e-02 1.849605e-01 4.137889e-01 4.492061e-01 3.741442e-01 2.812650e-01 3.136795e-01 3.609150e-01
<VARIANCE> 39
 1.320673e+01 1.951690e+01 2.423386e+01 2.701303e+01 3.900702e+01 3.476614e+01 3.750572e+01 4.361905e+01 3.701862e+01 4.550332e+01 3.743482e+01 3.452335e+01 2.225939e+01 1.186149e+00 1.650745e+00 1.849560e+00 2.528467e+00 2.682063e+00 2.889846e+00 3.079288e+00 3.216986e+00 3.062352e+00 3.208706e+00 2.914406e+00 2.664301e+00 1.693584e+00 1.939477e-01 2.834001e-01 2.984208e-01 3.767206e-01 4.725464e-01 5.178141e-01 5.221481e-01 5.922931e-01 5.020540e-01 5.421679e-01 5.084338e-01 4.568579e-01 2.585743e-01
<GCONST> 1.156573e+02
<MIXTURE> 3 1.596159e-01
<MEAN> 39
 2.218957e+00 5.488770e+00 3.098028e+00 3.572947e+00 -4.949478e-01 -2.237572e+00 -2.278006e+00 -4.721522e+00 -4.135034e+00 -2.274358e+00 -1.663039e+00 -1.551679e+00 -4.881255e+00 -5.277209e-01 -1.122707e-01 -1.882506e-02 2.522244e-01 5.862199e-01 3.485420e-01 2.782620e-01 3.069314e-01 2.685345e-01 2.189164e-02 9.222224e-02 8.216568e-02 -3.860578e-01 -4.974908e-02 -9.947121e-02 -4.199764e-02 -6.771296e-02 -6.607923e-02 1.854259e-02 1.213821e-01 7.732775e-02 8.031682e-02 1.091999e-01 -2.159823e-03 -3.852228e-02 7.445064e-02
<VARIANCE> 39
 1.721373e+01 1.898246e+01 2.507159e+01 2.544907e+01 3.590468e+01 3.299672e+01 3.736880e+01 3.746135e+01 3.673638e+01 3.463506e+01 3.020313e+01 3.280767e+01 2.614095e+01 5.078874e-01 6.900123e-01 8.354578e-01 1.139593e+00 1.432461e+00 1.526563e+00 1.766598e+00 1.915376e+00 1.961287e+00 1.864942e+00 1.785853e+00 1.721825e+00 4.525561e-01 7.104051e-02 9.300572e-02 1.324284e-01 1.766919e-01 2.127329e-01 2.413903e-01 2.822629e-01 3.157488e-01 3.315217e-01 3.148544e-01 2.835793e-01 2.845531e-01 4.332336e-02
<GCONST> 9.601067e+01
<MIXTURE> 4 1.209497e-01
<MEAN> 39
 -3.506295e+00 5.160713e+00 1.750371e+00 5.443116e+00 1.718807e+00 -2.138867e+00 1.063530e+00 -3.521476e+00 -1.674749e+00 -1.154603e+00 -1.380135e+00 -2.107259e+00 -3.760889e+00 -2.170729e+00 -8.982722e-01 -8.177579e-01 4.084527e-02 4.095742e-01 1.059702e-01 6.874678e-01 1.169111e+00 1.197373e+00 4.851574e-01 7.049662e-01 8.666499e-01 7.328513e-01 2.696402e-01 -3.112216e-02 1.016604e-01 -4.070485e-01 -5.445914e-01 -1.070313e-01 -1.136688e-01 -1.014547e-01 -9.778489e-02 1.519626e-01 5.488128e-02 1.357667e-01 3.219721e-01
<VARIANCE> 39
 3.779732e+01 5.421459e+01 4.408601e+01 4.016188e+01 5.361270e+01 4.931666e+01 4.351175e+01 5.179710e+01 4.826245e+01 4.283533e+01 3.898017e+01 4.010770e+01 4.328330e+01 3.634969e+00 4.294523e+00 3.409389e+00 3.581175e+00 4.136839e+00 4.571035e+00 4.433731e+00 4.247520e+00 3.672513e+00 3.966951e+00 3.718080e+00 3.444734e+00 3.185259e+00 5.096549e-01 7.573236e-01 5.705249e-01 6.448670e-01 6.692489e-01 7.910506e-01 7.155789e-01 7.193919e-01 7.272139e-01 7.211320e-01 7.023506e-01 6.933110e-01 6.104287e-01
<GCONST> 1.335406e+02
<MIXTURE> 5 1.245423e-01
<MEAN> 39
 6.329162e+00 6.393241e+00 5.361246e+00 2.432436e+00 -6.701299e+00 -3.691439e+00 1.278986e+00 -8.405628e+00 -5.687321e+00 2.008144e+00 -4.205780e+00 -4.281866e+00 -4.766015e-01 -2.628841e-01 4.595802e-02 -4.038792e-02 7.951728e-02 5.862065e-01 -1.223923e-01 -3.127353e-01 7.815279e-01 7.516845e-02 -3.141848e-01 1.201873e-01 2.359158e-01 -6.294196e-02 -3.095897e-01 -2.590363e-01 -1.040965e-01 -9.712235e-02 2.763496e-01 -1.411102e-02 -2.499934e-01 5.601670e-01 1.758317e-01 -3.171194e-01 1.902710e-01 1.872347e-01 2.419187e-01
<VARIANCE> 39
 1.006620e+01 1.829602e+01 2.887813e+01 3.845508e+01 3.364703e+01 4.107207e+01 4.179174e+01 4.362784e+01 4.894262e+01 4.336887e+01 4.559711e+01 3.680331e+01 1.854096e+01 3.807752e-01 9.587398e-01 1.272172e+00 1.509180e+00 2.226259e+00 2.148467e+00 2.388885e+00 2.612407e+00 2.485585e+00 2.456383e+00 2.110448e+00 1.874582e+00 6.696631e-01 1.180722e-01 2.127728e-01 2.883958e-01 3.510410e-01 4.742157e-01 4.728286e-01 4.646384e-01 5.230992e-01 5.192674e-01 4.642529e-01 4.521584e-01 3.564044e-01 1.331354e-01
<GCONST> 1.083271e+02
<MIXTURE> 6 1.247496e-01
<MEAN> 39
 4.619182e+00 9.206447e+00 1.361378e+00 3.180324e+00 -4.714000e+00 -6.107379e+00 -3.587251e+00 -7.595290e+00 -3.750173e+00 -3.050282e+00 -5.445147e+00 -4.003493e+00 -1.635247e+00 -1.755863e+00 1.365548e+00 -2.914020e-01 1.448615e+00 1.118958e+00 2.356299e-02 2.918227e-02 2.445849e-01 1.123867e-01 -5.957432e-01 2.911246e-01 -2.682433e-01 -3.785673e-01 -5.951128e-01 -1.594663e-01 1.162721e-01 4.778336e-02 1.967597e-01 3.898435e-01 3.544531e-01 1.399513e-01 4.140654e-02 1.789284e-01 2.078598e-01 1.577459e-01 1.335665e-02
<VARIANCE> 39
 2.120720e+01 2.360825e+01 3.310492e+01 3.631654e+01 4.073372e+01 3.626828e+01 3.794225e+01 4.404115e+01 4.075619e+01 4.360891e+01 3.739049e+01 3.902205e+01 1.690213e+01 2.184399e+00 2.131104e+00 3.056901e+00 3.146331e+00 4.208830e+00 4.254747e+00 3.728573e+00 3.896615e+00 3.820685e+00 3.504461e+00 3.713431e+00 3.611725e+00 1.071293e+00 2.745915e-01 3.668216e-01 3.172394e-01 3.592547e-01 4.207591e-01 4.934066e-01 4.777253e-01 5.592349e-01 5.231295e-01 5.031543e-01 4.269316e-01 4.452423e-01 1.033115e-01
<GCONST> 1.192983e+02
<MIXTURE> 7 1.159063e-01
<MEAN> 39
 2.796313e+00 5.153914e-01 4.171107e+00 -2.831436e+00 -6.270733e+00 -4.549440e+00 -1.814460e+00 -2.755246e+00 -3.262329e+00 9.445692e-01 -1.366876e+00 1.392840e+00 4.525516e+00 -8.308385e-01 -1.080570e+00 -1.083302e-01 -7.888778e-01 1.151832e-01 5.440881e-01 2.944268e-01 1.670161e+00 4.409114e-01 -3.596687e-01 3.387176e-01 5.117810e-01 1.298363e+00 -2.444391e-02 -2.564176e-03 -2.050933e-01 1.499516e-01 1.893525e-01 1.685899e-01 1.647260e-01 1.863399e-02 5.766191e-02 -1.271361e-01 7.422130e-02 -5.957338e-02 -1.904055e-02
<VARIANCE> 39
 2.200265e+01 2.563044e+01 5.199598e+01 5.411415e+01 5.840235e+01 6.575220e+01 6.044384e+01 8.297399e+01 7.739027e+01 8.076485e+01 8.526817e+01 9.040054e+01 2.720477e+01 1.485055e+00 1.933602e+00 3.878210e+00 4.058342e+00 5.051721e+00 5.251174e+00 5.529993e+00 6.120928e+00 6.407615e+00 5.754364e+00 5.454967e+00 4.935253e+00 1.358019e+00 2.124631e-01 3.219128e-01 4.493980e-01 6.389677e-01 6.942587e-01 7.575918e-01 7.888252e-01 1.021884e+00 9.196562e-01 8.719924e-01 8.030891e-01 7.581191e-01 2.699313e-01
<GCONST> 1.347244e+02
<MIXTURE> 8 8.764941e-02
<MEAN> 39
 3.375616e+00 4.132262e+00 1.141942e-01 -2.370045e-01 -6.046282e+00 -5.764993e+00 -3.286834e+00 -6.489007e+00 4.261323e-01 6.391090e+00 8.532141e+00 1.056076e+01 -3.183238e+00 -6.402987e-01 8.535346e-02 -1.749982e-01 4.626291e-01 3.265620e-01 1.753177e-01 1.132110e-01 2.982734e-01 -7.773478e-02 -6.997691e-01 -6.676332e-01 -8.472534e-01 -4.266585e-01 -3.064906e-01 -2.096013e-01 8.919314e-02 -4.156141e-02 1.382153e-01 2.876892e-01 2.567831e-01 2.338345e-01 -5.884010e-02 -2.141704e-01 -4.534446e-01 -4.033874e-01 2.265122e-01
<VARIANCE> 39
 1.487022e+01 1.872934e+01 2.807983e+01 2.799515e+01 3.474772e+01 3.824345e+01 4.030866e+01 5.234294e+01 5.734970e+01 5.984777e+01 4.781146e+01 4.715669e+01 2.302985e+01 1.120454e+00 1.361196e+00 1.780638e+00 2.383618e+00 2.423689e+00 2.890199e+00 3.098099e+00 3.038126e+00 3.209249e+00 3.713516e+00 3.812407e+00 3.710076e+00 1.140212e+00 1.681841e-01 2.377382e-01 3.456333e-01 4.052794e-01 3.853127e-01 4.580991e-01 5.211970e-01 5.792459e-01 5.592897e-01 5.568172e-01 5.561586e-01 5.070934e-01 1.769632e-01
<GCONST> 1.168526e+02
<TRANSP> 5
 0.000000e+00 1.000000e+00 0.000000e+00 0.000000e+00 0.000000e+00
 0.000000e+00 7.681739e-01 2.318261e-01 0.000000e+00 0.000000e+00
 0.000000e+00 0.000000e+00 8.546950e-01 1.453051e-01 0.000000e+00
 0.000000e+00 0.000000e+00 0.000000e+00 7.342192e-01 2.657808e-01
 0.000000e+00 0.000000e+00 0.000000e+00 0.000000e+00 0.000000e+00
<ENDHMM>
