~o
<STREAMINFO> 1 39
<VECSIZE> 39<NULLD><MFCC_D_A_Z_0><DIAGC>
~h "ow"
<BEGINHMM>
<NUMSTATES> 6
<STATE> 2
<NUMMIXES> 8
<MIXTURE> 1 1.831448e-01
<MEAN> 39
 8.840417e-01 -7.300878e+00 -5.733387e+00 -3.514495e+00 9.914519e+00 3.583213e+00 -5.136222e+00 6.022944e+00 7.171388e+00 1.347180e+01 1.780050e+01 1.335164e+01 9.391873e+00 3.723104e-02 5.156499e-02 -4.304386e-02 -4.860549e-02 5.743837e-02 4.586586e-02 -6.337448e-02 -8.674879e-03 -8.769230e-03 5.349211e-02 2.306303e-02 -3.338816e-02 -4.906293e-02 1.744901e-03 8.601609e-03 3.328088e-03 -1.377426e-02 -3.301476e-02 -1.857449e-02 3.193188e-02 2.141625e-02 -5.890003e-04 -3.775531e-02 -4.990106e-02 -1.555906e-02 -2.792057e-04
<VARIANCE> 39
 1.001981e+01 2.080777e+01 2.901585e+01 4.209242e+01 6.889695e+01 5.800023e+01 6.798837e+01 5.887973e+01 7.802673e+01 6.765563e+01 6.046129e+01 8.025150e+01 1.464863e+01 2.233965e-01 4.761595e-01 6.770707e-01 8.355914e-01 8.713305e-01 9.061432e-01 9.833491e-01 1.046736e+00 1.093277e+00 1.255771e+00 1.235048e+00 1.101336e+00 7.732530e-02 4.168566e-02 8.789602e-02 1.269088e-01 1.543492e-01 1.518230e-01 1.565065e-01 1.772616e-01 1.876826e-01 1.887618e-01 2.155863e-01 2.101992e-01 1.870250e-01 1.191051e-02
<GCONST> 8.794967e+01
<MIXTURE> 2 1.263738e-01
<MEAN> 39
 6.027992e+00 -2.606992e+00 -5.141797e+00 -3.218571e+00 2.251206e+00 -1.783261e+00 -6.942601e+00 4.092174e+00 5.359297e+00 -2.637579e+00 -8.511642e+00 -4.079460e+00 7.092212e+00 2.625074e-01 1.502150e-01 -6.533995e-01 -4.381359e-01 8.275334e-01 6.979682e-01 -4.970157e-01 -7.914508e-01 1.377369e-01 6.673872e-01 1.744502e-01 -7.284573e-01 -1.980675e-01 -1.206657e-02 8.667315e-02 1.447791e-01 -4.055099e-02 -1.622436e-01 6.053996e-04 1.494102e-01 -1.097157e-01 -2.074719e-01 5.202667e-02 2.816017e-01 9.323210e-02 -4.568049e-02
<VARIANCE> 39
 8.784902e+00 1.795531e+01 2.508947e+01 2.551011e+01 4.233822e+01 3.880117e+01 4.469874e+01 4.538009e+01 4.723908e+01 7.013651e+01 4.321984e+01 3.909430e+01 1.121348e+01 1.522118e-01 4.361644e-01 6.489884e-01 8.458771e-01 1.245264e+00 1.418608e+00 1.542333e+00 1.673134e+00 1.820268e+00 1.693654e+00 1.830990e+00 1.473365e+00 1.056712e-01 2.351789e-02 6.189053e-02 9.806128e-02 1.273984e-01 1.925052e-01 2.074417e-01 2.482029e-01 2.758354e-01 2.960145e-01 2.896353e-01 2.673442e-01 2.575282e-01 1.349320e-02
<GCONST> 8.799492e+01
<MIXTURE> 3 9.596363e-02
<MEAN> 39
 4.865488e+00 -1.054408e-01 -8.361648e-01 -3.731867e+00 -4.256542e+00 -3.576815e-01 -1.523708e-01 -1.920045e+00 -1.896013e-01 2.129719e-01 -5.523613e-01 -2.689027e-01 5.786870e+00 5.289088e-02 -9.122939e-02 -1.116916e-01 -1.487267e-01 -1.460422e-03 2.004209e-01 7.775518e-02 1.090893e-01 5.921445e-02 -8.607328e-02 -5.160496e-02 9.228853e-02 6.088275e-02 -1.808960e-02 1.099581e-02 -1.339119e-02 4.602523e-02 1.293310e-01 -2.996097e-02 -1.226481e-01 3.443046e-02 5.956986e-02 -1.154759e-02 -3.914677e-02 -1.007128e-02 -4.758155e-02
<VARIANCE> 39
 2.059251e+01 2.979326e+01 4.799449e+01 5.198682e+01 6.004834e+01 5.816787e+01 5.838828e+01 5.959044e+01 6.667239e+01 7.737376e+01 6.282770e+01 6.661533e+01 3.180662e+01 2.313328e-01 5.234624e-01 7.722743e-01 9.900575e-01 1.264523e+00 1.463253e+00 1.495556e+00 1.700619e+00 1.700295e+00 1.723669e+00 1.670321e+00 1.438226e+00 2.199687e-01 4.145879e-02 8.697497e-02 1.276314e-01 1.685966e-01 2.177409e-01 2.490908e-01 2.764937e-01 3.041325e-01 3.138312e-01 3.035811e-01 2.899478e-01 2.567006e-01 3.307173e-02
<GCONST> 9.897342e+01
<MIXTURE> 4 8.817338e-02
<MEAN> 39
 3.791202e+00 -4.333958e+00 -2.197874e+00 -3.924459e+00 -1.536353e+00 -3.860459e+00 -3.429095e+00 7.775775e+00 4.597073e+00 -2.381523e+00 -6.225217e+00 -3.648146e-01 1.008241e+01 2.658577e-01 -6.718481e-01 -1.280217e+00 -5.014076e-01 1.719056e+00 1.434530e+00 -3.209882e-02 9.434189e-02 7.826862e-01 1.715518e-01 -6.274543e-01 -8.242229e-01 2.920491e-01 -8.267843e-02 4.395116e-01 1.084571e-01 2.047059e-01 1.293352e-01 1.057844e-01 -9.703279e-02 -8.471661e-01 -3.140962e-01 1.936968e-01 3.712325e-01 -1.081751e-01 -3.727669e-01
<VARIANCE> 39
 1.264583e+01 2.160306e+01 2.832277e+01 2.668399e+01 4.439447e+01 4.536724e+01 5.916304e+01 4.686845e+01 5.972195e+01 6.010920e+01 5.091811e+01 5.652519e+01 1.835595e+01 4.558004e-01 1.090281e+00 1.543971e+00 1.620079e+00 2.443009e+00 2.545852e+00 3.195941e+00 3.761618e+00 3.313187e+00 3.393375e+00 3.004123e+00 2.716208e+00 3.555429e-01 1.555817e-01 1.890680e-01 2.634881e-01 3.108202e-01 4.435132e-01 4.891635e-01 6.055847e-01 5.307714e-01 6.543879e-01 5.647451e-01 5.304567e-01 5.165872e-01 7.126842e-02
<GCONST> 1.129053e+02
<MIXTURE> 5 1.217032e-01
<MEAN> 39
 4.193631e+00 -4.293248e+00 -7.650581e+00 -6.901494e+00 2.930607e+00 5.740274e+00 -4.183660e+00 -5.651008e-01 8.251554e+00 4.808770e+00 -1.164333e+00 -6.921941e+00 1.141363e+01 1.965106e-01 2.228290e-01 -3.526700e-01 -6.762386e-01 3.015958e-01 9.679624e-01 1.351583e-01 -6.511037e-01 -4.808360e-01 -4.066271e-04 7.791160e-01 1.299128e-01 -1.896183e-01 2.171421e-02 1.024998e-01 1.571875e-01 7.062070e-02 -1.683083e-01 -2.301230e-01 3.577998e-02 1.038701e-01 -2.514786e-01 -2.283201e-01 2.573660e-02 3.355490e-01 -1.233307e-01
<VARIANCE> 39
 1.168220e+01 1.611121e+01 1.800806e+01 2.390601e+01 3.674604e+01 4.085313e+01 5.373966e+01 4.749491e+01 4.225527e+01 5.151383e+01 4.621739e+01 3.013907e+01 1.926543e+01 2.950913e-01 6.157787e-01 7.951907e-01 1.124617e+00 1.433058e+00 1.974674e+00 2.161131e+00 2.304726e+00 2.125229e+00 2.332124e+00 2.052271e+00 1.921542e+00 2.438996e-01 4.390376e-02 8.892798e-02 1.341876e-01 1.669105e-01 2.391394e-01 2.660772e-01 3.381078e-01 3.649191e-01 3.380134e-01 3.652706e-01 3.051494e-01 2.820486e-01 3.909250e-02
<GCONST> 9.643420e+01
<MIXTURE> 6 1.481981e-01
<MEAN> 39
 1.842497e+00 -8.113637e+00 -4.466957e+00 -4.214389e+00 5.406950e+00 2.405369e+00 -8.724207e-01 8.089372e+00 4.274862e+00 -3.241101e+00 -4.319141e+00 1.018211e+00 1.229600e+01 4.870535e-02 1.496730e-02 -1.265468e-01 -4.376853e-02 1.963636e-01 7.931684e-02 -2.035668e-01 -8.141688e-02 1.166371e-01 6.029041e-02 -4.052645e-02 -1.014610e-01 -5.658105e-02 7.970605e-03 3.297940e-02 -5.605442e-03 -3.952955e-02 -5.558233e-02 -3.396326e-02 -4.327427e-02 -7.318120e-02 -7.899514e-03 5.892038e-02 3.366670e-02 -1.920636e-02 -3.175833e-02
<VARIANCE> 39
 1.140272e+01 1.777085e+01 2.094160e+01 2.618245e+01 6.312921e+01 5.737365e+01 6.308661e+01 4.601393e+01 6.040751e+01 5.098425e+01 3.981513e+01 5.940442e+01 1.738743e+01 1.539919e-01 2.965743e-01 4.838873e-01 5.591758e-01 8.977718e-01 9.163539e-01 1.052546e+00 1.006880e+00 1.131217e+00 9.873468e-01 9.757202e-01 9.339063e-01 6.628613e-02 2.556444e-02 4.984567e-02 7.609715e-02 9.774958e-02 1.316937e-01 1.555776e-01 1.736635e-01 1.808297e-01 1.932077e-01 1.703493e-01 1.649571e-01 1.600070e-01 1.055778e-02
<GCONST> 8.037926e+01
<MIXTURE> 7 1.373195e-01
<MEAN> 39
 1.204052e+00 -8.239927e+00 -4.951858e+00 -4.603828e+00 7.163156e+00 2.719535e+00 -1.385095e+00 6.861374e+00 5.150297e+00 4.004389e+00 5.841497e+00 7.333001e+00 1.097712e+01 6.216244e-02 -2.372968e-03 -2.092778e-01 3.338774e-02 5.162309e-01 2.769297e-01 -2.928617e-01 -1.876322e-01 2.378204e-02 1.842474e-02 6.381069e-02 -6.659118e-02 -5.360209e-02 5.902540e-02 1.360714e-01 9.474284e-03 -2.820806e-02 -1.424930e-01 -6.561358e-02 -8.408987e-02 -1.264019e-01 1.329178e-02 7.685483e-02 1.603141e-02 -9.339893e-02 -9.538475e-02
<VARIANCE> 39
 1.361084e+01 2.252563e+01 3.127139e+01 3.724395e+01 7.397875e+01 7.225964e+01 8.576834e+01 6.835102e+01 8.946587e+01 1.291331e+02 1.478374e+02 1.498012e+02 1.823194e+01 5.034064e-01 9.321886e-01 1.282066e+00 1.603071e+00 2.537710e+00 2.469250e+00 2.848340e+00 2.815801e+00 3.004356e+00 3.132635e+00 3.125041e+00 3.330369e+00 2.920420e-01 8.295051e-02 1.566885e-01 2.120159e-01 2.742468e-01 3.653422e-01 4.106207e-01 4.919027e-01 4.818929e-01 5.101335e-01 5.253374e-01 5.178300e-01 5.198916e-01 5.241583e-02
<GCONST> 1.151192e+02
<MIXTURE> 8 9.912354e-02
<MEAN> 39
 5.695502e+00 -2.353186e+00 -5.178013e+00 -7.828989e+00 9.510003e-01 2.560107e+00 -4.275826e+00 -1.628636e+00 5.305058e+00 4.031927e+00 1.816753e+00 -1.440967e+00 8.698112e+00 3.107297e-01 -5.351106e-01 -4.364513e-01 -1.001979e+00 2.641806e-01 1.164182e+00 1.526849e-01 4.779606e-02 1.511685e-01 1.610231e-01 4.501206e-01 2.514165e-02 6.530260e-01 -3.571725e-01 2.676402e-01 1.514253e-01 4.182509e-01 1.544169e-01 3.155766e-02 2.750414e-01 7.983579e-02 -3.344530e-01 -2.569684e-01 -5.158691e-02 1.419259e-01 -4.298806e-01
<VARIANCE> 39
 2.051509e+01 3.346083e+01 4.062331e+01 5.434027e+01 6.687203e+01 8.412879e+01 7.001576e+01 6.874200e+01 6.703218e+01 7.929730e+01 9.116733e+01 8.339774e+01 3.209763e+01 1.212097e+00 2.290185e+00 2.175777e+00 3.025102e+00 3.501575e+00 3.921047e+00 4.224101e+00 4.554369e+00 4.284656e+00 4.468028e+00 4.272501e+00 3.718450e+00 1.382873e+00 3.113712e-01 3.382444e-01 3.979695e-01 5.211347e-01 6.515940e-01 7.392578e-01 8.273892e-01 7.435893e-01 8.034289e-01 7.893699e-01 7.936829e-01 7.775618e-01 2.547739e-01
<GCONST> 1.311840e+02
<STATE> 3
<NUMMIXES> 8
<MIXTURE> 1 6.674290e-02
<MEAN> 39
 1.851124e+00 -6.121054e+00 -5.671427e+00 -4.104979e+00 6.086003e+00 4.074347e+00 -1.195741e+00 3.379453e+00 2.047564e+00 5.410995e+00 1.088228e+01 1.102670e+01 9.777532e+00 2.007736e-02 2.726143e-02 3.347322e-03 4.521569e-03 3.936523e-02 2.125362e-02 -1.572817e-02 6.531682e-03 2.927469e-02 2.785153e-02 -1.111363e-02 -1.846820e-02 -9.283122e-03 7.279835e-03 1.711199e-02 -4.349380e-03 -7.946106e-03 -1.251526e-03 6.672983e-03 -1.622364e-02 3.942964e-03 1.060391e-02 -1.468412e-02 -2.666052e-02 -1.903787e-02 -4.290975e-03
<VARIANCE> 39
 9.639722e+00 2.157769e+01 3.131101e+01 3.953861e+01 8.130744e+01 5.032891e+01 7.493095e+01 6.116169e+01 7.513187e+01 1.135055e+02 1.133859e+02 1.233605e+02 1.863330e+01 7.816514e-02 1.717194e-01 2.420091e-01 3.017237e-01 3.458630e-01 3.522645e-01 4.060719e-01 4.264520e-01 4.213630e-01 4.339846e-01 4.434176e-01 4.211853e-01 2.377228e-02 1.458551e-02 3.218544e-02 4.557601e-02 5.800126e-02 6.528366e-02 6.740472e-02 7.809678e-02 8.119027e-02 8.167724e-02 8.327001e-02 8.472372e-02 8.157362e-02 1.000000e-02
<GCONST> 6.584541e+01
<MIXTURE> 2 1.220087e-01
<MEAN> 39
 4.420877e+00 -4.429574e+00 -1.013671e+01 -1.086241e+01 4.532853e+00 3.267950e+00 -7.909371e+00 -6.863242e-01 1.837448e+00 -1.302241e+00 -2.462924e+00 -3.598295e+00 8.149563e+00 9.090560e-02 1.530648e-01 5.392218e-02 1.400403e-02 1.039582e-01 1.700731e-01 9.170564e-02 2.021735e-02 1.513394e-02 1.353981e-01 1.625669e-01 4.905331e-02 -4.983926e-02 1.342779e-01 1.992068e-01 2.646338e-01 2.767906e-01 2.575020e-01 2.748380e-01 3.126492e-01 2.786259e-01 2.452331e-01 2.218841e-01 1.879056e-01 1.608080e-01 4.122265e-02
<VARIANCE> 39
 1.070850e+01 1.952843e+01 2.197097e+01 3.388800e+01 5.233485e+01 5.483880e+01 5.062052e+01 5.533347e+01 5.381189e+01 5.996275e+01 7.141628e+01 8.004130e+01 1.404135e+01 1.132996e-01 2.724329e-01 3.964944e-01 5.567006e-01 7.029984e-01 8.112261e-01 8.658440e-01 9.454911e-01 9.294423e-01 9.137381e-01 8.852015e-01 8.120049e-01 5.486010e-02 1.592643e-02 3.914284e-02 5.739238e-02 8.166753e-02 1.078878e-01 1.208137e-01 1.344569e-01 1.461767e-01 1.538902e-01 1.571161e-01 1.519924e-01 1.471600e-01 1.000000e-02
<GCONST> 7.661733e+01
<MIXTURE> 3 1.404131e-01
<MEAN> 39
 6.601434e+00 -5.818154e-01 -7.469084e+00 -1.060976e+01 -1.776547e-01 8.824850e+00 -3.423591e+00 -3.605336e+00 4.584706e+00 3.272457e+00 4.232148e+00 -1.171301e+00 9.301278e+00 3.442813e-02 6.656802e-02 3.414515e-02 -6.204910e-03 1.073915e-02 7.158568e-02 6.327754e-02 7.668696e-03 -3.617212e-02 1.847543e-02 8.245616e-02 1.020358e-01 -2.734045e-02 9.529938e-04 -3.826141e-03 5.838386e-03 1.125762e-03 5.798240e-03 -1.849029e-02 -9.186293e-03 6.093650e-03 -6.247210e-03 9.308952e-04 -8.519199e-03 -6.492831e-04 -4.442868e-03
<VARIANCE> 39
 1.010068e+01 1.579011e+01 2.264356e+01 3.188728e+01 3.935293e+01 4.483599e+01 5.104270e+01 4.750848e+01 4.899451e+01 7.290295e+01 5.643704e+01 5.453545e+01 1.495715e+01 3.921350e-02 9.921473e-02 1.401991e-01 2.276491e-01 2.967030e-01 3.657306e-01 3.823136e-01 4.379775e-01 4.679269e-01 4.640916e-01 4.326290e-01 4.099590e-01 2.224373e-02 1.000000e-02 1.754069e-02 2.696574e-02 4.295897e-02 5.697714e-02 6.853979e-02 7.545823e-02 8.349659e-02 8.885206e-02 8.709373e-02 8.088341e-02 7.677671e-02 1.000000e-02
<GCONST> 5.688420e+01
<MIXTURE> 4 1.233454e-01
<MEAN> 39
 5.550886e+00 -3.046318e+00 -8.026595e+00 -8.043391e+00 6.435321e+00 4.125807e+00 -5.814191e+00 2.576272e+00 4.752950e+00 3.036571e-01 -4.370830e+00 -5.176931e+00 8.202014e+00 -1.536350e-01 -1.818082e-01 -3.749909e-01 -4.284610e-01 -3.617284e-01 -3.283368e-01 -4.607701e-01 -5.069411e-01 -4.122071e-01 -2.789164e-01 -2.085376e-01 -2.881612e-01 -1.144023e-01 -1.211448e-02 -9.611616e-03 -1.629038e-02 -2.765533e-02 -5.634170e-02 -3.507699e-02 -2.307155e-02 -4.859698e-02 -3.594620e-02 -3.066556e-02 2.864138e-03 -1.505866e-03 -1.204234e-02
<VARIANCE> 39
 8.641189e+00 1.545152e+01 2.058865e+01 2.913727e+01 4.197229e+01 4.608395e+01 4.738201e+01 4.845416e+01 5.281902e+01 5.561153e+01 4.901558e+01 3.947674e+01 1.445972e+01 6.842902e-02 1.775914e-01 2.489170e-01 3.674436e-01 4.727893e-01 5.729859e-01 5.958553e-01 6.435052e-01 6.671774e-01 6.779736e-01 6.321101e-01 5.720173e-01 3.682577e-02 1.175053e-02 2.962049e-02 4.514904e-02 6.404769e-02 8.056931e-02 9.839977e-02 1.065694e-01 1.153047e-01 1.187596e-01 1.165426e-01 1.088265e-01 9.882727e-02 1.000000e-02
<GCONST> 6.585693e+01
<MIXTURE> 5 1.744816e-01
<MEAN> 39
 6.757943e+00 -1.218106e-01 -7.098051e+00 -1.241268e+01 -1.364917e+00 1.184019e+01 -2.866351e+00 -5.109490e+00 3.545043e+00 2.254250e+00 6.919913e+00 3.038383e-01 9.193765e+00 6.714278e-02 1.959490e-01 5.245616e-03 -1.841180e-01 -1.611120e-01 3.404367e-02 6.703293e-02 -8.883624e-02 -2.894284e-01 -2.654715e-01 8.284810e-02 2.543906e-01 -1.707044e-01 -1.461819e-02 -2.310445e-02 -1.568452e-03 3.093652e-02 5.410349e-03 -1.597167e-01 -5.345256e-02 4.934815e-02 -3.325932e-02 -2.056198e-02 -1.251834e-01 -3.986362e-02 -1.606899e-02
<VARIANCE> 39
 1.136269e+01 1.766595e+01 2.223502e+01 3.526601e+01 4.508223e+01 4.531056e+01 5.825850e+01 4.790295e+01 5.179346e+01 7.832579e+01 5.310850e+01 6.121329e+01 1.535195e+01 1.524004e-01 3.877150e-01 4.782607e-01 7.507591e-01 9.707816e-01 1.251959e+00 1.302831e+00 1.379482e+00 1.483689e+00 1.504750e+00 1.474679e+00 1.395765e+00 1.101619e-01 2.075227e-02 5.050297e-02 7.534992e-02 1.125386e-01 1.553120e-01 1.927034e-01 2.067017e-01 2.295712e-01 2.355846e-01 2.497216e-01 2.331503e-01 2.114740e-01 1.127759e-02
<GCONST> 8.605791e+01
<MIXTURE> 6 9.662443e-02
<MEAN> 39
 3.972879e+00 -5.142385e+00 -8.248687e+00 -4.940866e+00 1.159909e+01 2.775532e+00 -5.764970e+00 5.381456e+00 6.480932e-01 -1.579427e+00 4.046202e+00 1.112318e+01 7.399310e+00 1.952882e-02 7.156241e-02 -9.925544e-02 -1.152893e-01 -3.669554e-02 -2.719331e-02 -8.199158e-02 -1.013079e-01 -3.119751e-02 6.190338e-02 4.386297e-02 -7.089762e-02 -9.784929e-02 -4.372745e-02 -4.659450e-02 -5.377134e-02 -9.829983e-02 -1.368111e-01 -6.596938e-02 -4.182172e-02 -1.118203e-01 -8.700322e-03 3.092043e-02 -1.759162e-03 -5.957713e-02 -2.534350e-02
<VARIANCE> 39
 7.184987e+00 1.482847e+01 1.969027e+01 2.888989e+01 4.019530e+01 4.674244e+01 4.159482e+01 3.728831e+01 3.755818e+01 4.346324e+01 5.924496e+01 6.870467e+01 8.731685e+00 2.027781e-01 4.547482e-01 6.273192e-01 7.646974e-01 9.893749e-01 9.308982e-01 1.048167e+00 1.149016e+00 1.036052e+00 9.724495e-01 1.142540e+00 1.083465e+00 8.627617e-02 2.788592e-02 6.236708e-02 9.110606e-02 1.092725e-01 1.391873e-01 1.417937e-01 1.638406e-01 1.794807e-01 1.717668e-01 1.586144e-01 1.765829e-01 1.774863e-01 1.000000e-02
<GCONST> 8.012008e+01
<MIXTURE> 7 1.476245e-01
<MEAN> 39
 5.789846e+00 -3.157921e+00 -7.553131e+00 -1.085723e+01 6.793184e+00 6.134205e+00 -5.576312e+00 2.100898e-02 2.926484e+00 1.912120e+00 1.479384e+00 -1.402513e+00 7.884995e+00 8.117913e-02 2.677582e-01 -1.006419e-01 -1.898824e-01 -1.770625e-01 4.062292e-02 -5.689697e-02 -2.029153e-01 -3.476158e-01 -2.567018e-02 2.047295e-01 8.952709e-02 -2.165932e-01 -2.716367e-02 7.406807e-02 5.134606e-02 1.345252e-01 -1.134440e-01 -8.604181e-02 4.828618e-02 1.090171e-02 -3.372817e-02 -5.483162e-02 -3.442159e-02 4.948047e-02 -5.087229e-02
<VARIANCE> 39
 1.784320e+01 2.775902e+01 3.670702e+01 5.337785e+01 7.738820e+01 7.917085e+01 7.014625e+01 6.764093e+01 7.038319e+01 7.516315e+01 8.977283e+01 8.532102e+01 2.283636e+01 4.236858e-01 8.742175e-01 1.066846e+00 1.542045e+00 1.854383e+00 2.099377e+00 2.347053e+00 2.517897e+00 2.644070e+00 2.482734e+00 2.494406e+00 2.339422e+00 3.700085e-01 7.268815e-02 1.349603e-01 2.007878e-01 2.649702e-01 3.395903e-01 3.969209e-01 4.186749e-01 4.466012e-01 4.442067e-01 4.259754e-01 4.215713e-01 3.834084e-01 5.165533e-02
<GCONST> 1.108962e+02
<MIXTURE> 8 1.287594e-01
<MEAN> 39
 6.059597e+00 -2.547645e+00 -7.885445e+00 -8.210649e+00 7.318031e+00 5.345829e+00 -5.232164e+00 2.675237e+00 5.481857e+00 1.471677e+00 -3.132401e+00 -5.234984e+00 8.308298e+00 2.196664e-01 3.117081e-01 2.676085e-01 2.333372e-01 3.711587e-01 4.591920e-01 3.697798e-01 2.628522e-01 2.643620e-01 4.063472e-01 3.877054e-01 1.842093e-01 -1.005077e-02 -7.398217e-02 -8.877721e-02 -1.089808e-01 -1.400478e-01 -1.858544e-01 -1.669827e-01 -1.488956e-01 -1.724220e-01 -1.651603e-01 -1.458432e-01 -8.367932e-02 -5.498985e-02 -3.194058e-02
<VARIANCE> 39
 9.527766e+00 1.637466e+01 2.113485e+01 3.022818e+01 4.306813e+01 4.855994e+01 4.779305e+01 4.757581e+01 5.336997e+01 6.028010e+01 5.405471e+01 3.846054e+01 1.380545e+01 8.881128e-02 2.325867e-01 3.254018e-01 4.882025e-01 5.899386e-01 7.106861e-01 7.589319e-01 8.565434e-01 8.639266e-01 8.383544e-01 8.142876e-01 7.373664e-01 5.155765e-02 1.624222e-02 4.056152e-02 6.139830e-02 8.469726e-02 1.069450e-01 1.314606e-01 1.444408e-01 1.477530e-01 1.534512e-01 1.506250e-01 1.455392e-01 1.336572e-01 1.000000e-02
<GCONST> 7.307742e+01
<STATE> 4
<NUMMIXES> 8
<MIXTURE> 1 8.315304e-02
<MEAN> 39
 5.154121e+00 8.375425e-01 -1.042220e+01 -6.588550e+00 5.811014e+00 2.280944e+00 -6.312301e+00 -1.758154e+00 2.652622e+00 8.546080e+00 1.228478e+01 1.320759e+01 2.155377e+00 2.803979e-02 6.556015e-02 1.693350e-02 -7.241125e-03 -7.457924e-02 -2.741712e-03 -1.300953e-02 -6.262659e-02 -2.948631e-02 7.657427e-02 5.328707e-02 1.420416e-04 -7.722256e-02 -1.458479e-03 1.386384e-03 3.352908e-02 -1.233200e-03 -3.890646e-02 2.710923e-03 2.414450e-02 1.464467e-02 2.673696e-03 -2.558129e-02 -4.122844e-02 -6.268289e-02 -3.017737e-04
<VARIANCE> 39
 7.020747e+00 1.598350e+01 1.901503e+01 2.709872e+01 3.588822e+01 3.660243e+01 3.829394e+01 5.017625e+01 5.753114e+01 7.847488e+01 6.761244e+01 4.397503e+01 8.927210e+00 1.066460e-01 2.810997e-01 4.103528e-01 5.865602e-01 7.263100e-01 7.292022e-01 8.229699e-01 9.592153e-01 9.007802e-01 9.946087e-01 9.756740e-01 8.984294e-01 5.145856e-02 1.852423e-02 4.774317e-02 7.460446e-02 1.072012e-01 1.309058e-01 1.322948e-01 1.506617e-01 1.775270e-01 1.650721e-01 1.801354e-01 1.755832e-01 1.687949e-01 1.000000e-02
<GCONST> 7.579730e+01
<MIXTURE> 2 1.205751e-01
<MEAN> 39
 8.107195e+00 3.997958e+00 -8.415642e+00 -8.671571e+00 1.360350e+00 1.899360e+00 -6.985055e+00 -4.434394e+00 -2.224636e+00 -1.281132e+00 -3.885474e+00 -7.406732e+00 2.025624e+00 2.182368e-02 5.879545e-02 3.362871e-02 3.149477e-03 -3.492206e-02 5.447250e-03 1.639399e-02 -6.547727e-02 -6.279837e-02 2.291919e-02 3.986351e-02 3.436881e-02 -6.621636e-02 6.139122e-02 8.652755e-02 1.290259e-01 1.316697e-01 1.667958e-01 1.531247e-01 1.814162e-01 2.033854e-01 1.538576e-01 1.324943e-01 1.710504e-01 1.907843e-01 1.789528e-02
<VARIANCE> 39
 7.592551e+00 1.378586e+01 1.948502e+01 2.955038e+01 2.952644e+01 3.590576e+01 4.295810e+01 4.713358e+01 5.233639e+01 5.087638e+01 4.718085e+01 4.030024e+01 1.020291e+01 6.568481e-02 1.901116e-01 3.047659e-01 4.465709e-01 5.797769e-01 6.923570e-01 7.551938e-01 8.351058e-01 8.784560e-01 8.500188e-01 8.208602e-01 7.487882e-01 4.088214e-02 1.000000e-02 2.870422e-02 4.709347e-02 7.337755e-02 8.897194e-02 1.159617e-01 1.241399e-01 1.342738e-01 1.531610e-01 1.526693e-01 1.386209e-01 1.213841e-01 1.000000e-02
<GCONST> 6.835874e+01
<MIXTURE> 3 1.859370e-01
<MEAN> 39
 8.560569e+00 5.998082e+00 -4.324236e+00 -7.543191e+00 -2.351696e+00 5.769528e+00 -6.883693e-01 -4.678141e+00 -2.352110e+00 7.317863e-01 3.963199e+00 2.811507e+00 1.835898e+00 5.908980e-03 2.799740e-02 3.986247e-02 2.709853e-02 -1.726632e-02 -2.958347e-02 1.249167e-03 -4.918457e-04 -3.743756e-02 -4.405999e-02 -2.623913e-02 1.949505e-02 -4.936697e-02 -4.172144e-03 -3.478512e-03 -1.622299e-02 -1.439578e-02 1.523022e-02 -8.175390e-03 -3.133878e-02 -1.643900e-02 -8.023179e-03 5.047479e-04 -9.843099e-03 -2.674118e-02 -4.353553e-03
<VARIANCE> 39
 9.297350e+00 1.886147e+01 2.074647e+01 3.404775e+01 2.748652e+01 3.240458e+01 3.356764e+01 4.532722e+01 3.720349e+01 5.083548e+01 3.883160e+01 3.625519e+01 1.320685e+01 4.304950e-02 1.244099e-01 1.960936e-01 2.959988e-01 3.808971e-01 4.750054e-01 5.314040e-01 5.912398e-01 6.349174e-01 6.456943e-01 6.045687e-01 5.611526e-01 2.869736e-02 1.000000e-02 2.375056e-02 3.760013e-02 5.718048e-02 7.302359e-02 9.225085e-02 1.033060e-01 1.177738e-01 1.238089e-01 1.275160e-01 1.184635e-01 1.078016e-01 1.000000e-02
<GCONST> 6.142083e+01
<MIXTURE> 4 1.293183e-01
<MEAN> 39
 7.543772e+00 2.501315e+00 -8.191841e+00 -9.979531e+00 3.305568e+00 2.792130e+00 -5.650579e+00 -1.725176e+00 -2.879578e+00 -2.140617e+00 -2.737418e+00 -5.905440e+00 3.027468e+00 3.581882e-02 2.237391e-01 1.017698e-01 4.466085e-02 -2.680180e-01 -1.384303e-01 7.985340e-02 -1.703471e-01 -2.365694e-01 -3.992297e-02 3.510139e-02 1.873129e-02 -2.129116e-01 2.892712e-02 3.946161e-02 1.027893e-01 1.251311e-01 3.987645e-02 9.824435e-02 9.012055e-02 9.938592e-03 1.322469e-01 1.496228e-01 1.088025e-01 1.336821e-01 9.611816e-03
<VARIANCE> 39
 9.927365e+00 1.492148e+01 2.542847e+01 3.852103e+01 4.607058e+01 3.868496e+01 5.167397e+01 5.477328e+01 6.623265e+01 5.519239e+01 5.166269e+01 4.669691e+01 8.409761e+00 1.952269e-01 4.948410e-01 7.493376e-01 1.049015e+00 1.365623e+00 1.525154e+00 1.811864e+00 1.940922e+00 2.048619e+00 1.979100e+00 1.858830e+00 1.612447e+00 1.485720e-01 2.855344e-02 6.803700e-02 1.263915e-01 1.701928e-01 2.239965e-01 2.362040e-01 2.978738e-01 3.296517e-01 3.391887e-01 3.040128e-01 2.876874e-01 2.531476e-01 1.532423e-02
<GCONST> 9.270946e+01
<MIXTURE> 5 1.657746e-01
<MEAN> 39
 9.045233e+00 4.431612e+00 -7.864542e+00 -7.517844e+00 5.028243e+00 3.710221e+00 -6.099689e+00 -1.544128e+00 5.827404e-01 1.754466e+00 -1.985125e+00 -6.209728e+00 2.630636e+00 2.892876e-02 1.027999e-01 1.212813e-02 -2.623520e-02 -3.857893e-02 2.427214e-02 2.286066e-02 -9.818763e-02 -1.346588e-01 2.429564e-02 1.089707e-01 3.627845e-02 -9.275988e-02 -6.146732e-02 -6.825513e-02 -4.734804e-02 -8.548112e-02 -1.710130e-01 -1.195282e-01 -8.255065e-02 -1.394978e-01 -1.208102e-01 -1.413193e-01 -1.087103e-01 -6.189272e-02 -1.496990e-02
<VARIANCE> 39
 7.167749e+00 1.102952e+01 1.822267e+01 2.599974e+01 2.355243e+01 3.533430e+01 4.250577e+01 4.124633e+01 5.132977e+01 5.107991e+01 4.749992e+01 3.444004e+01 8.205737e+00 7.607763e-02 2.190968e-01 3.239094e-01 4.922307e-01 6.363821e-01 7.508672e-01 8.508693e-01 9.445615e-01 1.008664e+00 9.327035e-01 9.064732e-01 8.031769e-01 5.198611e-02 1.032578e-02 3.167546e-02 5.318336e-02 7.754134e-02 9.152411e-02 1.210167e-01 1.427425e-01 1.457624e-01 1.575315e-01 1.530730e-01 1.474073e-01 1.317099e-01 1.000000e-02
<GCONST> 6.939169e+01
<MIXTURE> 6 1.740565e-01
<MEAN> 39
 9.442542e+00 7.571745e+00 -5.153158e+00 -1.160229e+01 -3.374622e+00 8.701639e+00 -4.011037e-02 -5.733513e+00 -3.455766e+00 -4.729023e-01 4.700117e+00 3.715153e+00 2.474611e+00 2.871280e-02 1.637918e-01 1.153243e-01 8.161028e-02 -1.091676e-01 -1.225716e-01 8.759561e-02 7.450263e-02 -1.215376e-01 -1.513766e-01 -1.209083e-01 3.610494e-02 -1.654863e-01 -2.890421e-02 -7.950049e-02 -2.042102e-02 5.657177e-02 6.493296e-02 -1.099631e-01 -1.197496e-01 -5.129598e-04 5.845504e-02 3.081510e-02 -8.968433e-02 -1.236159e-01 1.128650e-02
<VARIANCE> 39
 8.916354e+00 1.760637e+01 1.995594e+01 3.511261e+01 3.841829e+01 3.368081e+01 4.640356e+01 4.922845e+01 4.634330e+01 6.143049e+01 4.459774e+01 4.109786e+01 1.484114e+01 1.261467e-01 3.710220e-01 5.033190e-01 7.499006e-01 9.574440e-01 1.134000e+00 1.279602e+00 1.337810e+00 1.454717e+00 1.472518e+00 1.395251e+00 1.289176e+00 1.242040e-01 1.931784e-02 5.559269e-02 8.252200e-02 1.294756e-01 1.616650e-01 1.918895e-01 2.240496e-01 2.406476e-01 2.590708e-01 2.584892e-01 2.382844e-01 2.161824e-01 1.272351e-02
<GCONST> 8.439399e+01
<MIXTURE> 7 4.260973e-02
<MEAN> 39
 2.926543e+00 -2.585051e+00 -5.974527e+00 -4.179972e+00 5.387521e+00 1.705447e+00 -1.526432e+00 1.073168e+01 1.921966e+01 2.087795e+01 1.219661e+01 -5.034405e+00 4.436422e+00 3.010075e-03 3.391293e-02 -6.556145e-03 6.345852e-03 -4.891276e-02 -2.896811e-02 -2.442814e-03 2.165728e-02 6.407760e-03 2.522454e-02 -9.941192e-03 -2.406982e-02 -2.976777e-02 -1.072829e-03 1.754596e-03 -5.848333e-05 -6.165986e-03 -1.174579e-02 -8.275115e-03 5.044727e-03 -1.787955e-02 -5.359515e-02 -4.090080e-02 5.964547e-03 5.181689e-02 -2.718471e-03
<VARIANCE> 39
 1.316647e+01 2.184672e+01 3.153532e+01 2.244456e+01 5.943141e+01 3.291166e+01 5.671230e+01 6.403365e+01 3.577605e+01 4.137739e+01 6.696821e+01 1.625955e+02 1.590442e+01 1.655643e-01 3.812958e-01 5.549403e-01 6.934239e-01 7.330378e-01 8.007826e-01 9.468696e-01 9.160632e-01 1.035276e+00 1.049011e+00 1.023673e+00 1.332500e+00 6.448352e-02 2.967816e-02 6.986928e-02 1.013185e-01 1.237821e-01 1.333742e-01 1.464548e-01 1.727262e-01 1.643511e-01 1.884920e-01 1.967829e-01 1.796947e-01 2.014310e-01 1.000000e-02
<GCONST> 8.302532e+01
<MIXTURE> 8 9.857563e-02
<MEAN> 39
 7.178954e+00 1.783407e+00 -6.443768e+00 -9.694997e+00 3.044851e+00 5.363521e+00 -3.530738e+00 -3.021132e+00 1.704915e-01 3.555900e+00 4.037568e+00 1.105349e+00 4.275373e+00 1.378144e-01 5.326023e-01 1.915473e-01 6.011493e-02 -4.368733e-01 -2.106598e-01 1.867196e-01 -2.166504e-01 -4.980913e-01 -2.993034e-01 1.138764e-02 3.065716e-01 -4.631627e-01 -8.185084e-02 -1.333527e-02 5.561059e-02 1.557108e-01 -9.874803e-02 -2.019329e-01 -4.562689e-02 2.506666e-02 1.256187e-02 -1.814204e-01 -2.245043e-01 -1.313208e-01 -6.312166e-02
<VARIANCE> 39
 2.352960e+01 3.112420e+01 3.911308e+01 5.925318e+01 5.703634e+01 6.203867e+01 6.491682e+01 6.650599e+01 7.034967e+01 7.340424e+01 7.910918e+01 8.303156e+01 2.626034e+01 4.953246e-01 9.700567e-01 1.163037e+00 1.694503e+00 2.096228e+00 2.267867e+00 2.552464e+00 2.748020e+00 2.941144e+00 2.873189e+00 2.654408e+00 2.513554e+00 5.394056e-01 8.172145e-02 1.460233e-01 2.172507e-01 3.266991e-01 3.261119e-01 4.048302e-01 4.331257e-01 4.986123e-01 4.891327e-01 4.583701e-01 4.673362e-01 4.263339e-01 6.756539e-02
<GCONST> 1.136040e+02
<STATE> 5
<NUMMIXES> 8
<MIXTURE> 1 1.056256e-01
<MEAN> 39
 4.022132e+00 4.536789e-01 -3.709146e+00 -5.124081e+00 -2.804060e+00 6.407002e-01 -1.116567e+00 1.430757e-01 1.965787e+00 7.104198e+00 1.355768e+01 1.616932e+01 1.856725e+00 -2.362563e-02 4.876459e-02 5.031263e-02 7.231387e-02 -1.115316e-01 -1.587659e-01 -3.368597e-03 -3.389975e-02 3.165412e-02 3.341131e-02 -4.284426e-03 -2.535615e-02 -1.040473e-01 -1.413347e-03 -3.118435e-03 -1.752556e-02 2.362799e-03 2.882262e-02 -2.222391e-03 -2.794670e-02 -1.292554e-02 1.687096e-02 -1.823734e-02 -1.018112e-01 -1.279689e-01 -5.037869e-03
<VARIANCE> 39
 1.229702e+01 2.785086e+01 3.169421e+01 3.224810e+01 5.052377e+01 5.752669e+01 5.754554e+01 5.562951e+01 6.010532e+01 1.070900e+02 7.598701e+01 6.761455e+01 2.384605e+01 1.768568e-01 4.432910e-01 6.348603e-01 8.374588e-01 1.069224e+00 1.153469e+00 1.309241e+00 1.297832e+00 1.478087e+00 1.649424e+00 1.579862e+00 1.421504e+00 1.081217e-01 3.081673e-02 7.757813e-02 1.133880e-01 1.532435e-01 1.850905e-01 2.034788e-01 2.361351e-01 2.407486e-01 2.661314e-01 2.802157e-01 2.850208e-01 2.615095e-01 1.489421e-02
<GCONST> 9.237814e+01
<MIXTURE> 2 9.014776e-02
<MEAN> 39
 4.175626e+00 6.661682e+00 -1.330378e+00 -3.961352e-01 2.549106e+00 1.250495e+00 -3.122412e+00 -5.670503e+00 -3.212344e+00 -1.503718e+00 -1.592377e+00 -2.587435e+00 -3.129113e+00 -1.536583e+00 1.248940e-01 5.627864e-01 1.477391e+00 7.383661e-01 -2.256415e-02 9.568904e-01 4.657034e-01 1.740819e-01 -9.278512e-02 -1.090596e-01 -8.509126e-02 -1.048715e+00 -1.851634e-01 -3.782786e-01 -1.960269e-01 -3.265845e-01 -1.453900e-01 5.510838e-02 8.826913e-02 3.279293e-01 3.214362e-01 2.515723e-01 2.254783e-01 2.152536e-01 2.224471e-01
<VARIANCE> 39
 3.106573e+01 2.906195e+01 3.474749e+01 3.959515e+01 4.237591e+01 5.402593e+01 4.751538e+01 4.332434e+01 4.602702e+01 4.640966e+01 4.507983e+01 4.734452e+01 3.281051e+01 2.167142e+00 2.407977e+00 2.053586e+00 3.133794e+00 3.217330e+00 3.357706e+00 3.581596e+00 3.568167e+00 3.523598e+00 3.298266e+00 3.266233e+00 2.972244e+00 2.146436e+00 2.288634e-01 2.772416e-01 2.960532e-01 4.184415e-01 4.637868e-01 5.350580e-01 5.514386e-01 5.829549e-01 5.807700e-01 5.881935e-01 5.405197e-01 5.033407e-01 2.438626e-01
<GCONST> 1.226686e+02
<MIXTURE> 3 2.776121e-01
<MEAN> 39
 7.717223e+00 8.597366e+00 -8.248456e-01 -2.760060e+00 -2.851782e+00 7.724097e-01 -4.591260e-01 -4.035617e+00 -4.141418e+00 -2.844091e+00 -2.610353e+00 -1.850182e+00 -2.871632e+00 -7.459087e-02 3.208502e-02 1.711121e-01 2.465797e-01 9.268171e-02 -5.828897e-02 -2.489825e-02 -7.865793e-02 -3.543124e-02 -1.409861e-02 -4.032206e-02 -2.483474e-02 -1.625654e-01 -1.651355e-02 -3.684144e-02 -2.212244e-02 -1.059332e-02 4.621927e-02 3.412967e-02 -2.308263e-02 -2.157080e-02 5.193099e-03 2.354030e-02 3.592225e-02 1.300194e-02 1.066455e-02
<VARIANCE> 39
 1.308831e+01 2.311841e+01 2.502737e+01 3.483016e+01 4.167371e+01 3.484359e+01 4.523491e+01 4.700139e+01 4.222640e+01 4.089922e+01 3.942769e+01 4.148975e+01 1.630217e+01 1.252814e-01 2.736710e-01 4.915020e-01 7.039083e-01 8.663380e-01 9.637092e-01 1.100849e+00 1.217837e+00 1.228748e+00 1.284306e+00 1.203360e+00 1.099815e+00 9.787825e-02 2.019273e-02 4.810923e-02 8.261012e-02 1.187013e-01 1.561711e-01 1.802945e-01 2.046043e-01 2.279449e-01 2.313258e-01 2.354966e-01 2.225892e-01 2.024284e-01 1.225205e-02
<GCONST> 8.223029e+01
<MIXTURE> 4 8.103663e-02
<MEAN> 39
 6.376528e+00 1.544252e+00 -2.167328e+00 -4.025047e+00 1.088940e-02 -3.952624e+00 -8.434587e+00 -2.882008e+00 1.080988e-01 -6.038706e-01 -3.650698e+00 -1.978963e+00 3.579191e+00 -7.200149e-01 1.352371e+00 9.756339e-01 1.878312e+00 -8.091243e-02 -8.246240e-01 4.065206e-01 -1.049249e+00 -9.140548e-01 -9.006997e-01 -4.033411e-01 -3.440767e-01 -1.179042e+00 -3.538260e-01 2.246986e-01 -6.417128e-02 1.491303e-01 2.337646e-01 5.163591e-01 4.671397e-01 -2.279108e-02 -5.674875e-02 5.272411e-02 2.476356e-01 -6.170192e-02 -1.521008e-01
<VARIANCE> 39
 1.928000e+01 3.034212e+01 4.406092e+01 5.579123e+01 5.265461e+01 5.961415e+01 5.087674e+01 6.345200e+01 6.294543e+01 6.086174e+01 5.952288e+01 6.008327e+01 1.936936e+01 1.580938e+00 1.954099e+00 2.755668e+00 2.887772e+00 4.162082e+00 4.141157e+00 4.483253e+00 5.018509e+00 4.465199e+00 4.219954e+00 4.171555e+00 3.921431e+00 1.148366e+00 2.126906e-01 3.058493e-01 3.572631e-01 5.752006e-01 4.995508e-01 5.744898e-01 6.234524e-01 7.891536e-01 7.817205e-01 6.975374e-01 6.365904e-01 6.027693e-01 1.224224e-01
<GCONST> 1.264787e+02
<MIXTURE> 5 1.179554e-01
<MEAN> 39
 8.612302e+00 6.528317e+00 -3.386467e+00 -1.187098e+01 -6.475482e+00 6.895978e+00 1.453396e+00 -4.260211e+00 -3.211493e+00 -5.375593e+00 9.850420e-01 2.604009e+00 2.315735e+00 5.992930e-04 1.108620e-01 2.251323e-01 5.965826e-01 1.385622e-01 -3.443396e-01 -1.428230e-01 -3.010146e-01 -2.323318e-01 1.121437e-01 -2.496314e-01 -2.676544e-01 -4.089144e-01 -7.699618e-02 -1.588620e-01 -1.732128e-02 3.016950e-01 3.698290e-01 -1.120091e-01 -2.841533e-01 -1.077605e-01 1.537288e-01 3.991921e-01 5.580350e-02 -2.067247e-01 1.918819e-02
<VARIANCE> 39
 1.625961e+01 3.090352e+01 3.392256e+01 4.728964e+01 4.528222e+01 6.014241e+01 5.811519e+01 6.779464e+01 6.448299e+01 6.240415e+01 7.031158e+01 6.359752e+01 2.594155e+01 3.523816e-01 9.411599e-01 1.274727e+00 1.877890e+00 2.242759e+00 2.555087e+00 2.632557e+00 2.939285e+00 2.811617e+00 3.350803e+00 3.082792e+00 2.497607e+00 4.865727e-01 6.168646e-02 1.350794e-01 1.942632e-01 2.816943e-01 3.300967e-01 4.556390e-01 4.667849e-01 5.132916e-01 5.515844e-01 4.904590e-01 5.245144e-01 4.629920e-01 5.895235e-02
<GCONST> 1.119819e+02
<MIXTURE> 6 8.816511e-02
<MEAN> 39
 4.527163e+00 -1.865388e+00 -6.980346e+00 -7.506948e+00 2.891467e+00 3.064952e+00 -5.901071e+00 -7.194773e-01 4.127090e+00 6.662820e+00 7.599463e+00 4.746507e+00 5.830543e+00 -2.558690e-01 -2.217199e-02 4.992606e-01 1.030813e+00 -4.201041e-01 -1.283539e+00 -1.303844e-01 2.298301e-02 8.686490e-02 -4.407149e-01 -1.041681e+00 -4.416826e-01 -5.561230e-01 -9.024101e-02 1.509172e-01 2.074476e-01 2.204912e-01 -5.951956e-02 -5.325663e-02 2.052080e-01 9.306196e-03 -2.204585e-01 -3.846119e-01 -2.758778e-01 -1.347466e-01 -1.904105e-01
<VARIANCE> 39
 1.910540e+01 2.904923e+01 3.503769e+01 5.030930e+01 7.417046e+01 7.393579e+01 7.969586e+01 9.168625e+01 8.495925e+01 9.356525e+01 1.058328e+02 1.218450e+02 3.375021e+01 1.114704e+00 1.969786e+00 2.038849e+00 3.276587e+00 3.878865e+00 4.448943e+00 4.494591e+00 5.010073e+00 5.506505e+00 5.297120e+00 5.019253e+00 5.109848e+00 1.748311e+00 1.578828e-01 2.405218e-01 3.155643e-01 4.844920e-01 6.088521e-01 6.757126e-01 7.610851e-01 8.630838e-01 8.819677e-01 8.527532e-01 8.192790e-01 9.021624e-01 1.798370e-01
<GCONST> 1.320056e+02
<MIXTURE> 7 1.224151e-01
<MEAN> 39
 7.910770e+00 5.468298e+00 -5.957614e+00 -6.617295e+00 1.095147e+00 4.442329e+00 -4.363675e+00 -7.416369e+00 -3.305850e+00 2.519248e+00 3.632018e+00 -4.593515e-01 1.780475e-01 -3.998314e-01 -1.387323e-01 4.928237e-01 1.154715e+00 4.250497e-01 -7.171482e-01 -4.909026e-01 -1.622515e-01 4.089515e-01 2.291507e-01 -6.184365e-01 -5.950211e-01 -4.151807e-01 -1.732854e-01 -8.320124e-02 2.147958e-01 2.176961e-01 -1.509400e-02 -2.036884e-01 7.177418e-02 2.976432e-01 1.922145e-01 -2.302952e-01 -3.377662e-01 -4.517703e-02 -2.173455e-02
<VARIANCE> 39
 1.049397e+01 2.143196e+01 2.426018e+01 2.930327e+01 2.755991e+01 3.200421e+01 4.352326e+01 3.682481e+01 4.324545e+01 4.603465e+01 4.334724e+01 5.261566e+01 2.534127e+01 3.508412e-01 8.321083e-01 1.147966e+00 1.452857e+00 1.769374e+00 1.989709e+00 2.341049e+00 2.368501e+00 2.807683e+00 2.580581e+00 2.217467e+00 2.085497e+00 5.768883e-01 5.490420e-02 1.055412e-01 1.474891e-01 2.077893e-01 2.536614e-01 2.970903e-01 3.130678e-01 3.508692e-01 3.799268e-01 3.441113e-01 3.177193e-01 3.382981e-01 5.620458e-02
<GCONST> 1.010216e+02
<MIXTURE> 8 1.170423e-01
<MEAN> 39
 5.754766e+00 5.831273e-01 -3.885539e+00 -2.784228e+00 7.096182e-01 -1.874057e+00 -7.041761e+00 -3.332388e-01 2.624236e+00 -4.118510e-01 -4.594100e+00 -4.155994e+00 3.521399e+00 -2.857545e-01 5.326471e-02 8.062702e-01 8.197169e-01 -4.715177e-01 -9.369485e-01 1.205049e-01 1.593489e-01 -6.310561e-02 -4.121765e-01 -4.507600e-01 3.196563e-01 -2.245424e-01 -3.643705e-02 1.018178e-01 9.687147e-02 -3.158930e-02 -5.978548e-02 1.237953e-01 2.337057e-01 -1.300517e-01 -2.999260e-01 -7.865553e-02 2.336294e-01 1.689189e-01 -5.756782e-02
<VARIANCE> 39
 1.359918e+01 2.570299e+01 2.923550e+01 2.999365e+01 4.858386e+01 4.764482e+01 5.381166e+01 6.071267e+01 5.438881e+01 6.055471e+01 4.966982e+01 4.755880e+01 2.173463e+01 2.578542e-01 6.293986e-01 1.090510e+00 1.265835e+00 1.860215e+00 2.082118e+00 2.141497e+00 2.718904e+00 2.480502e+00 2.428865e+00 2.405152e+00 2.025339e+00 2.519299e-01 3.940922e-02 9.103406e-02 1.570574e-01 1.841660e-01 2.749313e-01 2.950866e-01 3.411862e-01 3.828387e-01 3.842310e-01 4.002889e-01 3.333306e-01 3.319507e-01 2.912762e-02
<GCONST> 1.013853e+02
<TRANSP> 6
 0.000000e+00 1.000000e+00 0.000000e+00 0.000000e+00 0.000000e+00 0.000000e+00
 0.000000e+00 8.731524e-01 1.268476e-01 0.000000e+00 0.000000e+00 0.000000e+00
 0.000000e+00 0.000000e+00 9.322522e-01 6.774785e-02 0.000000e+00 0.000000e+00
 0.000000e+00 0.000000e+00 0.000000e+00 9.234374e-01 7.656264e-02 0.000000e+00
 0.000000e+00 0.000000e+00 0.000000e+00 0.000000e+00 8.568200e-01 1.431800e-01
 0.000000e+00 0.000000e+00 0.000000e+00 0.000000e+00 0.000000e+00 0.000000e+00
<ENDHMM>
