~o
<STREAMINFO> 1 39
<VECSIZE> 39<NULLD><MFCC_D_A_Z_0><DIAGC>
~h "uw"
<BEGINHMM>
<NUMSTATES> 6
<STATE> 2
<NUMMIXES> 8
<MIXTURE> 1 1.036185e-01
<MEAN> 39
 3.265872e+00 -8.656515e-01 4.063931e+00 -1.102496e+00 -5.429305e+00 -5.354038e+00 -4.677636e+00 1.197261e-01 -1.413726e+00 1.100419e+00 3.274745e-01 2.604273e+00 6.185721e+00 2.513045e-01 -2.123325e-01 -3.617129e-01 -9.344692e-02 2.749333e-01 1.541858e-01 -3.642527e-01 2.067978e-01 2.778286e-01 9.758241e-02 -1.792799e-01 6.321844e-02 4.986187e-02 -1.356226e-01 2.273041e-01 -6.946680e-02 7.522488e-02 1.901308e-01 1.714858e-01 8.541279e-02 -1.962413e-01 -3.301439e-03 2.726506e-02 -3.916927e-02 -1.523761e-01 -1.797437e-01
<VARIANCE> 39
 2.291368e+01 3.169877e+01 5.801809e+01 5.974203e+01 6.651557e+01 6.469042e+01 6.791519e+01 7.173091e+01 8.420561e+01 8.457006e+01 1.007081e+02 1.014776e+02 2.592257e+01 9.463487e-01 1.439681e+00 2.136647e+00 2.375450e+00 3.262066e+00 3.173501e+00 3.593262e+00 3.722074e+00 3.818991e+00 3.617667e+00 3.603915e+00 3.493886e+00 9.258836e-01 1.928115e-01 2.571386e-01 3.208242e-01 4.093461e-01 5.437279e-01 5.613972e-01 6.242420e-01 6.850423e-01 6.873089e-01 6.357139e-01 6.553742e-01 6.182006e-01 1.432557e-01
<GCONST> 1.258334e+02
<MIXTURE> 2 1.492922e-01
<MEAN> 39
 2.790852e+00 2.769016e-02 7.021160e+00 2.234384e+00 -1.088873e+01 -8.593998e+00 -2.127414e+00 2.476820e+00 -4.736769e+00 -2.637035e+00 -1.681608e+00 -4.659209e-02 6.484532e+00 2.344103e-01 -4.269256e-02 -5.191101e-01 9.877118e-02 5.320770e-01 -1.204187e-01 -5.291462e-01 2.628086e-01 5.948985e-01 -1.331023e-01 -4.607641e-01 1.284965e-01 -1.135314e-01 -7.704812e-03 5.152955e-02 -3.035421e-02 -5.938827e-02 1.070740e-01 1.057850e-01 -9.543366e-02 -1.846828e-01 6.419723e-02 1.005296e-01 -5.362923e-02 -7.613557e-02 -2.789764e-02
<VARIANCE> 39
 1.322807e+01 1.931140e+01 2.566271e+01 4.698779e+01 3.054289e+01 3.986127e+01 5.395371e+01 4.499329e+01 5.364537e+01 5.154500e+01 5.978271e+01 5.027662e+01 1.435160e+01 1.387348e-01 2.942971e-01 6.532964e-01 6.334587e-01 9.758389e-01 9.766151e-01 1.284404e+00 1.342474e+00 1.472806e+00 1.345055e+00 1.274883e+00 1.193475e+00 7.980883e-02 2.104376e-02 5.026489e-02 7.813677e-02 1.082729e-01 1.388081e-01 1.727951e-01 1.887744e-01 2.264065e-01 2.127165e-01 2.208157e-01 2.006890e-01 1.980414e-01 1.126864e-02
<GCONST> 8.352640e+01
<MIXTURE> 3 1.215500e-01
<MEAN> 39
 5.154274e+00 2.069804e+00 3.073776e-01 -2.683727e+00 -4.286314e+00 2.030144e+00 -8.156590e+00 -8.723808e+00 -5.624884e-01 3.564091e+00 3.312670e-01 -4.314425e+00 5.973251e+00 9.931586e-02 1.838593e-01 -9.055824e-02 -2.096297e-01 1.111974e-02 3.341314e-01 2.447534e-01 -2.350446e-01 -2.968037e-01 3.749592e-02 2.951017e-01 1.299612e-01 -1.157994e-01 -2.100407e-02 -2.749957e-02 2.931072e-02 4.561730e-02 -6.135794e-03 -1.585290e-01 4.633420e-02 2.392008e-01 -1.811083e-02 -1.749265e-01 -8.693358e-02 1.518832e-01 5.302419e-03
<VARIANCE> 39
 1.707836e+01 2.261589e+01 5.464644e+01 5.799567e+01 5.941870e+01 6.558258e+01 6.940919e+01 4.732706e+01 7.490657e+01 5.747964e+01 8.023682e+01 5.773180e+01 2.101440e+01 1.733182e-01 4.278694e-01 6.385920e-01 1.043072e+00 1.069144e+00 1.520821e+00 1.461554e+00 1.812586e+00 1.808935e+00 1.759948e+00 1.695422e+00 1.459043e+00 1.379920e-01 2.646096e-02 6.147443e-02 1.069992e-01 1.490073e-01 1.978964e-01 2.272996e-01 2.603649e-01 2.668867e-01 3.084227e-01 3.036974e-01 2.793873e-01 2.432534e-01 1.732695e-02
<GCONST> 9.500894e+01
<MIXTURE> 4 8.464153e-02
<MEAN> 39
 6.504089e-01 -4.070851e+00 3.946201e+00 -4.125685e+00 -6.971971e+00 -3.114903e+00 -1.139432e-01 2.468822e+00 -3.528048e+00 5.551494e+00 6.670310e+00 1.573362e+01 8.054679e+00 9.710781e-02 -8.938543e-02 -2.631841e-01 8.778787e-02 2.821480e-01 -2.389419e-02 -2.040955e-01 2.160714e-01 1.676114e-01 -1.992015e-01 -1.804333e-01 1.341310e-01 -5.568491e-02 1.662464e-02 6.544050e-02 -3.882920e-02 9.611593e-03 1.908728e-02 -8.762315e-03 -1.041494e-01 -7.660758e-02 1.074841e-01 -1.128945e-02 -4.855550e-02 -1.655791e-01 -3.141183e-02
<VARIANCE> 39
 1.103724e+01 2.629225e+01 2.557955e+01 2.992475e+01 4.825668e+01 6.286652e+01 4.675394e+01 6.204071e+01 6.633724e+01 8.215783e+01 1.051319e+02 6.156823e+01 1.468674e+01 1.948097e-01 4.749373e-01 7.894587e-01 8.400975e-01 1.209364e+00 1.120440e+00 1.402590e+00 1.516735e+00 1.583268e+00 1.626897e+00 1.703580e+00 1.409328e+00 8.712536e-02 3.071428e-02 7.430749e-02 1.091832e-01 1.448334e-01 1.613125e-01 1.880379e-01 2.097630e-01 2.467618e-01 2.386727e-01 2.473240e-01 2.601853e-01 2.272477e-01 1.357674e-02
<GCONST> 9.105023e+01
<MIXTURE> 5 6.814722e-02
<MEAN> 39
 2.683154e+00 -2.828913e+00 -6.011513e+00 -7.272482e+00 8.032254e+00 2.404001e+00 -1.160214e+01 1.435174e+00 3.797861e+00 7.563856e+00 9.069120e+00 1.138775e+01 7.375491e+00 3.548367e-02 8.391788e-02 -6.323919e-02 -6.660926e-02 7.814152e-02 9.324354e-02 -3.928570e-02 -5.797421e-02 -5.509118e-02 7.181019e-02 1.398170e-01 -4.821021e-02 -4.177788e-02 -4.585013e-03 -1.832089e-03 3.128182e-02 7.944493e-03 -1.154729e-01 -5.565027e-02 7.695011e-02 -1.272062e-02 -4.143101e-02 -5.222908e-02 -6.199825e-02 -6.916368e-02 -1.129205e-02
<VARIANCE> 39
 1.087963e+01 2.622314e+01 2.337113e+01 4.392038e+01 4.095181e+01 5.658134e+01 4.770732e+01 8.147819e+01 7.469315e+01 7.917320e+01 9.202431e+01 5.806917e+01 1.252616e+01 2.011569e-01 4.375177e-01 6.638930e-01 8.654559e-01 1.088424e+00 1.204316e+00 1.178853e+00 1.466629e+00 1.375571e+00 1.368071e+00 1.515056e+00 1.333449e+00 8.742905e-02 3.577353e-02 7.717220e-02 1.155240e-01 1.558011e-01 1.911591e-01 2.046357e-01 2.132368e-01 2.485590e-01 2.380222e-01 2.436379e-01 2.394228e-01 2.157689e-01 1.299814e-02
<GCONST> 9.056512e+01
<MIXTURE> 6 8.983745e-02
<MEAN> 39
 4.581479e+00 -1.054554e-01 1.250026e+00 1.593267e+00 -2.529740e+00 -7.570579e+00 -9.943249e+00 4.004166e-01 1.284557e+00 7.946907e-01 -6.302150e+00 3.023360e-02 5.535756e+00 4.681656e-01 3.706187e-01 -1.028508e+00 -5.273470e-01 1.205106e+00 1.045346e+00 -9.566327e-01 -1.219283e+00 5.078613e-01 1.103747e+00 -5.217900e-02 -8.745446e-01 -3.481709e-01 -4.003244e-02 9.277537e-02 1.322979e-01 -1.411639e-01 -1.855053e-01 2.203693e-01 3.322001e-01 -2.366635e-01 -4.176033e-01 2.533084e-02 4.194889e-01 2.022941e-02 -3.051984e-02
<VARIANCE> 39
 1.332367e+01 2.210171e+01 3.120578e+01 4.301303e+01 3.930131e+01 4.359523e+01 4.712185e+01 5.287417e+01 5.289706e+01 5.982212e+01 6.912894e+01 8.450859e+01 1.689285e+01 2.020209e-01 4.497781e-01 9.091976e-01 1.090210e+00 1.365000e+00 1.742632e+00 1.851908e+00 2.015269e+00 2.447784e+00 1.943845e+00 2.445169e+00 1.806241e+00 1.315137e-01 3.080796e-02 7.283963e-02 1.269221e-01 1.623446e-01 2.270145e-01 2.656121e-01 3.205298e-01 3.575267e-01 3.759544e-01 3.973494e-01 3.331825e-01 3.894342e-01 1.866819e-02
<GCONST> 9.730294e+01
<MIXTURE> 7 1.446585e-01
<MEAN> 39
 3.407048e+00 -3.451045e+00 -3.047835e+00 -4.312438e+00 -7.064401e-01 -1.010205e+00 -5.549474e+00 3.065320e+00 2.892172e+00 -2.530203e+00 -6.440781e+00 -2.951352e+00 7.372421e+00 -5.707674e-03 1.225466e-02 -5.629014e-02 -4.336445e-02 4.008021e-02 1.580029e-02 -9.084918e-02 -9.472135e-02 -3.160352e-02 -2.658902e-02 -3.825469e-02 -6.436510e-02 -4.765707e-02 2.654584e-02 6.415280e-02 6.535514e-02 5.693170e-02 -1.311952e-03 3.221161e-02 3.691418e-02 -6.769905e-02 -2.767358e-02 9.809726e-02 1.120253e-01 5.112703e-02 -2.872282e-02
<VARIANCE> 39
 1.224485e+01 1.888072e+01 2.366585e+01 3.072274e+01 5.569757e+01 6.873705e+01 7.877153e+01 4.938116e+01 6.555721e+01 5.888531e+01 4.825997e+01 4.467640e+01 1.155099e+01 1.541366e-01 3.644961e-01 5.773295e-01 7.352055e-01 1.062137e+00 1.159881e+00 1.349768e+00 1.387177e+00 1.400354e+00 1.315849e+00 1.197138e+00 1.138054e+00 9.353007e-02 2.654548e-02 6.013272e-02 9.357893e-02 1.310888e-01 1.796065e-01 2.040450e-01 2.369388e-01 2.501329e-01 2.577828e-01 2.231576e-01 1.994772e-01 1.832869e-01 1.452337e-02
<GCONST> 8.688853e+01
<MIXTURE> 8 2.382547e-01
<MEAN> 39
 3.051957e+00 -1.123184e+00 -1.028681e-01 -3.385531e+00 -4.616646e+00 3.420062e-01 -4.614943e+00 -1.524800e+00 1.560439e+00 1.044079e+00 -1.168273e+00 -1.450052e+00 8.250271e+00 2.369112e-02 8.025086e-03 -4.316035e-02 -1.806575e-02 3.681782e-02 4.070440e-02 -3.558278e-02 -3.078496e-02 3.464580e-02 3.162766e-02 -2.749591e-03 -2.493431e-02 -1.715979e-02 -3.481452e-03 -5.764066e-03 -5.184184e-03 -5.260207e-03 -9.140656e-03 -2.333062e-02 -1.236541e-02 -3.328677e-03 -1.522239e-02 -1.378969e-02 -7.524641e-03 1.261769e-03 -4.973899e-03
<VARIANCE> 39
 1.513000e+01 2.543656e+01 4.304771e+01 4.427408e+01 5.940968e+01 8.657445e+01 7.657249e+01 7.389764e+01 7.936224e+01 6.570689e+01 7.051554e+01 6.831572e+01 1.384603e+01 5.031442e-02 1.252727e-01 2.127461e-01 2.865990e-01 3.803904e-01 4.613853e-01 4.881680e-01 5.395674e-01 5.752985e-01 5.572537e-01 5.304990e-01 4.819393e-01 2.373887e-02 1.000000e-02 2.135485e-02 3.557507e-02 5.097026e-02 6.654247e-02 8.045316e-02 8.776546e-02 9.401517e-02 1.026929e-01 9.850475e-02 9.546066e-02 8.742200e-02 1.000000e-02
<GCONST> 6.607951e+01
<STATE> 3
<NUMMIXES> 8
<MIXTURE> 1 1.352426e-01
<MEAN> 39
 3.534385e+00 -1.914805e-01 -3.367694e+00 -2.735907e+00 -2.058485e+00 -3.891747e+00 -4.319110e+00 1.557969e+00 2.602840e+00 2.725512e+00 5.354587e+00 1.173363e+01 2.562427e+00 2.725549e-02 1.869161e-02 -5.955910e-02 -4.038726e-03 6.003243e-02 8.881123e-03 -5.253149e-02 -2.185470e-02 2.980467e-02 1.338485e-02 -2.244382e-02 -3.804186e-02 -5.025730e-02 4.038951e-03 3.090173e-02 5.284504e-02 2.614822e-02 -2.044034e-03 2.161090e-02 7.088855e-03 -3.784733e-02 -9.177033e-03 2.437434e-02 -2.341069e-02 -7.913453e-02 -4.682707e-03
<VARIANCE> 39
 6.573558e+00 1.383006e+01 2.105053e+01 2.061042e+01 3.767190e+01 3.360409e+01 4.566263e+01 3.946769e+01 4.300189e+01 6.458316e+01 7.496128e+01 9.105920e+01 9.967157e+00 1.239903e-01 3.087384e-01 5.251473e-01 6.605282e-01 8.525955e-01 8.859813e-01 1.019644e+00 1.197732e+00 1.183637e+00 1.191859e+00 1.242647e+00 1.124558e+00 6.249958e-02 2.185361e-02 5.398117e-02 8.995660e-02 1.207407e-01 1.491348e-01 1.580995e-01 1.848063e-01 2.193515e-01 2.139762e-01 2.108385e-01 2.183338e-01 1.995933e-01 1.000000e-02
<GCONST> 8.040610e+01
<MIXTURE> 2 1.769641e-01
<MEAN> 39
 4.296073e+00 4.828805e+00 4.638731e+00 2.246697e+00 -5.574528e+00 -3.847312e+00 -2.957258e+00 -3.296740e+00 -2.802156e+00 -5.030425e-01 -1.165973e+00 -8.481796e-01 4.059829e-01 1.382023e-02 4.479410e-02 -5.400310e-02 2.200971e-02 7.753429e-02 1.958798e-02 -1.267621e-02 -2.115136e-03 6.997819e-03 -6.762409e-02 -3.655542e-02 2.752202e-02 -8.872875e-02 -4.496867e-03 -2.887698e-02 -4.621032e-02 -1.915622e-02 6.079990e-02 2.387901e-03 -5.718274e-02 3.538876e-03 5.689432e-02 2.002394e-02 -1.995406e-02 1.518231e-02 1.147909e-02
<VARIANCE> 39
 1.089991e+01 1.605261e+01 2.511401e+01 3.493814e+01 4.768480e+01 4.386136e+01 4.401244e+01 3.750264e+01 3.753806e+01 4.207714e+01 4.623246e+01 4.255208e+01 9.402652e+00 1.646324e-01 3.731854e-01 6.197292e-01 7.747647e-01 1.038173e+00 1.165787e+00 1.398417e+00 1.456994e+00 1.525464e+00 1.488765e+00 1.397908e+00 1.266380e+00 1.266067e-01 2.588522e-02 5.870816e-02 9.179480e-02 1.308590e-01 1.748367e-01 2.014522e-01 2.374999e-01 2.464342e-01 2.522493e-01 2.536080e-01 2.442419e-01 2.187298e-01 1.424879e-02
<GCONST> 8.554219e+01
<MIXTURE> 3 1.419312e-01
<MEAN> 39
 4.466681e+00 3.645068e+00 4.306940e+00 2.482852e+00 -6.807942e+00 -4.465716e+00 -2.045110e+00 -2.312811e+00 -2.853597e+00 -3.224643e-01 3.438465e-01 -3.085844e-01 2.500288e+00 1.186514e-02 -4.776120e-03 -2.313188e-02 6.162882e-03 2.611506e-02 -3.551256e-03 -2.510063e-02 1.463935e-02 2.481140e-02 -2.506799e-02 -1.327481e-02 2.048329e-03 -2.285998e-02 1.720851e-03 3.286691e-03 -1.969537e-02 -6.250031e-03 3.522678e-02 -8.031681e-03 -4.576412e-02 -6.544143e-03 3.726903e-02 4.348111e-03 -3.322691e-02 2.373573e-04 -5.858147e-03
<VARIANCE> 39
 1.036849e+01 1.639705e+01 2.883183e+01 3.608405e+01 4.191195e+01 4.302927e+01 4.965959e+01 4.506535e+01 3.707215e+01 4.774205e+01 5.269181e+01 4.311620e+01 8.830623e+00 3.637756e-02 9.801480e-02 1.792372e-01 2.356898e-01 3.393158e-01 3.777622e-01 4.560792e-01 4.977257e-01 5.143006e-01 5.267643e-01 5.011178e-01 4.465035e-01 1.993498e-02 1.000000e-02 1.846579e-02 3.204818e-02 4.614947e-02 6.295387e-02 7.399193e-02 8.599567e-02 9.400564e-02 9.847344e-02 1.013748e-01 9.512673e-02 8.640034e-02 1.000000e-02
<GCONST> 5.798638e+01
<MIXTURE> 4 8.648396e-02
<MEAN> 39
 3.836189e+00 6.823974e-03 -4.012650e+00 -3.684318e+00 -1.670757e-01 -3.024961e+00 -7.012607e+00 4.457055e+00 9.438218e+00 1.260590e+01 1.397645e+01 1.629489e+01 4.804884e+00 8.635721e-03 -3.140349e-03 -2.789500e-02 -2.643457e-03 3.013903e-02 1.102963e-02 -1.599684e-02 -6.033717e-03 1.803662e-02 5.776313e-04 -1.378886e-04 -4.114910e-03 -1.150520e-02 -7.299561e-03 -7.726963e-03 -1.471492e-02 -1.467807e-02 -1.878479e-02 -1.184207e-02 1.468743e-03 -9.064863e-03 -3.668753e-03 -1.296546e-02 -1.065385e-02 -1.192571e-02 -3.246218e-03
<VARIANCE> 39
 9.475541e+00 1.300524e+01 3.155153e+01 2.273521e+01 4.987270e+01 3.723640e+01 5.683672e+01 6.244997e+01 1.001955e+02 1.044760e+02 5.926165e+01 6.342421e+01 1.162386e+01 5.222937e-02 1.376054e-01 2.320742e-01 3.021999e-01 3.582354e-01 3.615709e-01 4.089874e-01 4.721170e-01 4.625023e-01 4.622132e-01 4.505745e-01 4.436182e-01 1.826301e-02 1.000000e-02 2.509109e-02 4.294388e-02 5.725199e-02 6.641316e-02 6.797787e-02 7.948370e-02 9.270405e-02 8.900764e-02 8.945152e-02 8.741879e-02 8.609734e-02 1.000000e-02
<GCONST> 6.133492e+01
<MIXTURE> 5 1.510430e-01
<MEAN> 39
 6.974178e+00 6.589463e+00 1.618228e-01 3.403385e-02 -2.143900e-01 2.328913e+00 -5.433574e+00 -8.293352e+00 -2.888202e+00 4.201663e+00 5.424091e+00 2.175719e+00 -4.587827e-01 1.499992e-02 2.788162e-02 -5.906796e-03 -5.311754e-02 -2.499783e-02 6.479887e-02 8.718328e-02 -7.384715e-03 -8.600749e-02 -3.584280e-02 4.375920e-02 5.603382e-02 -3.399436e-02 -1.379876e-02 -1.860028e-02 1.716170e-02 2.079553e-02 -3.152770e-02 -6.456760e-02 2.356679e-03 6.461690e-02 1.828024e-02 -4.451713e-02 -5.309919e-02 -3.043052e-03 3.654586e-03
<VARIANCE> 39
 7.998976e+00 1.138632e+01 1.457913e+01 2.353442e+01 2.013700e+01 3.174221e+01 3.699352e+01 3.214628e+01 4.070342e+01 3.248701e+01 3.202138e+01 3.544279e+01 5.947863e+00 5.658705e-02 1.556175e-01 2.460269e-01 3.899348e-01 4.609748e-01 6.187590e-01 6.908297e-01 7.498240e-01 7.928904e-01 7.690681e-01 7.464721e-01 6.929032e-01 3.769664e-02 1.000000e-02 2.849868e-02 4.537855e-02 7.055478e-02 8.847915e-02 1.137306e-01 1.285291e-01 1.450184e-01 1.493251e-01 1.465792e-01 1.388498e-01 1.299158e-01 1.000000e-02
<GCONST> 6.322122e+01
<MIXTURE> 6 6.164267e-02
<MEAN> 39
 3.159859e+00 9.188052e-02 -5.264024e+00 -3.450155e+00 -4.069837e-01 7.417817e-01 2.051040e+00 1.498340e+01 2.343539e+01 1.984853e+01 9.225520e+00 -4.871433e+00 5.230651e+00 1.393980e-02 1.531079e-02 -3.635552e-02 1.013617e-02 2.652875e-02 -1.514018e-03 -1.298119e-02 2.065691e-03 9.091536e-03 7.655856e-03 -9.651139e-05 -1.030071e-02 -1.920528e-02 -4.554598e-04 3.925756e-04 5.944474e-04 -2.389187e-03 2.196915e-04 -7.045997e-03 -1.256592e-02 -2.892150e-02 -5.181353e-02 -1.915871e-02 1.834771e-02 5.553422e-02 -3.543277e-03
<VARIANCE> 39
 1.598768e+01 1.953839e+01 3.472983e+01 2.710332e+01 5.197616e+01 5.381618e+01 8.249475e+01 6.850828e+01 5.314651e+01 6.620284e+01 1.294769e+02 1.941457e+02 1.725598e+01 1.489842e-01 3.624161e-01 5.407537e-01 6.345186e-01 6.988311e-01 7.502249e-01 9.767328e-01 1.012717e+00 1.075821e+00 1.087593e+00 1.243103e+00 1.540332e+00 6.231194e-02 2.590641e-02 6.635813e-02 9.745670e-02 1.153240e-01 1.257322e-01 1.356791e-01 1.747022e-01 1.733077e-01 1.915750e-01 1.873700e-01 2.060929e-01 2.188127e-01 1.000000e-02
<GCONST> 8.592261e+01
<MIXTURE> 7 1.615775e-01
<MEAN> 39
 5.227066e+00 3.550577e+00 1.480347e+00 2.654580e+00 -2.803056e+00 -6.892743e+00 -8.100274e+00 -9.700816e-01 1.711875e+00 -3.849365e-01 -5.342773e+00 -1.421412e+00 1.737532e+00 7.861027e-02 7.705279e-02 -1.885822e-01 -1.166772e-01 2.442804e-01 2.084063e-01 -1.831895e-01 -2.470993e-01 1.012097e-01 2.253416e-01 -2.684835e-02 -1.966523e-01 -7.766221e-02 -9.666812e-03 7.870782e-03 3.260530e-02 -2.972381e-02 -4.626935e-02 6.039608e-02 1.022600e-01 -4.531150e-02 -1.150085e-01 -9.428998e-04 1.244654e-01 2.363932e-02 -3.306751e-03
<VARIANCE> 39
 9.036642e+00 1.437047e+01 1.548154e+01 2.666241e+01 2.139353e+01 3.314224e+01 4.034964e+01 3.638211e+01 3.735231e+01 4.744081e+01 4.411197e+01 3.873892e+01 8.599038e+00 6.398212e-02 1.700434e-01 3.291621e-01 4.300385e-01 5.800220e-01 7.223828e-01 8.121837e-01 9.047214e-01 9.520881e-01 9.062442e-01 9.418620e-01 8.153777e-01 3.660532e-02 1.018276e-02 2.986753e-02 5.012036e-02 7.349125e-02 9.744240e-02 1.206636e-01 1.361099e-01 1.556804e-01 1.632489e-01 1.658979e-01 1.533647e-01 1.467550e-01 1.000000e-02
<GCONST> 6.811674e+01
<MIXTURE> 8 8.511507e-02
<MEAN> 39
 4.298774e+00 1.243744e+00 2.586401e-01 -1.341007e+00 -1.819111e+00 -3.363250e+00 -6.224635e+00 -1.794690e+00 1.367672e+00 3.944779e+00 9.259127e-01 2.078710e+00 3.167788e+00 1.291427e-01 3.767868e-01 -2.946973e-01 -1.141320e-01 2.702716e-01 3.620645e-01 1.880147e-02 -4.992830e-01 -2.333748e-01 1.441158e-02 2.363840e-01 -8.462805e-02 -2.816388e-01 -8.629058e-02 1.029813e-01 9.258731e-02 9.897244e-02 -6.981023e-02 4.611121e-03 2.216729e-01 1.962166e-02 -1.060348e-01 -1.581026e-01 1.097899e-02 1.850518e-02 -9.557717e-02
<VARIANCE> 39
 1.860848e+01 2.831357e+01 5.143001e+01 4.675971e+01 5.488160e+01 5.753869e+01 6.578772e+01 7.125628e+01 9.081676e+01 8.928222e+01 9.585941e+01 1.050670e+02 2.314313e+01 6.748375e-01 1.167545e+00 1.562892e+00 2.095632e+00 2.506342e+00 3.022103e+00 2.698717e+00 3.509590e+00 3.404165e+00 3.289979e+00 3.272517e+00 3.246696e+00 8.391535e-01 1.291527e-01 1.871735e-01 2.549902e-01 2.993591e-01 4.287606e-01 4.369207e-01 5.215130e-01 5.363631e-01 5.583759e-01 5.727906e-01 5.167038e-01 5.400869e-01 1.047659e-01
<GCONST> 1.195081e+02
<STATE> 4
<NUMMIXES> 8
<MIXTURE> 1 9.665524e-03
<MEAN> 39
 -1.867772e+00 -8.074639e+00 -4.145980e+00 5.465179e+00 6.703908e+00 3.770872e+00 4.059284e+00 2.302095e+00 2.300854e-01 3.488888e+00 2.190650e+01 1.746827e+01 1.166024e+01 -9.702622e-03 -3.998042e-03 -1.376813e-02 1.584178e-04 2.952301e-02 -3.249149e-03 2.976160e-04 -1.675523e-02 2.721110e-02 -8.302782e-03 4.830473e-02 2.420088e-02 -1.605189e-02 -1.718917e-03 3.502929e-03 -1.855348e-03 -2.652201e-02 -2.359376e-02 -1.295481e-02 -8.009374e-03 7.521143e-03 5.592313e-03 2.700505e-03 -1.389527e-02 -9.700659e-04 -6.690041e-03
<VARIANCE> 39
 1.350189e+01 1.972042e+01 2.490724e+01 3.321213e+01 6.034140e+01 4.210936e+01 8.065668e+01 3.097730e+01 7.245965e+01 5.538028e+01 1.018595e+02 9.144054e+01 1.608147e+01 1.712128e-01 3.407609e-01 4.481834e-01 4.419562e-01 4.877145e-01 4.758769e-01 5.290548e-01 5.466042e-01 6.058685e-01 7.079237e-01 6.978546e-01 5.931218e-01 4.773241e-02 3.405364e-02 6.676470e-02 8.783678e-02 9.452768e-02 9.285511e-02 8.957597e-02 9.740345e-02 1.015623e-01 1.173303e-01 1.345544e-01 1.286860e-01 1.093992e-01 1.000000e-02
<GCONST> 7.462537e+01
<MIXTURE> 2 1.660005e-01
<MEAN> 39
 6.502322e+00 3.340580e+00 -5.743857e+00 -4.531367e+00 6.737481e-01 -2.114416e+00 -8.988648e+00 -4.584135e+00 -3.346047e-01 -1.392616e+00 -7.112292e+00 -6.522031e+00 9.561067e-01 1.679541e-02 5.378621e-02 -2.118567e-02 -1.691541e-02 2.412069e-02 5.054882e-02 1.227535e-02 -1.001577e-01 -7.845927e-02 7.385924e-03 5.932099e-02 -3.937261e-02 -7.447185e-02 4.795814e-02 9.403164e-02 1.406075e-01 1.163563e-01 8.371803e-02 1.790949e-01 1.913259e-01 1.196148e-01 7.452463e-02 1.071999e-01 1.878052e-01 1.521364e-01 9.476381e-03
<VARIANCE> 39
 9.128766e+00 1.810691e+01 2.198984e+01 3.220636e+01 3.518209e+01 3.243039e+01 5.277369e+01 5.469170e+01 6.279479e+01 6.369485e+01 4.597948e+01 4.637756e+01 1.441042e+01 1.151570e-01 2.977881e-01 4.817248e-01 6.584998e-01 8.782917e-01 1.051207e+00 1.147517e+00 1.264110e+00 1.296435e+00 1.251506e+00 1.194984e+00 1.103417e+00 7.144036e-02 1.751964e-02 4.346430e-02 7.606319e-02 1.112504e-01 1.584668e-01 1.570657e-01 1.864598e-01 2.182318e-01 2.324907e-01 2.197445e-01 1.871704e-01 1.811085e-01 1.000000e-02
<GCONST> 8.106352e+01
<MIXTURE> 3 1.924996e-01
<MEAN> 39
 8.014807e+00 1.010258e+01 5.822755e-01 1.758059e+00 -7.779749e-01 -1.542328e+00 -5.091029e+00 -6.902487e+00 -3.837277e+00 -4.620851e-01 -1.602768e+00 -2.483542e+00 -5.100905e+00 -1.419024e-02 1.316030e-02 2.173262e-02 3.119035e-02 1.525931e-02 1.631779e-03 2.574472e-02 -9.173043e-03 -2.360797e-02 -2.600235e-02 -4.393562e-03 -4.902978e-03 -6.466144e-02 -1.463291e-02 -2.935058e-02 -1.847243e-02 -3.104918e-02 -3.793490e-03 3.443323e-04 -3.202384e-02 -1.450985e-02 -1.596693e-03 -1.028457e-02 -2.086300e-02 -1.489075e-02 7.757063e-03
<VARIANCE> 39
 8.108969e+00 1.402232e+01 3.152923e+01 3.121074e+01 3.385918e+01 3.306126e+01 4.598782e+01 4.243923e+01 4.958382e+01 5.162881e+01 4.859399e+01 4.983306e+01 1.074708e+01 7.007560e-02 1.838224e-01 3.331303e-01 4.740722e-01 6.235525e-01 7.291815e-01 8.346171e-01 9.221113e-01 9.595572e-01 9.740677e-01 9.378900e-01 8.488601e-01 4.769808e-02 1.227023e-02 3.426521e-02 6.091295e-02 8.749503e-02 1.197126e-01 1.386652e-01 1.591400e-01 1.802712e-01 1.859658e-01 1.888460e-01 1.790171e-01 1.637536e-01 1.000000e-02
<GCONST> 7.318588e+01
<MIXTURE> 4 7.630873e-02
<MEAN> 39
 5.476522e+00 3.878072e+00 -2.750848e-01 -1.806085e+00 -1.475512e+00 -1.390116e+00 -5.680447e+00 -4.829161e+00 -1.685736e+00 2.009748e+00 -5.157573e-01 -7.316875e-01 9.515141e-01 -3.373139e-02 4.010694e-01 -1.411113e-01 9.169375e-02 3.066882e-01 2.365545e-01 2.764080e-01 -3.160334e-01 -1.916021e-01 -2.593099e-01 9.386370e-02 -4.034410e-02 -3.725345e-01 -1.108233e-01 1.394556e-02 6.071431e-02 9.097039e-02 -2.371453e-02 -4.785360e-02 1.105502e-01 1.237568e-01 2.356592e-02 -9.420945e-02 -4.025543e-02 1.371014e-02 -4.598392e-02
<VARIANCE> 39
 2.447322e+01 3.637085e+01 5.590294e+01 5.814022e+01 6.060548e+01 5.790273e+01 6.852966e+01 6.802541e+01 7.620115e+01 7.773995e+01 8.548709e+01 8.279601e+01 3.357508e+01 7.861483e-01 1.288863e+00 1.515359e+00 2.117275e+00 2.385641e+00 2.632385e+00 2.746264e+00 3.031064e+00 3.189119e+00 2.858449e+00 2.947005e+00 2.830032e+00 9.823917e-01 1.406259e-01 1.836039e-01 2.642283e-01 3.230676e-01 3.977102e-01 4.461920e-01 4.859123e-01 5.273510e-01 4.903427e-01 5.254638e-01 4.656560e-01 4.366832e-01 1.083420e-01
<GCONST> 1.192998e+02
<MIXTURE> 5 8.167293e-02
<MEAN> 39
 7.523201e+00 4.442230e+00 -7.467833e+00 -5.549870e+00 2.334253e-01 -1.447144e+00 -8.675929e+00 1.803994e-01 1.071059e+01 1.853386e+01 1.617781e+01 1.526789e+01 2.621269e-01 -1.811648e-03 2.568652e-02 -9.232429e-03 -8.690025e-04 5.675911e-04 2.578936e-02 -2.158229e-03 -5.929923e-02 -2.518058e-02 1.287812e-02 1.438335e-02 -2.073410e-02 -3.451997e-02 -2.586292e-03 8.397718e-05 2.373554e-02 1.305699e-02 -5.520118e-03 8.794864e-03 2.103315e-02 -3.034237e-04 -1.378051e-02 -3.651475e-02 -2.873696e-02 -1.769309e-02 1.100907e-03
<VARIANCE> 39
 1.019053e+01 1.562750e+01 2.371677e+01 2.253245e+01 3.523259e+01 4.113649e+01 5.884405e+01 6.811401e+01 7.317620e+01 6.359850e+01 6.058370e+01 5.184168e+01 1.762091e+01 1.724864e-01 4.289542e-01 6.489660e-01 8.295978e-01 9.610006e-01 1.041324e+00 1.090880e+00 1.341592e+00 1.388279e+00 1.338543e+00 1.304744e+00 1.373461e+00 8.378421e-02 3.083683e-02 8.046509e-02 1.244544e-01 1.611266e-01 1.829356e-01 1.963166e-01 1.978698e-01 2.292291e-01 2.315030e-01 2.342215e-01 2.222967e-01 2.295802e-01 1.105047e-02
<GCONST> 8.712919e+01
<MIXTURE> 6 1.760029e-01
<MEAN> 39
 7.819633e+00 5.894390e+00 -4.578505e+00 -7.784870e+00 -1.843105e-01 5.879710e+00 -4.719856e+00 -6.791020e+00 -3.907566e+00 9.230928e-01 1.717682e+00 -7.914540e-01 2.406164e+00 2.425455e-02 6.080728e-02 2.105012e-03 -4.237676e-02 -3.475544e-02 4.450155e-02 1.102453e-01 1.295072e-02 -8.395259e-02 -9.924656e-02 2.487815e-02 5.347038e-02 -6.709839e-02 -4.013267e-02 -7.138309e-02 -4.796325e-02 6.705595e-03 -4.851786e-02 -1.871679e-01 -1.181222e-01 -2.599340e-02 6.186919e-03 -5.722960e-02 -1.379976e-01 -8.059444e-02 -7.787574e-03
<VARIANCE> 39
 1.058793e+01 2.098607e+01 2.141189e+01 3.580532e+01 4.037035e+01 3.593039e+01 5.333265e+01 5.903429e+01 6.787818e+01 7.111318e+01 5.858328e+01 6.173344e+01 1.180788e+01 1.140027e-01 3.065282e-01 4.571071e-01 6.744237e-01 8.325908e-01 1.043606e+00 1.166581e+00 1.188767e+00 1.306479e+00 1.310651e+00 1.248513e+00 1.128288e+00 7.919209e-02 1.718562e-02 4.613206e-02 7.304050e-02 1.140643e-01 1.449772e-01 1.618831e-01 1.907520e-01 2.128300e-01 2.271934e-01 2.257388e-01 2.012161e-01 1.915769e-01 1.000000e-02
<GCONST> 8.248645e+01
<MIXTURE> 7 9.050014e-02
<MEAN> 39
 8.057304e+00 5.694653e+00 -6.502263e+00 -5.123945e+00 -9.340994e-01 -6.719340e-01 -8.550319e+00 -4.640157e+00 6.707885e+00 1.367435e+01 1.296686e+01 1.474028e+01 -1.023162e+00 3.168871e-03 -5.380641e-03 -9.679908e-03 -8.171613e-03 -9.470225e-04 -4.750676e-04 -3.394340e-03 -3.668975e-04 -5.021897e-03 -4.461748e-03 9.175967e-03 -3.858261e-03 -2.637364e-02 -9.045858e-03 -5.619270e-03 -5.383029e-03 -1.419828e-02 -6.460181e-03 -2.560452e-03 -2.724678e-03 1.430825e-04 -7.019896e-03 1.510046e-03 -5.549608e-03 -2.269486e-02 -1.078889e-03
<VARIANCE> 39
 7.869619e+00 1.252489e+01 2.092940e+01 1.678360e+01 2.950084e+01 3.147405e+01 4.310069e+01 6.257291e+01 8.017664e+01 6.428514e+01 4.791671e+01 3.480597e+01 1.633861e+01 5.530729e-02 1.698123e-01 2.403445e-01 3.553729e-01 4.261622e-01 4.814761e-01 5.009265e-01 6.150975e-01 5.931528e-01 5.839472e-01 6.111961e-01 5.331914e-01 2.366102e-02 1.023849e-02 3.136990e-02 4.521100e-02 6.891324e-02 8.304828e-02 9.397071e-02 1.009450e-01 1.251671e-01 1.206936e-01 1.185412e-01 1.203922e-01 1.094093e-01 1.000000e-02
<GCONST> 6.358759e+01
<MIXTURE> 8 2.073497e-01
<MEAN> 39
 6.858830e+00 2.928327e+00 -5.122343e+00 -4.554299e+00 1.197384e+00 2.007307e+00 -7.017254e+00 -3.632266e+00 1.276294e+00 1.208744e+00 -3.451342e+00 -4.141315e+00 2.808496e+00 1.208591e-02 1.911073e-02 -9.882094e-03 -2.017084e-02 2.248734e-02 3.495818e-02 1.277558e-03 -2.032934e-02 -1.676915e-02 1.133037e-02 2.663566e-02 -4.316130e-03 -2.685663e-02 -9.884585e-03 -5.605900e-03 -1.075255e-02 -2.001974e-02 -3.014186e-02 -2.881963e-02 -1.343121e-02 -2.685289e-02 -3.295817e-02 -2.430307e-02 -9.092040e-03 -1.227940e-02 -7.821645e-03
<VARIANCE> 39
 9.658181e+00 2.063000e+01 1.650890e+01 2.890211e+01 2.858685e+01 3.790083e+01 5.309277e+01 5.849297e+01 6.944701e+01 6.117240e+01 5.497282e+01 3.998238e+01 1.173895e+01 4.161423e-02 1.130890e-01 1.857311e-01 2.700750e-01 3.528359e-01 4.358714e-01 4.764740e-01 5.350877e-01 5.465465e-01 5.469404e-01 5.087953e-01 4.691136e-01 2.234058e-02 1.000000e-02 2.089938e-02 3.371916e-02 5.016164e-02 6.677261e-02 8.036238e-02 8.940194e-02 1.006935e-01 1.043924e-01 1.045067e-01 9.581231e-02 8.919532e-02 1.000000e-02
<GCONST> 5.997019e+01
<STATE> 5
<NUMMIXES> 8
<MIXTURE> 1 1.786295e-01
<MEAN> 39
 6.287425e-01 -3.946493e+00 -2.106033e+00 -3.553857e+00 -1.502249e+00 9.071435e-01 5.145856e-01 1.983803e+00 5.589231e+00 1.420195e+01 2.211403e+01 1.773592e+01 6.554965e+00 1.477144e-02 1.345693e-02 3.241901e-04 1.754749e-02 1.524309e-02 1.324080e-02 -1.341629e-02 -4.524877e-03 3.580815e-03 2.838871e-02 -2.408208e-04 -4.260574e-03 -2.138229e-02 -7.683422e-03 -1.080025e-02 -2.265022e-02 -2.203158e-02 -1.372785e-02 -1.512073e-02 -9.860914e-03 -3.292205e-03 4.361153e-03 -1.477171e-03 -8.517112e-03 -5.821047e-03 -6.854799e-03
<VARIANCE> 39
 1.180650e+01 2.296671e+01 2.892947e+01 3.547543e+01 5.999655e+01 5.636076e+01 5.423998e+01 4.985505e+01 6.986393e+01 7.274026e+01 6.246125e+01 4.555234e+01 1.349834e+01 9.936913e-02 2.509113e-01 3.948503e-01 4.906619e-01 5.272577e-01 5.027463e-01 6.139069e-01 6.907088e-01 6.377693e-01 6.940870e-01 6.789790e-01 6.311122e-01 3.318474e-02 1.830427e-02 4.632763e-02 7.262313e-02 9.231458e-02 9.541456e-02 9.414998e-02 1.151352e-01 1.311030e-01 1.181472e-01 1.278625e-01 1.234622e-01 1.177413e-01 1.000000e-02
<GCONST> 7.273273e+01
<MIXTURE> 2 1.264225e-01
<MEAN> 39
 2.461308e+00 6.168321e+00 3.473361e+00 3.730761e+00 -1.154248e+00 -4.173994e+00 -4.758586e+00 -5.254666e+00 -3.183526e+00 -2.156401e+00 -2.853887e+00 -2.459434e+00 -1.825822e+00 -1.377788e+00 4.656927e-01 1.613452e-01 9.998052e-01 9.949384e-01 2.734993e-01 1.065549e+00 2.528025e-01 2.431937e-01 -1.977102e-01 5.907875e-02 -9.750154e-02 -1.050159e+00 -2.141902e-01 -2.628304e-01 -1.941710e-01 -2.703170e-01 -1.870580e-02 2.037184e-01 1.027159e-01 2.247735e-01 1.583161e-01 2.861938e-01 1.952079e-01 1.632779e-01 1.201045e-01
<VARIANCE> 39
 2.996535e+01 3.006150e+01 4.089924e+01 3.592163e+01 5.463871e+01 4.768134e+01 4.558080e+01 4.487579e+01 4.293520e+01 4.652023e+01 4.851307e+01 4.726778e+01 3.305487e+01 2.356142e+00 2.794053e+00 2.570934e+00 3.002085e+00 3.515071e+00 3.526750e+00 3.617508e+00 3.950242e+00 3.529595e+00 3.691297e+00 3.464812e+00 3.305676e+00 2.095906e+00 2.922949e-01 3.598403e-01 3.200317e-01 4.234708e-01 5.731497e-01 5.564030e-01 5.764841e-01 6.058289e-01 5.748057e-01 5.894350e-01 5.473065e-01 5.148149e-01 2.472485e-01
<GCONST> 1.247557e+02
<MIXTURE> 3 1.488173e-01
<MEAN> 39
 4.805548e+00 7.116399e+00 2.471165e+00 3.582200e+00 -8.280402e-02 -1.864563e+00 -4.175809e+00 -6.611263e+00 -4.510885e+00 -2.499640e+00 -2.520203e+00 -3.477002e+00 -5.181942e+00 -3.541798e-01 -4.286395e-02 2.411351e-01 4.108027e-01 3.667965e-01 1.396990e-01 2.255533e-01 7.301733e-02 7.186795e-03 -6.951211e-02 -6.215208e-02 -3.585269e-02 -3.572572e-01 -6.478722e-02 -8.101700e-02 -5.953759e-02 -6.214535e-02 3.438784e-02 6.319752e-02 5.219550e-02 7.325639e-02 6.350139e-02 4.909457e-02 4.774397e-02 5.732219e-02 2.460581e-02
<VARIANCE> 39
 1.484964e+01 2.238936e+01 2.364104e+01 2.561823e+01 3.313858e+01 3.329541e+01 3.722169e+01 3.802027e+01 3.656639e+01 3.560855e+01 3.678523e+01 3.757196e+01 1.863382e+01 3.426732e-01 4.927534e-01 7.023643e-01 1.005813e+00 1.280786e+00 1.377996e+00 1.542993e+00 1.590220e+00 1.637161e+00 1.568905e+00 1.548738e+00 1.394642e+00 2.401339e-01 4.963244e-02 7.513753e-02 1.146294e-01 1.662682e-01 2.135180e-01 2.384196e-01 2.684913e-01 2.865418e-01 2.856065e-01 2.864839e-01 2.742712e-01 2.532719e-01 2.785529e-02
<GCONST> 9.126038e+01
<MIXTURE> 4 1.136299e-01
<MEAN> 39
 8.478130e+00 6.979259e+00 -3.925981e+00 -7.091298e+00 -1.846104e+00 4.799968e+00 -2.995696e+00 -8.440569e+00 -8.698530e+00 -2.247036e+00 1.619244e+00 1.005402e+00 2.581969e-01 -2.308491e-02 6.894144e-02 1.021295e-01 1.409979e-01 2.949073e-02 -9.109198e-02 2.028904e-01 1.113422e-01 7.557935e-02 -1.394658e-01 -2.043215e-01 -1.317238e-01 -2.586728e-01 -1.110350e-01 -1.496781e-01 1.064172e-01 2.699045e-01 1.365623e-01 -2.609091e-01 -2.426707e-01 1.285771e-01 4.094967e-01 2.302926e-01 -1.394508e-01 -1.937859e-01 3.176500e-02
<VARIANCE> 39
 1.159107e+01 2.493983e+01 2.796043e+01 4.762700e+01 4.218052e+01 4.621468e+01 5.005023e+01 6.155597e+01 5.100897e+01 5.845508e+01 6.438464e+01 6.301218e+01 1.880582e+01 3.392075e-01 8.404134e-01 1.107325e+00 1.838180e+00 1.954535e+00 2.239165e+00 2.696052e+00 2.605789e+00 2.979158e+00 3.128229e+00 2.711776e+00 2.694018e+00 4.527481e-01 5.312958e-02 1.160957e-01 1.801028e-01 2.433243e-01 3.103369e-01 3.769728e-01 4.008164e-01 4.708083e-01 4.525925e-01 4.436646e-01 4.671537e-01 4.339270e-01 5.066369e-02
<GCONST> 1.074856e+02
<MIXTURE> 5 1.370001e-01
<MEAN> 39
 1.775411e+00 -3.682985e+00 -3.729801e+00 -3.992407e+00 6.988537e-01 -6.948573e-02 -2.605451e+00 2.924131e+00 7.724142e+00 1.414505e+01 1.927002e+01 1.588588e+01 6.039734e+00 -1.500678e-02 4.100183e-03 -8.528201e-02 -4.285380e-02 -1.349060e-02 -2.938142e-02 -1.320878e-02 -3.139758e-02 -5.501552e-03 -8.146694e-02 -3.254899e-02 -2.702886e-03 -8.289944e-02 2.334005e-02 3.957901e-02 3.466852e-02 3.268993e-02 -5.038078e-03 -2.804299e-04 -1.410940e-03 -7.032831e-03 -9.765334e-03 -4.228090e-02 -8.332253e-02 -5.824602e-02 -1.089584e-02
<VARIANCE> 39
 1.276490e+01 2.782290e+01 3.814689e+01 3.814757e+01 6.983157e+01 6.937900e+01 7.824529e+01 5.850969e+01 8.996095e+01 9.597920e+01 7.675516e+01 6.466438e+01 1.750324e+01 3.435512e-01 7.491413e-01 1.114515e+00 1.284918e+00 1.539603e+00 1.541886e+00 1.731806e+00 1.767252e+00 2.162263e+00 2.238056e+00 2.023873e+00 1.966268e+00 1.815782e-01 5.954443e-02 1.295606e-01 2.039138e-01 2.479706e-01 2.604844e-01 2.668974e-01 2.976995e-01 3.042701e-01 3.438850e-01 3.640547e-01 3.313356e-01 3.249449e-01 2.587793e-02
<GCONST> 1.035422e+02
<MIXTURE> 6 9.960779e-02
<MEAN> 39
 5.123954e+00 1.115155e+00 -1.792685e+00 -1.057420e+00 -6.499529e-01 -3.343029e+00 -7.114719e+00 -6.315263e-01 1.969474e+00 -1.023321e+00 -5.367784e+00 -3.099535e+00 2.850585e+00 -2.855558e-01 -7.964867e-02 4.935847e-01 4.505508e-01 -2.783700e-01 -4.609150e-01 4.357066e-01 4.088704e-01 -1.351035e-01 -6.320161e-01 -1.623818e-01 2.840764e-01 -1.108870e-01 -2.903110e-02 1.105887e-01 7.753437e-02 7.044663e-03 -1.981819e-02 1.454884e-01 1.682261e-01 -2.106164e-01 -3.174152e-01 2.584136e-02 2.530541e-01 1.106260e-01 -8.598886e-02
<VARIANCE> 39
 1.445328e+01 2.437954e+01 3.697160e+01 4.003729e+01 5.089174e+01 5.341946e+01 6.039702e+01 5.290130e+01 5.199098e+01 6.137267e+01 5.073854e+01 5.041925e+01 2.049577e+01 2.982705e-01 7.232671e-01 1.080826e+00 1.292224e+00 1.912930e+00 2.043646e+00 2.337146e+00 2.714914e+00 2.668311e+00 2.591280e+00 2.324433e+00 2.080792e+00 3.339948e-01 4.419808e-02 9.460397e-02 1.458244e-01 1.969776e-01 2.902028e-01 3.132755e-01 3.752091e-01 3.827423e-01 3.902777e-01 3.922542e-01 3.568350e-01 3.399949e-01 3.533699e-02
<GCONST> 1.034845e+02
<MIXTURE> 7 1.001362e-01
<MEAN> 39
 6.074286e+00 5.537086e-01 -4.456861e+00 -6.024921e+00 9.476873e-01 6.116996e-01 -7.423080e+00 -3.344425e+00 1.598744e+00 6.776218e+00 4.426869e+00 3.783299e+00 3.155500e+00 -3.931830e-01 -7.879078e-02 2.119145e-01 7.531356e-01 -1.230650e-01 -6.340141e-01 4.943243e-01 3.513992e-01 3.528479e-01 -7.408908e-01 -6.119642e-01 -5.259528e-01 -3.300052e-01 -2.340877e-01 5.745437e-02 1.882538e-01 2.963070e-01 -5.294730e-02 -9.616121e-02 2.744724e-01 1.333904e-01 -6.079173e-02 -2.915519e-01 -1.484077e-01 -5.081023e-02 -1.193300e-01
<VARIANCE> 39
 1.915117e+01 2.958531e+01 3.947190e+01 4.794823e+01 5.678873e+01 7.293130e+01 7.173666e+01 8.660693e+01 1.054247e+02 9.016580e+01 1.266746e+02 1.230698e+02 2.808070e+01 1.230348e+00 2.467881e+00 2.374667e+00 3.392046e+00 3.639751e+00 4.413832e+00 4.782614e+00 5.752129e+00 6.272452e+00 6.034476e+00 5.516662e+00 5.351651e+00 2.168809e+00 1.676701e-01 2.868274e-01 3.423190e-01 4.712176e-01 5.710186e-01 7.288654e-01 7.285939e-01 9.082733e-01 9.972719e-01 8.792130e-01 8.954064e-01 8.692321e-01 1.899487e-01
<GCONST> 1.336645e+02
<MIXTURE> 8 9.575678e-02
<MEAN> 39
 6.594907e+00 4.812008e+00 -5.354386e+00 -5.495731e+00 1.019188e+00 1.146730e+00 -7.727896e+00 -8.319674e+00 7.809926e-03 6.897014e+00 7.418842e+00 6.304168e+00 -3.062333e-01 -1.105174e-01 -4.698400e-02 5.835626e-02 1.098720e-01 -3.461250e-02 -1.492322e-01 1.050401e-02 1.225892e-01 8.820196e-02 -1.645550e-01 -1.943691e-01 -2.102647e-01 -1.385103e-01 -5.933503e-02 -4.382992e-02 7.693236e-02 7.519809e-02 -6.744470e-02 -9.086052e-02 9.153832e-02 1.596775e-01 -2.202844e-02 -2.135724e-01 -2.049933e-01 -5.313047e-02 -7.598776e-03
<VARIANCE> 39
 1.187208e+01 1.713567e+01 3.089434e+01 3.607118e+01 3.563645e+01 4.085101e+01 3.883186e+01 4.869426e+01 4.860706e+01 3.792139e+01 5.158197e+01 9.533687e+01 2.396279e+01 2.628202e-01 4.938699e-01 6.982521e-01 9.734787e-01 1.049796e+00 1.328220e+00 1.368416e+00 1.703272e+00 1.797475e+00 1.789562e+00 1.995764e+00 1.571675e+00 2.386512e-01 4.013414e-02 7.578501e-02 1.218039e-01 1.638161e-01 1.962699e-01 2.346959e-01 2.364888e-01 2.986611e-01 2.688942e-01 3.136627e-01 3.276938e-01 2.866958e-01 2.702105e-02
<GCONST> 9.377588e+01
<TRANSP> 6
 0.000000e+00 1.000000e+00 0.000000e+00 0.000000e+00 0.000000e+00 0.000000e+00
 0.000000e+00 9.172820e-01 8.271793e-02 0.000000e+00 0.000000e+00 0.000000e+00
 0.000000e+00 0.000000e+00 9.257794e-01 7.422062e-02 0.000000e+00 0.000000e+00
 0.000000e+00 0.000000e+00 0.000000e+00 9.346617e-01 6.533835e-02 0.000000e+00
 0.000000e+00 0.000000e+00 0.000000e+00 0.000000e+00 8.669525e-01 1.330475e-01
 0.000000e+00 0.000000e+00 0.000000e+00 0.000000e+00 0.000000e+00 0.000000e+00
<ENDHMM>
