~o
<STREAMINFO> 1 39
<VECSIZE> 39<NULLD><MFCC_D_A_Z_0><DIAGC>
~h "aa"
<BEGINHMM>
<NUMSTATES> 6
<STATE> 2
<NUMMIXES> 4
<MIXTURE> 1 2.175644e-01
<MEAN> 39
 7.256470e+00 -1.124290e+01 -6.599887e+00 -5.167781e+00 2.109310e+00 -3.571299e-01 -6.230670e-01 7.478650e+00 2.092791e+00 -3.471672e-01 -5.485253e+00 -2.516691e+00 1.248013e+01 4.637135e-01 -9.698554e-01 -2.011441e+00 1.144358e-01 2.231467e+00 2.045389e+00 4.822722e-01 -7.202797e-01 -3.606159e-01 1.430319e-01 4.198728e-02 -6.939864e-01 2.727899e-01 -3.141685e-01 5.362886e-01 3.669008e-01 2.895610e-01 -1.645693e-01 7.493325e-02 -7.863153e-02 -7.429345e-01 -1.260047e-01 1.469098e-02 5.699784e-01 1.740266e-01 -3.702737e-01
<VARIANCE> 39
 8.388183e+00 1.381618e+01 2.397293e+01 2.292355e+01 3.569530e+01 3.760670e+01 4.490256e+01 3.922844e+01 4.248735e+01 5.064970e+01 3.030054e+01 3.365309e+01 8.971838e+00 5.172876e-01 1.128994e+00 1.925878e+00 2.260572e+00 2.592207e+00 2.656122e+00 4.201009e+00 3.722667e+00 3.140432e+00 3.031074e+00 2.903021e+00 2.822298e+00 2.624895e-01 2.122268e-01 1.764990e-01 2.354458e-01 3.652124e-01 5.163732e-01 5.490776e-01 6.006548e-01 5.796942e-01 5.557328e-01 6.624144e-01 5.400459e-01 4.967305e-01 9.005164e-02
<GCONST> 1.100659e+02
<MIXTURE> 2 2.347142e-01
<MEAN> 39
 1.060253e+01 -3.066879e+00 -9.597311e+00 -1.704348e+01 -1.385237e+00 1.398153e+01 4.142764e+00 -1.584188e+00 -8.344978e-01 5.089436e-02 2.238143e+00 -4.607140e-01 6.643382e+00 -3.089230e-01 -1.537295e+00 -5.995499e-01 6.337196e-01 1.589845e+00 6.166896e-01 1.559634e-01 -6.411902e-01 3.359075e-01 3.834591e-01 3.260097e-03 -5.638568e-01 9.658952e-01 -3.329781e-02 1.966746e-01 1.011615e-01 5.044489e-01 -4.884264e-02 -5.696166e-01 -1.884995e-01 -6.097518e-02 1.434759e-02 -7.504901e-03 -1.257683e-01 -1.476315e-01 -1.966659e-01
<VARIANCE> 39
 6.084917e+00 2.175987e+01 2.177612e+01 4.021623e+01 5.448640e+01 3.770538e+01 4.375312e+01 3.663548e+01 3.263650e+01 4.109820e+01 3.060924e+01 2.749034e+01 1.080571e+01 2.395262e-01 1.292107e+00 8.661264e-01 2.129041e+00 1.678275e+00 2.055636e+00 1.888356e+00 1.757569e+00 1.941378e+00 1.741116e+00 1.855751e+00 1.799745e+00 3.795519e-01 3.872298e-02 1.198376e-01 1.488828e-01 2.432326e-01 3.135359e-01 2.763475e-01 2.801191e-01 2.956153e-01 3.248146e-01 3.240027e-01 3.022238e-01 2.083911e-01 4.404064e-02
<GCONST> 9.622681e+01
<MIXTURE> 3 3.523877e-01
<MEAN> 39
 9.590498e+00 -7.164560e+00 -9.855330e+00 -7.829314e+00 1.558326e+00 6.763921e+00 -4.399566e-01 -2.109082e+00 8.311017e-01 -7.831738e-02 -5.299259e-02 -3.755145e+00 9.300626e+00 8.027110e-01 -1.740868e+00 -9.518184e-01 -1.204325e+00 3.076495e-01 1.344177e+00 1.056896e-01 1.824262e-01 3.331434e-01 8.159909e-03 1.441239e-01 -1.821509e-01 1.337474e+00 -7.081790e-01 3.367234e-01 4.391099e-01 6.828838e-01 3.496991e-01 -2.024453e-01 1.044268e-01 7.899524e-02 2.841337e-02 -1.520844e-02 -8.815685e-03 2.912486e-01 -5.859205e-01
<VARIANCE> 39
 1.383911e+01 2.923112e+01 2.587921e+01 5.307079e+01 5.286607e+01 4.816770e+01 5.904297e+01 4.846656e+01 4.897219e+01 5.630947e+01 4.868438e+01 3.013391e+01 1.494185e+01 2.003849e+00 2.008013e+00 2.852972e+00 3.650049e+00 3.639249e+00 3.982184e+00 4.054789e+00 4.125536e+00 3.847109e+00 3.610219e+00 3.215862e+00 2.653519e+00 1.232561e+00 4.603111e-01 4.135997e-01 3.776352e-01 6.728048e-01 5.267482e-01 6.117546e-01 7.352294e-01 7.718525e-01 7.791350e-01 7.175227e-01 6.218662e-01 4.843116e-01 2.851531e-01
<GCONST> 1.250699e+02
<MIXTURE> 4 1.953338e-01
<MEAN> 39
 6.561303e+00 -7.320317e+00 -1.570323e+00 -4.102776e+00 -4.199635e+00 -4.721117e+00 -5.003971e+00 5.557028e+00 4.018025e+00 1.045467e+00 -2.298823e+00 -1.457640e+00 1.076082e+01 2.682286e+00 -2.494101e+00 -2.638014e+00 -1.392248e+00 6.570932e-01 6.399888e-01 -1.914256e-01 1.884366e+00 1.349713e-01 4.431978e-01 -7.918777e-01 -1.403886e+00 1.299082e+00 -8.070192e-01 3.723318e-01 -2.012614e-01 5.885685e-01 1.009333e+00 1.150223e+00 8.421956e-01 -6.053595e-01 -3.258482e-01 -9.094496e-02 2.326670e-01 -1.293577e-02 -9.579860e-01
<VARIANCE> 39
 1.064558e+01 1.990559e+01 3.111693e+01 2.738514e+01 3.388051e+01 3.821814e+01 4.385342e+01 4.961763e+01 4.002888e+01 3.884489e+01 4.241402e+01 3.184992e+01 8.643169e+00 3.496390e+00 2.605613e+00 3.247180e+00 3.674654e+00 5.831091e+00 7.122521e+00 6.411606e+00 5.525433e+00 5.482758e+00 4.919732e+00 6.718462e+00 3.757491e+00 1.211255e+00 4.345275e-01 3.990355e-01 4.421465e-01 6.786957e-01 8.386534e-01 8.295801e-01 9.450611e-01 1.014291e+00 7.829176e-01 7.460644e-01 1.032658e+00 7.267949e-01 6.155435e-01
<GCONST> 1.293737e+02
<STATE> 3
<NUMMIXES> 4
<MIXTURE> 1 1.905532e-01
<MEAN> 39
 9.185102e+00 -8.476665e+00 -1.158622e+01 -1.107187e+01 5.080001e+00 1.209350e+01 2.745265e+00 -5.073783e+00 1.861984e+00 1.880434e+00 1.022159e+00 -5.683105e+00 9.874318e+00 -3.397261e-01 -8.620802e-01 -4.823660e-04 1.274027e+00 4.837451e-01 -8.954762e-01 -1.805140e-01 1.598841e-01 4.882415e-01 4.816823e-02 -5.849199e-01 -6.877183e-01 5.013754e-01 3.341517e-02 2.298098e-01 1.414990e-01 1.508518e-01 -3.330792e-01 -3.741785e-01 -8.848091e-02 3.836281e-01 -3.179841e-02 -1.223509e-01 -1.102304e-01 2.038644e-01 -1.718673e-01
<VARIANCE> 39
 6.993784e+00 1.484235e+01 1.624925e+01 3.989886e+01 3.436203e+01 3.673075e+01 5.132615e+01 2.992652e+01 3.382260e+01 3.050746e+01 2.774264e+01 3.027085e+01 1.057995e+01 1.918132e-01 5.687395e-01 6.265593e-01 1.553103e+00 1.194328e+00 1.582412e+00 1.378796e+00 1.553443e+00 1.338455e+00 1.521506e+00 1.263538e+00 1.441172e+00 1.461022e-01 3.783048e-02 8.759592e-02 9.943707e-02 2.049613e-01 2.097183e-01 2.240554e-01 2.597713e-01 2.135438e-01 2.344155e-01 2.417456e-01 2.063398e-01 2.366701e-01 3.462059e-02
<GCONST> 8.703969e+01
<MIXTURE> 2 2.433319e-01
<MEAN> 39
 8.046536e+00 -1.368886e+01 -8.040119e+00 -5.607642e+00 8.154529e+00 8.344237e+00 -4.151175e+00 1.887398e+00 5.044469e-02 9.877427e-01 -5.388972e+00 -1.427952e+00 1.234622e+01 -5.207545e-04 -1.304583e-01 -6.405373e-02 2.310260e-01 1.457364e-02 -1.346687e-01 2.558110e-02 -6.009742e-02 -2.741704e-02 -2.254375e-01 -9.743489e-02 6.578781e-02 -3.483766e-02 -9.672749e-03 4.007562e-01 2.342025e-02 1.409259e-02 -3.701671e-01 -4.306166e-01 2.104170e-01 -2.898384e-02 1.568186e-02 -2.420686e-01 8.340312e-02 -4.615957e-02 -2.415339e-01
<VARIANCE> 39
 8.022133e+00 1.604141e+01 1.957723e+01 3.300026e+01 3.702913e+01 4.278111e+01 4.517223e+01 3.041104e+01 3.092201e+01 4.385998e+01 2.259668e+01 2.388713e+01 9.474179e+00 3.520635e-01 8.119836e-01 8.130314e-01 1.397818e+00 1.637248e+00 2.458905e+00 1.791225e+00 2.106693e+00 1.499214e+00 1.708970e+00 1.606211e+00 1.243963e+00 2.598399e-01 6.479663e-02 1.396799e-01 1.365441e-01 2.367288e-01 2.338916e-01 2.521276e-01 2.512377e-01 2.758657e-01 2.618278e-01 2.704058e-01 2.519340e-01 2.258053e-01 6.587783e-02
<GCONST> 9.336124e+01
<MIXTURE> 3 3.536426e-01
<MEAN> 39
 8.734296e+00 -9.027124e+00 -1.086161e+01 -7.961950e+00 6.096520e+00 9.516700e+00 -1.072673e-01 -4.090361e+00 3.485386e+00 -1.807495e+00 -1.180551e+00 -3.380883e+00 1.026463e+01 1.095381e-02 7.729244e-02 -9.810200e-02 8.268038e-02 8.865713e-02 -3.666510e-02 -2.738520e-02 7.522364e-02 -2.267152e-02 -1.193330e-01 4.283607e-02 1.847445e-02 -6.094620e-02 9.578485e-03 6.389453e-02 7.030540e-02 2.867729e-02 -1.577865e-01 -1.934884e-01 -1.980120e-02 1.952773e-01 -6.070458e-02 5.139938e-02 -4.279634e-02 -1.695501e-02 -4.998214e-02
<VARIANCE> 39
 1.037705e+01 2.068455e+01 2.029443e+01 4.908274e+01 4.232970e+01 5.534092e+01 5.649726e+01 3.524911e+01 4.007716e+01 4.130916e+01 3.270004e+01 2.734109e+01 1.261986e+01 1.128291e-01 3.529760e-01 3.541046e-01 6.411126e-01 6.537318e-01 8.454869e-01 7.562082e-01 1.017635e+00 7.465770e-01 8.074319e-01 7.822886e-01 6.969588e-01 8.267988e-02 2.431989e-02 5.467980e-02 7.089130e-02 1.070882e-01 1.220098e-01 1.377489e-01 1.510911e-01 1.820304e-01 1.446293e-01 1.306871e-01 1.404030e-01 1.249671e-01 1.871965e-02
<GCONST> 7.570979e+01
<MIXTURE> 4 2.124723e-01
<MEAN> 39
 9.770130e+00 -9.562462e+00 -1.171655e+01 -6.118589e+00 2.348477e+00 6.183362e+00 1.702690e+00 -9.215378e-01 2.090348e+00 1.024283e+00 8.963245e-01 -5.739475e+00 1.057464e+01 3.576265e-01 -2.160473e-01 -9.354459e-01 1.124948e-01 7.443668e-01 6.114094e-01 6.035329e-01 -3.964068e-01 -2.214350e-01 -4.314474e-01 6.083373e-01 1.615323e-01 -9.988890e-02 -1.650870e-01 2.392722e-01 3.531967e-01 2.128046e-01 -9.822039e-02 -4.572687e-01 -3.483539e-01 2.999397e-01 6.937514e-02 -1.251932e-01 -1.293891e-01 3.014385e-01 -1.740656e-01
<VARIANCE> 39
 9.547467e+00 1.723665e+01 2.543750e+01 3.889376e+01 4.380150e+01 5.189869e+01 5.602226e+01 6.346521e+01 5.281629e+01 4.501601e+01 4.263008e+01 3.506235e+01 1.017296e+01 3.810468e-01 7.609577e-01 1.419051e+00 2.155730e+00 1.675590e+00 2.867058e+00 3.028381e+00 3.256417e+00 2.682626e+00 2.313332e+00 2.082535e+00 1.999443e+00 2.389425e-01 1.012583e-01 1.492033e-01 2.505727e-01 2.789206e-01 3.608818e-01 3.847013e-01 5.026641e-01 4.533403e-01 5.093266e-01 4.364724e-01 3.705504e-01 3.690504e-01 7.656375e-02
<GCONST> 1.061750e+02
<STATE> 4
<NUMMIXES> 4
<MIXTURE> 1 1.748718e-01
<MEAN> 39
 9.629733e+00 -5.439787e+00 -1.203373e+01 -9.855522e+00 5.607340e+00 1.177795e+01 -2.225850e+00 -3.033189e+00 3.358558e+00 -3.041952e+00 1.366928e+00 -2.848945e+00 8.347463e+00 2.154092e-01 9.355154e-01 1.619537e-01 -3.741308e-01 -5.574418e-01 -4.208007e-01 1.281799e-02 2.823104e-01 -3.311781e-01 3.480277e-02 2.724265e-01 2.262741e-02 -6.282911e-01 -7.325574e-02 1.753368e-01 3.370650e-01 2.457886e-01 -2.396678e-01 -4.823877e-01 8.876135e-02 -2.794059e-02 -1.768014e-01 1.950230e-01 -1.845746e-01 2.300051e-02 -2.490119e-01
<VARIANCE> 39
 9.254540e+00 2.814647e+01 2.705909e+01 5.643859e+01 5.633369e+01 4.238305e+01 5.484519e+01 2.773822e+01 3.364869e+01 3.652732e+01 3.321548e+01 2.844105e+01 1.893731e+01 2.934313e-01 8.757313e-01 8.717284e-01 1.715961e+00 1.513112e+00 1.764543e+00 2.282682e+00 1.568472e+00 1.584350e+00 1.490982e+00 1.611287e+00 1.326529e+00 3.140897e-01 7.538451e-02 1.843785e-01 2.116680e-01 2.920189e-01 2.766806e-01 2.660398e-01 3.453847e-01 3.222787e-01 2.878557e-01 2.861165e-01 2.806244e-01 2.246381e-01 1.149248e-01
<GCONST> 9.905669e+01
<MIXTURE> 2 3.292561e-01
<MEAN> 39
 1.188483e+01 -1.066935e+01 -1.464827e+01 -2.615380e+00 2.871853e+00 3.410945e+00 -6.146353e-01 6.397656e+00 -1.202351e+00 -5.540408e-01 3.968474e+00 -3.432811e+00 9.394846e+00 2.552161e-01 -8.026933e-02 -7.922080e-01 8.384359e-01 7.269753e-01 -1.127715e+00 -9.659331e-01 1.212562e+00 5.069440e-01 -8.085861e-01 -2.823596e-01 5.707515e-01 -1.531845e-01 -7.913522e-02 1.038045e-01 2.305858e-01 -3.044522e-02 -1.157350e-02 -3.306014e-01 -3.538218e-01 5.584612e-02 2.938948e-01 1.260707e-01 -3.460706e-01 2.174081e-02 -5.015088e-02
<VARIANCE> 39
 6.873892e+00 1.709410e+01 2.408664e+01 3.113787e+01 3.715931e+01 4.065654e+01 4.502396e+01 4.654751e+01 5.939734e+01 3.809235e+01 4.109959e+01 3.382007e+01 8.404740e+00 1.732340e-01 3.947892e-01 7.596340e-01 9.487542e-01 1.239551e+00 1.762954e+00 2.130543e+00 1.781400e+00 1.822144e+00 1.389151e+00 1.402404e+00 1.230837e+00 1.120209e-01 2.785431e-02 6.670894e-02 1.141852e-01 1.460017e-01 1.722994e-01 2.574403e-01 3.158865e-01 2.225179e-01 2.509014e-01 2.857810e-01 2.352978e-01 2.306173e-01 2.006475e-02
<GCONST> 8.790213e+01
<MIXTURE> 3 2.579677e-01
<MEAN> 39
 7.718115e+00 -1.142270e+01 -8.284006e+00 -4.676049e+00 3.967241e+00 3.827543e+00 -1.600265e+00 2.580313e+00 1.109743e+00 -2.479535e+00 -6.386587e+00 -1.536685e+00 1.092215e+01 1.990893e-02 1.503036e+00 1.106632e+00 3.722476e-01 -1.881804e+00 -1.785937e+00 3.934546e-01 5.525826e-01 -1.807032e-01 -2.698299e-01 -2.334107e-01 2.955802e-01 -1.322780e+00 -2.740936e-01 8.832994e-01 5.156118e-01 4.850233e-01 -9.367803e-02 -7.720334e-02 -2.556350e-02 -5.175233e-01 -3.969629e-02 1.448182e-01 4.565512e-01 -5.333697e-02 -8.724301e-01
<VARIANCE> 39
 9.835163e+00 2.028224e+01 2.099430e+01 2.837637e+01 3.810567e+01 4.952736e+01 4.412053e+01 4.129423e+01 3.973498e+01 5.132909e+01 2.632392e+01 3.122754e+01 1.149955e+01 6.502538e-01 1.452905e+00 2.135682e+00 2.469386e+00 2.605366e+00 2.846901e+00 3.480974e+00 3.489136e+00 3.604815e+00 3.826096e+00 2.716677e+00 2.640452e+00 9.030896e-01 2.412028e-01 3.046680e-01 3.342752e-01 4.422716e-01 5.251757e-01 5.869829e-01 6.043017e-01 6.600479e-01 6.011833e-01 6.161855e-01 4.360217e-01 4.492931e-01 3.074801e-01
<GCONST> 1.153664e+02
<MIXTURE> 4 2.379045e-01
<MEAN> 39
 8.207719e+00 -9.668799e+00 -1.173914e+01 -5.783879e+00 5.158989e+00 4.952061e+00 3.415318e+00 -3.727292e+00 5.192491e+00 -9.481290e-01 -1.063606e+00 -6.916198e+00 1.094275e+01 -1.341881e-01 1.099556e-01 6.463688e-01 1.189170e+00 -8.941228e-01 -1.721737e+00 -5.443571e-01 1.507333e+00 2.734365e-01 -2.627119e-01 -7.675011e-01 2.004458e-01 -2.714161e-01 -2.338583e-02 4.422812e-01 4.722697e-01 1.535945e-01 -3.890096e-01 -1.010485e-01 -2.481734e-01 3.165194e-01 -2.760780e-01 4.174864e-02 -2.595232e-02 4.681981e-01 -4.929442e-01
<VARIANCE> 39
 9.257384e+00 1.866353e+01 1.871298e+01 3.878967e+01 3.294466e+01 4.451049e+01 5.172557e+01 4.107547e+01 3.654118e+01 4.045030e+01 3.424054e+01 3.242487e+01 1.227564e+01 3.885804e-01 7.819669e-01 1.369976e+00 2.473575e+00 2.254266e+00 2.394079e+00 2.814422e+00 2.338217e+00 2.544298e+00 2.445567e+00 2.376194e+00 2.138888e+00 3.587398e-01 1.175705e-01 1.636138e-01 2.166265e-01 3.321318e-01 3.202235e-01 3.606535e-01 5.290567e-01 4.802232e-01 4.169154e-01 4.462453e-01 4.197571e-01 3.946122e-01 1.097497e-01
<GCONST> 1.054142e+02
<STATE> 5
<NUMMIXES> 4
<MIXTURE> 1 2.877657e-01
<MEAN> 39
 9.564407e+00 -5.910191e+00 -9.301369e+00 -5.980071e+00 4.921679e-01 5.014425e+00 2.749875e-01 -2.107528e+00 3.067087e+00 1.267527e+00 4.063007e-01 -5.556539e+00 7.062991e+00 -5.606530e-01 2.210850e+00 1.725044e+00 2.255991e+00 -6.537169e-01 -1.795260e+00 -6.036448e-01 -1.696944e-01 -7.456701e-01 5.387070e-01 -1.412969e-01 7.034145e-01 -2.721887e+00 -6.325978e-01 3.264219e-01 5.060934e-01 4.893224e-01 4.142962e-01 -5.139611e-02 2.239119e-02 -1.294929e-01 -2.520751e-01 -1.689971e-01 -1.781733e-01 3.589754e-01 -5.546316e-01
<VARIANCE> 39
 1.226170e+01 2.973822e+01 2.774400e+01 5.307932e+01 4.167295e+01 5.400242e+01 5.675723e+01 4.722876e+01 5.092477e+01 4.350890e+01 3.801218e+01 3.379454e+01 2.233775e+01 1.776171e+00 3.419029e+00 3.566111e+00 4.496833e+00 4.339368e+00 4.179863e+00 5.591902e+00 5.911709e+00 5.072741e+00 4.293528e+00 4.562169e+00 3.787308e+00 3.300689e+00 4.600831e-01 4.775256e-01 4.696454e-01 8.201138e-01 5.240972e-01 6.479883e-01 7.423926e-01 7.716452e-01 7.157886e-01 6.535826e-01 5.723249e-01 5.203831e-01 6.318639e-01
<GCONST> 1.300143e+02
<MIXTURE> 2 2.656687e-01
<MEAN> 39
 1.219580e+01 -1.058041e+01 -1.521264e+01 -1.312328e+00 5.899611e+00 -2.009502e+00 -5.285109e+00 1.010490e+01 2.183469e+00 -1.317721e+00 7.499795e-02 -1.026649e+00 9.122523e+00 9.757116e-03 2.719621e-01 3.056616e-01 4.444447e-01 1.594415e-01 -1.667138e+00 -1.333817e+00 7.277918e-01 6.552263e-01 3.301641e-02 -7.381544e-01 2.891641e-01 -3.727946e-01 -1.262385e-01 1.860125e-01 4.322450e-01 -1.807938e-02 -2.941091e-01 -9.612864e-02 7.975300e-02 -3.459772e-01 -1.708021e-01 1.258976e-01 3.591684e-02 -1.791377e-02 -1.778938e-01
<VARIANCE> 39
 9.366057e+00 2.060031e+01 3.534055e+01 4.022478e+01 4.105696e+01 5.716603e+01 6.750681e+01 6.407099e+01 7.192648e+01 2.924874e+01 3.214062e+01 2.667343e+01 8.963434e+00 2.595670e-01 6.225156e-01 1.509196e+00 1.134077e+00 2.211444e+00 2.328034e+00 3.309225e+00 2.407284e+00 2.266840e+00 1.966394e+00 1.808111e+00 1.802827e+00 2.347010e-01 4.753640e-02 1.207640e-01 1.811470e-01 2.188285e-01 2.621420e-01 3.282600e-01 3.634322e-01 3.902547e-01 3.572367e-01 3.195759e-01 3.066923e-01 2.692474e-01 5.876562e-02
<GCONST> 1.002936e+02
<MIXTURE> 3 2.399824e-01
<MEAN> 39
 5.655441e-02 2.434760e+00 6.558139e-01 3.745446e+00 2.937327e+00 1.139086e+00 1.294920e+00 -3.391256e-01 1.427514e+00 -1.459157e+00 -1.758766e+00 -1.185698e+00 -1.498383e+00 -4.432434e+00 2.257449e+00 2.372211e+00 2.267732e+00 7.353376e-01 2.160198e-01 2.662749e-01 -3.162018e-01 -9.645038e-02 3.582718e-01 1.331605e+00 8.729722e-01 -2.998852e+00 -1.701472e-01 -9.161608e-01 -6.836340e-01 -6.653981e-01 1.012959e-01 3.280396e-01 2.896684e-02 5.351028e-02 1.723202e-01 2.106615e-01 8.642499e-02 -3.554476e-02 7.711694e-01
<VARIANCE> 39
 5.490891e+01 2.993430e+01 3.558939e+01 3.524987e+01 4.430302e+01 4.451641e+01 5.185865e+01 5.940376e+01 4.767286e+01 4.855500e+01 3.368597e+01 2.460485e+01 4.992173e+01 6.005818e+00 4.262117e+00 3.912465e+00 5.877447e+00 4.984058e+00 6.322491e+00 5.100759e+00 6.705581e+00 6.651636e+00 6.231803e+00 5.327525e+00 3.727193e+00 9.446754e+00 7.710400e-01 5.278170e-01 4.859002e-01 7.033384e-01 7.500194e-01 7.388765e-01 9.174907e-01 1.118338e+00 9.049978e-01 8.532144e-01 7.046472e-01 5.408808e-01 6.932259e-01
<GCONST> 1.384062e+02
<MIXTURE> 4 2.065833e-01
<MEAN> 39
 7.717811e+00 -5.885867e+00 -4.859421e+00 -1.676190e+00 2.125102e-01 -2.700595e+00 -6.587701e-01 3.307402e+00 1.283317e+00 -2.731086e+00 -6.750026e+00 -4.375174e-01 6.043074e+00 -2.206483e+00 3.425890e+00 2.914689e+00 2.317487e+00 -4.936085e-01 -9.969700e-01 1.169817e-01 -5.093011e-01 -2.107572e-01 -4.660416e-01 5.137759e-01 7.620457e-01 -3.392696e+00 -1.145361e+00 2.180161e-01 2.176498e-01 2.323719e-01 5.873973e-01 9.455159e-01 1.846331e-01 -5.252835e-01 7.153874e-02 3.043207e-01 7.866229e-01 -1.393935e-01 -3.997815e-01
<VARIANCE> 39
 1.083353e+01 2.410738e+01 3.282835e+01 3.326758e+01 4.084948e+01 5.310596e+01 4.704999e+01 4.666097e+01 5.153437e+01 5.785491e+01 3.095190e+01 3.152192e+01 1.684507e+01 3.520396e+00 3.614015e+00 2.941940e+00 4.162738e+00 5.295046e+00 5.610860e+00 5.759409e+00 7.470157e+00 5.098560e+00 5.491001e+00 4.426290e+00 4.138991e+00 5.263035e+00 5.092545e-01 4.787066e-01 4.959904e-01 7.278532e-01 8.234894e-01 7.491070e-01 9.422208e-01 1.008716e+00 1.067747e+00 1.116220e+00 6.345725e-01 6.341633e-01 6.950411e-01
<GCONST> 1.333618e+02
<TRANSP> 6
 0.000000e+00 1.000000e+00 0.000000e+00 0.000000e+00 0.000000e+00 0.000000e+00
 0.000000e+00 6.582039e-01 3.417961e-01 0.000000e+00 0.000000e+00 0.000000e+00
 0.000000e+00 0.000000e+00 7.916204e-01 2.083796e-01 0.000000e+00 0.000000e+00
 0.000000e+00 0.000000e+00 0.000000e+00 6.388694e-01 3.611307e-01 0.000000e+00
 0.000000e+00 0.000000e+00 0.000000e+00 0.000000e+00 6.567260e-01 3.432740e-01
 0.000000e+00 0.000000e+00 0.000000e+00 0.000000e+00 0.000000e+00 0.000000e+00
<ENDHMM>
