~o
<STREAMINFO> 1 39
<VECSIZE> 39<NULLD><MFCC_D_A_Z_0><DIAGC>
~h "ax-h"
<BEGINHMM>
<NUMSTATES> 6
<STATE> 2
<NUMMIXES> 4
<MIXTURE> 1 1.874452e-01
<MEAN> 39
 -9.216762e+00 5.496184e+00 8.843159e+00 -1.144323e-01 3.436077e+00 -4.265307e+00 2.204705e+00 -3.634022e+00 -3.735778e+00 -8.299379e-01 -2.026920e+00 -1.126497e+00 -5.612999e-01 2.926564e+00 4.142635e-01 1.266151e+00 1.412841e+00 -1.271057e+00 -8.543279e-01 -7.719802e-01 -1.335350e+00 -8.908638e-01 -2.169445e-01 -4.835750e-01 -8.859588e-01 -1.708297e+00 -2.892557e-01 1.519579e-01 -7.049710e-01 3.446329e-01 2.065561e-01 5.779024e-01 2.168330e-01 5.371960e-01 6.475327e-01 4.420807e-01 3.844526e-01 2.187954e-01 -5.076377e-01
<VARIANCE> 39
 3.229525e+01 2.249381e+01 1.702588e+01 3.264240e+01 3.170072e+01 5.170778e+01 3.397422e+01 3.729347e+01 2.440742e+01 5.166998e+01 1.530277e+01 2.461150e+01 2.107636e+01 5.701377e+00 3.902944e+00 2.394768e+00 2.538634e+00 4.534396e+00 4.056334e+00 8.080718e+00 5.074955e+00 4.393506e+00 3.609050e+00 2.850825e+00 1.900594e+00 3.460680e+00 6.347671e-01 2.957657e-01 3.999822e-01 8.914945e-01 8.236105e-01 9.283832e-01 7.212431e-01 2.309926e-01 3.933581e-01 1.325372e+00 5.971746e-01 2.962795e-01 1.102626e+00
<GCONST> 1.254291e+02
<MIXTURE> 2 3.881094e-01
<MEAN> 39
 -9.955438e+00 -6.357597e-03 8.780137e-01 6.033150e-01 5.342431e+00 -2.928666e+00 4.362936e+00 2.210337e+00 4.077701e+00 3.383518e-01 -1.636744e+00 2.248715e+00 1.418799e+00 2.406958e+00 1.211683e-01 8.438880e-01 1.329231e+00 -1.044545e-01 -2.701453e-01 -5.906265e-01 -5.033367e-01 -3.118667e-01 -7.958786e-01 -8.477784e-01 -1.167045e-01 -1.627703e+00 1.572642e-01 5.398366e-01 2.396359e-02 2.175310e-01 9.209806e-02 3.735349e-01 -2.334310e-01 -2.831417e-01 -6.676165e-01 4.349570e-02 2.085511e-01 -1.515617e-01 -7.230985e-01
<VARIANCE> 39
 3.256827e+01 2.573212e+01 2.013677e+01 2.830159e+01 1.979902e+01 3.234116e+01 2.815662e+01 3.911019e+01 3.041201e+01 2.506455e+01 3.417494e+01 2.587043e+01 1.407983e+01 3.802079e+00 4.478305e+00 3.030317e+00 3.265141e+00 3.214789e+00 3.777682e+00 5.117865e+00 3.339954e+00 1.930317e+00 4.010448e+00 2.947973e+00 3.206074e+00 2.385595e+00 5.083679e-01 4.843195e-01 2.088908e-01 4.405912e-01 5.993432e-01 6.508023e-01 6.221242e-01 6.283575e-01 6.420822e-01 4.020815e-01 4.140299e-01 4.784214e-01 7.538040e-01
<GCONST> 1.209863e+02
<MIXTURE> 3 3.288267e-01
<MEAN> 39
 3.329383e+00 3.058025e+00 1.563248e-01 9.830627e-01 2.434869e+00 -5.281069e+00 -3.977829e+00 -2.363388e+00 1.903938e+00 4.828620e+00 -3.413193e+00 -3.291989e+00 -4.153635e-01 2.151339e+00 5.772142e-01 1.486835e-01 4.476367e-01 3.910849e-01 -5.993362e-01 -1.209714e+00 -1.047005e+00 -4.079211e-01 2.534845e-01 -3.723373e-01 -4.922753e-01 -6.719494e-01 -1.450472e+00 1.429280e-01 1.469192e-01 2.683160e-01 3.245633e-01 6.958635e-01 7.743880e-01 3.159200e-01 9.718093e-02 -3.232239e-01 4.991480e-01 5.137514e-01 -7.115323e-01
<VARIANCE> 39
 1.985912e+01 2.906486e+01 3.991230e+01 3.571057e+01 2.672367e+01 3.068649e+01 3.245612e+01 2.695174e+01 2.721780e+01 5.088547e+01 2.808976e+01 2.304159e+01 1.693160e+01 6.632912e+00 2.187878e+00 2.183858e+00 3.327594e+00 4.173771e+00 2.100628e+00 4.607826e+00 2.788891e+00 3.772896e+00 3.949107e+00 3.207599e+00 2.944560e+00 3.575995e+00 9.520946e-01 5.798574e-01 5.974664e-01 1.037270e+00 9.079004e-01 5.793832e-01 6.106264e-01 6.305765e-01 6.394168e-01 5.440953e-01 9.952151e-01 4.075349e-01 1.087545e+00
<GCONST> 1.263763e+02
<MIXTURE> 4 9.561864e-02
<MEAN> 39
 2.218491e+00 -3.028275e+00 8.054709e+00 5.513912e+00 -6.651989e+00 -6.615997e+00 -2.109222e+00 3.963657e+00 -3.028579e-01 -6.425844e+00 6.474277e-01 -6.468217e-01 7.544092e-01 1.052596e+00 1.287558e+00 1.199026e+00 4.938033e-01 -4.955008e-01 4.310973e-01 -8.229246e-01 -1.198307e+00 -8.004254e-01 -3.194158e-01 1.150015e+00 -7.359028e-01 -7.642906e-01 -9.237380e-01 7.417871e-01 -8.060963e-01 -1.189237e-01 9.628729e-01 9.768288e-01 5.590726e-01 -5.793275e-01 -2.440563e-01 1.250331e+00 1.548358e-01 1.833784e-01 -1.059707e+00
<VARIANCE> 39
 6.796886e+01 1.851309e+01 2.580750e+01 1.105254e+02 2.061532e+01 2.420146e+01 3.745764e+01 3.140095e+01 2.600212e+01 2.414545e+01 3.763757e+01 2.269754e+01 9.532624e+00 4.185427e+00 1.316292e+00 4.121643e+00 2.314641e+00 1.078653e+01 5.785511e+00 3.779479e+00 6.295294e+00 6.350399e+00 4.554509e+00 1.573220e+00 3.710021e+00 4.256398e+00 7.114305e-01 4.305722e-01 3.852526e-01 2.002829e+00 7.166764e-01 2.164206e+00 9.874663e-01 1.088808e+00 1.086755e+00 9.400972e-01 5.779402e-01 7.589377e-01 7.613639e-01
<GCONST> 1.313362e+02
<STATE> 3
<NUMMIXES> 4
<MIXTURE> 1 3.547796e-01
<MEAN> 39
 -6.638914e+00 -2.435694e+00 1.192096e+00 3.923095e+00 6.843952e+00 -4.209478e-01 4.844630e+00 2.718759e+00 4.608949e+00 -2.228618e+00 -2.817223e+00 3.094349e+00 -1.283677e+00 1.345941e+00 6.975535e-01 4.063007e-01 1.170456e+00 5.390603e-01 4.799870e-01 -4.120474e-01 -6.388285e-01 -7.903509e-01 2.244926e-01 6.846838e-02 -4.872350e-01 -2.357232e+00 -1.667706e-01 4.943340e-01 -1.644827e-01 -2.505075e-01 -3.783967e-01 1.064287e-01 -1.356017e-01 -2.360725e-01 -4.512783e-01 3.666272e-01 4.138920e-01 -1.746650e-01 -3.122253e-01
<VARIANCE> 39
 3.852864e+01 1.682631e+01 2.908855e+01 2.993741e+01 2.422057e+01 2.348933e+01 4.189906e+01 3.588570e+01 3.569232e+01 4.662716e+01 2.158533e+01 2.102417e+01 1.341176e+01 5.239040e+00 3.009140e+00 2.672884e+00 3.746254e+00 2.725953e+00 3.375892e+00 5.946380e+00 4.949420e+00 4.167468e+00 3.076912e+00 2.499223e+00 3.235364e+00 5.027135e+00 6.005977e-01 3.578560e-01 2.868459e-01 5.014214e-01 5.414978e-01 5.275380e-01 8.199688e-01 7.728438e-01 7.730556e-01 4.194496e-01 4.055829e-01 4.509914e-01 5.995258e-01
<GCONST> 1.231085e+02
<MIXTURE> 2 1.624664e-01
<MEAN> 39
 -1.828147e+00 5.427260e+00 1.294296e+01 4.305621e+00 -3.074358e+00 -1.311742e+00 1.178567e+00 -4.674224e+00 -2.637655e+00 1.751231e-02 -2.458219e+00 -1.961416e+00 -4.491693e+00 1.286857e+00 7.351565e-01 -4.379179e-01 8.837748e-01 1.101032e-01 4.170250e-01 -4.645461e-01 -5.408379e-01 -5.585827e-01 7.325535e-02 5.361714e-01 -2.701303e-01 -1.585510e+00 -8.483639e-01 -1.771421e-01 -1.437137e+00 -3.514754e-01 8.687140e-01 4.254191e-01 -2.143083e-02 7.703877e-01 4.395060e-01 -3.516293e-02 5.186152e-01 5.057293e-01 1.515383e-01
<VARIANCE> 39
 3.505012e+01 1.981466e+01 1.285611e+01 5.562781e+01 2.192462e+01 2.343423e+01 2.920352e+01 5.280627e+01 3.925832e+01 1.989853e+01 3.734068e+01 9.543603e+00 2.673309e+01 1.181448e+01 2.703178e+00 3.040416e+00 8.453943e+00 5.098858e+00 5.215456e+00 8.086082e+00 5.211359e+00 5.101666e+00 7.550888e+00 2.812221e+00 2.258650e+00 9.717096e+00 4.020130e-01 4.689045e-01 2.370372e-01 1.828594e+00 4.958086e-01 5.311015e-01 9.135241e-01 9.188468e-01 1.095715e+00 6.219418e-01 8.206927e-01 2.336031e-01 1.946161e+00
<GCONST> 1.303207e+02
<MIXTURE> 3 2.329040e-01
<MEAN> 39
 6.910799e+00 1.406437e+00 -4.614162e-01 1.278813e+00 9.759012e-01 -4.706569e+00 -7.436146e+00 -4.574395e+00 1.346411e+00 2.549751e+00 -1.438886e+00 -1.260125e+00 -1.918236e+00 6.454969e-01 7.736521e-01 4.484431e-01 1.057992e+00 -1.184358e-01 9.792808e-01 2.255798e-01 -2.895887e-01 -7.533649e-01 -9.281801e-02 1.005810e+00 -2.042164e-01 -2.599921e+00 -2.158341e+00 3.846620e-01 1.537293e-01 3.450001e-01 6.441154e-01 9.408442e-01 1.513772e+00 6.763850e-01 6.540263e-02 -3.890815e-01 3.323144e-01 5.602623e-01 -7.264178e-01
<VARIANCE> 39
 1.339849e+01 1.079104e+01 3.582552e+01 4.094032e+01 5.775570e+01 4.357519e+01 4.230950e+01 3.076703e+01 2.028483e+01 4.349218e+01 4.958889e+01 2.835655e+01 2.541564e+01 8.491916e+00 3.392870e+00 2.391665e+00 5.253896e+00 6.345878e+00 2.414918e+00 2.909869e+00 3.945395e+00 6.790046e+00 3.622458e+00 3.154763e+00 3.358281e+00 5.336887e+00 7.284579e-01 6.957525e-01 5.607185e-01 1.648842e+00 9.485942e-01 1.123541e+00 8.079265e-01 7.209517e-01 8.106561e-01 1.359444e+00 2.093040e+00 6.936391e-01 6.839696e-01
<GCONST> 1.333653e+02
<MIXTURE> 4 2.498499e-01
<MEAN> 39
 -2.300712e+00 8.753132e+00 4.816164e+00 5.828921e-01 2.489936e+00 -8.435490e+00 -2.540388e+00 -5.304791e-01 -2.423882e+00 -3.029407e+00 -2.777516e+00 1.475840e+00 9.791087e-01 4.439017e-01 7.818179e-01 -6.045207e-02 1.129448e+00 -6.295712e-02 3.393506e-01 -2.328834e-01 -3.336449e-01 -3.499024e-02 1.974279e-01 7.664749e-02 -1.337627e-01 -1.244148e+00 -1.648432e+00 -5.058353e-01 -6.089652e-01 4.947000e-02 5.531545e-01 1.198814e+00 8.198348e-01 6.895832e-01 4.310537e-01 6.264582e-01 4.634407e-01 1.736423e-01 -3.249777e-01
<VARIANCE> 39
 2.607551e+01 2.718357e+01 3.275876e+01 1.744800e+01 3.268403e+01 2.037696e+01 2.622263e+01 3.981024e+01 3.514776e+01 2.955074e+01 2.446368e+01 3.738338e+01 1.850827e+01 4.319094e+00 3.382347e+00 1.247416e+00 1.945176e+00 3.404514e+00 2.292060e+00 2.501036e+00 2.028660e+00 1.912295e+00 2.938468e+00 1.048309e+00 1.184845e+00 3.406965e+00 5.053027e-01 4.437208e-01 4.131529e-01 4.458300e-01 8.431460e-01 3.847290e-01 5.132700e-01 7.610899e-01 5.909251e-01 4.800048e-01 6.664809e-01 7.028746e-01 5.121137e-01
<GCONST> 1.171988e+02
<STATE> 4
<NUMMIXES> 4
<MIXTURE> 1 2.852167e-01
<MEAN> 39
 -3.036809e+00 8.676941e+00 3.704802e+00 3.606383e+00 7.083033e+00 -3.980644e+00 -4.335959e+00 3.409451e-03 2.210827e+00 1.198643e+00 -1.778627e+00 -1.453445e+00 -3.647642e+00 -3.058547e+00 2.251274e-01 -2.629353e-01 7.713692e-01 1.336112e+00 1.953238e+00 2.103098e+00 1.726963e+00 3.106461e-01 4.913301e-01 1.263921e+00 4.553186e-01 -1.235962e+00 -9.932876e-01 -5.930598e-01 -3.212328e-01 -3.871927e-01 1.250786e-02 3.990527e-01 7.741530e-01 4.068022e-01 -1.100626e-01 3.853292e-02 2.362939e-01 3.212371e-01 4.062704e-01
<VARIANCE> 39
 2.682967e+01 2.124034e+01 3.659192e+01 4.276962e+01 2.697016e+01 1.952699e+01 1.034270e+01 2.507960e+01 4.788604e+01 4.591057e+01 2.601026e+01 2.182181e+01 5.803231e+01 2.706207e+00 1.531287e+00 3.304201e+00 2.828298e+00 2.024892e+00 1.410757e+00 2.247535e+00 2.997250e+00 2.033587e+00 4.596322e+00 2.814991e+00 2.129902e+00 4.336622e+00 2.733527e-01 3.480874e-01 2.749699e-01 2.585099e-01 3.702735e-01 4.791033e-01 3.468873e-01 5.316142e-01 6.502510e-01 6.937392e-01 4.460832e-01 4.682797e-01 3.321232e-01
<GCONST> 1.155275e+02
<MIXTURE> 2 3.738104e-01
<MEAN> 39
 -7.914084e+00 4.312060e-01 4.445951e+00 4.243205e+00 6.219223e+00 5.029086e-01 3.679177e+00 2.394706e+00 3.142439e+00 9.495029e-01 -1.232616e+00 1.272514e+00 -5.419855e+00 -9.970180e-02 7.136858e-01 -4.459124e-01 8.077991e-01 2.191139e-01 1.178249e+00 1.105918e-01 1.409974e-01 -1.081042e+00 5.680718e-01 1.241357e+00 -7.354769e-02 -2.434267e+00 -3.042386e-01 1.389472e-01 -5.359774e-01 -3.400992e-01 -2.782808e-01 -6.786019e-02 2.195231e-01 -2.029177e-01 -2.466250e-01 6.859867e-02 2.620867e-01 1.104818e-01 3.590103e-01
<VARIANCE> 39
 2.924953e+01 1.754201e+01 3.403504e+01 2.853022e+01 3.232939e+01 3.114654e+01 3.972641e+01 5.414661e+01 2.375631e+01 3.576106e+01 3.396696e+01 1.654786e+01 3.386252e+01 8.549960e+00 3.465299e+00 2.813742e+00 6.814270e+00 4.185806e+00 3.770149e+00 5.136920e+00 4.672828e+00 5.957252e+00 1.723604e+00 2.440099e+00 3.214599e+00 1.172829e+01 4.925882e-01 3.409455e-01 3.753981e-01 3.940130e-01 4.518301e-01 3.652665e-01 7.416117e-01 7.022708e-01 4.099732e-01 6.636669e-01 5.799410e-01 4.560202e-01 7.613748e-01
<GCONST> 1.260596e+02
<MIXTURE> 3 1.925024e-01
<MEAN> 39
 3.232970e+00 2.547075e+00 4.414344e+00 3.987297e+00 -9.434696e-02 -3.885491e+00 1.532131e+00 -2.418238e+00 -7.190585e+00 1.517759e+00 2.084358e+00 8.239718e-01 -2.869673e+00 7.931296e-01 1.341084e+00 -4.471453e-01 8.677173e-01 -4.291460e-01 1.308899e+00 9.224576e-01 -1.325439e+00 -1.013904e+00 -9.994421e-02 3.795305e-01 -6.718267e-01 -2.771718e+00 -1.224150e+00 -1.114922e-02 -4.821827e-01 -2.382472e-01 5.103973e-01 7.190093e-01 1.730120e-01 2.758834e-01 9.506137e-01 -5.810608e-02 -3.314376e-01 3.645228e-02 -2.400685e-01
<VARIANCE> 39
 5.243795e+01 2.743471e+01 4.303185e+01 4.111824e+01 4.890906e+01 8.530534e+01 2.864329e+01 3.316143e+01 3.062171e+01 3.896395e+01 1.152923e+01 2.637008e+01 1.987691e+01 6.643901e+00 3.835760e+00 4.577029e+00 6.604609e+00 6.820922e+00 4.395890e+00 2.655997e+00 4.100308e+00 6.153919e+00 6.505760e+00 5.984053e+00 1.863871e+00 6.655654e+00 1.037618e+00 5.758693e-01 5.776597e-01 1.004681e+00 1.093049e+00 1.847291e+00 5.731413e-01 6.107455e-01 1.177521e+00 7.427347e-01 4.396368e-01 6.898050e-01 1.014688e+00
<GCONST> 1.351243e+02
<MIXTURE> 4 1.484705e-01
<MEAN> 39
 5.233377e+00 7.017381e+00 3.932072e+00 4.283751e+00 -4.695356e-01 -2.119975e+00 -7.049943e+00 -8.139105e+00 -3.502170e+00 -4.965436e-01 -5.128284e-01 -5.632527e+00 -7.850397e+00 -4.799199e-01 1.714893e+00 8.198609e-02 2.328082e+00 1.112516e+00 1.418087e+00 4.332980e-02 -5.463600e-01 -5.497399e-01 -6.139249e-01 1.551959e-01 1.016466e+00 -4.163357e+00 -1.716702e+00 -5.550159e-01 -3.527020e-01 -7.939775e-02 6.165778e-01 5.096797e-01 1.210267e+00 1.325022e+00 7.541457e-01 4.520851e-02 3.073771e-01 1.041167e+00 1.666205e-01
<VARIANCE> 39
 2.016372e+01 2.819803e+01 5.334185e+01 2.057027e+01 1.957667e+01 3.087181e+01 4.723791e+01 2.895293e+01 2.845904e+01 4.687468e+01 3.044257e+01 1.161222e+01 2.766236e+01 8.593110e+00 1.892142e+00 3.231295e+00 1.210837e+01 5.465238e+00 6.548656e+00 8.055054e+00 4.426931e+00 3.703006e+00 3.474888e+00 3.503074e+00 2.097834e+00 7.271926e+00 4.516978e-01 9.949217e-01 7.061683e-01 5.361419e-01 4.915453e-01 3.758942e-01 8.894081e-01 5.133362e-01 7.449884e-01 9.753234e-01 1.122712e+00 4.438386e-01 5.851837e-01
<GCONST> 1.293748e+02
<STATE> 5
<NUMMIXES> 4
<MIXTURE> 1 2.113458e-01
<MEAN> 39
 -1.054294e+00 1.068371e+01 5.163397e+00 1.119466e+01 5.539631e+00 -3.614543e-01 -2.351724e+00 -5.192219e+00 -2.613950e+00 -3.206828e+00 -3.528765e+00 -2.279584e+00 -1.458696e+01 -1.523661e+00 5.627049e-01 -1.133818e-01 1.993417e+00 1.001356e+00 2.251196e+00 1.046886e+00 1.443204e-01 -1.332933e-01 -4.366595e-01 5.420890e-01 2.981229e-01 -4.074358e+00 -6.983696e-01 -1.026386e+00 -5.555911e-01 -1.086518e+00 -2.605155e-01 -1.985439e-01 4.986106e-01 6.474454e-01 6.080366e-01 4.552646e-01 3.278233e-01 5.970066e-01 1.455568e+00
<VARIANCE> 39
 2.571304e+01 2.050059e+01 2.197672e+01 1.417889e+01 2.181870e+01 3.154802e+01 3.880943e+01 1.718561e+01 3.820907e+01 2.507714e+01 1.310907e+01 1.859635e+01 1.824741e+01 6.399333e+00 3.398546e+00 3.605528e+00 4.296452e+00 4.497901e+00 2.420057e+00 2.945866e+00 3.692445e+00 4.049662e+00 4.011642e+00 5.350838e+00 3.778677e+00 3.508559e+00 9.450700e-01 5.786086e-01 3.032632e-01 4.343482e-01 6.843922e-01 6.325873e-01 6.220228e-01 3.172336e-01 6.224880e-01 7.035964e-01 4.739094e-01 6.796800e-01 1.023769e+00
<GCONST> 1.226066e+02
<MIXTURE> 2 3.632607e-01
<MEAN> 39
 -1.058786e+01 2.393754e+00 3.291785e+00 8.337048e-01 5.122933e+00 2.739525e-01 4.405660e+00 3.824884e+00 1.044464e+00 3.193187e-02 -1.341240e+00 1.632055e+00 5.924952e-02 -2.562718e+00 -2.608906e-01 -1.136875e+00 -5.384840e-01 3.410499e-01 4.819260e-01 1.142317e+00 4.621897e-01 -4.718371e-02 6.979418e-01 8.177399e-01 8.403139e-01 7.905633e-02 2.826273e-01 2.948602e-02 -1.642685e-01 3.996784e-03 -2.367282e-01 -2.122664e-01 -3.536030e-01 -3.029689e-01 -1.046583e-01 1.879657e-02 -5.847714e-02 -2.252689e-02 2.158846e-02
<VARIANCE> 39
 3.193954e+01 5.706898e+01 3.002677e+01 2.535800e+01 4.512900e+01 2.393865e+01 2.853664e+01 3.827953e+01 3.373251e+01 2.134701e+01 2.725793e+01 2.385918e+01 1.488965e+01 5.122196e+00 1.424835e+00 1.494325e+00 1.895003e+00 2.739509e+00 2.718762e+00 2.626189e+00 2.944028e+00 1.539696e+00 1.839042e+00 1.710457e+00 1.777012e+00 2.840973e+00 2.595235e-01 1.998712e-01 1.729756e-01 2.421178e-01 5.004457e-01 3.656298e-01 4.140038e-01 4.896068e-01 5.179173e-01 4.536917e-01 2.533233e-01 3.012211e-01 8.984490e-02
<GCONST> 1.099804e+02
<MIXTURE> 3 1.714347e-01
<MEAN> 39
 -8.544662e+00 5.157314e+00 1.539330e+00 8.855574e+00 7.166903e+00 3.839648e+00 5.120788e+00 1.520825e+00 3.286033e+00 4.403739e+00 4.429060e+00 2.761287e+00 -1.897369e+01 -1.075463e+00 4.601285e-01 -1.277787e+00 1.184314e+00 8.098675e-01 1.623679e+00 1.758596e+00 2.960787e-01 -3.934280e-01 1.331775e-01 8.805737e-01 4.880928e-01 -3.528801e+00 2.541300e-01 -8.027667e-01 5.044751e-02 -9.923915e-01 -6.314265e-01 -7.201517e-01 -2.233778e-01 -4.761283e-01 -3.463077e-01 -5.413132e-01 -5.676552e-01 -1.413446e-01 2.230161e+00
<VARIANCE> 39
 1.478767e+01 1.525732e+01 1.480385e+01 2.995877e+01 3.265502e+01 2.086630e+01 2.744524e+01 4.047818e+01 3.600437e+01 2.271045e+01 2.448246e+01 1.671941e+01 2.521010e+01 7.056771e+00 3.491659e+00 6.203049e+00 3.613212e+00 2.811002e+00 3.055853e+00 5.597007e+00 4.380729e+00 6.280871e+00 4.794942e+00 4.434129e+00 2.815262e+00 6.275130e+00 4.326430e-01 6.418607e-01 4.976414e-01 3.707080e-01 4.457962e-01 4.800325e-01 4.416849e-01 8.505252e-01 4.467988e-01 5.139587e-01 6.709775e-01 3.079511e-01 1.042551e+00
<GCONST> 1.236075e+02
<MIXTURE> 4 2.539589e-01
<MEAN> 39
 4.351475e+00 3.520120e+00 3.011251e+00 1.805133e+00 -6.945407e-01 -8.669771e-01 8.634266e-01 -4.784239e+00 -5.901403e+00 1.719089e+00 2.296329e+00 -1.150287e+00 -4.505421e+00 4.939731e-01 8.355640e-01 -1.023775e+00 -9.742472e-02 5.956990e-02 7.505080e-01 -1.807535e-01 -1.021291e+00 -3.042870e-01 -1.176883e-01 6.752406e-01 -3.762801e-01 -6.836517e-01 -6.771068e-01 -4.306974e-01 -2.608360e-01 -1.940634e-01 2.915815e-01 1.483887e-01 -1.577734e-02 3.659572e-01 7.809755e-01 -6.294513e-02 -3.607469e-01 1.295660e-01 4.158824e-01
<VARIANCE> 39
 3.906581e+01 2.100933e+01 2.906264e+01 5.909972e+01 4.520683e+01 6.318167e+01 5.578801e+01 3.147852e+01 2.942242e+01 3.071322e+01 2.297957e+01 2.649435e+01 1.775258e+01 5.057344e+00 2.214806e+00 3.920781e+00 8.775520e+00 6.979680e+00 8.138352e+00 3.738297e+00 6.404755e+00 7.004571e+00 4.040428e+00 3.605495e+00 3.021661e+00 8.721222e+00 5.196399e-01 6.044508e-01 5.068347e-01 9.090109e-01 7.549872e-01 7.521814e-01 1.081893e+00 8.762467e-01 7.311002e-01 9.461151e-01 6.371134e-01 6.066597e-01 5.630844e-01
<GCONST> 1.339794e+02
<TRANSP> 6
 0.000000e+00 1.000000e+00 0.000000e+00 0.000000e+00 0.000000e+00 0.000000e+00
 0.000000e+00 2.470748e-01 7.529252e-01 0.000000e+00 0.000000e+00 0.000000e+00
 0.000000e+00 0.000000e+00 1.846474e-01 8.153526e-01 0.000000e+00 0.000000e+00
 0.000000e+00 0.000000e+00 0.000000e+00 8.824279e-02 9.117572e-01 0.000000e+00
 0.000000e+00 0.000000e+00 0.000000e+00 0.000000e+00 2.275277e-01 7.724723e-01
 0.000000e+00 0.000000e+00 0.000000e+00 0.000000e+00 0.000000e+00 0.000000e+00
<ENDHMM>
