~o
<STREAMINFO> 1 39
<VECSIZE> 39<NULLD><MFCC_D_A_Z_0><DIAGC>
~h "d"
<BEGINHMM>
<NUMSTATES> 6
<STATE> 2
<NUMMIXES> 4
<MIXTURE> 1 2.827412e-01
<MEAN> 39
 -6.995529e+00 -5.357899e+00 -4.808878e-01 -2.113052e+00 -5.426285e-01 7.920169e-01 2.716627e+00 1.332792e+00 3.432181e+00 1.101213e+00 3.656971e+00 2.582315e+00 4.378110e+00 -6.837613e-01 -8.971933e-01 -1.459893e-01 -1.382697e+00 -9.139162e-01 -1.191214e+00 4.151352e-01 1.078786e+00 1.037067e+00 5.477317e-01 5.659242e-01 7.630388e-01 3.501319e+00 9.141774e-01 1.580515e+00 4.665167e-01 1.199247e+00 2.426466e-01 -2.080203e-01 -5.128816e-01 -5.522412e-01 -5.325401e-01 -4.405209e-01 -7.518184e-01 -4.049478e-01 -1.816038e+00
<VARIANCE> 39
 2.336048e+01 2.933600e+01 3.507283e+01 4.327595e+01 3.238129e+01 3.537760e+01 3.757666e+01 2.827064e+01 3.000394e+01 2.891307e+01 2.557531e+01 2.163172e+01 1.584279e+01 4.026625e+00 4.336573e+00 3.199198e+00 3.996639e+00 4.140974e+00 4.206147e+00 4.676874e+00 4.155110e+00 3.480512e+00 2.828454e+00 3.109680e+00 3.289772e+00 4.513024e+00 7.654457e-01 7.118312e-01 8.395557e-01 1.154632e+00 8.788111e-01 1.217623e+00 1.156488e+00 8.511167e-01 1.011971e+00 1.039572e+00 7.620272e-01 6.071346e-01 5.757955e-01
<GCONST> 1.308816e+02
<MIXTURE> 2 2.414081e-01
<MEAN> 39
 -8.614114e+00 -1.735441e+00 5.235314e+00 -4.184868e+00 4.252968e+00 6.331883e+00 7.798591e-01 5.718560e-01 2.482476e+00 7.351874e-01 1.852015e+00 3.888688e-01 5.384205e-01 -1.350725e-02 -1.747803e+00 3.456701e-01 -2.420052e+00 -1.440977e+00 -1.455705e+00 1.948405e-01 6.434619e-01 2.638865e-01 3.052815e-01 6.951783e-01 6.794923e-01 5.551535e+00 1.390961e+00 5.022647e-01 1.139870e-01 9.317116e-01 -1.155840e+00 -1.416374e+00 -3.733862e-01 -2.152301e-01 -5.211501e-01 -2.650119e-01 -4.161812e-01 -9.018496e-03 -4.989934e-01
<VARIANCE> 39
 2.037592e+01 2.847719e+01 3.272960e+01 2.813300e+01 4.769092e+01 4.175986e+01 4.561003e+01 4.609517e+01 3.982003e+01 2.498058e+01 3.253968e+01 2.216231e+01 2.378277e+01 4.433319e+00 3.461054e+00 3.240542e+00 4.410210e+00 3.969134e+00 3.840989e+00 4.098152e+00 4.310066e+00 3.278059e+00 3.170595e+00 2.921108e+00 1.681462e+00 6.409695e+00 4.963346e-01 5.589754e-01 7.569857e-01 6.579026e-01 1.259275e+00 1.195977e+00 1.044078e+00 1.529384e+00 1.218690e+00 7.800549e-01 8.628130e-01 7.896269e-01 6.647140e-01
<GCONST> 1.315979e+02
<MIXTURE> 3 3.298879e-01
<MEAN> 39
 -1.125352e+01 2.244171e+00 -4.004945e+00 -1.305639e+00 4.380146e+00 2.216822e-01 4.514327e+00 -6.785811e-01 3.385224e+00 2.027522e+00 4.674689e+00 2.593335e+00 5.447779e+00 1.441670e+00 7.870938e-01 3.066107e-01 -2.078817e+00 -2.280977e+00 -3.117978e+00 -9.996074e-01 -5.932647e-01 -7.743156e-01 -8.270113e-01 -8.408260e-01 9.132221e-02 5.690874e+00 1.435331e+00 1.438044e-01 1.006190e+00 5.978658e-01 -6.989657e-01 -2.096609e-01 -8.549730e-01 -4.078612e-02 -2.731071e-01 -2.701824e-01 -6.504971e-01 -2.654529e-01 -1.606575e+00
<VARIANCE> 39
 1.415822e+01 2.483610e+01 2.799997e+01 2.683361e+01 2.294452e+01 3.232150e+01 2.548719e+01 2.670158e+01 3.133724e+01 2.538752e+01 3.153444e+01 1.750517e+01 2.167201e+01 3.598587e+00 2.251844e+00 2.598278e+00 3.496719e+00 3.342287e+00 2.928241e+00 3.456178e+00 2.629697e+00 3.040287e+00 2.170482e+00 2.739836e+00 2.241540e+00 5.750524e+00 4.663335e-01 6.011366e-01 8.898233e-01 7.200995e-01 7.853562e-01 9.955349e-01 8.340809e-01 9.394606e-01 1.009633e+00 6.867626e-01 8.857441e-01 5.856336e-01 7.577268e-01
<GCONST> 1.240935e+02
<MIXTURE> 4 1.459628e-01
<MEAN> 39
 -6.071932e+00 -1.171716e+00 1.961316e+00 5.329102e+00 4.671540e+00 -7.042803e-01 1.039248e+00 -1.568080e+00 2.615411e+00 -1.165988e+00 -4.884364e-01 2.932134e-01 -2.668665e+00 -9.142777e-01 -1.953056e+00 -7.321585e-01 -1.213021e+00 -6.468455e-01 -3.044488e-01 6.990050e-01 9.118805e-01 1.212978e+00 6.151733e-01 9.828994e-01 1.069951e+00 3.222330e+00 1.060588e+00 3.782080e-01 1.409987e-01 -5.026415e-01 -6.853966e-01 -3.150415e-01 -5.346447e-01 1.117390e-02 -2.635041e-01 -2.093992e-02 1.722123e-02 8.517441e-02 6.116447e-02
<VARIANCE> 39
 5.876847e+01 8.068927e+01 6.155735e+01 4.949289e+01 5.781969e+01 4.442639e+01 5.820060e+01 3.257785e+01 3.207090e+01 2.729997e+01 2.646246e+01 1.801258e+01 2.731769e+01 4.672557e+00 4.506833e+00 5.174751e+00 4.188372e+00 5.279408e+00 5.090203e+00 5.733499e+00 4.569143e+00 4.578719e+00 3.419916e+00 4.150064e+00 2.541593e+00 4.874718e+00 1.203256e+00 1.721624e+00 1.293633e+00 9.999614e-01 1.283022e+00 8.562861e-01 1.226387e+00 1.016652e+00 8.192469e-01 7.728376e-01 6.858876e-01 6.362069e-01 6.636035e-01
<GCONST> 1.387862e+02
<STATE> 3
<NUMMIXES> 4
<MIXTURE> 1 1.941533e-01
<MEAN> 39
 -1.036806e+01 1.649641e+00 1.122210e+01 3.829945e-01 -1.967444e+00 4.737174e+00 1.182263e+00 -1.635208e+00 6.695998e-01 -1.616232e+00 7.391494e-01 2.097717e-01 2.846216e+00 2.513656e+00 -1.249239e-01 5.495179e-01 4.858339e-01 -2.389292e+00 -3.637918e+00 -4.881965e-01 3.039717e-01 -1.629797e+00 -3.821167e-01 -2.466222e-01 -3.202731e-03 1.883788e+00 1.671534e+00 9.150270e-03 -7.850845e-01 6.879870e-01 6.454007e-02 -1.153042e+00 -6.248277e-01 3.241808e-01 -4.526328e-01 -4.970963e-02 -2.250608e-01 -8.059362e-02 -1.024765e+00
<VARIANCE> 39
 2.953514e+01 2.057856e+01 3.052943e+01 3.484458e+01 2.911198e+01 3.146029e+01 5.499549e+01 4.855396e+01 3.324697e+01 2.700181e+01 2.654323e+01 1.973775e+01 1.840355e+01 5.016140e+00 4.091778e+00 4.710693e+00 6.431797e+00 5.230880e+00 5.228766e+00 5.570175e+00 5.978496e+00 3.693106e+00 4.909919e+00 4.454077e+00 2.767331e+00 4.160904e+00 7.367684e-01 6.084036e-01 5.781810e-01 7.441733e-01 1.068019e+00 9.127616e-01 1.167589e+00 1.317981e+00 1.007316e+00 9.689600e-01 7.381199e-01 6.510127e-01 7.366797e-01
<GCONST> 1.335195e+02
<MIXTURE> 2 2.686114e-01
<MEAN> 39
 -1.062539e+01 5.567123e+00 -8.738325e-01 -1.741002e+00 3.228025e+00 -1.617360e+00 3.809534e+00 -1.011165e+00 2.285870e+00 1.176587e+00 4.380554e+00 1.900067e+00 7.108737e+00 3.492957e+00 -6.565637e-02 1.596374e+00 -1.534151e+00 -3.940277e+00 -3.496593e+00 -1.762695e+00 -4.666444e-01 -1.076954e+00 -9.403771e-01 -1.433848e+00 5.813107e-01 3.435286e+00 1.348388e+00 -4.594350e-01 7.338845e-01 7.050223e-01 -4.857862e-01 2.051463e-01 -6.318905e-01 1.922660e-01 -2.014676e-01 -1.401029e-01 -7.025570e-01 -2.052103e-01 -1.949388e+00
<VARIANCE> 39
 1.621320e+01 2.762426e+01 3.386583e+01 3.132429e+01 3.347663e+01 2.658661e+01 3.263845e+01 3.591204e+01 3.840845e+01 2.530104e+01 2.646494e+01 1.807432e+01 1.279802e+01 1.516230e+00 4.291566e+00 4.312012e+00 4.303722e+00 3.050090e+00 3.083668e+00 3.163018e+00 6.540489e+00 4.828881e+00 3.062519e+00 3.465006e+00 2.335768e+00 7.828042e+00 4.288684e-01 7.857079e-01 7.879586e-01 7.595910e-01 8.760428e-01 7.864231e-01 9.467527e-01 1.031832e+00 8.920358e-01 5.859690e-01 8.166180e-01 5.857579e-01 4.287359e-01
<GCONST> 1.268822e+02
<MIXTURE> 3 3.347505e-01
<MEAN> 39
 -8.326924e+00 -4.955433e-01 2.487676e+00 7.991821e-01 2.058698e+00 -4.541724e-01 2.977593e+00 3.129827e+00 4.552874e+00 1.022169e+00 3.083156e+00 2.387075e+00 8.079211e-01 6.165731e-01 9.798676e-01 3.137836e-01 9.319216e-01 6.867214e-02 -8.367751e-01 5.691433e-03 1.013168e-01 -2.796687e-02 -1.040469e-01 -4.752817e-01 1.786952e-01 -3.577943e-01 9.030153e-01 7.147204e-01 4.212215e-02 7.231642e-01 1.284310e-01 1.478369e-01 -4.010476e-01 -6.996759e-01 -6.170490e-01 -3.935944e-01 -5.794829e-01 -2.884461e-01 -1.532949e+00
<VARIANCE> 39
 3.824832e+01 3.494083e+01 3.418100e+01 4.573999e+01 4.033269e+01 3.244748e+01 3.500423e+01 3.742293e+01 3.234499e+01 2.303801e+01 3.426895e+01 2.742336e+01 2.624362e+01 4.129692e+00 4.910823e+00 3.569641e+00 4.123199e+00 3.942664e+00 4.675423e+00 5.343389e+00 4.569763e+00 3.781909e+00 4.169817e+00 3.801265e+00 2.856119e+00 4.690141e+00 7.900115e-01 7.364208e-01 7.070699e-01 1.110724e+00 6.699336e-01 7.807848e-01 8.202599e-01 7.075879e-01 7.203835e-01 6.134672e-01 6.926720e-01 6.615144e-01 6.685633e-01
<GCONST> 1.318324e+02
<MIXTURE> 4 2.024849e-01
<MEAN> 39
 -4.238438e+00 4.808402e+00 2.964236e+00 1.628801e+00 2.498472e+00 -5.542527e+00 2.897929e-01 -1.004117e+00 5.006897e-01 -1.321752e+00 -2.079648e+00 2.028869e+00 2.544581e+00 3.450090e+00 -3.940658e-01 8.446310e-01 -9.651444e-01 -2.446165e+00 -1.660852e+00 -2.765553e+00 1.462311e-01 5.600358e-01 4.110169e-03 -9.350147e-01 -8.541808e-01 1.959129e+00 5.344601e-01 -2.944852e-01 -1.407104e-01 2.340451e-01 -7.176405e-02 9.008059e-01 -3.126490e-01 2.744269e-02 2.301764e-01 2.344848e-01 1.808930e-01 -4.174488e-01 -1.296401e+00
<VARIANCE> 39
 2.816704e+01 4.483944e+01 2.332553e+01 3.169440e+01 3.518358e+01 2.813141e+01 2.944761e+01 2.654820e+01 3.350731e+01 2.671992e+01 1.712808e+01 1.726372e+01 1.915937e+01 4.558710e+00 3.501702e+00 3.607622e+00 5.580499e+00 5.490511e+00 7.168092e+00 6.072843e+00 4.719154e+00 5.450702e+00 3.689332e+00 7.007420e+00 4.699795e+00 4.866394e+00 4.131187e-01 1.057124e+00 4.545054e-01 5.346447e-01 8.220797e-01 6.526550e-01 8.537086e-01 7.194296e-01 5.671393e-01 6.550460e-01 5.148103e-01 5.131230e-01 5.631803e-01
<GCONST> 1.290524e+02
<STATE> 4
<NUMMIXES> 4
<MIXTURE> 1 2.461057e-01
<MEAN> 39
 -5.638275e+00 1.206105e+00 3.296595e+00 3.052959e+00 2.583032e+00 -3.360816e-01 4.182898e+00 3.871994e+00 3.820634e+00 9.986246e-01 1.725983e+00 3.429262e+00 -4.656435e+00 4.828022e-01 3.892160e-01 -2.272754e-01 1.666034e+00 2.962926e-01 3.254055e-01 4.534495e-01 1.981920e-01 -9.827825e-02 -3.108807e-01 -8.468877e-01 -4.537213e-02 -2.394902e+00 1.937972e-01 1.165655e-01 -1.075200e-01 2.501076e-01 1.174155e-01 3.135762e-01 -2.109504e-01 -5.016461e-01 -3.517116e-01 -3.486800e-01 -2.412292e-01 -2.773113e-01 -6.602579e-01
<VARIANCE> 39
 4.275068e+01 2.827787e+01 3.317493e+01 2.744709e+01 4.497141e+01 4.023073e+01 3.374144e+01 2.876624e+01 3.749915e+01 2.540032e+01 4.366722e+01 2.504651e+01 3.623850e+01 3.066405e+00 4.166716e+00 3.164567e+00 3.286996e+00 3.570329e+00 3.654831e+00 3.093813e+00 4.275803e+00 3.278991e+00 3.900576e+00 2.798427e+00 2.208029e+00 4.608593e+00 4.750404e-01 5.193912e-01 4.903455e-01 6.055182e-01 8.393573e-01 6.678591e-01 5.770462e-01 4.675346e-01 5.643011e-01 4.036977e-01 7.722296e-01 5.128146e-01 5.528033e-01
<GCONST> 1.258513e+02
<MIXTURE> 2 2.708136e-01
<MEAN> 39
 3.950326e+00 -7.318997e-01 2.903569e+00 -2.338739e+00 -4.380543e+00 -7.902424e+00 -5.523530e+00 1.287997e+00 2.289508e+00 -4.832737e-01 -2.130263e+00 7.101412e-01 7.203418e+00 4.346630e+00 -1.846490e+00 -3.126002e-01 -8.614740e-01 -2.220134e+00 -1.392412e+00 -2.452892e+00 9.519166e-01 3.295909e-01 -2.457581e-02 -1.197932e+00 -1.170641e+00 1.255938e+00 -4.803041e-01 -7.922264e-02 -5.322548e-01 4.890845e-01 8.704734e-01 1.341335e+00 5.940414e-01 -8.952794e-02 -2.884543e-02 1.566723e-01 2.543856e-01 -2.437090e-01 -1.367322e+00
<VARIANCE> 39
 1.320323e+01 2.418008e+01 2.582280e+01 2.760892e+01 2.645614e+01 3.290979e+01 2.992248e+01 2.566919e+01 2.805743e+01 2.869009e+01 2.281875e+01 2.265085e+01 1.798375e+01 2.315553e+00 3.887422e+00 4.397495e+00 4.794933e+00 5.886589e+00 8.738073e+00 6.480529e+00 7.415523e+00 7.531363e+00 5.325064e+00 7.176710e+00 4.928447e+00 2.662624e+00 3.557879e-01 6.222145e-01 3.574527e-01 6.743591e-01 6.060359e-01 5.882074e-01 6.054235e-01 6.375870e-01 5.940481e-01 5.271945e-01 6.676595e-01 5.104672e-01 6.601125e-01
<GCONST> 1.269825e+02
<MIXTURE> 3 3.523749e-01
<MEAN> 39
 -3.464577e+00 7.063177e+00 7.834957e+00 7.584955e-01 -4.140227e+00 -5.932818e+00 -6.983562e-01 -4.967079e+00 -1.948678e+00 -2.827255e+00 1.766275e-01 5.783290e-01 4.462251e+00 4.083719e+00 -8.498284e-01 1.943164e+00 -3.642442e-01 -3.382533e+00 -3.027960e+00 -1.868387e+00 -1.338499e-01 -1.646072e+00 -5.472544e-01 -1.160379e+00 3.640667e-01 7.901503e-01 3.458600e-01 -7.861568e-01 -4.145902e-01 2.115631e-01 5.353184e-01 5.395406e-01 -1.280879e-01 6.651964e-01 2.056700e-01 2.799487e-01 -6.116970e-02 -5.071466e-02 -9.703345e-01
<VARIANCE> 39
 2.164793e+01 2.082108e+01 4.477967e+01 3.599569e+01 3.386342e+01 4.170511e+01 3.018581e+01 3.307725e+01 2.673009e+01 2.646724e+01 2.537847e+01 1.801238e+01 1.611801e+01 2.905004e+00 3.379990e+00 6.348053e+00 5.883009e+00 5.230231e+00 5.637609e+00 6.206421e+00 7.782578e+00 4.951273e+00 4.479729e+00 5.877409e+00 3.619345e+00 1.669886e+00 5.276121e-01 4.668315e-01 5.646045e-01 4.882368e-01 6.756286e-01 8.083912e-01 6.868157e-01 5.738469e-01 5.500138e-01 5.487334e-01 5.362328e-01 3.649781e-01 5.904646e-01
<GCONST> 1.270528e+02
<MIXTURE> 4 1.307058e-01
<MEAN> 39
 -2.369825e+00 1.139121e+00 2.489514e+00 7.358692e+00 4.366217e+00 -3.656787e+00 -4.102342e+00 -3.517585e+00 1.624923e+00 -9.369659e-01 -1.318620e+00 -1.928175e+00 -1.326219e+00 4.170844e+00 1.727412e+00 -1.110008e+00 -6.202263e-01 2.885074e-02 -9.268424e-01 -2.445378e+00 -2.151377e+00 -1.077518e+00 -2.154125e-01 -5.494811e-01 -1.508124e-01 -2.495837e-01 7.554389e-01 -3.497687e-01 -8.027145e-01 -6.427860e-01 -3.754962e-01 5.779334e-01 9.058125e-02 7.326328e-02 -4.634924e-03 5.716742e-02 2.718541e-01 3.589515e-01 -1.283637e-01
<VARIANCE> 39
 3.228902e+01 3.106542e+01 2.768778e+01 3.087129e+01 2.542848e+01 4.273719e+01 3.432746e+01 3.658864e+01 2.652444e+01 2.821706e+01 1.787199e+01 2.192737e+01 4.057600e+01 4.157308e+00 3.152272e+00 3.420547e+00 3.523613e+00 3.606342e+00 6.291417e+00 5.201484e+00 2.950790e+00 4.750095e+00 3.455769e+00 4.359239e+00 2.151064e+00 2.979014e+00 8.387516e-01 5.520126e-01 6.205446e-01 6.580417e-01 6.149608e-01 8.144187e-01 9.286971e-01 6.540574e-01 6.660476e-01 8.968188e-01 5.552553e-01 3.698430e-01 6.104968e-01
<GCONST> 1.273534e+02
<STATE> 5
<NUMMIXES> 4
<MIXTURE> 1 3.617499e-01
<MEAN> 39
 -3.951842e+00 -1.275738e+00 9.797627e-01 2.948746e+00 2.425672e+00 1.103403e+00 5.299398e+00 2.842595e+00 2.798007e+00 -1.817733e+00 -2.390374e-01 3.092843e+00 -5.543430e+00 2.346291e-01 -2.336719e-01 -6.427076e-01 4.375845e-01 2.725892e-01 5.083389e-01 3.493863e-02 -5.897929e-02 -2.195487e-01 -3.779868e-01 -2.657015e-01 6.409173e-02 -1.152887e+00 -8.216052e-02 5.309542e-02 -4.385957e-02 -2.352685e-01 4.042178e-02 2.673763e-02 -1.983293e-01 -9.261094e-02 -3.746688e-02 7.620697e-02 1.817641e-01 -4.098573e-02 1.273547e-01
<VARIANCE> 39
 3.283700e+01 2.140966e+01 2.648868e+01 2.738101e+01 3.995057e+01 3.959746e+01 3.722287e+01 3.368674e+01 3.659837e+01 3.130898e+01 4.515341e+01 2.120415e+01 3.548136e+01 1.909647e+00 2.089369e+00 2.033660e+00 2.276518e+00 2.868022e+00 2.896656e+00 2.530890e+00 2.594442e+00 2.611947e+00 2.529278e+00 2.837214e+00 1.979840e+00 2.167467e+00 3.166840e-01 4.500422e-01 3.613634e-01 5.194893e-01 5.393137e-01 5.598516e-01 5.399670e-01 5.800011e-01 5.938995e-01 5.593287e-01 5.799281e-01 4.126078e-01 3.555193e-01
<GCONST> 1.185537e+02
<MIXTURE> 2 2.405544e-01
<MEAN> 39
 2.058855e+00 1.595226e+00 1.047438e+01 -8.413650e-01 -9.233313e+00 -8.377556e+00 -3.410317e+00 -3.920603e+00 -5.049590e+00 -1.336341e+00 -5.262235e-01 1.271469e+00 6.068738e+00 3.230864e+00 -2.022756e+00 8.615767e-01 -2.912787e-01 -2.407105e+00 -1.926739e+00 -1.637467e+00 7.418245e-01 -9.527261e-01 1.891045e-01 -2.941375e-01 3.686550e-01 8.526180e-01 -7.178763e-01 -3.232799e-01 -9.970407e-01 1.106991e-02 1.224245e+00 9.264094e-01 3.610543e-01 6.372980e-01 6.649229e-01 2.691783e-01 2.376944e-01 -3.475584e-02 -4.064819e-01
<VARIANCE> 39
 1.517031e+01 1.980097e+01 3.764670e+01 4.518008e+01 2.568327e+01 3.207327e+01 2.197934e+01 3.188559e+01 2.894827e+01 3.935403e+01 2.401921e+01 2.460955e+01 1.515125e+01 2.549753e+00 2.676232e+00 6.017900e+00 4.192826e+00 4.729885e+00 5.134653e+00 5.840999e+00 6.311430e+00 5.472193e+00 4.658031e+00 4.111708e+00 2.976058e+00 1.301369e+00 5.012062e-01 3.250073e-01 3.096479e-01 5.125450e-01 5.225631e-01 7.460575e-01 7.505178e-01 6.995302e-01 4.425444e-01 6.056151e-01 4.298277e-01 4.222897e-01 2.330191e-01
<GCONST> 1.224559e+02
<MIXTURE> 3 2.589492e-01
<MEAN> 39
 6.416837e+00 -5.037119e+00 1.270741e+00 -3.947534e+00 -5.926426e+00 -7.406633e+00 -6.367898e+00 3.377337e+00 2.905683e+00 4.779565e-01 -2.472600e+00 2.486215e-01 8.611357e+00 3.110700e+00 -2.656669e+00 -1.444296e+00 -1.142390e+00 -8.070377e-01 1.968334e-01 -1.123547e+00 1.305767e+00 3.561451e-01 4.545968e-01 -8.092410e-01 -8.513613e-01 9.757477e-01 -1.231292e+00 3.005669e-01 -4.309526e-01 3.953027e-01 1.234863e+00 1.366961e+00 9.923618e-01 -2.737519e-01 -7.531348e-02 6.033490e-02 4.296942e-01 -2.889863e-02 -7.658116e-01
<VARIANCE> 39
 1.149229e+01 1.843042e+01 2.623605e+01 3.390286e+01 3.205125e+01 4.709329e+01 4.628672e+01 4.002504e+01 3.961932e+01 3.353545e+01 3.721895e+01 3.922986e+01 1.968022e+01 2.435205e+00 3.268861e+00 4.033245e+00 3.184271e+00 5.230750e+00 6.873437e+00 5.554936e+00 7.180799e+00 5.115791e+00 4.470304e+00 5.717246e+00 3.731376e+00 2.029883e+00 3.335588e-01 4.026961e-01 4.488257e-01 7.654702e-01 6.953961e-01 7.949126e-01 8.977267e-01 6.841165e-01 8.323157e-01 7.093983e-01 9.419701e-01 7.893125e-01 4.897173e-01
<GCONST> 1.292254e+02
<MIXTURE> 4 1.387465e-01
<MEAN> 39
 6.350624e+00 3.375496e+00 -4.434443e+00 1.994161e+00 2.384157e+00 -2.788212e+00 -6.435102e+00 -7.329313e+00 -9.333217e-03 -6.946244e-01 8.521575e-01 -2.168844e-01 -4.617247e-02 3.762280e+00 5.684373e-02 -2.214278e+00 -2.117592e+00 -2.289494e-01 3.472223e-01 -1.552418e+00 -3.568067e-01 -2.272638e-01 -1.414896e-01 4.650038e-01 7.425428e-01 5.585614e-01 -6.714934e-01 -8.527587e-01 2.509592e-02 -7.311826e-02 -9.832983e-02 2.954921e-01 5.094306e-01 9.284173e-01 3.655199e-01 1.138763e-01 2.836592e-02 5.854081e-02 2.658862e-01
<VARIANCE> 39
 2.465899e+01 3.407946e+01 2.940471e+01 3.749510e+01 2.873034e+01 4.598325e+01 4.072678e+01 4.052524e+01 4.448731e+01 2.683622e+01 3.373443e+01 2.406275e+01 3.322731e+01 3.387776e+00 3.908075e+00 3.833821e+00 3.394039e+00 4.842260e+00 4.128848e+00 7.615830e+00 5.856603e+00 5.162428e+00 4.524160e+00 4.937828e+00 3.193419e+00 2.656666e+00 6.570070e-01 3.093764e-01 6.024269e-01 4.573464e-01 5.289476e-01 8.852987e-01 1.133667e+00 7.176616e-01 9.319554e-01 9.100722e-01 8.836931e-01 5.337611e-01 3.113241e-01
<GCONST> 1.301967e+02
<TRANSP> 6
 0.000000e+00 1.000000e+00 0.000000e+00 0.000000e+00 0.000000e+00 0.000000e+00
 0.000000e+00 1.183780e-01 8.816220e-01 0.000000e+00 0.000000e+00 0.000000e+00
 0.000000e+00 0.000000e+00 1.089537e-01 8.910463e-01 0.000000e+00 0.000000e+00
 0.000000e+00 0.000000e+00 0.000000e+00 6.721757e-02 9.327825e-01 0.000000e+00
 0.000000e+00 0.000000e+00 0.000000e+00 0.000000e+00 2.975796e-01 7.024204e-01
 0.000000e+00 0.000000e+00 0.000000e+00 0.000000e+00 0.000000e+00 0.000000e+00
<ENDHMM>
