~o
<STREAMINFO> 1 39
<VECSIZE> 39<NULLD><MFCC_D_A_Z_0><DIAGC>
~h "em"
<BEGINHMM>
<NUMSTATES> 6
<STATE> 2
<NUMMIXES> 4
<MIXTURE> 1 2.430977e-01
<MEAN> 39
 8.668333e+00 2.450734e+00 -4.994446e+00 1.805352e+00 3.623146e+00 4.129419e-01 1.998766e+00 -4.093132e+00 -8.301396e+00 -7.298110e-01 2.708662e+00 -6.513881e-01 -1.087454e+00 6.879265e-01 7.973891e-01 1.626637e+00 2.069583e+00 -3.030716e-01 -9.212231e-01 5.934869e-01 -2.353096e+00 -3.529644e+00 -1.913341e-01 1.042869e+00 -3.426307e-01 -7.322276e-01 -9.570111e-01 -1.576682e-01 2.012846e-01 2.604569e-01 1.696475e-01 -1.719376e-01 -1.960932e-01 -6.247559e-02 4.058581e-01 2.540568e-01 -1.537366e-01 -1.235325e-01 1.908617e-03
<VARIANCE> 39
 1.316993e+01 1.156176e+01 2.196828e+01 2.352306e+01 1.556923e+01 1.149250e+01 3.899120e+01 3.841565e+01 3.869780e+01 3.632026e+01 3.437579e+01 4.387838e+01 1.130500e+01 3.368486e+00 2.859293e+00 1.897608e+00 2.463385e+00 4.287480e+00 4.330047e+00 4.450071e+00 5.185034e+00 4.220837e+00 2.783597e+00 3.510497e+00 4.100469e+00 1.214870e+00 5.631930e-01 3.191491e-01 3.492589e-01 4.517166e-01 5.048541e-01 3.538674e-01 8.078969e-01 6.710504e-01 1.043835e+00 3.766983e-01 8.274286e-01 6.696968e-01 4.222655e-01
<GCONST> 1.193505e+02
<MIXTURE> 2 2.274564e-01
<MEAN> 39
 8.008984e+00 5.994244e+00 8.171448e-01 7.808753e+00 -3.075007e+00 -1.930698e+00 -3.144691e-01 -1.371211e+01 -5.365156e+00 1.723267e+00 -2.619566e+00 -6.083720e+00 -4.062507e+00 1.695280e-01 9.348236e-01 1.238464e+00 8.798160e-01 -1.404561e+00 3.461986e-02 8.313522e-02 -3.444692e+00 -3.320721e-01 1.043512e+00 -3.420632e-01 -2.285416e-01 -5.303228e-01 -7.476911e-01 -4.728549e-01 -2.217058e-02 -4.718276e-01 2.973509e-01 -6.726495e-02 2.147225e-01 1.129426e+00 2.626998e-01 -6.406276e-02 9.364007e-02 5.042006e-01 1.142715e-01
<VARIANCE> 39
 9.745478e+00 7.209455e+00 2.390490e+01 1.531512e+01 2.325072e+01 2.074452e+01 3.378481e+01 4.877565e+01 8.480563e+00 5.362097e+01 2.411515e+01 2.536234e+01 1.135019e+01 3.393336e+00 2.661925e+00 3.205928e+00 1.422945e+00 2.253088e+00 2.645975e+00 1.665670e+00 6.434545e+00 2.079673e+00 2.318897e+00 3.317535e+00 4.295623e+00 9.141081e-01 1.083568e+00 2.638189e-01 5.062069e-01 3.409442e-01 7.492661e-01 4.372709e-01 7.518238e-01 8.644944e-01 2.138286e-01 5.550584e-01 5.995423e-01 4.936550e-01 1.130823e-01
<GCONST> 1.123152e+02
<MIXTURE> 3 3.040631e-01
<MEAN> 39
 7.056524e+00 9.149553e-01 -4.953808e-01 1.091422e+00 -8.652377e-01 1.525653e+00 -7.073317e+00 -4.733416e+00 3.603727e+00 -2.785778e+00 5.804576e-01 -1.301856e+00 -1.796891e-01 1.963826e+00 9.265153e-02 -9.319265e-02 -5.345499e-02 -6.997222e-01 9.472771e-01 -3.727716e-01 -1.409368e+00 -8.302930e-01 -1.349783e+00 1.154763e+00 -6.912253e-01 1.562134e-01 -1.217735e+00 1.578185e-01 5.801661e-03 5.689071e-01 5.348563e-01 -5.757156e-01 9.391277e-01 2.579202e-01 -1.003585e+00 3.341860e-01 -8.667091e-02 1.381557e-01 -4.743566e-01
<VARIANCE> 39
 1.746930e+01 1.573683e+01 3.210972e+01 2.032597e+01 1.603172e+01 2.246788e+01 3.658809e+01 8.654624e+01 4.399197e+01 6.366654e+01 3.862207e+01 3.012322e+01 1.419587e+01 5.248731e+00 2.441279e+00 3.214377e+00 2.227707e+00 3.390868e+00 3.211092e+00 5.352951e+00 6.581352e+00 6.291079e+00 8.678027e+00 2.811071e+00 3.374137e+00 3.795067e+00 5.714487e-01 3.024093e-01 4.515101e-01 7.136608e-01 5.840423e-01 4.729449e-01 8.121994e-01 1.352619e+00 5.405763e-01 1.202680e+00 6.184970e-01 4.776677e-01 5.264503e-01
<GCONST> 1.270515e+02
<MIXTURE> 4 2.253829e-01
<MEAN> 39
 6.394207e+00 1.837509e+00 5.162326e-01 5.628287e-01 1.409557e+00 -7.981190e+00 -5.420471e+00 -7.920915e+00 -4.608121e-01 -2.454828e+00 -7.648402e+00 -4.447788e+00 -8.356138e-01 1.845127e+00 -3.824702e-01 7.367719e-02 2.621266e-02 -1.318667e+00 6.690673e-01 -3.447065e-01 -2.328151e+00 -2.069465e-01 1.491816e+00 -1.017241e+00 -6.971053e-01 -2.178460e-01 -1.061476e+00 4.506884e-02 4.723283e-02 4.844721e-01 -1.373611e-02 7.970872e-01 4.895480e-01 4.787432e-01 2.121505e-01 2.690006e-01 8.589059e-01 3.692813e-01 -1.138507e-01
<VARIANCE> 39
 9.912399e+00 1.072656e+01 1.334036e+01 2.174656e+01 3.947390e+01 2.759296e+01 2.163979e+01 6.400256e+01 3.199120e+01 4.822659e+01 3.029062e+01 2.247901e+01 4.240921e+00 3.515621e+00 1.460931e+00 2.933805e+00 2.145965e+00 3.394562e+00 7.398627e+00 4.173081e+00 7.408587e+00 4.435882e+00 5.223415e+00 3.742483e+00 3.823037e+00 8.067992e-01 3.179350e-01 2.048446e-01 5.537535e-01 3.002065e-01 6.719813e-01 5.073753e-01 4.726125e-01 1.102863e+00 7.935830e-01 1.133286e+00 4.960664e-01 3.925136e-01 1.318721e-01
<GCONST> 1.172486e+02
<STATE> 3
<NUMMIXES> 4
<MIXTURE> 1 2.578769e-01
<MEAN> 39
 7.600181e+00 3.753923e+00 -1.466355e+00 5.803215e+00 -1.377582e+00 -8.210907e-01 -1.572069e+00 -6.258941e+00 -5.057269e+00 1.476814e+00 -2.602783e-01 -5.692338e+00 -2.382924e+00 -2.370870e-01 1.165001e+00 6.832545e-01 8.952390e-01 -3.213813e-02 -4.580444e-01 1.236439e+00 -7.439627e-01 -1.461382e+00 6.652225e-01 -4.037545e-02 -1.231714e-01 -1.133446e+00 -6.265548e-01 2.372743e-01 2.099641e-01 -2.519917e-01 6.598201e-01 -1.448436e-01 1.010318e-01 4.575540e-01 2.212900e-01 -2.611378e-01 -1.977348e-01 4.644762e-01 -2.238791e-01
<VARIANCE> 39
 1.079247e+01 2.002337e+01 2.742561e+01 5.132809e+01 2.624298e+01 2.523928e+01 2.041235e+01 5.020097e+01 3.754991e+01 3.499990e+01 2.370307e+01 1.931551e+01 8.610285e+00 4.054112e-01 1.306715e+00 1.478935e+00 2.991677e+00 2.655220e+00 2.215597e+00 2.818835e+00 3.663796e+00 2.636509e+00 2.202108e+00 2.154530e+00 2.201543e+00 7.563023e-01 4.165315e-01 3.247363e-01 2.455112e-01 7.444280e-01 6.364218e-01 5.693268e-01 5.994589e-01 9.320768e-01 5.833119e-01 5.892740e-01 5.821633e-01 5.560303e-01 3.565641e-01
<GCONST> 1.126617e+02
<MIXTURE> 2 1.250248e-01
<MEAN> 39
 4.942813e+00 2.136848e+00 4.478201e+00 5.958135e+00 5.864166e+00 -2.163199e+00 2.100939e+00 -1.096103e+01 -1.668550e+01 3.887063e+00 6.289393e+00 -5.461137e+00 -2.750435e+00 -7.267868e-01 1.021799e+00 1.268072e+00 1.440356e+00 4.158638e-01 -4.714599e-01 1.948387e-02 -1.480427e+00 -3.603380e-01 2.768494e-01 -1.639512e-01 -1.848869e-01 -9.334205e-01 -3.482898e-01 2.953421e-01 -7.091725e-01 -4.306624e-01 -2.834760e-01 4.826184e-01 -1.747045e-01 9.266452e-01 1.725595e+00 -3.738323e-01 -6.754878e-01 5.516486e-01 -1.990093e-01
<VARIANCE> 39
 6.097398e+00 1.470443e+01 8.597679e+00 2.254244e+01 6.848194e+00 1.195145e+01 2.852175e+01 1.123038e+01 3.745785e+01 1.105364e+01 3.488824e+01 3.355116e+01 9.343248e+00 7.942457e-01 1.610132e+00 3.163119e+00 2.195031e+00 1.222788e+00 1.330262e+00 1.405502e+00 4.169132e+00 5.410649e+00 1.847056e+00 3.448823e+00 3.046417e+00 9.819040e-01 2.609381e-01 3.915107e-01 2.338676e-01 4.317155e-01 3.663938e-01 1.904289e-01 2.365865e-01 3.338711e-01 2.532664e-01 4.231163e-01 5.120764e-01 4.608210e-01 1.454289e-01
<GCONST> 1.006334e+02
<MIXTURE> 3 1.187604e-01
<MEAN> 39
 7.474989e+00 2.380839e+00 -2.724993e+00 7.780081e+00 2.430928e+00 -1.450336e+00 -2.421545e+00 -1.307721e+01 -3.734617e+00 -1.299078e+01 3.591037e+00 6.651656e+00 -7.698620e-01 -8.059621e-01 6.327394e-01 1.498620e+00 1.189130e+00 1.137786e-01 -1.066080e-01 -4.564994e-01 4.511635e-01 -2.232452e+00 3.195802e-02 1.697814e+00 -5.483487e-01 -5.472959e-01 -1.494111e-01 1.655721e-01 8.138590e-02 -5.275670e-01 -9.759286e-02 9.534657e-02 3.923461e-01 6.418132e-01 -3.405695e-02 1.139695e+00 -4.624476e-01 -4.269489e-01 -2.278932e-01
<VARIANCE> 39
 7.400422e+00 2.933230e+00 2.461147e+01 1.174871e+01 1.569329e+01 4.286428e+01 2.753273e+01 2.203376e+01 3.627591e+01 7.064874e+01 1.904773e+01 2.064520e+01 6.509727e+00 5.178399e-01 9.107311e-01 1.223498e+00 1.314888e+00 2.140941e+00 1.009940e+00 1.312036e+00 2.156860e+00 6.044495e+00 4.338015e+00 2.270435e+00 1.842505e+00 8.601516e-01 2.970068e-01 2.089995e-01 5.471741e-01 2.639758e-01 3.829715e-01 5.031763e-01 4.597889e-01 2.985029e-01 6.930186e-01 5.682902e-01 4.864340e-01 2.603617e-01 9.545119e-02
<GCONST> 1.014257e+02
<MIXTURE> 4 4.983379e-01
<MEAN> 39
 5.863473e+00 3.016097e+00 2.855277e+00 6.287922e+00 4.643679e-01 -7.088335e+00 -6.397440e-01 -8.571330e+00 -4.031212e+00 3.617282e+00 -4.535477e+00 -6.592067e+00 -3.011434e+00 -1.479331e-01 1.390651e-01 1.845190e-01 4.364802e-02 4.839052e-02 2.321368e-02 1.820692e-01 -2.025587e-01 -4.101915e-02 1.911766e-01 -2.491689e-01 3.731369e-01 -1.866255e-01 -3.547359e-02 -3.508253e-02 -1.523287e-01 -1.557528e-01 8.036791e-02 2.541053e-01 -8.674329e-02 2.300662e-01 5.448456e-02 -2.472815e-01 1.828032e-01 1.571005e-01 5.742310e-02
<VARIANCE> 39
 6.126904e+00 1.244188e+01 1.253646e+01 1.584246e+01 3.306831e+01 4.542761e+01 9.554704e+01 6.241842e+01 3.760283e+01 4.174225e+01 2.920721e+01 3.876204e+01 1.048343e+01 1.602223e-01 3.832352e-01 4.204699e-01 6.143647e-01 1.267359e+00 1.193519e+00 1.874111e+00 1.398447e+00 1.793506e+00 1.470884e+00 1.842340e+00 1.092026e+00 2.494075e-01 5.771704e-02 7.054216e-02 1.339674e-01 2.069374e-01 2.273923e-01 2.964292e-01 3.708507e-01 4.196549e-01 3.287544e-01 3.286092e-01 2.345199e-01 2.091860e-01 4.842195e-02
<GCONST> 8.965022e+01
<STATE> 4
<NUMMIXES> 4
<MIXTURE> 1 3.268711e-01
<MEAN> 39
 6.223473e+00 1.064198e+01 2.226550e+00 8.121493e+00 5.440976e-01 -2.482476e+00 1.767102e+00 -1.062976e+01 -1.090442e+01 -1.486917e+00 2.339780e+00 -2.030829e+00 -7.212313e+00 -1.631026e+00 1.605371e+00 1.096218e+00 -5.144025e-01 1.564850e+00 6.454922e-01 4.892455e-01 1.034251e+00 2.088850e-01 -1.265384e-01 -1.123093e+00 9.344670e-01 -1.739408e+00 -9.210003e-01 -8.313023e-01 -1.392762e-01 -3.968231e-01 3.996001e-01 4.235413e-01 8.037581e-02 1.008047e+00 9.238990e-01 3.528694e-02 -4.975843e-01 1.417038e-01 2.199650e-01
<VARIANCE> 39
 1.164813e+01 9.409436e+00 1.951105e+01 3.657879e+01 3.812687e+01 1.507705e+01 1.721474e+01 4.001340e+01 4.348943e+01 2.799241e+01 1.609690e+01 2.425875e+01 1.083714e+01 1.098863e+00 1.162380e+00 2.110931e+00 2.909981e+00 4.372265e+00 2.635703e+00 2.905180e+00 4.054293e+00 4.760290e+00 3.345210e+00 2.384559e+00 2.814096e+00 1.044374e+00 1.945701e-01 3.425313e-01 2.727740e-01 8.811547e-01 7.604441e-01 3.756917e-01 4.255219e-01 1.018581e+00 4.964915e-01 4.159865e-01 3.380918e-01 3.556831e-01 4.117124e-01
<GCONST> 1.121683e+02
<MIXTURE> 2 4.267868e-01
<MEAN> 39
 6.284518e+00 4.352440e+00 2.677442e+00 5.761370e+00 -7.733900e-01 -4.224777e+00 7.242538e-01 -1.280383e+01 -4.581583e+00 6.045195e+00 -4.703779e+00 -3.849093e+00 -4.591704e+00 -8.214570e-01 3.493523e-02 -2.688997e-01 -8.104371e-01 2.725191e-01 1.388420e+00 -9.021631e-01 1.190231e+00 1.141898e+00 -1.688600e+00 7.426153e-01 6.697932e-01 2.999477e-01 -2.104975e-01 -2.300218e-01 -4.108674e-01 -5.029610e-01 1.370543e-01 3.447392e-01 -2.202094e-01 1.023824e+00 4.946166e-01 -6.194974e-01 1.505463e-01 9.437865e-02 3.624861e-01
<VARIANCE> 39
 8.664791e+00 1.294197e+01 1.760906e+01 2.392467e+01 4.041248e+01 3.550806e+01 5.252958e+01 5.196661e+01 3.573829e+01 2.573802e+01 3.255361e+01 3.516096e+01 1.507065e+01 9.694287e-01 1.357737e+00 2.820419e+00 2.857703e+00 1.915155e+00 4.101017e+00 4.723448e+00 4.281820e+00 3.591708e+00 2.522762e+00 2.047371e+00 1.264014e+00 1.422176e+00 3.974087e-01 2.249356e-01 5.107502e-01 5.096261e-01 4.990171e-01 5.557946e-01 5.410286e-01 5.061640e-01 5.172773e-01 5.201371e-01 5.638981e-01 4.403636e-01 1.354574e-01
<GCONST> 1.140942e+02
<MIXTURE> 3 1.557020e-01
<MEAN> 39
 4.005031e+00 5.489216e+00 5.949417e+00 5.016973e+00 -5.034445e-01 3.739041e+00 -6.911784e+00 -8.352618e+00 -4.677294e+00 -1.067869e+01 -1.156314e+00 -6.044763e-01 -5.475790e+00 -5.999803e-01 -2.256324e-01 9.042475e-01 1.967303e-01 3.390521e-01 4.788187e-01 5.363560e-01 9.308750e-01 -1.307985e+00 -1.990157e-01 1.706212e-01 1.593536e-01 -4.924055e-01 -1.937464e-01 -4.986739e-01 -2.046946e-01 1.326815e-01 5.082485e-02 -2.068597e-01 5.077410e-01 3.252708e-01 7.867966e-01 7.702935e-01 -2.908744e-01 6.042494e-02 1.517999e-01
<VARIANCE> 39
 4.579621e+00 2.442547e+01 2.267815e+01 3.461356e+01 1.201058e+01 1.533047e+01 2.003859e+01 2.588514e+01 4.238673e+01 8.142684e+00 1.007415e+02 4.445639e+01 3.700555e+01 1.519365e+00 1.539720e+00 1.962359e+00 1.331041e+00 1.550577e+00 1.023242e+00 2.499844e+00 8.946952e-01 1.829918e+00 1.978644e+00 1.551737e+00 1.647718e+00 2.140186e+00 2.416868e-01 3.142102e-01 6.190962e-01 2.169891e-01 5.752175e-01 4.186491e-01 4.434300e-01 3.543571e-01 5.836603e-01 1.710817e-01 1.124255e+00 5.248141e-01 2.183843e-01
<GCONST> 1.062393e+02
<MIXTURE> 4 9.064004e-02
<MEAN> 39
 5.415945e+00 4.837804e+00 7.179508e-01 7.923018e+00 7.058121e+00 8.416566e-01 -8.566406e+00 -7.841513e+00 -8.514544e+00 -1.652661e+01 4.936649e+00 7.937139e-01 -3.339105e+00 -2.826046e+00 5.376174e-01 2.068926e+00 -4.920017e-01 -1.527839e-01 1.041221e+00 1.769692e+00 -2.873540e-02 1.071526e+00 1.549289e+00 -1.081558e+00 8.576815e-02 -2.040907e+00 -2.712678e-01 -7.672927e-01 -9.449134e-01 -9.019225e-01 -4.812781e-01 3.974074e-01 8.840853e-01 7.435885e-01 1.573965e+00 1.370374e+00 -2.470724e-01 2.004770e-01 2.743658e-01
<VARIANCE> 39
 3.512708e+01 1.451086e+00 9.416861e+01 9.084364e+00 7.722347e+00 2.363945e+01 1.472144e+01 7.779735e+01 7.044569e+01 6.955080e+01 3.811684e+01 3.881167e+01 1.301585e+01 6.676975e+00 9.653662e-01 8.127543e+00 1.652695e+00 1.728043e+00 3.695128e+00 2.797422e+00 1.048594e+01 1.537719e+01 1.586602e+01 2.810362e+00 3.572743e+00 2.932382e+00 6.996070e-01 1.267635e-01 1.277791e+00 1.966123e-01 2.650147e-01 4.434121e-01 1.683182e-01 2.882424e+00 1.452265e+00 1.988943e+00 7.569991e-01 2.255757e-01 4.196797e-01
<GCONST> 1.233028e+02
<STATE> 5
<NUMMIXES> 4
<MIXTURE> 1 5.264798e-01
<MEAN> 39
 -1.736443e-01 9.539019e+00 5.095938e+00 6.547741e+00 4.626752e+00 2.398353e-01 2.908965e-01 -6.690381e+00 -6.343724e+00 -1.247792e+00 -1.596813e+00 -6.981242e-01 -8.476697e+00 -3.209432e+00 -8.212319e-01 -6.850895e-01 -4.327747e-01 1.007133e+00 1.265454e+00 1.800132e+00 2.399650e+00 1.806032e+00 4.698542e-01 -2.149336e-01 8.660333e-01 -5.525084e-01 -1.771714e-03 -9.566500e-01 -8.338977e-01 -2.870192e-01 -3.792800e-01 4.400606e-02 1.396734e-01 3.203349e-01 6.673775e-01 3.022934e-01 3.697289e-01 -6.870943e-02 6.880719e-01
<VARIANCE> 39
 3.979606e+01 2.396400e+01 3.522987e+01 2.681594e+01 4.306647e+01 3.697560e+01 3.382445e+01 5.248556e+01 3.851574e+01 3.951053e+01 3.362071e+01 2.221159e+01 2.254830e+01 4.066339e+00 3.668013e+00 5.356057e+00 4.823015e+00 3.912952e+00 2.641903e+00 2.960362e+00 5.319549e+00 4.431768e+00 7.339708e+00 5.198624e+00 2.551362e+00 3.577827e+00 5.022342e-01 6.222314e-01 6.304038e-01 4.464017e-01 9.576768e-01 6.338361e-01 7.057620e-01 7.769434e-01 9.069304e-01 8.837106e-01 5.188136e-01 4.275558e-01 6.528702e-01
<GCONST> 1.300059e+02
<MIXTURE> 2 1.104604e-01
<MEAN> 39
 6.526847e+00 -5.613330e+00 5.204929e+00 -8.983682e-01 -3.710598e+00 1.613605e-01 -4.087615e+00 -8.101806e-01 -1.277659e+00 -4.519229e+00 1.607542e+00 -1.067899e+00 7.720771e+00 -1.724458e-01 -1.945721e+00 4.220020e-01 -1.646172e+00 -3.177101e+00 5.966588e-01 -6.369904e-01 3.569596e+00 2.153463e+00 -2.078974e-01 -1.948590e+00 1.912085e+00 2.350129e+00 -3.091230e-01 4.661545e-01 3.661202e-01 1.343890e-01 -3.661429e-01 1.329182e-01 3.012628e-01 -1.081831e-01 -3.496728e-01 -2.211278e-02 2.336047e-01 -3.610660e-01 -1.598616e-01
<VARIANCE> 39
 2.024252e+00 9.333587e+00 3.770056e+01 4.290344e+01 3.335231e+01 4.535944e+01 1.175326e+01 2.792930e+01 8.603596e+01 1.333761e+01 6.119724e+01 1.945984e+01 9.452591e+00 8.690308e-01 8.255916e-01 4.045393e+00 5.759049e+00 4.830597e+00 3.391130e+00 2.329646e+00 1.647463e+00 3.477154e+00 2.116412e+00 6.225727e+00 2.581819e+00 4.472935e-01 1.799507e-02 2.463762e-01 1.937480e-01 4.712685e-01 6.612283e-01 3.806260e-01 7.979665e-01 5.914696e-01 1.071560e+00 1.397799e-01 7.015734e-01 3.692968e-01 2.350405e-01
<GCONST> 1.077806e+02
<MIXTURE> 3 8.493146e-02
<MEAN> 39
 -1.700686e+00 5.102386e+00 9.880901e+00 -8.100380e+00 -1.050870e+00 1.068695e+01 -1.165898e+01 -4.857818e+00 7.837870e+00 -3.495110e-01 -4.499884e+00 -9.604528e-01 -4.622307e+00 -2.956666e+00 4.869473e-01 6.789961e-02 -3.288054e+00 1.461237e+00 9.107866e-01 -1.124322e+00 2.401546e+00 4.424392e-01 -3.231094e-01 8.710829e-01 -4.239854e-01 1.137004e+00 -1.977692e-01 4.275127e-01 -1.112540e+00 1.266409e+00 -6.651491e-02 -1.608739e+00 1.416377e+00 4.997410e-02 -1.617225e+00 7.403072e-01 4.691968e-02 -3.762169e-01 -1.572038e-02
<VARIANCE> 39
 3.828666e+01 2.854469e+01 1.904762e+01 2.440884e+01 3.030131e+01 1.615319e+01 2.384625e+01 2.785441e+01 6.943850e+01 2.190668e+01 1.594732e+01 1.987585e+01 6.646391e+00 5.473168e+00 3.626151e+00 1.743411e+00 6.596949e+00 7.971581e+00 9.370890e+00 5.691779e+00 5.184021e+00 5.561027e+00 1.863500e+00 9.972413e-01 1.658634e+00 6.443012e-01 7.343928e-01 5.647845e-01 2.215609e-01 5.108964e-01 5.815538e-01 1.077658e+00 3.765298e-01 3.588029e-01 3.633606e-01 2.876818e-01 5.445171e-01 2.048144e-01 8.461323e-02
<GCONST> 1.155691e+02
<MIXTURE> 4 2.781283e-01
<MEAN> 39
 4.525827e+00 3.066269e+00 -4.858556e+00 1.120745e-01 2.856701e+00 2.987505e-01 -3.440982e+00 -5.956126e+00 -7.534648e-01 -1.969625e+00 -2.893444e-01 -2.346000e+00 2.177728e+00 2.205386e-01 -1.497897e+00 -1.658600e+00 -2.562775e+00 5.691162e-01 1.325664e+00 -5.223693e-01 3.198843e+00 1.845088e+00 -1.191148e+00 -1.147380e-01 4.899223e-01 1.731668e+00 3.441092e-01 -4.407772e-01 5.602318e-01 -9.595132e-02 -3.948174e-01 6.956480e-02 2.014722e-02 -9.776617e-02 -1.776660e-01 5.791834e-01 -2.543245e-01 -1.718454e-01 -3.420252e-02
<VARIANCE> 39
 2.488638e+01 2.173642e+01 4.530997e+01 2.661093e+01 4.785243e+01 3.368615e+01 3.991433e+01 2.705656e+01 6.382189e+01 2.074024e+01 1.883685e+01 4.237587e+01 1.505235e+01 1.737599e+00 1.388673e+00 4.301618e+00 2.647429e+00 3.598410e+00 4.649088e+00 4.904867e+00 4.699746e+00 6.598599e+00 3.949460e+00 3.362615e+00 3.471820e+00 1.128290e+00 1.790695e-01 1.736828e-01 7.084154e-01 9.021140e-01 7.918388e-01 9.091618e-01 5.767964e-01 7.406578e-01 9.773045e-01 3.987175e-01 4.332444e-01 4.164043e-01 3.726955e-01
<GCONST> 1.223848e+02
<TRANSP> 6
 0.000000e+00 1.000000e+00 0.000000e+00 0.000000e+00 0.000000e+00 0.000000e+00
 0.000000e+00 5.213061e-01 4.786939e-01 0.000000e+00 0.000000e+00 0.000000e+00
 0.000000e+00 0.000000e+00 7.174174e-01 2.825826e-01 0.000000e+00 0.000000e+00
 0.000000e+00 0.000000e+00 0.000000e+00 4.890088e-01 5.109912e-01 0.000000e+00
 0.000000e+00 0.000000e+00 0.000000e+00 0.000000e+00 4.734360e-01 5.265640e-01
 0.000000e+00 0.000000e+00 0.000000e+00 0.000000e+00 0.000000e+00 0.000000e+00
<ENDHMM>
