~o
<STREAMINFO> 1 39
<VECSIZE> 39<NULLD><MFCC_D_A_Z_0><DIAGC>
~h "epi"
<BEGINHMM>
<NUMSTATES> 6
<STATE> 2
<NUMMIXES> 4
<MIXTURE> 1 3.045638e-01
<MEAN> 39
 -6.654213e+00 -6.253327e+00 -7.455612e+00 3.752270e+00 7.976015e+00 3.907502e+00 -4.568397e-02 -2.495503e+00 4.277620e+00 4.664289e+00 2.809937e+00 8.531988e-01 -4.496624e+00 2.953082e+00 1.628575e+00 -7.204283e-01 -1.284528e+00 -1.480033e-01 1.492026e+00 8.324026e-01 -8.530537e-01 -2.169109e+00 -8.892154e-01 3.018554e-01 4.545815e-01 -3.020388e+00 4.766760e-01 1.239354e+00 7.586588e-01 -7.706301e-01 -1.266046e+00 -1.608513e-01 3.234542e-01 3.829862e-01 -4.232864e-01 -7.886027e-01 -3.501685e-01 1.876570e-02 5.645772e-01
<VARIANCE> 39
 9.815409e+00 1.045707e+01 1.836956e+01 2.595944e+01 1.854286e+01 2.160166e+01 2.509041e+01 2.732939e+01 3.652781e+01 2.118031e+01 2.320805e+01 1.640312e+01 1.283990e+01 2.538895e+00 2.680265e+00 1.779840e+00 2.634266e+00 2.916529e+00 2.297087e+00 2.756498e+00 3.813615e+00 2.410325e+00 2.827051e+00 2.109362e+00 2.029658e+00 1.269271e+00 4.191577e-01 3.077123e-01 3.677260e-01 6.742051e-01 5.211713e-01 4.599165e-01 5.951634e-01 5.637159e-01 7.934611e-01 5.127671e-01 4.584650e-01 4.163243e-01 3.184924e-01
<GCONST> 1.118109e+02
<MIXTURE> 2 2.142961e-01
<MEAN> 39
 -9.025941e+00 -2.825886e+00 -2.639526e+00 4.047781e+00 4.319356e+00 1.591844e+00 1.514539e+00 1.702614e+00 6.288935e+00 2.005559e+00 1.032436e+00 6.761996e-01 -3.974642e+00 1.830799e+00 -3.422809e-01 -7.907523e-01 3.877214e-01 5.338620e-01 3.445443e-01 -7.431365e-01 -9.611997e-01 -2.141069e-01 6.379161e-01 3.851352e-01 -1.868685e-01 -2.382651e+00 2.167250e-01 8.514059e-01 2.032897e-01 -3.684314e-01 -9.382050e-02 1.848281e-01 6.019419e-02 -3.412272e-01 -6.812841e-01 -2.805677e-01 6.602255e-02 1.624613e-01 1.630663e-01
<VARIANCE> 39
 1.531128e+01 2.030536e+01 2.591402e+01 3.478390e+01 2.464726e+01 2.610578e+01 3.052415e+01 2.537939e+01 3.026650e+01 2.690350e+01 2.069381e+01 2.378191e+01 3.271384e+01 1.614326e+00 2.302251e+00 3.207039e+00 2.200223e+00 2.952590e+00 2.553508e+00 3.188751e+00 3.182350e+00 2.201864e+00 2.493137e+00 1.696012e+00 2.477663e+00 3.350894e+00 3.654562e-01 4.489758e-01 4.997452e-01 5.729455e-01 5.282606e-01 6.246880e-01 6.214186e-01 5.259575e-01 6.078184e-01 4.548775e-01 3.240547e-01 3.690849e-01 4.789667e-01
<GCONST> 1.162503e+02
<MIXTURE> 3 2.609402e-01
<MEAN> 39
 -8.934788e+00 2.336592e+00 2.079271e+00 3.295409e+00 6.736514e+00 3.730550e+00 2.985476e+00 8.528563e-01 2.121377e+00 1.459083e+00 2.448205e+00 9.576779e-01 -7.789368e+00 3.626723e+00 -8.200743e-02 3.808667e-02 8.866216e-01 -1.286755e+00 -6.780984e-01 -3.981121e-01 -1.946703e+00 -2.063516e+00 -4.098280e-01 -1.402113e+00 -8.186511e-01 -2.868195e+00 4.552225e-01 5.818250e-01 -4.236028e-01 -1.320459e-01 -5.848517e-01 -6.756877e-01 -3.964704e-01 -5.500928e-01 -4.398454e-01 -1.700414e-01 -2.655710e-01 -2.166269e-01 1.045226e+00
<VARIANCE> 39
 2.371023e+01 3.086790e+01 2.789374e+01 3.676701e+01 3.636961e+01 3.127711e+01 3.386938e+01 3.822015e+01 3.964288e+01 2.683364e+01 3.208479e+01 2.317878e+01 2.720161e+01 4.076000e+00 4.350637e+00 4.902697e+00 5.744757e+00 4.968436e+00 4.893684e+00 6.386385e+00 5.164237e+00 4.036666e+00 3.969132e+00 3.308650e+00 3.265554e+00 2.927332e+00 4.628693e-01 5.501976e-01 6.006041e-01 9.045318e-01 9.927084e-01 6.835267e-01 8.795587e-01 1.048328e+00 8.870546e-01 6.364470e-01 6.551533e-01 5.348071e-01 6.076835e-01
<GCONST> 1.308558e+02
<MIXTURE> 4 2.201999e-01
<MEAN> 39
 7.718471e-01 6.940000e+00 2.437610e+00 3.947632e+00 5.006258e-01 -1.046432e-01 1.375516e+00 -3.403895e+00 -8.808134e-01 -6.365315e-01 -1.436766e+00 -1.698140e-01 -1.024347e+01 -1.434618e+00 -7.948761e-02 -4.474505e-02 9.715220e-01 8.751975e-01 6.768980e-01 8.186344e-01 9.944062e-01 7.948764e-01 3.459029e-01 4.037937e-01 2.386391e-01 -1.566346e+00 -4.015596e-01 -4.288265e-01 -2.626197e-01 -3.129238e-01 8.603610e-02 1.064027e-01 2.111376e-02 2.791866e-01 1.357582e-01 1.367034e-01 2.055145e-01 6.734797e-02 7.083024e-01
<VARIANCE> 39
 3.132006e+01 2.821819e+01 3.635304e+01 4.855865e+01 6.117682e+01 3.444877e+01 3.834766e+01 5.294395e+01 4.980778e+01 4.908527e+01 4.070538e+01 3.515475e+01 2.555536e+01 4.742724e+00 2.750866e+00 3.430069e+00 4.892587e+00 4.575366e+00 4.194995e+00 3.500270e+00 4.111919e+00 4.119140e+00 3.533638e+00 3.554427e+00 2.387504e+00 4.284586e+00 6.828982e-01 4.980609e-01 4.955782e-01 7.640020e-01 8.466440e-01 6.573998e-01 5.521842e-01 7.500976e-01 8.339319e-01 7.655289e-01 5.691003e-01 5.755344e-01 5.477828e-01
<GCONST> 1.311131e+02
<STATE> 3
<NUMMIXES> 4
<MIXTURE> 1 2.859250e-01
<MEAN> 39
 -3.614276e+00 -2.891896e+00 -7.354870e+00 3.068453e+00 7.186806e+00 6.867665e+00 2.311987e+00 -1.356607e+00 2.526909e+00 2.140716e+00 2.794636e+00 1.561818e+00 -9.918447e+00 4.695520e+00 3.800488e+00 2.402077e-01 -2.720276e+00 -2.618858e+00 3.599831e-01 3.092971e-01 -4.997011e-01 -2.506089e+00 -1.898229e+00 -6.538031e-01 -4.395490e-02 -1.090618e+00 5.693318e-01 3.947579e-01 2.982112e-01 -1.037746e+00 -1.161773e+00 -5.827908e-01 -2.203490e-01 2.009500e-01 -1.075844e-01 -1.411185e-01 -2.121672e-01 -1.555420e-01 1.548752e+00
<VARIANCE> 39
 1.288343e+01 1.515754e+01 2.199315e+01 3.177250e+01 1.962044e+01 2.157512e+01 3.013070e+01 2.588233e+01 2.856841e+01 2.061894e+01 1.958094e+01 1.936654e+01 1.434024e+01 2.128704e+00 1.844438e+00 2.206606e+00 2.908068e+00 3.038629e+00 2.312810e+00 3.108725e+00 4.211167e+00 3.317983e+00 2.624514e+00 2.664490e+00 1.992903e+00 1.845472e+00 2.919744e-01 4.086974e-01 3.880916e-01 6.752481e-01 5.849421e-01 5.038580e-01 5.208497e-01 6.953223e-01 6.308693e-01 6.166179e-01 4.198265e-01 4.771313e-01 2.696016e-01
<GCONST> 1.138176e+02
<MIXTURE> 2 2.688531e-01
<MEAN> 39
 -6.760477e+00 1.448845e+00 -3.225809e+00 1.066710e+00 4.229100e+00 2.055095e+00 6.708869e+00 -2.519085e-01 -1.215267e+00 3.741366e+00 -9.708064e-01 6.401462e-01 -1.050266e+01 2.901450e+00 1.064772e+00 2.217447e-01 4.168767e-01 -1.002478e+00 -8.992642e-01 -6.658562e-01 -1.249260e+00 -1.586857e+00 -4.294996e-01 -4.719861e-01 -7.383810e-01 -7.815279e-02 4.544981e-01 1.446493e-01 3.832006e-01 -1.527606e-01 -2.250763e-01 -1.819846e-01 -1.021523e+00 -2.341565e-01 -7.591564e-03 -3.975462e-01 2.540450e-01 -9.623016e-02 1.368658e+00
<VARIANCE> 39
 1.818120e+01 2.162432e+01 2.883733e+01 3.386724e+01 4.045817e+01 4.431387e+01 3.192405e+01 5.843667e+01 4.460308e+01 2.714952e+01 3.063026e+01 2.960699e+01 2.264955e+01 5.395598e+00 3.173166e+00 2.812257e+00 3.903104e+00 4.104864e+00 3.944395e+00 4.900948e+00 6.064979e+00 5.245298e+00 2.887105e+00 4.032349e+00 2.899558e+00 2.958440e+00 3.950642e-01 5.427811e-01 7.806985e-01 5.987377e-01 8.311039e-01 9.524591e-01 8.705821e-01 1.155958e+00 7.923897e-01 5.897467e-01 6.541047e-01 6.085278e-01 7.106937e-01
<GCONST> 1.297103e+02
<MIXTURE> 3 2.383187e-01
<MEAN> 39
 -8.899419e+00 4.964580e+00 9.658210e-01 9.009082e+00 6.235557e+00 6.213438e+00 5.495283e+00 2.066830e+00 3.825304e+00 2.125268e+00 3.258582e+00 1.696674e+00 -2.041226e+01 8.516081e-01 3.516287e-02 -3.557882e-01 -1.361104e-01 -6.523070e-01 1.644557e-01 -2.348638e-02 -5.072626e-01 -9.477094e-01 -3.584785e-01 -2.232154e-01 -2.924009e-01 -4.211078e-03 6.610925e-01 -2.765894e-01 -2.407835e-01 -9.113202e-01 -6.533415e-01 -7.512417e-01 -5.146773e-01 -2.597191e-01 -2.978029e-01 -2.614543e-01 -3.620819e-01 -1.491913e-01 2.035823e+00
<VARIANCE> 39
 8.245708e+00 1.118323e+01 1.510854e+01 1.923242e+01 1.852961e+01 1.773620e+01 2.540538e+01 2.235840e+01 2.435851e+01 2.324184e+01 2.688447e+01 1.854071e+01 9.901032e+00 4.703962e+00 4.339256e+00 2.807440e+00 3.753286e+00 4.641229e+00 3.464915e+00 3.425072e+00 4.497791e+00 3.808618e+00 3.407827e+00 3.116136e+00 2.814114e+00 7.159889e+00 6.732569e-01 4.464068e-01 4.441208e-01 5.909938e-01 5.480623e-01 6.873769e-01 5.985332e-01 5.418065e-01 5.750105e-01 6.078597e-01 5.295351e-01 4.052967e-01 1.086512e+00
<GCONST> 1.192906e+02
<MIXTURE> 4 2.069032e-01
<MEAN> 39
 -1.187553e+00 5.412958e+00 3.198092e+00 6.046753e+00 4.081251e+00 1.919451e-01 9.431559e-01 -4.729746e+00 -2.298242e+00 -9.265088e-01 -1.789307e+00 -1.361975e+00 -8.906437e+00 2.379978e+00 3.431572e-01 -7.378702e-01 -7.018127e-01 -1.458948e+00 -1.164275e+00 -1.055110e+00 -1.287750e+00 -1.264361e+00 -3.457977e-01 -4.602914e-01 -5.396751e-01 5.955188e-01 -3.358913e-01 -1.394621e-01 -4.694330e-01 -7.416575e-01 -2.959041e-01 -1.556597e-01 -2.398472e-02 4.125874e-01 2.546774e-01 1.861681e-01 3.188784e-01 1.209444e-01 1.253685e+00
<VARIANCE> 39
 2.520322e+01 3.297155e+01 2.467802e+01 3.071093e+01 3.940196e+01 2.995091e+01 4.398368e+01 3.861232e+01 3.577614e+01 3.418807e+01 2.995271e+01 2.461285e+01 2.609816e+01 1.774885e+01 3.986527e+00 4.717749e+00 8.720174e+00 8.332378e+00 5.501313e+00 5.570394e+00 9.157281e+00 8.506446e+00 5.000009e+00 6.901833e+00 3.196441e+00 2.315766e+00 7.521592e-01 5.149080e-01 5.016378e-01 7.831036e-01 7.971350e-01 6.398364e-01 7.403526e-01 6.698175e-01 8.522341e-01 8.111922e-01 5.495893e-01 5.037590e-01 5.114102e-01
<GCONST> 1.343506e+02
<STATE> 4
<NUMMIXES> 4
<MIXTURE> 1 2.386052e-01
<MEAN> 39
 9.646212e+00 8.897124e+00 -4.907789e+00 -4.965763e+00 -2.988327e+00 3.392334e+00 1.396837e+00 -2.816047e+00 -3.603373e+00 -3.091139e+00 -3.495972e-01 3.329357e-01 -7.232226e+00 4.860598e+00 2.522161e+00 1.079999e-01 -4.451096e+00 -4.038778e+00 -3.006336e-01 -1.847818e-01 -2.886886e-01 -2.033494e+00 -1.415052e+00 -8.002129e-02 -1.808741e-02 1.836856e+00 -1.072395e+00 -1.309461e+00 -2.312734e-01 -1.266691e-01 2.981761e-01 8.744244e-02 -1.472974e-02 2.069037e-01 7.423477e-01 7.179493e-01 3.127145e-01 3.279798e-02 9.853362e-01
<VARIANCE> 39
 6.858559e+00 1.674364e+01 1.452325e+01 2.307311e+01 2.069785e+01 2.062027e+01 2.848702e+01 2.204420e+01 1.761621e+01 2.149512e+01 1.572381e+01 1.416764e+01 1.240040e+01 8.820635e-01 2.411533e+00 3.158937e+00 3.960695e+00 3.539913e+00 3.420614e+00 3.120384e+00 4.509442e+00 4.856825e+00 3.752416e+00 2.882797e+00 2.516045e+00 1.707915e+00 2.053947e-01 3.495096e-01 2.762760e-01 3.495387e-01 5.556033e-01 4.240668e-01 4.620171e-01 6.844035e-01 4.685358e-01 7.017803e-01 3.906443e-01 3.284869e-01 1.917528e-01
<GCONST> 1.100479e+02
<MIXTURE> 2 2.544754e-01
<MEAN> 39
 6.307924e-01 6.112834e+00 -2.513370e+00 4.108342e+00 5.775146e+00 6.189684e+00 1.910071e+00 -3.040449e+00 -8.691172e-01 -1.301783e+00 1.485972e-01 9.264307e-02 -1.206725e+01 5.404552e+00 2.631055e+00 3.300436e-02 -3.532099e+00 -3.172989e+00 -5.177600e-01 -9.489483e-01 -9.810806e-01 -2.630866e+00 -1.539476e+00 -6.872385e-01 -5.671687e-01 1.859741e+00 -7.041033e-02 -9.163842e-01 -1.821295e-01 -9.298201e-01 -5.728660e-01 -4.067810e-01 -2.872823e-01 3.352181e-01 3.444212e-01 4.920661e-01 1.732134e-01 -1.185044e-02 1.569587e+00
<VARIANCE> 39
 1.621596e+01 2.593659e+01 2.808632e+01 3.627626e+01 1.841656e+01 2.924002e+01 3.660353e+01 2.816497e+01 2.330676e+01 1.830590e+01 1.676829e+01 2.197135e+01 1.648179e+01 9.564380e-01 3.745074e+00 3.832869e+00 6.273308e+00 4.108027e+00 3.836475e+00 5.009063e+00 4.658275e+00 4.427261e+00 3.276074e+00 2.380347e+00 2.125340e+00 3.177683e+00 2.614825e-01 5.323407e-01 4.601656e-01 4.618508e-01 4.780326e-01 4.657668e-01 6.434793e-01 7.352385e-01 4.900649e-01 4.357439e-01 4.170834e-01 4.676540e-01 2.889768e-01
<GCONST> 1.182638e+02
<MIXTURE> 3 1.811846e-01
<MEAN> 39
 -7.921470e+00 1.979278e+00 -9.499909e-01 4.427433e+00 3.992703e+00 2.499592e+00 3.658696e+00 4.566931e-01 2.511408e+00 1.268974e+00 1.018076e+00 1.191440e+00 -7.980962e+00 -8.209661e-01 -7.652005e-01 -1.220385e+00 -1.538496e+00 -4.339377e-01 -3.470209e-01 -4.255623e-01 3.621781e-01 3.977761e-01 -1.759296e-01 6.043910e-01 3.612546e-01 3.218363e+00 4.707935e-01 2.746886e-01 3.575639e-02 -3.300830e-01 -3.245616e-01 -3.113975e-01 -2.349296e-01 -2.236467e-01 -2.021025e-01 -1.081875e-01 -2.024146e-01 -1.054357e-01 6.962820e-01
<VARIANCE> 39
 3.272572e+01 2.692757e+01 3.566079e+01 3.161240e+01 3.214202e+01 3.375776e+01 3.166709e+01 3.295261e+01 2.769709e+01 2.305420e+01 2.773947e+01 2.015522e+01 4.403487e+01 1.461475e+01 2.813920e+00 4.359283e+00 5.760967e+00 5.845726e+00 4.098279e+00 4.149946e+00 4.282063e+00 4.618118e+00 3.678789e+00 4.965824e+00 2.347998e+00 5.805886e+00 1.013106e+00 5.930505e-01 7.211093e-01 9.245294e-01 6.695396e-01 7.968864e-01 6.324729e-01 5.769393e-01 7.039278e-01 5.678368e-01 6.674004e-01 4.361407e-01 6.830623e-01
<GCONST> 1.309542e+02
<MIXTURE> 4 3.257348e-01
<MEAN> 39
 3.421419e+00 7.438813e+00 1.979630e+00 3.875634e+00 1.138973e+00 -2.960101e+00 -1.850573e+00 -7.623660e+00 -5.406122e+00 -8.437185e-01 -2.182853e+00 -2.735476e+00 -7.015035e+00 4.319762e+00 1.899604e-01 -1.293126e-01 -8.781645e-01 -2.214187e+00 -1.836643e+00 -2.330041e+00 -1.720176e+00 -1.822543e+00 -5.060393e-01 -7.824231e-01 -1.118399e+00 2.448464e+00 -8.328317e-01 -7.363111e-01 2.308867e-03 -5.572040e-01 1.179673e-01 3.732460e-01 6.530792e-02 1.028350e+00 7.806485e-01 1.761018e-01 3.793783e-01 2.631540e-01 1.066944e+00
<VARIANCE> 39
 2.975683e+01 2.660031e+01 2.983666e+01 4.264617e+01 3.954908e+01 3.526373e+01 5.731600e+01 4.255563e+01 3.300758e+01 3.117879e+01 3.168911e+01 2.727302e+01 2.618098e+01 1.842676e+00 2.064548e+00 3.910839e+00 6.831326e+00 4.386700e+00 4.698156e+00 4.867033e+00 6.306242e+00 5.042591e+00 4.660311e+00 5.669427e+00 3.685248e+00 2.668386e+00 5.409325e-01 4.363160e-01 6.826078e-01 7.309562e-01 7.986821e-01 7.384791e-01 1.198465e+00 8.527705e-01 6.365957e-01 9.242123e-01 6.922684e-01 5.992132e-01 4.339093e-01
<GCONST> 1.308616e+02
<STATE> 5
<NUMMIXES> 4
<MIXTURE> 1 3.644302e-01
<MEAN> 39
 1.286047e+01 7.095051e+00 -6.773328e+00 -1.128733e+01 -6.185625e+00 4.487556e+00 7.637603e-01 -3.363113e+00 -4.885610e+00 -2.643178e+00 1.401601e+00 1.357545e-01 -3.576352e+00 3.057432e+00 1.970709e-01 -6.197958e-01 -4.428136e+00 -2.916367e+00 1.284433e-02 3.981643e-02 6.334734e-02 -9.344750e-01 4.603422e-02 3.893510e-01 4.784186e-02 2.675606e+00 -1.532806e+00 -1.373974e+00 -1.399742e-01 7.699737e-01 1.117430e+00 3.209314e-01 1.920247e-01 2.881666e-01 9.398784e-01 7.488726e-01 2.050640e-01 5.445449e-02 2.221073e-01
<VARIANCE> 39
 5.105252e+00 1.558864e+01 1.735505e+01 2.455821e+01 2.381506e+01 2.124145e+01 3.080960e+01 2.813032e+01 2.439275e+01 2.148159e+01 1.744616e+01 1.795084e+01 1.036682e+01 2.041454e+00 3.182731e+00 3.211420e+00 3.756795e+00 4.340776e+00 3.031934e+00 3.265737e+00 4.490128e+00 4.213032e+00 4.578320e+00 2.536816e+00 2.228040e+00 1.809611e+00 1.356161e-01 2.806340e-01 3.061815e-01 4.549383e-01 4.308078e-01 3.854025e-01 4.997137e-01 6.364407e-01 5.751823e-01 4.323334e-01 4.026977e-01 3.431733e-01 2.356217e-01
<GCONST> 1.113585e+02
<MIXTURE> 2 1.595941e-01
<MEAN> 39
 -1.076357e+01 3.128556e+00 -3.376789e+00 2.283277e+00 2.636412e+00 1.688388e+00 2.644629e+00 5.101086e-01 3.561080e+00 6.899667e-01 3.265114e+00 1.406214e+00 -3.299736e+00 -1.474589e+00 1.203676e-01 -5.494995e-01 -9.667230e-01 -2.101513e-01 -5.846180e-01 -1.570899e-01 1.032555e-01 3.042195e-01 -1.433316e-01 2.090934e-01 3.737232e-01 2.746206e+00 7.955937e-01 2.277923e-01 3.943217e-01 2.018376e-01 -5.376188e-02 -7.028959e-02 -9.618297e-02 -1.569592e-01 -2.770185e-01 -2.656161e-02 -4.609917e-01 -1.996604e-01 -2.833611e-01
<VARIANCE> 39
 3.565617e+01 2.951724e+01 3.879291e+01 4.220319e+01 3.315485e+01 3.793138e+01 2.056824e+01 2.907219e+01 2.346489e+01 2.132925e+01 2.386411e+01 1.643823e+01 3.013696e+01 1.210277e+01 3.118246e+00 4.031608e+00 4.573076e+00 3.834054e+00 4.968442e+00 3.895561e+00 3.260668e+00 3.320740e+00 2.272422e+00 3.592584e+00 2.132520e+00 5.535844e+00 6.489187e-01 5.183960e-01 7.832174e-01 7.447600e-01 5.391219e-01 7.042128e-01 5.598705e-01 5.546357e-01 5.412377e-01 5.429869e-01 5.148841e-01 3.612075e-01 6.135992e-01
<GCONST> 1.258014e+02
<MIXTURE> 3 2.066383e-01
<MEAN> 39
 9.932258e+00 5.323251e-01 -3.665656e+00 -6.192951e+00 -8.157586e-01 1.064072e+00 -4.623539e+00 -4.645610e+00 -4.187592e+00 7.711060e-01 5.132046e-02 -7.518817e-01 1.017114e+00 2.598673e+00 -1.466337e+00 -7.219023e-01 -2.981390e+00 -7.933967e-01 -4.961662e-01 -1.842512e+00 5.539715e-01 -5.257552e-01 8.755384e-01 -3.562219e-01 3.507943e-02 3.542739e+00 -1.461977e+00 -3.233610e-01 2.954771e-01 7.586055e-01 4.153676e-01 -2.947243e-02 4.551041e-01 8.638827e-01 8.303041e-01 1.705001e-01 2.281927e-02 7.486047e-02 -4.012798e-01
<VARIANCE> 39
 2.592071e+01 2.360465e+01 5.750085e+01 5.656799e+01 3.533482e+01 6.997823e+01 7.584200e+01 6.393750e+01 4.536065e+01 4.159666e+01 3.094797e+01 2.460127e+01 1.890384e+01 4.602410e+00 3.160348e+00 4.922259e+00 5.217188e+00 4.750006e+00 6.563999e+00 7.666498e+00 7.648270e+00 5.080494e+00 6.113070e+00 4.384061e+00 3.091035e+00 3.348058e+00 4.156696e-01 5.240989e-01 7.481261e-01 1.185791e+00 7.626528e-01 9.897515e-01 1.063394e+00 9.175463e-01 7.282334e-01 8.162281e-01 7.541301e-01 4.713722e-01 4.733263e-01
<GCONST> 1.360304e+02
<MIXTURE> 4 2.693374e-01
<MEAN> 39
 6.984859e+00 6.248275e+00 2.094292e+00 5.160467e+00 -2.140290e+00 -5.223007e+00 -3.178081e+00 -9.050024e+00 -7.381440e+00 -9.428574e-01 -2.564320e+00 -4.555070e+00 -4.402830e+00 2.760951e+00 -1.220500e+00 1.926526e-01 -8.106914e-01 -2.174935e+00 -1.082877e+00 -1.764469e+00 -1.241914e-01 -5.628433e-01 -5.769944e-01 -1.885801e-01 -8.342179e-01 2.994410e+00 -1.252120e+00 -7.952275e-01 1.118494e-02 -7.170231e-01 3.514366e-01 8.759233e-01 5.412863e-01 1.175757e+00 8.851592e-01 2.045126e-01 3.986095e-01 5.280681e-01 3.499912e-01
<VARIANCE> 39
 1.141086e+01 2.265345e+01 1.880980e+01 2.706769e+01 4.035252e+01 3.803718e+01 5.084497e+01 4.752712e+01 4.988409e+01 3.494853e+01 4.217033e+01 3.730568e+01 1.472811e+01 2.359512e+00 2.722704e+00 3.045585e+00 4.323555e+00 3.487193e+00 3.639265e+00 4.904525e+00 5.672772e+00 4.396535e+00 4.632828e+00 3.874046e+00 3.290192e+00 2.517588e+00 2.775106e-01 4.081046e-01 6.601880e-01 6.390962e-01 9.868780e-01 7.403753e-01 9.919367e-01 9.639951e-01 9.573321e-01 8.742420e-01 7.562944e-01 6.702871e-01 3.435017e-01
<GCONST> 1.275668e+02
<TRANSP> 6
 0.000000e+00 1.000000e+00 0.000000e+00 0.000000e+00 0.000000e+00 0.000000e+00
 0.000000e+00 4.497651e-01 5.502349e-01 0.000000e+00 0.000000e+00 0.000000e+00
 0.000000e+00 0.000000e+00 3.439080e-01 6.560920e-01 0.000000e+00 0.000000e+00
 0.000000e+00 0.000000e+00 0.000000e+00 1.115685e-01 8.884315e-01 0.000000e+00
 0.000000e+00 0.000000e+00 0.000000e+00 0.000000e+00 2.482209e-01 7.517791e-01
 0.000000e+00 0.000000e+00 0.000000e+00 0.000000e+00 0.000000e+00 0.000000e+00
<ENDHMM>
