~o
<STREAMINFO> 1 39
<VECSIZE> 39<NULLD><MFCC_D_A_Z_0><DIAGC>
~h "gcl"
<BEGINHMM>
<NUMSTATES> 6
<STATE> 2
<NUMMIXES> 4
<MIXTURE> 1 3.167144e-01
<MEAN> 39
 1.515463e+00 1.338877e+01 7.270979e+00 1.047884e+01 -3.337319e-01 -3.237810e+00 -3.598310e+00 -8.513057e+00 -4.339980e+00 -3.546230e+00 -1.706098e+00 -2.640356e+00 -1.561806e+01 -2.096013e+00 6.492069e-01 -6.508161e-01 2.253778e+00 2.840522e+00 1.902282e+00 -2.034265e-01 2.611320e-01 1.460743e+00 -1.180929e+00 3.338725e-01 -3.645660e-02 -2.723181e+00 -1.195638e-01 -2.198706e+00 -1.011435e+00 -1.373123e+00 -3.605787e-02 -2.468247e-02 5.310202e-01 9.800007e-01 4.599577e-01 9.205219e-01 1.872180e-01 4.317679e-01 2.361411e+00
<VARIANCE> 39
 1.242974e+01 1.027833e+01 2.176329e+01 2.333228e+01 3.216352e+01 3.096256e+01 3.591379e+01 2.894505e+01 2.858700e+01 2.275858e+01 2.743807e+01 2.203649e+01 8.930264e+00 2.240354e+00 5.362744e+00 5.421803e+00 4.975994e+00 6.386205e+00 5.667411e+00 6.050247e+00 8.843197e+00 5.116449e+00 5.944922e+00 4.690793e+00 3.605230e+00 4.444890e+00 3.596670e-01 5.855293e-01 7.332581e-01 7.558525e-01 8.520741e-01 9.905568e-01 1.107825e+00 8.858824e-01 8.909530e-01 7.775916e-01 6.703343e-01 6.469749e-01 7.333863e-01
<GCONST> 1.289152e+02
<MIXTURE> 2 2.772754e-01
<MEAN> 39
 4.292958e+00 8.894753e+00 6.665118e+00 4.363028e+00 -6.479210e+00 -1.450850e+00 8.932517e-01 -1.068998e+01 -6.466938e+00 2.457075e+00 -3.539813e+00 -3.987744e+00 -9.148211e+00 -7.883095e-01 1.873807e+00 -4.624028e-01 2.592596e+00 2.068735e+00 4.988002e-01 -7.756947e-01 1.735710e-01 8.336215e-01 -2.018853e+00 4.734966e-01 -3.302505e-01 -3.545901e+00 -4.258398e-01 -1.095793e+00 -5.517424e-01 -2.564323e-01 7.380233e-01 -5.842583e-02 -7.393840e-02 8.944266e-01 5.150259e-01 -1.162775e-01 2.072218e-01 4.154911e-01 9.532009e-01
<VARIANCE> 39
 1.370059e+01 1.554681e+01 4.306257e+01 3.294475e+01 4.270645e+01 3.998289e+01 3.907446e+01 4.391864e+01 4.818106e+01 3.493907e+01 4.712562e+01 3.533697e+01 1.576542e+01 2.095965e+00 5.458943e+00 4.094180e+00 6.641400e+00 6.179793e+00 5.330269e+00 6.097744e+00 6.311200e+00 4.559415e+00 5.133828e+00 3.988249e+00 4.202958e+00 5.270229e+00 2.448693e-01 6.681130e-01 5.806952e-01 6.351854e-01 7.635924e-01 8.046470e-01 8.073910e-01 8.914238e-01 8.819168e-01 6.367070e-01 7.753933e-01 7.056929e-01 7.372819e-01
<GCONST> 1.322016e+02
<MIXTURE> 3 2.394717e-01
<MEAN> 39
 3.077361e+00 7.289774e+00 6.860254e+00 9.915888e+00 -3.227889e+00 -8.632596e+00 1.384138e+00 1.461485e+00 -1.060969e+01 -5.910807e+00 2.612524e+00 -1.142685e+00 -9.420074e+00 -1.084145e+00 2.879678e+00 -6.621765e-01 1.329132e+00 2.427040e+00 1.516130e+00 3.182632e-02 -2.297849e+00 1.186741e+00 1.155181e-01 -1.420747e+00 -1.890913e-01 -3.719513e+00 -1.967082e-01 -1.047354e+00 -6.076493e-01 -9.006219e-01 3.415962e-01 6.334248e-01 -3.618982e-01 -1.003155e-01 9.039774e-01 7.565737e-01 -1.552204e-01 6.496350e-02 1.292995e+00
<VARIANCE> 39
 1.041207e+01 1.816224e+01 3.183415e+01 2.298465e+01 3.255201e+01 2.839520e+01 4.308371e+01 3.564644e+01 4.487680e+01 3.790337e+01 3.327650e+01 2.952809e+01 1.772928e+01 1.628072e+00 4.987862e+00 3.912017e+00 4.057926e+00 5.856997e+00 5.353628e+00 6.535323e+00 6.287703e+00 5.675283e+00 5.375243e+00 3.666071e+00 3.041258e+00 4.228492e+00 2.199907e-01 6.005957e-01 5.909411e-01 5.353211e-01 6.768577e-01 6.940238e-01 9.851993e-01 6.912341e-01 8.508520e-01 7.485826e-01 6.654997e-01 5.852829e-01 5.034829e-01
<GCONST> 1.277818e+02
<MIXTURE> 4 1.665386e-01
<MEAN> 39
 -7.547832e-01 2.425203e+00 1.839282e+00 7.546364e+00 5.291328e+00 -3.597687e+00 -2.301782e+00 -1.785703e+00 -1.652362e+00 -1.269021e+00 3.288876e-01 -1.665232e-01 -8.337731e+00 -7.439313e-01 1.741543e+00 6.338203e-01 1.878052e+00 1.086224e+00 9.707034e-01 3.333201e-01 -9.453281e-01 -3.224290e-01 -4.323753e-01 -2.706983e-01 -2.357908e-01 -4.240217e+00 -3.057851e-02 -2.884060e-01 -2.869283e-01 -6.868770e-01 -4.683327e-01 3.380017e-01 2.741145e-01 1.764383e-01 1.443514e-01 2.476957e-01 4.901081e-02 6.409843e-02 9.124287e-01
<VARIANCE> 39
 6.403753e+01 4.663040e+01 7.240440e+01 6.179198e+01 5.430470e+01 9.404636e+01 6.609157e+01 7.757543e+01 6.595441e+01 5.793430e+01 4.106166e+01 3.623391e+01 4.157341e+01 5.124495e+00 5.112679e+00 5.431868e+00 6.434019e+00 9.746149e+00 7.738113e+00 7.245265e+00 6.976377e+00 5.968449e+00 6.070961e+00 5.142129e+00 2.998760e+00 4.454273e+00 6.612977e-01 1.322224e+00 1.141074e+00 1.331517e+00 9.932882e-01 1.838931e+00 1.275240e+00 1.192024e+00 9.965871e-01 1.115158e+00 7.893456e-01 7.842147e-01 1.308678e+00
<GCONST> 1.485318e+02
<STATE> 3
<NUMMIXES> 4
<MIXTURE> 1 3.079412e-01
<MEAN> 39
 -1.516451e+00 1.266529e+01 6.994426e+00 1.274842e+01 4.236069e+00 1.341808e-01 -2.801937e+00 -6.955071e+00 -3.441115e+00 -4.148078e+00 -1.461571e+00 -2.285535e+00 -1.844745e+01 -1.987645e+00 -3.200301e+00 -2.488477e+00 -3.461094e-01 2.407688e+00 1.471780e+00 8.927341e-01 1.832550e+00 2.091758e+00 7.760972e-01 7.123498e-01 9.432073e-01 1.140069e+00 3.678181e-01 -1.799776e+00 -7.843046e-01 -1.602950e+00 -7.787553e-01 -6.642942e-01 2.775697e-01 6.005220e-01 1.732034e-01 9.210164e-01 1.707761e-01 2.998132e-01 2.639718e+00
<VARIANCE> 39
 1.277349e+01 1.186126e+01 1.499073e+01 1.633539e+01 2.606674e+01 2.909674e+01 2.979739e+01 2.672994e+01 2.502632e+01 2.229739e+01 1.928243e+01 2.049042e+01 8.154440e+00 1.852470e+00 5.037720e+00 4.510837e+00 4.777083e+00 4.996905e+00 4.995496e+00 5.407826e+00 5.719319e+00 4.434334e+00 4.473289e+00 3.984066e+00 2.856402e+00 5.911766e+00 4.715704e-01 6.439593e-01 8.687102e-01 7.579097e-01 8.549221e-01 8.210573e-01 1.051478e+00 1.098616e+00 7.007852e-01 8.067561e-01 7.298574e-01 5.421650e-01 7.031338e-01
<GCONST> 1.253924e+02
<MIXTURE> 2 2.049114e-01
<MEAN> 39
 -4.262318e+00 6.564842e+00 3.867895e+00 1.174259e+01 5.574307e+00 -3.896979e+00 -2.051639e+00 -3.325582e+00 -2.300177e+00 -3.287024e+00 -4.067363e-01 2.521136e-02 -1.109138e+01 -1.131910e+00 -1.945502e+00 -2.864012e+00 -8.705201e-01 2.687410e+00 2.013087e+00 1.570300e-01 1.489592e-01 1.750733e+00 1.391250e+00 1.520687e-02 -5.795733e-02 9.537882e-01 8.659860e-01 -7.635420e-01 -4.302858e-01 -1.435242e+00 -9.640416e-01 1.077791e-01 1.689281e-01 5.940178e-02 7.424722e-02 6.904925e-01 3.039147e-01 2.591096e-02 1.647100e+00
<VARIANCE> 39
 4.355121e+01 5.162804e+01 6.279100e+01 5.675905e+01 5.319628e+01 6.714365e+01 6.078206e+01 7.394226e+01 5.267555e+01 3.492953e+01 3.509467e+01 2.439977e+01 2.150869e+01 3.162859e+00 7.719143e+00 5.319137e+00 6.027651e+00 6.551630e+00 8.325933e+00 6.017030e+00 1.141858e+01 5.624086e+00 6.552621e+00 4.046215e+00 3.936669e+00 4.793458e+00 8.695026e-01 1.254650e+00 1.377235e+00 1.890326e+00 1.193712e+00 1.370901e+00 1.464850e+00 1.529707e+00 1.052755e+00 1.139863e+00 1.216889e+00 6.686777e-01 9.358985e-01
<GCONST> 1.465910e+02
<MIXTURE> 3 1.834337e-01
<MEAN> 39
 -9.054941e+00 4.338787e+00 1.910364e+00 1.085909e+01 7.447496e+00 5.648717e+00 3.940641e+00 2.006728e+00 4.360931e+00 2.640142e+00 3.432990e+00 1.333934e+00 -2.067728e+01 -4.743049e-01 -1.123499e+00 -9.410968e-01 -2.746944e-01 2.406818e-01 6.056432e-01 7.101154e-01 9.121463e-01 8.339483e-01 7.341771e-01 5.214112e-01 4.608171e-01 -2.089016e-01 5.930265e-01 -4.742877e-01 -1.111511e-01 -8.334266e-01 -7.149820e-01 -9.281802e-01 -3.936805e-01 -3.449764e-01 -3.597731e-01 -6.844378e-02 -2.804004e-01 -4.187569e-02 2.355207e+00
<VARIANCE> 39
 9.587913e+00 1.347995e+01 1.641796e+01 2.133167e+01 2.236384e+01 2.185034e+01 2.432708e+01 2.670164e+01 1.961192e+01 1.800508e+01 2.473821e+01 1.480869e+01 1.013378e+01 3.506603e+00 4.006640e+00 5.548636e+00 4.335104e+00 3.813275e+00 3.745689e+00 3.878295e+00 5.193494e+00 4.373272e+00 2.839927e+00 3.012201e+00 2.221060e+00 6.397296e+00 5.581207e-01 6.914508e-01 7.816523e-01 7.360983e-01 8.681739e-01 7.680665e-01 6.651416e-01 7.163232e-01 5.490084e-01 6.129839e-01 4.968944e-01 4.128232e-01 1.853238e+00
<GCONST> 1.222045e+02
<MIXTURE> 4 3.037138e-01
<MEAN> 39
 3.345381e+00 1.070338e+01 4.737716e+00 7.900615e+00 -1.844110e+00 -2.132655e+00 1.186995e+00 -6.066420e+00 -6.958523e+00 -2.746575e+00 -6.906412e-01 -3.525030e+00 -1.236666e+01 -8.829631e-01 -1.194554e+00 -1.251103e+00 1.823061e-02 2.339001e+00 4.292556e-01 -7.009683e-01 3.627234e-01 1.576378e+00 1.341320e-01 -4.656644e-01 7.656164e-01 3.814507e-01 -1.400689e-01 -1.120110e+00 -2.169630e-01 -4.631594e-01 5.550567e-02 -1.512902e-01 -2.059164e-01 4.110501e-01 1.868396e-01 3.750593e-01 1.745130e-01 2.856962e-01 1.321172e+00
<VARIANCE> 39
 9.667679e+00 1.457912e+01 3.746931e+01 3.223060e+01 3.874760e+01 2.941273e+01 4.507990e+01 4.766080e+01 4.548867e+01 3.281947e+01 3.730216e+01 2.582883e+01 1.867945e+01 1.760233e+00 5.172784e+00 4.281354e+00 3.478915e+00 4.931409e+00 5.109521e+00 5.068015e+00 5.718421e+00 4.977213e+00 3.977843e+00 4.129084e+00 2.754040e+00 2.686263e+00 2.721259e-01 5.208232e-01 6.009597e-01 6.433121e-01 6.977006e-01 6.736238e-01 1.013663e+00 8.880679e-01 8.961322e-01 7.190664e-01 6.418008e-01 4.738356e-01 6.721919e-01
<GCONST> 1.276561e+02
<STATE> 4
<NUMMIXES> 4
<MIXTURE> 1 3.294630e-01
<MEAN> 39
 -2.959448e+00 -5.469848e+00 -4.504396e+00 7.728548e+00 9.422428e+00 5.908101e-01 -5.434706e-01 5.571544e-01 2.977813e+00 4.950653e-01 -2.921867e-01 8.531436e-01 -5.328368e+00 -4.867433e-01 -4.582489e+00 -3.231059e+00 -2.232346e+00 1.361033e+00 -4.063405e-01 -3.569714e-01 1.838101e+00 2.308998e+00 1.647141e+00 1.959942e-01 9.669215e-01 4.750918e+00 8.803399e-01 1.268846e+00 9.114309e-01 -5.904934e-01 -1.357323e+00 -7.082823e-01 -2.206868e-01 -6.901049e-01 -7.659501e-01 2.103998e-01 -1.345010e-01 -3.404804e-01 3.610222e-01
<VARIANCE> 39
 2.482079e+01 3.328134e+01 5.678200e+01 5.841019e+01 5.579480e+01 5.118675e+01 5.333683e+01 5.002570e+01 4.200787e+01 3.827162e+01 3.202707e+01 2.156903e+01 2.996937e+01 3.447089e+00 4.376515e+00 5.059635e+00 5.686123e+00 6.394058e+00 7.332200e+00 7.971904e+00 7.481304e+00 5.548363e+00 4.860888e+00 3.896206e+00 3.188307e+00 4.249435e+00 6.957008e-01 5.917211e-01 7.366422e-01 1.491950e+00 9.676428e-01 9.446914e-01 1.137784e+00 1.286270e+00 7.718338e-01 1.009317e+00 9.695973e-01 6.176022e-01 5.050327e-01
<GCONST> 1.389899e+02
<MIXTURE> 2 1.700225e-01
<MEAN> 39
 -9.541387e+00 4.358551e+00 1.705650e+00 1.148929e+01 7.634966e+00 6.209502e+00 4.126547e+00 2.630491e+00 5.774734e+00 3.109507e+00 4.246481e+00 1.788566e+00 -2.071126e+01 8.198220e-01 -3.684729e+00 -2.345595e+00 -2.954559e+00 -5.977696e-01 -1.397494e+00 -2.760549e-01 -1.091608e-02 3.225271e-01 1.006013e+00 2.576642e-02 6.067693e-01 6.341138e+00 1.031386e+00 -3.848337e-02 7.543034e-02 -1.038713e+00 -8.022245e-01 -1.151065e+00 -6.746240e-01 -7.080737e-01 -7.278998e-01 -2.175654e-01 -6.027840e-01 -2.041028e-01 2.217444e+00
<VARIANCE> 39
 9.699880e+00 1.381180e+01 1.677260e+01 2.281736e+01 1.937096e+01 2.710942e+01 2.555962e+01 2.635693e+01 2.320157e+01 1.865340e+01 2.085462e+01 1.343655e+01 1.341083e+01 2.789164e+00 4.531796e+00 7.718091e+00 4.484024e+00 5.523981e+00 5.250066e+00 6.087079e+00 4.971280e+00 4.846926e+00 3.933395e+00 3.488820e+00 2.514810e+00 3.081522e+00 5.248666e-01 5.307232e-01 6.037866e-01 5.266364e-01 7.938690e-01 8.857189e-01 7.967359e-01 8.281202e-01 6.230097e-01 5.587816e-01 5.636771e-01 3.181833e-01 7.716848e-01
<GCONST> 1.224788e+02
<MIXTURE> 3 2.788140e-01
<MEAN> 39
 -7.536153e-01 3.996833e+00 -5.501666e-01 5.666137e+00 5.586782e+00 -1.507013e+00 -2.776685e-01 -4.235626e+00 -3.365827e+00 3.299827e-01 -1.230559e+00 -7.517337e-01 -6.605966e+00 6.620652e-02 -1.654844e+00 -1.587774e+00 -2.189159e+00 4.090887e-01 6.910299e-01 -1.510080e-01 -4.340196e-01 7.958509e-01 1.476476e+00 3.234313e-01 4.396419e-01 3.167956e+00 6.284530e-01 -2.049834e-01 4.424993e-01 -4.884456e-01 -1.030634e+00 -3.740298e-01 -2.361052e-01 3.403748e-01 -1.787234e-01 -2.316183e-01 4.791262e-01 1.079415e-01 8.567005e-01
<VARIANCE> 39
 3.304530e+01 3.322136e+01 7.297871e+01 3.794007e+01 7.508703e+01 6.600697e+01 6.062941e+01 4.748549e+01 6.218562e+01 3.671720e+01 2.998630e+01 2.348610e+01 2.531805e+01 4.747392e+00 3.917167e+00 6.904092e+00 5.938006e+00 6.364850e+00 7.822365e+00 6.555795e+00 7.262358e+00 5.301776e+00 5.489064e+00 4.291945e+00 3.224219e+00 3.339133e+00 5.604180e-01 5.934182e-01 9.011467e-01 8.762085e-01 1.206632e+00 1.299841e+00 1.270418e+00 9.474558e-01 1.089341e+00 1.015116e+00 8.069379e-01 6.207890e-01 3.856878e-01
<GCONST> 1.399662e+02
<MIXTURE> 4 2.217006e-01
<MEAN> 39
 -1.681502e+00 1.078059e+01 4.841631e+00 1.220310e+01 5.226985e+00 1.287790e+00 -4.893706e-01 -5.270383e+00 -3.462013e+00 -3.236370e+00 -1.846980e+00 -1.808239e+00 -1.725620e+01 -1.154517e+00 -5.167825e+00 -3.518776e+00 -2.717875e+00 1.581246e+00 1.286639e-01 3.818297e-01 1.859054e+00 1.915683e+00 1.697516e+00 5.917564e-01 1.170456e+00 4.732480e+00 5.409138e-01 -7.098739e-01 -5.341924e-02 -1.059766e+00 -9.066497e-01 -8.159255e-01 -2.014928e-01 1.609795e-01 -1.725854e-01 5.011634e-01 2.363373e-01 1.136179e-01 1.863274e+00
<VARIANCE> 39
 1.853561e+01 1.805832e+01 2.584481e+01 2.230705e+01 3.502061e+01 3.612688e+01 3.239025e+01 3.098857e+01 3.052626e+01 2.617572e+01 2.334724e+01 1.872648e+01 1.352684e+01 2.677401e+00 3.738440e+00 6.291921e+00 5.323167e+00 7.082536e+00 6.413591e+00 6.724850e+00 7.050972e+00 5.112384e+00 4.240604e+00 4.168012e+00 3.592978e+00 2.322538e+00 5.305523e-01 4.021689e-01 5.772865e-01 6.971041e-01 5.611767e-01 7.101796e-01 7.532533e-01 8.473716e-01 6.389363e-01 7.327135e-01 6.341132e-01 3.613599e-01 3.749640e-01
<GCONST> 1.263486e+02
<STATE> 5
<NUMMIXES> 4
<MIXTURE> 1 2.718147e-01
<MEAN> 39
 -6.301219e-01 -3.769181e+00 -1.382337e+01 1.151479e+00 9.676330e+00 2.790475e+00 -2.098056e+00 -4.803060e+00 3.775786e+00 4.640339e+00 1.140986e+00 -3.178020e-01 -1.005678e+00 1.530757e+00 -1.042325e+00 -1.676045e+00 -2.613847e+00 -2.239515e-01 -2.856989e-02 -7.053050e-01 -6.646455e-01 3.050511e-01 1.096105e+00 6.029229e-01 4.669402e-03 3.352840e+00 6.266188e-01 1.462969e+00 1.990092e+00 3.508060e-01 -1.125880e+00 -7.969912e-01 -2.258255e-01 -9.521675e-03 -9.744106e-01 -7.424193e-01 -2.473228e-02 -2.479738e-02 -7.244695e-01
<VARIANCE> 39
 1.721482e+01 5.066778e+01 3.848973e+01 6.039101e+01 5.370807e+01 5.296631e+01 7.077056e+01 5.405228e+01 6.172058e+01 4.765994e+01 4.061165e+01 2.540125e+01 1.980769e+01 4.071020e+00 4.799094e+00 6.482200e+00 7.685209e+00 5.364465e+00 5.173249e+00 5.716565e+00 5.231997e+00 5.050880e+00 4.265889e+00 3.941475e+00 2.619628e+00 3.381517e+00 5.728611e-01 8.112737e-01 8.423734e-01 1.739118e+00 1.308839e+00 1.327049e+00 1.575898e+00 1.374290e+00 1.172759e+00 1.292427e+00 9.938116e-01 7.692021e-01 6.002225e-01
<GCONST> 1.411162e+02
<MIXTURE> 2 2.363767e-01
<MEAN> 39
 -2.889347e+00 -9.730068e+00 -7.023711e+00 4.224286e+00 9.338739e+00 -7.480785e+00 -1.116759e+00 4.313641e+00 2.353408e+00 2.063461e+00 -1.823221e+00 3.434849e+00 2.231784e+00 2.840340e-01 -1.914017e+00 -1.255951e+00 -1.613916e+00 -3.040942e-02 -2.252148e+00 -7.980281e-01 1.110235e+00 8.720268e-01 9.990397e-01 -3.632589e-01 4.252633e-01 4.156164e+00 7.112999e-01 2.117097e+00 1.263596e+00 1.985806e-01 -1.190511e+00 2.952059e-01 -2.722498e-01 -1.095996e+00 -8.154346e-01 -3.301476e-01 1.027917e-01 -6.886702e-01 -1.072665e+00
<VARIANCE> 39
 1.706607e+01 3.052266e+01 2.422007e+01 3.428333e+01 4.277192e+01 3.562454e+01 5.006071e+01 3.749591e+01 4.583191e+01 4.045262e+01 3.387875e+01 2.181070e+01 1.535181e+01 6.416832e+00 5.723338e+00 3.553440e+00 3.546291e+00 4.956639e+00 5.677918e+00 5.807699e+00 5.497959e+00 4.501206e+00 4.200180e+00 3.468421e+00 2.387128e+00 4.690068e+00 7.418237e-01 7.026091e-01 6.039551e-01 1.185542e+00 1.086146e+00 9.235929e-01 1.276062e+00 1.263771e+00 1.049044e+00 9.839928e-01 9.138710e-01 7.580497e-01 5.203098e-01
<GCONST> 1.344261e+02
<MIXTURE> 3 2.743642e-01
<MEAN> 39
 -6.979108e+00 -4.079153e+00 2.465404e+00 2.322976e-01 -3.224425e-01 -3.927083e-01 3.560297e+00 -1.963064e+00 1.037076e+00 2.519376e+00 1.257892e+00 2.156397e+00 3.658812e+00 8.740062e-01 -9.122560e-01 7.221289e-01 -3.217875e+00 -2.647089e+00 -1.734129e+00 -8.246272e-01 -2.986066e-01 -3.660855e-01 3.597674e-01 -1.167114e-02 3.740006e-01 5.618229e+00 1.072667e+00 1.166205e+00 5.756543e-01 3.213668e-01 -4.556597e-01 -2.942858e-01 -6.332105e-01 8.770211e-04 -5.766204e-01 -3.917650e-01 -1.743502e-01 -4.358434e-01 -1.115916e+00
<VARIANCE> 39
 1.978759e+01 3.089383e+01 3.068041e+01 4.578405e+01 3.483775e+01 4.988057e+01 4.034133e+01 3.963767e+01 6.043535e+01 3.420020e+01 3.601068e+01 1.848457e+01 2.738803e+01 4.456440e+00 5.086057e+00 4.131875e+00 4.703265e+00 4.032315e+00 4.824084e+00 5.201426e+00 4.766733e+00 4.800074e+00 4.485815e+00 3.633316e+00 2.600365e+00 4.891326e+00 5.899082e-01 8.136982e-01 8.487320e-01 9.436164e-01 1.147228e+00 1.159953e+00 1.187151e+00 9.466319e-01 1.349776e+00 1.057173e+00 1.176872e+00 5.467522e-01 7.734572e-01
<GCONST> 1.358960e+02
<MIXTURE> 4 2.174444e-01
<MEAN> 39
 3.340627e+00 3.773752e+00 6.515349e-01 1.533963e+00 3.127738e-01 -2.522874e+00 -2.188440e+00 -4.355704e+00 -4.074337e+00 3.464161e-01 1.726236e+00 -1.352445e-01 -1.176220e+00 1.391649e+00 -1.080855e+00 -6.537082e-01 -2.423129e+00 -1.111030e+00 -1.200785e-01 -5.448300e-01 2.728889e-01 -2.845704e-02 5.139390e-01 4.719510e-01 6.663331e-02 2.849905e+00 6.260815e-02 -1.070441e-01 5.917485e-02 9.234317e-02 -6.738800e-02 -4.012245e-02 -1.543917e-02 2.652067e-01 9.186760e-02 -1.747324e-01 -9.867319e-02 -1.200138e-01 -2.189520e-01
<VARIANCE> 39
 2.787871e+01 3.499532e+01 6.887348e+01 6.510930e+01 5.930918e+01 7.167403e+01 6.361141e+01 7.469192e+01 5.675184e+01 3.960368e+01 3.672075e+01 3.347884e+01 2.297526e+01 2.730240e+00 3.728172e+00 3.920932e+00 6.590442e+00 5.562356e+00 8.005496e+00 5.859802e+00 7.268680e+00 5.238077e+00 4.881656e+00 5.299587e+00 3.808152e+00 2.773494e+00 4.836960e-01 5.165519e-01 6.464436e-01 8.780200e-01 8.443021e-01 1.073812e+00 9.457877e-01 1.213388e+00 7.902641e-01 8.209352e-01 8.049621e-01 6.445963e-01 3.628989e-01
<GCONST> 1.381264e+02
<TRANSP> 6
 0.000000e+00 1.000000e+00 0.000000e+00 0.000000e+00 0.000000e+00 0.000000e+00
 0.000000e+00 4.639932e-01 5.360067e-01 0.000000e+00 0.000000e+00 0.000000e+00
 0.000000e+00 0.000000e+00 3.927499e-01 6.072501e-01 0.000000e+00 0.000000e+00
 0.000000e+00 0.000000e+00 0.000000e+00 1.947336e-01 8.052664e-01 0.000000e+00
 0.000000e+00 0.000000e+00 0.000000e+00 0.000000e+00 3.403322e-01 6.596677e-01
 0.000000e+00 0.000000e+00 0.000000e+00 0.000000e+00 0.000000e+00 0.000000e+00
<ENDHMM>
