~o
<STREAMINFO> 1 39
<VECSIZE> 39<NULLD><MFCC_D_A_Z_0><DIAGC>
~h "hv"
<BEGINHMM>
<NUMSTATES> 6
<STATE> 2
<NUMMIXES> 4
<MIXTURE> 1 2.050857e-01
<MEAN> 39
 -1.195638e+00 5.449129e+00 1.342693e+01 2.953019e-01 -6.373937e+00 -2.939767e-01 6.997750e+00 -1.740386e+00 -5.987550e+00 4.461036e+00 -1.377759e-01 2.797966e-01 3.642161e+00 -4.777190e-01 4.073947e-01 -1.018652e+00 4.633920e-01 1.185756e+00 4.372046e-01 2.004473e+00 4.740196e-01 1.491442e+00 5.349928e-01 -4.606627e-01 5.701424e-01 -4.142053e-01 2.184930e-01 -7.143624e-01 -9.414066e-02 -9.310741e-02 -3.069565e-01 -1.598177e-01 -4.856324e-01 2.665524e-01 -9.095170e-02 -6.131402e-01 1.171547e-01 -1.717114e-01 3.947815e-01
<VARIANCE> 39
 9.057739e+00 1.097973e+01 1.675824e+01 2.287693e+01 2.269777e+01 3.204496e+01 3.533768e+01 3.891746e+01 2.607664e+01 2.686485e+01 2.071621e+01 1.785841e+01 1.436169e+01 5.683841e-01 1.534205e+00 1.746553e+00 1.434591e+00 2.009377e+00 2.085300e+00 2.957988e+00 3.007061e+00 2.041632e+00 3.052794e+00 1.709577e+00 1.935641e+00 6.009651e-01 1.008633e-01 1.850660e-01 2.127606e-01 2.625876e-01 3.395962e-01 2.727005e-01 3.828385e-01 4.433763e-01 4.224300e-01 3.831286e-01 2.923502e-01 3.143990e-01 8.030495e-02
<GCONST> 1.003400e+02
<MIXTURE> 2 2.316146e-01
<MEAN> 39
 -1.770795e+00 7.507119e+00 1.153896e+01 -8.304309e+00 -6.289267e+00 1.555892e+00 -2.493383e+00 -1.106269e+01 -7.936324e-01 -2.951638e+00 -5.936886e+00 2.566162e-01 4.381940e+00 -5.303466e-01 -2.917197e-01 -1.019487e+00 1.059886e+00 1.098377e+00 1.507075e+00 1.761058e+00 1.852832e-01 1.678690e-01 -1.394419e+00 1.463199e-01 -6.780257e-01 -1.578980e-01 1.687611e-02 -6.816180e-01 -9.055941e-02 -1.327507e-01 -2.451660e-02 -4.151512e-02 2.555231e-01 3.404519e-01 -3.950171e-01 1.520149e-01 -1.388917e-01 -1.475571e-01 3.098745e-01
<VARIANCE> 39
 7.296735e+00 1.476645e+01 1.924249e+01 3.065064e+01 3.015040e+01 2.545229e+01 3.997016e+01 2.569960e+01 3.394861e+01 3.371622e+01 2.855689e+01 1.925486e+01 1.060199e+01 5.894313e-01 1.741161e+00 1.229859e+00 1.940083e+00 2.475394e+00 2.522707e+00 3.430733e+00 2.650886e+00 2.713654e+00 2.641501e+00 2.745541e+00 2.107905e+00 5.253191e-01 1.022796e-01 1.907507e-01 2.092099e-01 3.178477e-01 4.128104e-01 3.882592e-01 3.956922e-01 4.331962e-01 4.480126e-01 3.751463e-01 4.719909e-01 3.440861e-01 6.437200e-02
<GCONST> 1.034584e+02
<MIXTURE> 3 3.524004e-01
<MEAN> 39
 1.687614e+00 -1.013354e+00 1.235068e+00 4.343463e+00 4.139899e+00 1.144067e+00 2.737557e+00 2.075899e+00 -1.565081e-01 -4.613058e+00 -4.017569e+00 1.110802e+00 2.517468e+00 -8.420804e-01 -8.141433e-01 2.400587e-01 9.646336e-01 1.196826e+00 9.193996e-01 1.280113e+00 7.629407e-01 2.360799e-01 -7.736100e-01 -8.841740e-02 3.944778e-01 6.541739e-02 1.597740e-01 -4.534326e-02 -5.964107e-02 -4.363360e-01 -3.800487e-01 -1.562219e-01 -2.608585e-01 -3.741483e-01 -1.595826e-01 2.959495e-01 2.056588e-01 -2.489423e-01 1.352660e-01
<VARIANCE> 39
 2.397224e+01 2.502668e+01 4.021208e+01 3.487152e+01 4.819304e+01 5.046349e+01 6.458590e+01 7.112497e+01 4.684607e+01 5.327591e+01 4.009049e+01 3.119811e+01 1.749928e+01 2.370820e+00 2.202425e+00 4.623207e+00 3.257680e+00 5.532960e+00 3.390894e+00 6.006595e+00 4.858268e+00 5.239636e+00 4.043923e+00 4.090724e+00 3.852965e+00 1.233719e+00 2.908250e-01 3.721916e-01 4.122367e-01 6.099406e-01 6.006173e-01 6.332845e-01 9.917307e-01 8.834945e-01 6.938691e-01 7.917699e-01 7.254229e-01 5.528714e-01 2.212316e-01
<GCONST> 1.283323e+02
<MIXTURE> 4 2.108993e-01
<MEAN> 39
 1.203784e+00 -1.669599e+00 7.996444e+00 9.285343e-01 -4.630137e+00 5.651732e-01 4.438914e+00 -1.097785e+00 -8.085143e+00 -5.715892e+00 -2.002020e+00 -2.112356e+00 4.014777e+00 -1.112931e+00 -8.969741e-02 9.304048e-01 -5.816466e-01 8.679251e-02 1.869300e+00 1.309552e+00 -1.120147e+00 -2.078236e-02 4.178204e-02 -2.428361e-01 -5.856923e-01 2.919735e-01 1.750359e-01 9.263942e-02 -5.390017e-01 -1.281751e-02 1.973101e-01 -1.931259e-01 -3.582134e-01 -2.188405e-01 5.307209e-01 2.655179e-01 -1.187526e-01 1.283764e-01 -5.690365e-02
<VARIANCE> 39
 1.538481e+01 1.836419e+01 3.133015e+01 3.972100e+01 2.785889e+01 4.737355e+01 4.030715e+01 6.777596e+01 3.948502e+01 3.443498e+01 3.834730e+01 2.748808e+01 1.149750e+01 1.506356e+00 2.542940e+00 3.311296e+00 2.864851e+00 3.185294e+00 3.676178e+00 4.410701e+00 5.607497e+00 3.814575e+00 3.124624e+00 3.572618e+00 1.934180e+00 1.283103e+00 1.945223e-01 1.826487e-01 3.440874e-01 5.264992e-01 5.334538e-01 6.430133e-01 7.869660e-01 8.338119e-01 5.376309e-01 5.393251e-01 6.505799e-01 4.040755e-01 1.702133e-01
<GCONST> 1.192030e+02
<STATE> 3
<NUMMIXES> 4
<MIXTURE> 1 2.104554e-01
<MEAN> 39
 -1.949368e+00 4.435859e+00 1.191740e+01 3.470732e-02 -5.325972e+00 8.583104e-01 8.769845e+00 -1.672749e+00 -3.548999e+00 3.248527e+00 -5.157170e-01 3.140363e-01 4.748063e+00 4.383684e-01 -7.750893e-01 -1.211515e+00 -2.649716e-01 -3.970926e-01 -3.241635e-01 7.697397e-01 8.964100e-01 5.821733e-01 -6.140828e-01 -2.125096e-01 -1.651271e-01 7.211780e-01 3.881624e-01 -5.273733e-01 -3.360456e-01 -2.570982e-01 -3.469156e-01 -3.832013e-01 -6.495770e-01 2.694902e-01 -2.158537e-01 -3.364204e-01 -6.133172e-02 -1.195411e-01 4.053158e-01
<VARIANCE> 39
 7.188364e+00 1.183409e+01 1.347478e+01 2.246585e+01 2.483014e+01 3.360191e+01 3.714434e+01 5.601552e+01 2.529120e+01 2.626783e+01 2.710107e+01 2.250365e+01 1.233479e+01 3.716523e-01 9.231970e-01 1.473657e+00 1.110982e+00 1.833760e+00 1.440481e+00 2.140140e+00 2.372733e+00 1.761354e+00 2.421825e+00 1.643893e+00 1.487625e+00 3.079116e-01 1.036428e-01 2.798244e-01 2.877618e-01 2.679245e-01 4.268085e-01 3.290678e-01 5.586356e-01 5.793754e-01 5.048347e-01 4.206341e-01 3.304004e-01 3.588923e-01 9.896424e-02
<GCONST> 9.962276e+01
<MIXTURE> 2 2.004606e-01
<MEAN> 39
 -3.918076e+00 3.544896e+00 8.766367e+00 -6.046443e+00 -3.323288e+00 6.242127e+00 5.296159e+00 -8.970589e+00 -1.109562e+00 -5.861735e+00 -6.093606e+00 -2.774128e+00 5.161398e+00 -1.506229e-01 -1.327596e+00 -1.160104e+00 4.464701e-01 5.183148e-01 7.235658e-01 1.411234e+00 3.809095e-01 -6.731555e-01 -1.046293e+00 -2.528195e-01 -6.117527e-01 5.399894e-01 4.388946e-01 -8.498467e-02 -5.556466e-02 -2.759546e-01 -4.448195e-01 -6.480672e-01 -5.371469e-01 8.698576e-04 -2.664064e-01 2.945125e-01 -3.420766e-03 2.098543e-01 1.957213e-01
<VARIANCE> 39
 7.786955e+00 1.340716e+01 1.912450e+01 2.938196e+01 3.158487e+01 3.813561e+01 5.915432e+01 3.220896e+01 3.121553e+01 1.996710e+01 2.552931e+01 2.015576e+01 1.215988e+01 4.670852e-01 7.162160e-01 8.740274e-01 9.504156e-01 1.670633e+00 1.924764e+00 2.172029e+00 1.785628e+00 2.257590e+00 1.948983e+00 1.893128e+00 1.509436e+00 1.832712e-01 8.057357e-02 2.225655e-01 2.317890e-01 3.337990e-01 4.346132e-01 5.364723e-01 5.084376e-01 4.798232e-01 4.070415e-01 3.820904e-01 4.125063e-01 3.471425e-01 5.774808e-02
<GCONST> 9.845401e+01
<MIXTURE> 3 3.560117e-01
<MEAN> 39
 -1.151978e+00 -2.386071e+00 2.668761e+00 3.645958e+00 4.063206e+00 3.111882e+00 8.299517e+00 4.329006e+00 8.890455e-01 -1.595699e+00 -1.724511e+00 1.912943e+00 2.059631e+00 3.075660e-01 3.884237e-02 9.682084e-04 -4.990240e-01 -2.915190e-01 9.863710e-02 3.043955e-02 -6.205011e-01 -2.099939e-01 -1.110598e-01 -2.169718e-01 -5.046586e-01 3.161006e-01 5.002778e-01 1.991751e-01 -1.598142e-01 -3.669932e-01 -4.969701e-01 -4.051013e-01 -6.612085e-01 -3.529782e-01 -2.391298e-01 -6.525291e-02 -4.047109e-02 -2.694783e-01 2.218367e-01
<VARIANCE> 39
 2.361992e+01 2.963399e+01 4.327618e+01 3.055702e+01 5.195730e+01 5.100100e+01 5.018576e+01 5.888964e+01 4.284522e+01 4.016522e+01 3.216645e+01 3.026527e+01 1.703028e+01 1.650370e+00 1.242332e+00 2.274439e+00 1.957881e+00 2.957584e+00 2.556752e+00 3.696942e+00 3.040152e+00 2.879400e+00 2.573898e+00 2.631139e+00 1.889940e+00 5.893641e-01 2.608511e-01 2.811565e-01 4.240533e-01 4.735151e-01 6.302589e-01 5.639296e-01 5.681687e-01 5.733585e-01 6.225694e-01 6.146252e-01 5.920247e-01 4.163047e-01 1.098514e-01
<GCONST> 1.172440e+02
<MIXTURE> 4 2.330723e-01
<MEAN> 39
 -2.760137e+00 -4.431440e+00 3.170129e+00 2.534452e+00 5.061409e+00 7.476767e+00 5.146478e+00 -3.662285e+00 -4.535139e+00 -8.396500e+00 -2.998224e+00 -3.171624e+00 4.804553e+00 6.840187e-02 -7.111788e-02 -3.411697e-01 -8.035032e-02 9.562018e-03 -1.011539e-01 -4.153654e-01 -4.655864e-01 -6.518176e-02 -1.455239e-01 -1.086575e-02 -2.270333e-01 1.317765e-01 6.148916e-01 2.949313e-01 -2.572678e-01 -3.738151e-01 -6.079627e-01 -6.537484e-01 -4.554661e-01 5.074419e-02 1.466533e-01 1.371211e-01 -2.126450e-01 1.360161e-01 6.673073e-02
<VARIANCE> 39
 1.459152e+01 1.619553e+01 3.711676e+01 3.803296e+01 6.609721e+01 3.441082e+01 4.940480e+01 4.169347e+01 4.785306e+01 3.202377e+01 2.440269e+01 2.331859e+01 9.705312e+00 1.045654e+00 9.774776e-01 9.537885e-01 1.510980e+00 2.020666e+00 2.395906e+00 2.065893e+00 1.873446e+00 2.459826e+00 2.152836e+00 1.789126e+00 1.411083e+00 2.390933e-01 1.244384e-01 1.176150e-01 3.166197e-01 3.591162e-01 3.374844e-01 3.862264e-01 4.746500e-01 4.358598e-01 4.440833e-01 4.577618e-01 3.708741e-01 3.326203e-01 5.129283e-02
<GCONST> 1.035183e+02
<STATE> 4
<NUMMIXES> 4
<MIXTURE> 1 3.246250e-01
<MEAN> 39
 1.239376e+00 1.136359e+00 5.962152e+00 3.988994e-01 -5.707510e+00 -1.868972e+00 9.885137e+00 2.972399e+00 -1.965431e+00 8.586976e-01 -1.919823e+00 1.082756e+00 6.967125e+00 1.007510e+00 -1.505782e+00 -1.704570e+00 -9.734397e-01 -4.503213e-01 -1.006131e+00 -5.938180e-01 7.367830e-01 2.552813e-01 -2.364458e-01 -4.688731e-01 -3.084402e-01 1.351649e+00 7.357826e-02 -4.999670e-01 -2.805585e-02 -1.491231e-01 -2.353934e-03 -6.035878e-02 -5.498661e-01 5.837044e-02 7.275490e-02 -8.968533e-02 5.860602e-02 -1.104959e-01 1.908437e-01
<VARIANCE> 39
 6.621643e+00 1.079064e+01 2.372860e+01 2.315995e+01 2.844287e+01 3.483290e+01 3.196459e+01 3.076044e+01 2.874837e+01 3.471054e+01 2.672714e+01 2.348008e+01 1.147484e+01 4.217391e-01 1.377686e+00 1.627784e+00 1.351204e+00 2.050444e+00 1.933593e+00 2.756584e+00 3.002086e+00 2.255450e+00 2.083248e+00 1.845203e+00 1.498627e+00 4.180717e-01 6.985807e-02 1.482590e-01 2.250358e-01 2.165426e-01 3.032986e-01 2.947391e-01 3.563344e-01 3.453955e-01 3.223374e-01 3.261616e-01 2.931747e-01 2.372181e-01 4.719665e-02
<GCONST> 9.718764e+01
<MIXTURE> 2 2.252222e-01
<MEAN> 39
 -1.537096e+00 3.621558e+00 9.154162e+00 -1.239120e+00 -1.926054e+00 5.411926e+00 6.188564e+00 -5.671967e+00 -2.384295e+00 -3.181670e+00 -4.167621e+00 -1.806273e+00 1.692786e+00 1.260447e+00 5.430029e-01 4.276535e-02 -1.549786e+00 -2.121320e+00 -1.364820e+00 -1.435595e+00 -7.253475e-01 -9.799132e-01 -6.618303e-02 -5.407162e-01 -1.541013e-01 8.788842e-01 2.631758e-01 -3.496942e-01 -3.208440e-01 -2.964724e-01 -3.324385e-01 -5.834444e-01 -3.537291e-01 3.509680e-01 -8.142106e-02 3.178845e-01 2.595181e-01 2.309370e-01 3.230312e-01
<VARIANCE> 39
 1.997239e+01 2.473091e+01 5.748967e+01 2.675630e+01 3.685316e+01 4.702122e+01 5.891485e+01 5.474293e+01 3.397826e+01 4.558006e+01 3.753676e+01 2.620259e+01 1.361866e+01 1.164539e+00 1.561947e+00 1.807603e+00 2.349769e+00 2.952535e+00 3.865410e+00 2.759036e+00 2.826887e+00 3.284994e+00 3.010617e+00 2.946351e+00 2.176510e+00 6.165832e-01 2.004177e-01 2.356155e-01 2.456961e-01 3.272198e-01 4.894508e-01 5.753373e-01 5.449472e-01 4.979485e-01 4.427283e-01 5.494940e-01 4.635305e-01 3.745367e-01 1.004240e-01
<GCONST> 1.141936e+02
<MIXTURE> 3 2.430278e-01
<MEAN> 39
 -1.353977e+00 1.763736e+00 5.249465e+00 -8.448541e+00 -6.871522e+00 3.749559e+00 3.526308e+00 -9.260524e+00 -4.710711e+00 -8.438040e+00 -7.731820e+00 -3.972501e+00 8.139050e+00 9.785498e-01 -1.443791e+00 -1.885417e+00 -2.476522e-01 -1.045747e-01 -1.414816e-01 1.306305e+00 8.138777e-01 -2.847173e-01 -2.176179e-01 1.714361e-01 1.042882e-01 1.062239e+00 2.202661e-01 -3.672571e-01 -6.753675e-02 1.253261e-01 1.804134e-01 -1.502279e-01 7.895761e-02 4.678477e-01 2.891030e-01 5.509211e-01 3.595434e-01 4.304469e-01 1.596984e-01
<VARIANCE> 39
 5.954540e+00 1.507538e+01 2.057719e+01 1.721312e+01 1.844115e+01 2.777048e+01 3.713994e+01 2.502762e+01 3.029398e+01 2.272564e+01 2.381333e+01 1.877330e+01 6.464810e+00 4.075283e-01 1.178696e+00 1.311772e+00 1.562369e+00 2.290219e+00 1.966954e+00 2.411349e+00 2.430408e+00 2.576594e+00 1.997049e+00 1.542002e+00 1.766756e+00 2.361459e-01 6.812929e-02 1.844697e-01 1.738791e-01 2.060367e-01 2.805999e-01 3.055162e-01 4.659329e-01 3.475234e-01 3.820198e-01 3.548136e-01 2.958827e-01 2.949653e-01 3.964740e-02
<GCONST> 9.442800e+01
<MIXTURE> 4 2.071251e-01
<MEAN> 39
 1.677655e+00 -4.154244e+00 -4.451669e-01 4.241141e+00 5.400630e+00 1.841862e+00 -5.997274e-01 -2.899437e+00 -3.624163e+00 -9.284002e+00 -4.803300e+00 -2.755204e+00 4.778089e+00 1.940818e+00 5.657805e-02 -1.796034e+00 -1.409080e+00 -1.122787e+00 -1.024617e+00 -1.546158e+00 -5.539519e-02 3.933693e-01 2.013299e-01 -3.124790e-01 -1.317452e-01 7.093740e-01 2.230596e-01 -3.202500e-01 -3.459531e-01 -4.443431e-01 -1.984547e-01 9.678826e-02 1.495735e-01 4.036267e-01 3.121900e-01 5.118586e-01 2.598915e-01 2.061738e-01 2.491255e-01
<VARIANCE> 39
 1.489484e+01 1.417755e+01 2.859663e+01 3.216605e+01 6.399121e+01 3.948129e+01 7.187389e+01 6.333708e+01 5.432829e+01 4.215183e+01 3.117979e+01 3.043004e+01 1.186745e+01 1.121236e+00 1.145041e+00 2.194127e+00 2.354577e+00 2.722307e+00 2.973509e+00 3.936811e+00 3.336494e+00 2.752011e+00 2.372596e+00 2.425912e+00 2.149484e+00 4.147180e-01 1.447896e-01 1.565624e-01 3.280959e-01 3.322922e-01 4.390019e-01 3.883296e-01 5.828331e-01 4.815804e-01 4.700118e-01 4.117538e-01 4.060602e-01 3.016149e-01 6.221662e-02
<GCONST> 1.108215e+02
<STATE> 5
<NUMMIXES> 4
<MIXTURE> 1 2.866606e-01
<MEAN> 39
 3.979603e+00 -5.045132e+00 2.354018e+00 -2.446424e+00 -6.129110e+00 -3.264082e+00 5.192687e+00 6.313454e+00 -1.367904e+00 3.513704e-01 -2.466127e+00 -4.011277e-01 1.097522e+01 7.529223e-01 -2.425194e+00 -8.842915e-01 -9.075273e-01 -8.971621e-01 -5.852598e-01 -1.436101e+00 9.467080e-01 8.396803e-01 -4.253126e-01 3.208634e-02 -5.437875e-01 1.436719e+00 -1.998897e-01 1.153507e-01 2.890137e-01 1.725755e-01 5.267552e-02 2.321765e-01 -1.784196e-02 -1.960475e-01 2.326483e-01 -6.852940e-02 8.125022e-02 -2.252997e-02 -2.528877e-01
<VARIANCE> 39
 1.084381e+01 1.919504e+01 2.156503e+01 1.999816e+01 3.159052e+01 3.056681e+01 3.737166e+01 2.279734e+01 3.171347e+01 2.637164e+01 2.813575e+01 1.958846e+01 1.074424e+01 6.749070e-01 1.653922e+00 2.104300e+00 1.484875e+00 2.276321e+00 2.054387e+00 2.482906e+00 2.514486e+00 2.616980e+00 1.961553e+00 2.071715e+00 1.699254e+00 6.363053e-01 1.115398e-01 2.568556e-01 2.269516e-01 2.313699e-01 3.076199e-01 2.823766e-01 3.184820e-01 2.799105e-01 3.409014e-01 2.493944e-01 2.896109e-01 1.849949e-01 9.189591e-02
<GCONST> 1.000446e+02
<MIXTURE> 2 2.107344e-01
<MEAN> 39
 7.508263e+00 -2.708559e+00 -6.777232e+00 -7.951726e-01 4.998748e+00 1.046718e+00 -1.774066e+00 -9.046081e-02 -1.846526e-01 -4.204298e+00 -3.729955e+00 -1.234315e+00 5.138900e+00 1.576197e+00 -1.124506e+00 -1.784888e+00 -1.853464e+00 -8.073370e-01 4.944897e-02 -1.230573e+00 1.775739e-01 5.334082e-01 6.840805e-01 5.839444e-01 -5.350649e-02 1.335514e+00 -4.279656e-01 -3.961395e-01 3.406246e-01 8.043932e-02 1.007334e-01 3.836636e-01 2.314537e-01 1.215033e-01 1.309588e-01 1.518983e-01 2.734989e-01 5.427153e-02 5.101707e-02
<VARIANCE> 39
 1.243053e+01 2.367166e+01 2.863048e+01 4.112855e+01 5.043847e+01 6.927921e+01 8.736194e+01 6.333227e+01 4.566204e+01 4.640258e+01 3.164413e+01 3.382142e+01 1.445163e+01 1.230233e+00 1.779683e+00 2.820230e+00 3.025812e+00 4.980394e+00 4.784426e+00 4.848044e+00 4.936092e+00 3.206578e+00 4.079740e+00 3.055980e+00 2.689893e+00 6.653358e-01 1.243468e-01 2.342345e-01 2.755081e-01 3.339324e-01 4.914651e-01 4.524040e-01 5.820046e-01 6.589834e-01 4.664060e-01 3.996546e-01 3.382444e-01 3.274009e-01 8.828299e-02
<GCONST> 1.173677e+02
<MIXTURE> 3 2.286536e-01
<MEAN> 39
 1.522413e+00 3.499207e+00 9.105192e+00 -5.044057e+00 -9.207036e+00 -9.146716e-01 2.618544e+00 -7.239285e+00 -5.771663e+00 -2.421916e+00 -4.096223e+00 -1.939870e+00 4.848534e+00 9.823778e-01 -9.657784e-01 -4.463487e-01 -1.194314e+00 -1.540303e+00 -1.893962e+00 -8.714734e-01 8.076467e-01 -3.735195e-01 9.673688e-01 3.048950e-01 3.757645e-01 1.274529e+00 -2.544201e-01 -4.498440e-01 -5.554155e-02 3.306023e-01 5.188978e-01 7.427028e-02 2.240126e-01 5.215058e-01 3.214605e-01 1.539250e-01 2.787436e-01 2.156726e-01 -1.928614e-02
<VARIANCE> 39
 1.094129e+01 2.034687e+01 3.294070e+01 3.612085e+01 2.351360e+01 4.521560e+01 4.724240e+01 3.722155e+01 2.840626e+01 4.499263e+01 4.139543e+01 2.465699e+01 1.090019e+01 1.124138e+00 1.701277e+00 2.152196e+00 2.716627e+00 2.444588e+00 3.651227e+00 4.184671e+00 3.418284e+00 3.266853e+00 3.435397e+00 2.701636e+00 2.183285e+00 7.042553e-01 1.362295e-01 2.561204e-01 2.166864e-01 3.094864e-01 3.313262e-01 3.733407e-01 5.971789e-01 4.233708e-01 3.986467e-01 4.755404e-01 4.999025e-01 3.295904e-01 1.036694e-01
<GCONST> 1.109260e+02
<MIXTURE> 4 2.739515e-01
<MEAN> 39
 2.232308e+00 -4.270236e+00 3.063458e-02 -6.297108e+00 -5.193669e+00 2.582475e+00 7.082691e+00 -5.198349e+00 -4.244722e+00 -6.409572e+00 -5.294269e+00 -1.436833e+00 1.104872e+01 7.573912e-01 -2.371573e+00 -1.297316e+00 3.446770e-01 4.879244e-01 -3.518977e-01 1.088517e+00 2.019814e+00 4.429777e-01 8.468997e-01 5.998369e-01 8.746675e-01 1.319478e+00 -2.404008e-01 -6.305072e-02 4.222785e-01 7.865585e-02 1.108075e-01 -2.389207e-02 -9.262060e-02 3.030097e-01 1.127279e-01 1.959361e-01 1.672247e-02 3.483352e-02 -4.305023e-02
<VARIANCE> 39
 5.721557e+00 1.706285e+01 1.752318e+01 2.796004e+01 2.454316e+01 3.943001e+01 3.376111e+01 2.833069e+01 3.304716e+01 2.914242e+01 2.501638e+01 2.407003e+01 4.994177e+00 5.732388e-01 1.444882e+00 1.428306e+00 1.972625e+00 1.982242e+00 2.230287e+00 2.796564e+00 2.666804e+00 2.334910e+00 2.011260e+00 1.969375e+00 1.723397e+00 4.031416e-01 8.859611e-02 1.767975e-01 1.719082e-01 2.765189e-01 2.694201e-01 3.220367e-01 3.245994e-01 3.073141e-01 3.500428e-01 2.831581e-01 2.865503e-01 2.760301e-01 3.733408e-02
<GCONST> 9.718442e+01
<TRANSP> 6
 0.000000e+00 1.000000e+00 0.000000e+00 0.000000e+00 0.000000e+00 0.000000e+00
 0.000000e+00 5.036849e-01 4.963152e-01 0.000000e+00 0.000000e+00 0.000000e+00
 0.000000e+00 0.000000e+00 5.730206e-01 4.269795e-01 0.000000e+00 0.000000e+00
 0.000000e+00 0.000000e+00 0.000000e+00 4.461454e-01 5.538546e-01 0.000000e+00
 0.000000e+00 0.000000e+00 0.000000e+00 0.000000e+00 4.617462e-01 5.382537e-01
 0.000000e+00 0.000000e+00 0.000000e+00 0.000000e+00 0.000000e+00 0.000000e+00
<ENDHMM>
