~o
<STREAMINFO> 1 39
<VECSIZE> 39<NULLD><MFCC_D_A_Z_0><DIAGC>
~h "jh"
<BEGINHMM>
<NUMSTATES> 6
<STATE> 2
<NUMMIXES> 4
<MIXTURE> 1 2.733556e-01
<MEAN> 39
 -1.266925e+01 -3.010764e+00 2.192617e+00 -4.491037e+00 2.029642e+00 6.086177e+00 -6.724191e-01 -6.116122e-01 3.400363e+00 -3.455323e-01 2.271662e+00 1.505656e+00 3.099706e+00 -3.560491e+00 1.094427e-02 7.639562e-01 -1.734210e+00 -1.154721e+00 1.663747e-01 8.212703e-01 5.931686e-01 8.521752e-01 5.554004e-01 8.815477e-01 6.057378e-01 4.141110e+00 1.048621e+00 1.328323e+00 7.932903e-01 1.414986e+00 -3.428999e-01 -7.935890e-01 4.886644e-02 -2.561210e-01 -6.566058e-01 -2.729399e-01 -4.672847e-01 -2.622384e-01 -1.139824e+00
<VARIANCE> 39
 2.129156e+01 2.596780e+01 2.374640e+01 2.456363e+01 3.334089e+01 3.051110e+01 3.217125e+01 3.030863e+01 2.912639e+01 2.424115e+01 2.491471e+01 1.469718e+01 1.391517e+01 3.483436e+00 3.681099e+00 3.315938e+00 3.983219e+00 3.694975e+00 2.799688e+00 2.357498e+00 3.517226e+00 2.565501e+00 2.353962e+00 2.135917e+00 1.626815e+00 3.023305e+00 9.243309e-01 5.080321e-01 5.161948e-01 5.498598e-01 9.984034e-01 1.014333e+00 7.870324e-01 7.573733e-01 7.366605e-01 5.302455e-01 4.963617e-01 3.768080e-01 4.692139e-01
<GCONST> 1.211050e+02
<MIXTURE> 2 3.086503e-01
<MEAN> 39
 -1.956896e+01 6.025757e+00 4.989570e+00 -3.284923e+00 8.084314e+00 5.965800e+00 5.469998e-01 4.670606e+00 3.500896e+00 1.769131e+00 5.873356e+00 9.323913e-01 2.919052e+00 -2.099160e+00 8.948707e-01 7.170049e-01 -6.015678e-01 -1.261347e+00 4.092233e-01 8.687105e-01 2.726246e-01 6.082122e-01 5.823727e-01 6.326364e-01 6.814403e-01 2.216568e+00 2.142696e+00 1.362860e-01 5.574408e-01 7.814908e-01 -1.175082e+00 -9.842172e-01 -4.882101e-01 -1.123508e+00 -8.845317e-01 -7.558058e-01 -8.972637e-01 -3.878688e-01 -9.744754e-01
<VARIANCE> 39
 1.655235e+01 2.081260e+01 3.586780e+01 2.828684e+01 2.345644e+01 3.314716e+01 2.576926e+01 2.180308e+01 2.278785e+01 1.899877e+01 1.870998e+01 1.441737e+01 1.522580e+01 3.706867e+00 4.132967e+00 3.926527e+00 2.450692e+00 2.579224e+00 2.891458e+00 2.142769e+00 2.691666e+00 2.660093e+00 2.576768e+00 2.577334e+00 1.749870e+00 2.603625e+00 6.545148e-01 5.444303e-01 6.623806e-01 6.276802e-01 6.306155e-01 7.749408e-01 5.443260e-01 5.011493e-01 5.806018e-01 4.486009e-01 3.688768e-01 3.741622e-01 3.789415e-01
<GCONST> 1.167422e+02
<MIXTURE> 3 2.317941e-01
<MEAN> 39
 -1.831297e+01 2.366180e+00 1.315599e+01 1.335853e+00 -4.578605e-01 7.911775e+00 2.092198e+00 -3.136960e+00 3.995843e+00 -3.127108e+00 -1.408067e-01 2.698478e+00 1.515806e+00 -2.190797e+00 5.749118e-01 1.015330e+00 -2.716194e-02 -1.157779e+00 -7.958931e-01 9.694341e-01 2.694517e-01 1.980376e-01 3.801752e-01 3.267641e-01 2.095261e-01 2.324440e+00 1.966407e+00 9.585891e-02 -5.040798e-01 4.998024e-01 -2.125255e-01 -1.125859e+00 -3.737310e-01 8.415895e-02 -5.656486e-01 -1.022652e-02 -1.192819e-01 -3.293823e-01 -6.583275e-01
<VARIANCE> 39
 3.520782e+01 2.826493e+01 1.848174e+01 2.261669e+01 2.076813e+01 3.115752e+01 3.713421e+01 2.526624e+01 2.605953e+01 2.759234e+01 2.249671e+01 1.518022e+01 1.190373e+01 3.441919e+00 3.219504e+00 3.318343e+00 3.754246e+00 3.251872e+00 3.175823e+00 2.660912e+00 2.268166e+00 2.074813e+00 1.895904e+00 1.682782e+00 1.372315e+00 2.386069e+00 8.324865e-01 4.825372e-01 4.926458e-01 5.044982e-01 5.128489e-01 8.138701e-01 6.353384e-01 5.533240e-01 4.906415e-01 5.212070e-01 4.131747e-01 3.446095e-01 3.808331e-01
<GCONST> 1.164548e+02
<MIXTURE> 4 1.862000e-01
<MEAN> 39
 -1.496021e+01 6.414544e+00 9.253766e+00 7.839228e-01 5.505023e+00 4.267346e+00 -1.113310e+00 -2.209394e+00 -6.688466e-02 -3.507883e+00 -1.972375e-01 -9.510633e-01 -3.688236e-01 -4.210781e+00 -4.635119e-01 -3.410348e-01 -1.175154e+00 8.220474e-01 1.754884e+00 1.615135e+00 1.465100e+00 1.505992e+00 1.526626e+00 1.774316e+00 8.146916e-01 2.354095e+00 1.369252e+00 -4.037436e-01 -2.546483e-01 -1.096512e-01 -1.076339e+00 -8.224643e-01 -1.303224e-01 1.875398e-01 -2.402500e-02 1.146019e-01 5.334376e-03 2.579876e-01 3.264367e-01
<VARIANCE> 39
 3.333057e+01 4.003229e+01 4.862392e+01 2.857261e+01 4.969244e+01 3.329921e+01 3.479770e+01 3.139306e+01 2.864900e+01 2.565418e+01 2.089330e+01 2.103417e+01 1.371451e+01 3.917801e+00 3.844169e+00 3.602484e+00 3.638894e+00 3.489488e+00 2.618304e+00 2.563016e+00 4.172981e+00 2.768098e+00 2.627673e+00 2.831409e+00 2.636774e+00 3.532579e+00 7.792087e-01 8.033332e-01 7.380092e-01 5.156605e-01 9.089382e-01 7.950240e-01 5.326177e-01 9.052237e-01 5.559333e-01 6.357856e-01 5.717597e-01 4.343539e-01 4.457464e-01
<GCONST> 1.252155e+02
<STATE> 3
<NUMMIXES> 4
<MIXTURE> 1 1.776629e-01
<MEAN> 39
 -1.520864e+01 8.027114e+00 1.294780e+01 -1.919563e-01 1.507143e+00 7.263544e-01 -1.754518e+00 -2.519657e+00 -1.336874e+00 -3.867443e+00 7.330634e-02 1.306158e+00 3.965889e+00 2.054183e+00 -1.530682e-01 6.395758e-01 2.630766e-01 -2.594073e+00 -2.519518e+00 -5.393209e-01 -4.380740e-01 -2.843072e-01 -1.412769e-01 1.776203e-01 4.663285e-01 1.417794e+00 2.012987e+00 -8.895261e-01 -6.215337e-01 1.621741e-01 -4.390232e-01 -4.149024e-01 -2.600581e-01 1.117501e-01 -6.679503e-02 6.338010e-02 -9.309717e-02 -1.076895e-01 -5.680288e-01
<VARIANCE> 39
 2.410848e+01 2.033064e+01 2.983411e+01 2.697769e+01 3.452982e+01 2.321090e+01 2.342128e+01 3.421025e+01 2.103102e+01 2.248083e+01 2.759796e+01 2.213952e+01 8.837712e+00 4.088032e+00 2.211705e+00 2.830195e+00 2.651150e+00 3.406080e+00 2.353732e+00 2.521176e+00 2.104711e+00 2.170966e+00 1.764228e+00 1.763059e+00 1.191362e+00 8.054951e-01 4.823260e-01 4.542209e-01 6.150081e-01 5.154138e-01 6.428928e-01 4.969027e-01 5.196159e-01 5.975962e-01 3.716912e-01 4.458537e-01 4.717509e-01 3.632668e-01 2.504489e-01
<GCONST> 1.126006e+02
<MIXTURE> 2 2.713185e-01
<MEAN> 39
 -2.075830e+01 4.881290e+00 9.053636e+00 -2.746312e+00 4.167715e+00 7.953277e+00 1.823377e+00 2.813842e+00 4.668247e+00 6.054128e-01 5.005519e+00 1.611493e+00 4.258330e+00 2.669540e+00 2.461800e-01 1.537126e+00 2.521643e-01 -3.278318e+00 -2.137111e+00 -7.273819e-01 -2.038815e+00 -1.352498e+00 -1.014856e+00 -1.036386e+00 -2.901885e-01 6.479499e-01 2.537081e+00 -5.552104e-01 -1.423401e-01 1.335713e-01 -8.546758e-01 -1.544089e+00 -7.085783e-01 -5.110703e-01 -9.310573e-01 -2.822186e-01 -5.246657e-01 -2.778555e-01 -5.630411e-01
<VARIANCE> 39
 1.285867e+01 1.700732e+01 2.433489e+01 1.995245e+01 2.784283e+01 2.626815e+01 1.822798e+01 2.424548e+01 2.208159e+01 2.278821e+01 1.629675e+01 1.527302e+01 8.361109e+00 3.780401e+00 2.116514e+00 2.604157e+00 2.219864e+00 3.146471e+00 2.704380e+00 2.805313e+00 1.944541e+00 1.878519e+00 1.801436e+00 1.382451e+00 1.403948e+00 1.490080e+00 5.424420e-01 6.060982e-01 5.726262e-01 5.296268e-01 5.319429e-01 6.899024e-01 4.390887e-01 6.378666e-01 5.304958e-01 5.372750e-01 4.404083e-01 4.136845e-01 2.861164e-01
<GCONST> 1.109609e+02
<MIXTURE> 3 2.524707e-01
<MEAN> 39
 -1.777597e+01 -1.198140e+00 9.575080e+00 2.260532e-01 -4.476439e+00 5.225867e+00 6.144021e+00 -2.240273e+00 3.284243e+00 8.208666e-01 2.787572e-01 1.487070e+00 5.513172e+00 2.168951e+00 5.631136e-01 6.284661e-01 1.471934e+00 -1.302720e+00 -3.041617e+00 -3.246690e-01 4.816138e-01 -9.552807e-01 -4.185698e-01 -5.377530e-02 -3.017506e-01 9.522901e-01 2.254355e+00 -6.251863e-02 -3.596664e-01 5.193928e-01 4.261627e-01 -8.534455e-01 -1.239643e+00 2.117484e-01 -4.154542e-01 -4.960007e-01 -5.481943e-02 -9.644527e-02 -8.963015e-01
<VARIANCE> 39
 2.067277e+01 1.768191e+01 2.871745e+01 4.613855e+01 2.345733e+01 3.074692e+01 3.047072e+01 3.357234e+01 2.592895e+01 2.108582e+01 2.121004e+01 1.956030e+01 1.063590e+01 5.567860e+00 1.884102e+00 2.804750e+00 2.740234e+00 2.921481e+00 2.880671e+00 3.804345e+00 2.275411e+00 2.835149e+00 2.036668e+00 1.903370e+00 1.453250e+00 1.406396e+00 5.589655e-01 6.140561e-01 6.974019e-01 7.999666e-01 7.507163e-01 7.957771e-01 6.886185e-01 7.644417e-01 6.479436e-01 4.869532e-01 4.142785e-01 3.977780e-01 4.690262e-01
<GCONST> 1.182420e+02
<MIXTURE> 4 2.985480e-01
<MEAN> 39
 -2.112037e+01 5.246058e+00 8.197110e+00 -2.156913e+00 5.295062e+00 7.595530e+00 2.180351e+00 2.742212e+00 3.607733e+00 6.351135e-01 3.823125e+00 9.977283e-01 4.074929e+00 -4.279192e-01 1.538153e-01 5.367980e-01 1.595335e-01 -5.369785e-01 1.216681e-02 5.336069e-01 1.359470e-01 8.772970e-02 6.526987e-02 -6.288350e-02 7.777574e-02 6.313705e-01 1.254802e+00 -2.164124e-01 -3.104307e-02 3.944713e-01 -2.782556e-01 -5.595034e-01 -3.414169e-01 -3.480514e-01 -2.871943e-01 -2.734573e-01 -3.288306e-01 -1.382526e-02 -7.171745e-01
<VARIANCE> 39
 1.081219e+01 2.303767e+01 3.268475e+01 1.886480e+01 2.747519e+01 2.686296e+01 2.401593e+01 2.098426e+01 1.688208e+01 2.351196e+01 2.030062e+01 1.358521e+01 1.133168e+01 1.971262e+00 1.985529e+00 2.677413e+00 1.644651e+00 1.498902e+00 2.247382e+00 1.854670e+00 1.383936e+00 1.633118e+00 1.559349e+00 1.371803e+00 1.446853e+00 1.396199e+00 5.171236e-01 3.614084e-01 4.882116e-01 4.118427e-01 3.575011e-01 3.481230e-01 3.383635e-01 2.921295e-01 3.232702e-01 3.226694e-01 2.978261e-01 2.810683e-01 3.273377e-01
<GCONST> 1.038979e+02
<STATE> 4
<NUMMIXES> 4
<MIXTURE> 1 3.191551e-01
<MEAN> 39
 -8.144405e+00 5.435040e+00 1.218999e+01 1.228222e+00 -5.008198e+00 -3.758443e+00 -1.302609e+00 -4.069246e+00 -1.437322e+00 -3.072207e+00 -2.732038e-01 1.011358e+00 6.199699e+00 5.655318e+00 -1.535672e+00 -1.839695e-01 4.511181e-01 -2.518275e+00 -3.713052e+00 -2.041496e+00 4.420616e-01 -1.145074e+00 -6.086398e-01 1.223601e-01 4.156257e-02 7.267555e-01 6.695954e-01 -9.289657e-01 -6.942642e-01 -2.407334e-01 5.538116e-01 3.681587e-01 -3.290610e-01 7.032280e-01 2.161554e-01 1.648597e-01 9.706722e-02 -6.968242e-02 -4.179727e-01
<VARIANCE> 39
 1.670398e+01 1.861014e+01 1.762948e+01 3.449911e+01 2.389643e+01 2.581087e+01 4.205334e+01 2.683759e+01 2.400028e+01 1.964455e+01 2.383665e+01 1.860004e+01 8.724153e+00 3.281395e+00 2.335069e+00 4.430533e+00 3.431138e+00 5.747875e+00 4.121808e+00 4.943166e+00 4.725868e+00 3.779546e+00 3.542896e+00 2.553917e+00 1.842312e+00 7.196061e-01 4.108968e-01 3.272960e-01 4.488493e-01 4.576578e-01 5.419688e-01 5.550344e-01 1.017817e+00 6.708614e-01 4.810089e-01 6.442081e-01 5.067023e-01 4.167834e-01 1.763376e-01
<GCONST> 1.169509e+02
<MIXTURE> 2 2.137379e-01
<MEAN> 39
 -1.470524e+01 4.505855e+00 1.099563e+01 -8.240144e-01 2.743778e-02 4.828433e+00 5.676253e-01 -1.333331e+00 1.839042e+00 -2.215240e+00 2.727401e+00 -4.894951e-01 3.825688e+00 6.198081e+00 -8.131906e-01 6.885975e-01 -2.034483e-01 -4.026901e+00 -4.508845e+00 -1.653912e+00 -1.815634e+00 -2.532117e+00 -8.107878e-01 -1.409941e+00 -2.665831e-01 5.952337e-01 1.310439e+00 -8.256342e-01 -5.033672e-01 -3.485250e-01 -2.230426e-02 -8.203793e-01 -2.909783e-01 4.799798e-01 -3.305727e-01 3.865269e-01 -7.172240e-02 2.013813e-01 -4.972366e-02
<VARIANCE> 39
 1.678710e+01 1.883803e+01 2.775505e+01 2.609354e+01 3.230241e+01 2.745545e+01 3.476390e+01 2.954276e+01 2.349463e+01 2.798581e+01 2.409866e+01 1.734037e+01 1.302063e+01 1.564801e+00 2.218574e+00 2.996654e+00 3.188468e+00 2.722939e+00 3.169385e+00 2.586966e+00 3.267514e+00 2.768180e+00 2.805308e+00 2.146283e+00 2.296204e+00 9.368398e-01 5.020931e-01 4.265001e-01 7.235913e-01 5.869447e-01 7.388904e-01 7.359993e-01 8.266408e-01 7.266217e-01 5.922117e-01 6.979043e-01 5.132129e-01 4.418401e-01 2.808103e-01
<GCONST> 1.170482e+02
<MIXTURE> 3 1.852646e-01
<MEAN> 39
 -1.771792e+01 4.816972e-01 8.130099e+00 9.027096e-01 -6.432256e-01 2.549486e+00 2.659102e+00 1.947379e+00 2.921162e+00 -7.383094e-01 1.546918e+00 2.215772e+00 3.926221e+00 2.516007e+00 -2.975831e-03 -9.001541e-01 1.417189e+00 6.055266e-01 -1.005458e+00 -4.392866e-01 -3.540768e-02 -1.217686e-01 1.671268e-01 -2.348364e-01 -1.988358e-01 -2.045422e+00 8.400800e-01 3.072796e-01 -4.098134e-01 3.150083e-01 5.059038e-01 3.662718e-01 -9.992297e-02 -3.131066e-01 -8.727114e-02 1.135987e-01 4.201367e-02 -8.392369e-02 -1.222333e+00
<VARIANCE> 39
 2.483664e+01 3.036667e+01 3.002146e+01 4.637955e+01 3.996586e+01 4.129829e+01 4.064730e+01 3.849701e+01 2.852509e+01 2.596217e+01 3.138667e+01 1.850563e+01 1.136998e+01 3.465769e+00 2.604864e+00 3.293588e+00 3.366799e+00 3.678467e+00 4.048164e+00 3.901281e+00 4.158313e+00 2.609063e+00 3.009439e+00 2.291483e+00 1.844281e+00 3.877000e+00 5.246144e-01 4.325704e-01 4.626526e-01 6.592143e-01 8.016918e-01 7.615832e-01 7.790653e-01 7.095205e-01 8.173200e-01 5.379774e-01 5.357952e-01 4.384028e-01 6.624911e-01
<GCONST> 1.242205e+02
<MIXTURE> 4 2.818424e-01
<MEAN> 39
 -1.587766e+01 -2.482468e-01 8.805755e+00 5.096500e-01 -7.515913e-01 1.650557e+00 4.031940e+00 5.497291e-01 2.352066e+00 -6.350169e-01 8.215836e-01 1.645943e+00 2.888546e+00 9.901428e-01 -3.540758e-01 -4.603945e-01 9.577467e-02 -1.493218e-01 -5.632515e-01 -9.737364e-02 7.127923e-03 -3.273907e-01 -2.816684e-01 -2.371687e-01 2.941279e-02 -5.357224e-01 2.021908e-01 -4.787229e-02 -1.324565e-01 1.549893e-02 1.139779e-01 1.499335e-01 -5.779987e-02 1.043584e-01 -2.645899e-02 -6.700506e-02 5.847794e-03 1.622339e-02 -3.446727e-01
<VARIANCE> 39
 2.834593e+01 3.071972e+01 3.594831e+01 2.500100e+01 3.307206e+01 2.953628e+01 3.243948e+01 3.202851e+01 2.563782e+01 2.558089e+01 2.267439e+01 2.193774e+01 1.602404e+01 9.766809e-01 5.298142e-01 9.506196e-01 9.648811e-01 1.319878e+00 1.851569e+00 1.606462e+00 1.500724e+00 1.643002e+00 1.294465e+00 1.610975e+00 1.129953e+00 9.498487e-01 1.391426e-01 1.255067e-01 1.883398e-01 1.895014e-01 2.575232e-01 3.884657e-01 3.234940e-01 3.511078e-01 3.524215e-01 2.709990e-01 2.855198e-01 2.618992e-01 1.064606e-01
<GCONST> 9.783813e+01
<STATE> 5
<NUMMIXES> 4
<MIXTURE> 1 2.893364e-01
<MEAN> 39
 3.682892e+00 -2.429199e+00 7.314917e+00 4.743476e-01 -7.192235e+00 -9.267580e+00 -4.951548e+00 1.188280e+00 -1.190955e+00 -2.765840e+00 1.755210e-01 1.552613e+00 6.778800e+00 5.031750e+00 -2.512302e+00 -1.926380e+00 -4.632877e-01 -3.137746e-01 -2.532584e+00 -2.401884e+00 1.636039e+00 -2.599766e-02 1.945840e-01 -2.144752e-01 8.197153e-02 5.900878e-01 -1.291055e+00 4.758500e-02 -4.154633e-01 -1.882154e-01 9.479073e-01 1.419924e+00 5.072560e-01 -1.086537e-03 3.998180e-01 2.827750e-01 9.704148e-02 -1.197937e-01 -3.390698e-01
<VARIANCE> 39
 1.847088e+01 1.737094e+01 2.449475e+01 4.715716e+01 2.637615e+01 2.767708e+01 3.496531e+01 2.580477e+01 3.880523e+01 2.963589e+01 2.319312e+01 1.910860e+01 1.418442e+01 2.684365e+00 2.905069e+00 3.914816e+00 2.655236e+00 5.949437e+00 6.225527e+00 9.072825e+00 6.542217e+00 4.746003e+00 5.689040e+00 4.155398e+00 4.069482e+00 1.450852e+00 4.969283e-01 3.745041e-01 4.014921e-01 7.373857e-01 7.134138e-01 5.564920e-01 7.518659e-01 5.296164e-01 7.034208e-01 6.820844e-01 4.931969e-01 3.966742e-01 2.503412e-01
<GCONST> 1.237844e+02
<MIXTURE> 2 3.555478e-01
<MEAN> 39
 -1.462507e+00 3.466092e+00 1.168801e+01 -2.277523e+00 -9.507079e+00 -6.064171e+00 -3.493139e+00 -4.841468e+00 -3.449826e+00 -2.944617e+00 1.099587e+00 1.282362e-01 6.289459e+00 5.648475e+00 -2.535426e+00 -8.970643e-02 -7.610689e-01 -2.644814e+00 -3.591424e+00 -1.003709e+00 5.921064e-01 -1.854138e+00 4.714265e-01 -3.398155e-01 2.522977e-01 6.651266e-01 -7.479040e-01 -5.545604e-01 -6.035913e-01 -1.363653e-01 1.160130e+00 7.316485e-01 3.487425e-01 1.046635e+00 4.814751e-01 4.253218e-01 1.698731e-01 1.776577e-01 -1.446125e-01
<VARIANCE> 39
 1.259669e+01 1.406770e+01 1.619633e+01 3.051884e+01 1.892380e+01 2.024201e+01 2.113844e+01 2.162277e+01 2.132271e+01 1.991246e+01 1.730161e+01 1.894256e+01 1.062238e+01 2.219212e+00 2.363699e+00 3.953510e+00 4.007164e+00 3.808041e+00 6.482617e+00 4.898768e+00 5.169823e+00 4.398318e+00 5.004225e+00 4.063025e+00 2.437198e+00 9.458808e-01 3.739720e-01 2.758821e-01 3.857833e-01 3.862764e-01 5.466868e-01 4.176717e-01 5.924777e-01 5.014412e-01 3.588029e-01 4.523974e-01 3.452850e-01 3.780030e-01 1.452020e-01
<GCONST> 1.128740e+02
<MIXTURE> 3 2.473514e-01
<MEAN> 39
 -7.796532e+00 1.059026e+00 4.792202e+00 4.016414e+00 1.292172e+00 1.608713e+00 1.628148e+00 8.709264e-02 1.861539e+00 2.065773e-01 1.091835e+00 1.328942e+00 -4.221554e+00 3.077781e+00 4.739051e-01 -1.527293e+00 7.286971e-01 5.925095e-01 1.652178e-01 -6.153794e-02 -6.786157e-01 -5.277514e-01 -1.913501e-02 -1.511848e-01 -3.583092e-02 -3.175179e+00 -3.929966e-01 9.784778e-02 -4.953745e-02 -3.291054e-01 -1.012988e-01 2.394602e-01 1.520420e-01 -6.749319e-02 2.142130e-02 -5.793317e-02 1.879569e-02 8.034620e-02 3.420682e-01
<VARIANCE> 39
 3.926881e+01 3.560411e+01 3.462438e+01 4.748014e+01 4.754050e+01 5.700069e+01 4.237279e+01 4.974887e+01 2.973040e+01 3.585527e+01 3.421688e+01 2.086627e+01 5.533968e+01 3.537050e+00 3.749255e+00 2.577107e+00 4.674734e+00 5.549361e+00 2.992475e+00 4.085668e+00 5.590746e+00 4.320369e+00 3.543211e+00 3.070598e+00 2.689534e+00 7.934804e+00 4.802453e-01 5.881980e-01 4.426990e-01 6.970539e-01 1.045020e+00 9.150174e-01 6.826092e-01 7.897121e-01 6.448978e-01 7.032906e-01 5.131469e-01 4.190137e-01 1.377827e+00
<GCONST> 1.322523e+02
<MIXTURE> 4 1.077645e-01
<MEAN> 39
 -2.075552e+01 1.017357e+01 4.992687e+00 2.158966e+00 8.727639e+00 4.928283e+00 3.667054e+00 3.365771e+00 2.980020e+00 7.643912e-01 4.001207e+00 1.943651e+00 -8.339431e-01 1.473239e+00 -6.610129e-01 -3.435871e-01 1.174927e+00 7.181036e-02 6.575734e-01 -1.748641e-01 3.067580e-02 8.011804e-01 -9.044354e-02 5.870629e-04 1.717212e-02 -3.441708e+00 4.767520e-01 -5.345703e-01 -3.204686e-01 -1.633079e-01 -2.725891e-01 3.503947e-02 -1.056700e-01 -5.162134e-02 9.070762e-02 1.283940e-01 3.788329e-02 -1.320801e-02 -1.539818e-01
<VARIANCE> 39
 2.008550e+01 1.892081e+01 4.261948e+01 2.361703e+01 1.818819e+01 2.151708e+01 2.089666e+01 2.745419e+01 1.850229e+01 1.581763e+01 1.399508e+01 9.783676e+00 4.097950e+01 2.166164e+00 2.179805e+00 3.472777e+00 2.368317e+00 2.409891e+00 1.636093e+00 2.199218e+00 1.258110e+00 1.711401e+00 1.564878e+00 9.603638e-01 1.179729e+00 7.270325e+00 4.061432e-01 4.098548e-01 6.137936e-01 5.032074e-01 3.540036e-01 3.507849e-01 4.568937e-01 1.718871e-01 4.256427e-01 2.705451e-01 2.538993e-01 2.037960e-01 1.739898e+00
<GCONST> 1.081405e+02
<TRANSP> 6
 0.000000e+00 1.000000e+00 0.000000e+00 0.000000e+00 0.000000e+00 0.000000e+00
 0.000000e+00 4.768827e-01 5.231173e-01 0.000000e+00 0.000000e+00 0.000000e+00
 0.000000e+00 0.000000e+00 4.449488e-01 5.550511e-01 0.000000e+00 0.000000e+00
 0.000000e+00 0.000000e+00 0.000000e+00 4.148646e-01 5.851354e-01 0.000000e+00
 0.000000e+00 0.000000e+00 0.000000e+00 0.000000e+00 3.708209e-01 6.291791e-01
 0.000000e+00 0.000000e+00 0.000000e+00 0.000000e+00 0.000000e+00 0.000000e+00
<ENDHMM>
