~o
<STREAMINFO> 1 39
<VECSIZE> 39<NULLD><MFCC_D_A_Z_0><DIAGC>
~h "kcl"
<BEGINHMM>
<NUMSTATES> 6
<STATE> 2
<NUMMIXES> 4
<MIXTURE> 1 2.920928e-01
<MEAN> 39
 -1.516689e+00 9.674460e+00 7.294725e+00 7.100913e+00 -1.547923e+00 -1.198966e+00 5.088887e-01 -7.568013e+00 -4.878140e+00 1.620205e-01 -6.162392e-01 -1.953334e+00 -1.328725e+01 -2.952880e+00 4.137472e-01 -1.787283e+00 2.814214e+00 3.959302e+00 2.527457e+00 2.072406e-01 1.067617e+00 2.434143e+00 -7.067044e-01 7.412436e-01 4.491319e-01 -4.836860e+00 -7.609253e-02 -1.460893e+00 -6.825200e-01 -8.382512e-01 -5.709874e-02 7.463920e-02 1.754430e-01 1.091329e+00 6.120362e-01 3.312094e-01 2.307291e-01 3.522056e-01 1.464053e+00
<VARIANCE> 39
 2.235791e+01 1.907422e+01 4.049429e+01 3.954943e+01 4.581436e+01 3.496319e+01 4.919429e+01 3.768751e+01 4.761515e+01 4.085101e+01 3.183964e+01 2.587617e+01 2.720189e+01 2.368461e+00 4.297112e+00 5.190294e+00 7.311927e+00 5.675458e+00 5.847765e+00 6.119783e+00 8.009250e+00 6.226717e+00 5.858578e+00 7.604309e+00 3.793090e+00 6.072358e+00 4.007778e-01 5.521859e-01 7.337630e-01 9.084463e-01 9.586073e-01 6.483294e-01 1.006808e+00 8.935705e-01 8.477556e-01 1.048656e+00 7.287567e-01 5.501465e-01 1.066799e+00
<GCONST> 1.362569e+02
<MIXTURE> 2 2.469452e-01
<MEAN> 39
 -6.989727e+00 5.500107e+00 2.502936e+00 1.115115e+01 5.827913e+00 1.405877e+00 1.091478e+00 1.074669e+00 1.733705e+00 7.187623e-01 1.375809e+00 1.101656e+00 -1.880340e+01 -3.835899e+00 6.758232e-01 -2.384900e-02 1.195894e+00 1.748902e+00 4.099252e+00 1.722512e+00 -2.253485e-01 2.117879e+00 8.696439e-01 8.969955e-01 3.793530e-01 -4.639917e+00 1.040567e+00 -1.389974e+00 -7.040305e-01 -1.250433e+00 -5.534118e-01 -6.922987e-01 -1.696980e-01 3.532069e-01 -2.409988e-01 5.767067e-02 -1.789524e-01 -7.986832e-02 2.515938e+00
<VARIANCE> 39
 1.377947e+01 1.727483e+01 2.143786e+01 1.838730e+01 2.483731e+01 3.384045e+01 3.924640e+01 3.898926e+01 3.987947e+01 3.044134e+01 3.064715e+01 1.899657e+01 1.375930e+01 2.050961e+00 2.813683e+00 5.196311e+00 3.667299e+00 6.865555e+00 5.965275e+00 8.180713e+00 6.951847e+00 5.650521e+00 4.550675e+00 5.505834e+00 3.038331e+00 2.955270e+00 3.855651e-01 6.151198e-01 5.933520e-01 5.701406e-01 7.055213e-01 8.693601e-01 9.386596e-01 1.007953e+00 9.016941e-01 7.557077e-01 7.917771e-01 4.576829e-01 9.152460e-01
<GCONST> 1.283307e+02
<MIXTURE> 3 2.378687e-01
<MEAN> 39
 -6.414335e+00 -1.450676e-01 -2.837451e+00 7.400294e+00 9.208139e+00 2.912850e+00 -2.799571e-01 2.160325e+00 2.855204e+00 2.716184e+00 1.263105e+00 9.742091e-01 -1.075507e+01 -7.361263e-01 2.371931e-01 2.504178e-01 1.097348e+00 1.659048e-01 1.753769e+00 7.846110e-01 -3.666375e-01 2.790086e-01 4.619476e-01 2.532550e-01 1.104640e-01 -4.705483e+00 5.931029e-02 1.126125e-01 6.489065e-02 -5.350735e-01 -7.223079e-01 -3.977842e-01 2.183733e-01 -6.946687e-02 -2.996787e-01 -2.131258e-01 -3.203785e-02 -3.376764e-02 1.172475e+00
<VARIANCE> 39
 3.846337e+01 3.338451e+01 4.958997e+01 5.774812e+01 5.727065e+01 5.623019e+01 6.158501e+01 6.364879e+01 5.763681e+01 3.920723e+01 3.473480e+01 2.934521e+01 4.235720e+01 8.983182e+00 4.092469e+00 5.413479e+00 5.062674e+00 7.243862e+00 5.716385e+00 6.539952e+00 5.760637e+00 6.112915e+00 3.450389e+00 3.887421e+00 2.857253e+00 5.390452e+00 7.032399e-01 7.624902e-01 8.490667e-01 1.033571e+00 1.118954e+00 1.135935e+00 1.169665e+00 1.220827e+00 9.654834e-01 7.795565e-01 7.311365e-01 6.017345e-01 1.588642e+00
<GCONST> 1.421508e+02
<MIXTURE> 4 2.230932e-01
<MEAN> 39
 1.631990e+00 3.383136e+00 2.671043e+00 8.135971e+00 3.027834e-01 -8.963053e+00 -6.474071e-01 3.556789e+00 -4.233623e+00 -1.936416e+00 8.681845e-01 1.492482e+00 -8.248617e+00 -3.829952e+00 2.385856e+00 5.455018e-01 2.136060e+00 2.241461e+00 3.314279e+00 1.334100e+00 -1.751779e+00 1.342411e+00 5.788942e-01 3.358457e-01 2.934344e-01 -5.914936e+00 -3.258129e-01 -9.632834e-01 -6.294377e-01 -7.153267e-01 2.679447e-01 1.032196e+00 1.782275e-01 1.254598e-01 7.788518e-01 3.621346e-01 -5.163154e-02 -1.058820e-01 6.638224e-01
<VARIANCE> 39
 1.944095e+01 2.203927e+01 4.923709e+01 3.130632e+01 6.178933e+01 4.484500e+01 7.420455e+01 4.833628e+01 6.555383e+01 4.512957e+01 4.180837e+01 3.077602e+01 2.632057e+01 2.739787e+00 3.253908e+00 6.335505e+00 4.629844e+00 7.003348e+00 8.441280e+00 8.599134e+00 7.418948e+00 7.281407e+00 5.636878e+00 6.820395e+00 3.451670e+00 3.804280e+00 3.956053e-01 5.691028e-01 5.864925e-01 6.468612e-01 9.271961e-01 7.373691e-01 1.017690e+00 1.063556e+00 1.163842e+00 8.609219e-01 8.920284e-01 6.216947e-01 9.207185e-01
<GCONST> 1.381921e+02
<STATE> 3
<NUMMIXES> 4
<MIXTURE> 1 2.209402e-01
<MEAN> 39
 -9.502229e+00 8.980179e-01 1.553618e-01 8.749153e+00 6.719723e+00 1.818191e+00 3.249054e+00 9.303578e-01 2.444390e-01 1.834883e+00 1.113294e+00 1.168878e+00 -1.464815e+01 -8.851273e-01 -1.490485e+00 -1.461654e+00 -7.560102e-01 4.923982e-01 1.134455e+00 5.515550e-01 2.892903e-01 1.114593e+00 7.645690e-01 1.126619e-01 2.119822e-01 3.342977e-01 9.096789e-01 -1.375418e-01 -9.318639e-02 -9.549530e-01 -7.452692e-01 -6.694627e-01 -3.624902e-01 1.618305e-02 -1.798820e-01 -8.751924e-02 -2.370099e-02 -8.240736e-02 2.070707e+00
<VARIANCE> 39
 3.524334e+01 3.832341e+01 5.173381e+01 5.456100e+01 6.034479e+01 6.124401e+01 5.348064e+01 5.730446e+01 6.168255e+01 4.292574e+01 4.024598e+01 3.290176e+01 2.387412e+01 6.174829e+00 4.472854e+00 6.232917e+00 6.023105e+00 6.705889e+00 6.534572e+00 6.235101e+00 6.633539e+00 6.688360e+00 4.721176e+00 4.516060e+00 3.569518e+00 7.796229e+00 8.819214e-01 8.710517e-01 1.196271e+00 1.261295e+00 1.312568e+00 1.291979e+00 1.277759e+00 1.223524e+00 1.265233e+00 1.008719e+00 1.058403e+00 7.382032e-01 1.126060e+00
<GCONST> 1.452875e+02
<MIXTURE> 2 4.256574e-01
<MEAN> 39
 -9.810120e+00 4.940848e+00 1.188885e+00 1.013068e+01 7.021390e+00 6.264501e+00 4.095476e+00 2.110361e+00 5.152684e+00 2.905287e+00 3.612888e+00 2.247768e+00 -2.181767e+01 -2.705042e-01 -6.156719e-01 -3.432696e-01 -4.272303e-01 -1.025171e-01 6.217936e-01 5.002820e-01 1.525829e-01 2.313423e-01 2.779585e-01 2.349773e-01 1.809227e-01 7.187801e-02 8.709199e-01 -7.192937e-01 -3.159717e-01 -8.965735e-01 -5.774869e-01 -1.070670e+00 -4.245135e-01 -1.765025e-01 -5.907338e-01 -1.472992e-01 -3.690760e-01 -1.211698e-01 2.555648e+00
<VARIANCE> 39
 6.782870e+00 8.620274e+00 1.191064e+01 1.552173e+01 1.682940e+01 2.014105e+01 2.071503e+01 2.243610e+01 2.257241e+01 1.808136e+01 2.220941e+01 1.389822e+01 7.580217e+00 2.241121e+00 2.807452e+00 3.317124e+00 2.596481e+00 3.015236e+00 3.366571e+00 3.078767e+00 3.258577e+00 3.411677e+00 2.518986e+00 2.180896e+00 1.801958e+00 4.947057e+00 5.976156e-01 5.305725e-01 8.381742e-01 6.112521e-01 7.869343e-01 8.771017e-01 8.342037e-01 8.148383e-01 6.912410e-01 5.506849e-01 5.923465e-01 3.872088e-01 1.485600e+00
<GCONST> 1.158199e+02
<MIXTURE> 3 1.867934e-01
<MEAN> 39
 -8.176664e+00 7.266294e+00 3.345660e+00 1.120474e+01 6.207220e+00 5.105546e+00 1.562656e+00 -1.817913e+00 1.307996e+00 -5.355607e-02 1.704393e+00 7.438093e-02 -2.151227e+01 -2.129383e+00 -2.051988e+00 -2.681188e+00 3.546379e-01 2.735345e+00 2.313662e+00 6.588989e-01 1.893145e+00 2.883383e+00 6.175027e-01 8.991700e-01 9.543683e-01 -1.143170e+00 8.577446e-01 -1.195134e+00 6.238509e-02 -1.628709e+00 -1.390700e+00 -1.135087e+00 -5.871156e-03 4.737760e-02 -4.725327e-01 4.515768e-01 -1.682655e-01 1.365994e-01 3.220793e+00
<VARIANCE> 39
 1.054392e+01 1.126250e+01 1.700381e+01 1.546908e+01 1.750103e+01 2.241671e+01 2.478877e+01 2.833468e+01 3.063602e+01 2.266294e+01 2.391974e+01 1.816079e+01 7.650620e+00 1.541250e+00 3.588718e+00 3.289287e+00 5.617962e+00 3.725909e+00 3.418779e+00 3.828983e+00 5.367529e+00 3.640878e+00 4.118106e+00 4.540884e+00 2.560792e+00 7.790305e+00 3.627212e-01 5.699116e-01 9.857699e-01 7.263292e-01 7.164210e-01 7.600714e-01 8.128046e-01 1.179612e+00 8.395029e-01 7.169480e-01 8.398147e-01 5.454911e-01 1.055055e+00
<GCONST> 1.228181e+02
<MIXTURE> 4 1.666090e-01
<MEAN> 39
 -4.868439e+00 4.147532e+00 -3.906430e+00 3.755179e+00 3.843948e+00 4.035590e+00 2.169945e+00 -3.712439e-01 1.334880e+00 1.600620e+00 2.154200e+00 7.519181e-01 -1.562617e+01 -2.211956e-01 7.523005e-02 -1.648484e-01 -1.203932e-01 1.280674e-01 3.629504e-01 2.255885e-01 8.140365e-02 1.333589e-01 1.811851e-01 8.694867e-02 1.162265e-01 -3.347371e-01 -2.441141e-01 4.843205e-02 7.353914e-01 4.689485e-01 8.238424e-02 -2.024881e-01 1.545903e-02 1.934740e-02 -1.019950e-01 -7.554514e-02 -1.070668e-02 2.553792e-02 2.887213e-01
<VARIANCE> 39
 3.309643e+01 2.579392e+01 4.022502e+01 3.647997e+01 3.307121e+01 3.927653e+01 3.112984e+01 3.713520e+01 3.538939e+01 2.624374e+01 2.335822e+01 2.106549e+01 2.408596e+01 2.977449e+00 1.618457e+00 4.100054e+00 4.169122e+00 3.111181e+00 2.744384e+00 2.166039e+00 2.772254e+00 2.686524e+00 2.193791e+00 1.760061e+00 1.602874e+00 2.409417e+00 6.304114e-01 4.782536e-01 9.278063e-01 7.818663e-01 7.434642e-01 7.148216e-01 5.581119e-01 6.967095e-01 6.724830e-01 4.915176e-01 4.343774e-01 3.959099e-01 9.041936e-01
<GCONST> 1.221280e+02
<STATE> 4
<NUMMIXES> 4
<MIXTURE> 1 1.795345e-01
<MEAN> 39
 -2.961937e+00 -5.324956e+00 -8.494411e+00 6.073567e+00 9.489569e+00 2.033379e+00 2.078504e-02 2.413504e+00 3.241697e+00 3.115036e+00 1.480211e+00 1.824793e+00 -7.550770e+00 1.304578e+00 -2.763479e+00 -3.133172e+00 -2.457589e+00 2.863868e-01 -1.321813e+00 -9.377622e-01 4.139577e-01 2.136115e-01 7.795284e-01 -4.303905e-01 1.147764e-01 5.975544e+00 -6.815286e-02 9.986088e-01 1.024514e+00 -1.870143e-01 -6.784896e-01 -4.321444e-01 4.484072e-02 -2.145408e-01 -2.967497e-01 -1.502703e-01 -6.944600e-02 -1.570282e-01 4.125709e-01
<VARIANCE> 39
 2.426210e+01 3.191144e+01 3.447525e+01 5.462103e+01 4.101284e+01 4.498838e+01 4.160743e+01 3.811917e+01 4.014323e+01 2.714180e+01 3.119835e+01 2.127490e+01 2.962971e+01 4.264684e+00 3.169190e+00 4.576674e+00 4.778825e+00 4.288558e+00 6.222516e+00 5.677437e+00 5.837030e+00 5.363362e+00 4.633251e+00 4.471563e+00 3.458151e+00 3.966901e+00 8.122705e-01 5.681953e-01 7.154685e-01 8.521588e-01 8.122186e-01 8.608389e-01 8.510458e-01 8.377599e-01 7.657478e-01 6.466461e-01 7.021795e-01 4.936651e-01 8.671545e-01
<GCONST> 1.335734e+02
<MIXTURE> 2 4.522746e-01
<MEAN> 39
 -9.782510e+00 4.797283e+00 1.115102e+00 1.022230e+01 6.960402e+00 6.755408e+00 3.921585e+00 2.119505e+00 4.897439e+00 3.078390e+00 3.763154e+00 2.088881e+00 -2.185498e+01 8.164753e-01 -3.282400e+00 -1.454700e+00 -2.683863e+00 -7.756844e-01 -1.210951e+00 -1.481659e-01 -6.898984e-02 -2.087771e-01 3.885625e-01 -4.950109e-01 3.511139e-01 6.182358e+00 6.096979e-01 -2.636787e-01 -2.475441e-02 -8.456501e-01 -6.188728e-01 -1.057607e+00 -3.180571e-01 -2.291319e-01 -5.027433e-01 -1.371343e-01 -3.593571e-01 -1.246495e-01 2.426487e+00
<VARIANCE> 39
 8.518148e+00 1.044785e+01 1.354178e+01 1.754409e+01 1.578040e+01 2.094234e+01 2.180209e+01 2.087244e+01 2.397260e+01 1.753716e+01 2.054125e+01 1.418340e+01 8.901188e+00 2.629097e+00 2.989879e+00 5.588700e+00 3.857839e+00 4.363744e+00 4.292228e+00 4.028923e+00 4.378516e+00 4.409832e+00 3.467199e+00 2.953063e+00 2.333006e+00 3.611439e+00 4.648328e-01 4.236917e-01 6.655686e-01 5.402938e-01 7.342780e-01 7.416641e-01 6.984928e-01 6.642333e-01 6.431592e-01 5.053576e-01 5.077181e-01 3.623075e-01 7.562770e-01
<GCONST> 1.172140e+02
<MIXTURE> 3 1.635771e-01
<MEAN> 39
 -7.870286e+00 -7.344795e+00 3.247018e+00 3.417039e+00 3.021456e+00 3.555326e+00 4.810762e+00 1.477507e+00 2.253478e+00 3.650374e+00 1.541702e+00 2.785169e+00 -5.673579e+00 5.747074e-02 -2.897729e+00 -1.222209e-01 -3.471229e+00 -2.072777e+00 -1.628170e+00 1.358653e-01 -3.529423e-01 -4.501951e-01 4.626269e-01 -5.386680e-01 2.560686e-01 7.749439e+00 1.707070e-01 1.406370e+00 1.748415e-01 2.605511e-02 -1.635137e-01 -5.861733e-01 -2.082868e-01 -1.482806e-01 -2.303120e-01 -3.195186e-01 -7.550397e-02 -1.831651e-01 1.934985e-01
<VARIANCE> 39
 2.289689e+01 3.511977e+01 2.826706e+01 3.987932e+01 3.329652e+01 4.745839e+01 3.729255e+01 4.300566e+01 4.472955e+01 2.600355e+01 2.578852e+01 1.522498e+01 3.493555e+01 1.987900e+00 2.531905e+00 2.278216e+00 3.135096e+00 2.788244e+00 3.906574e+00 3.934991e+00 4.146302e+00 4.300113e+00 3.321594e+00 2.835328e+00 2.217928e+00 2.351016e+00 7.116610e-01 5.230431e-01 4.499624e-01 5.660532e-01 7.257147e-01 7.709554e-01 5.965007e-01 5.706427e-01 8.073891e-01 4.639594e-01 4.911707e-01 3.421370e-01 7.709360e-01
<GCONST> 1.238003e+02
<MIXTURE> 4 2.046138e-01
<MEAN> 39
 -8.045850e+00 2.553412e+00 -5.579211e-01 5.067724e+00 4.741404e+00 2.861135e+00 4.481009e+00 -1.165946e+00 -4.639454e-01 2.080729e+00 6.322361e-01 8.879187e-01 -1.192629e+01 6.953850e-01 -8.143242e-01 -4.451396e-01 -1.043334e+00 -7.954843e-01 -6.829444e-01 -3.045773e-01 -2.410111e-01 -2.024331e-01 -3.128166e-01 -1.500902e-01 -2.005637e-01 3.555896e+00 4.784291e-01 1.399089e-02 1.941912e-01 -2.109260e-01 -3.229675e-01 -6.136575e-01 -4.370982e-01 1.708254e-01 -1.256942e-02 -1.654738e-01 3.675367e-02 -3.893946e-02 1.177768e+00
<VARIANCE> 39
 3.389943e+01 3.723331e+01 4.510673e+01 4.233348e+01 3.709066e+01 4.107150e+01 4.013856e+01 4.635556e+01 4.689417e+01 3.423963e+01 3.139058e+01 2.553771e+01 3.020835e+01 8.319314e+00 4.500097e+00 5.510139e+00 5.420325e+00 5.927913e+00 5.323263e+00 5.625008e+00 5.801861e+00 7.384911e+00 4.131769e+00 3.523706e+00 3.377159e+00 5.485237e+00 8.197834e-01 6.349503e-01 8.531688e-01 8.880709e-01 9.298510e-01 9.012507e-01 8.572165e-01 9.741388e-01 9.225380e-01 8.043902e-01 7.088717e-01 5.609586e-01 6.318402e-01
<GCONST> 1.372922e+02
<STATE> 5
<NUMMIXES> 4
<MIXTURE> 1 3.944207e-01
<MEAN> 39
 -2.117533e+00 -7.754825e+00 -1.048083e+01 1.320425e+00 6.540014e+00 -1.329399e+00 -1.036842e+00 2.630253e+00 1.583418e+00 3.489508e+00 -5.654331e-02 1.650009e+00 2.241417e+00 5.166894e-01 -6.183124e-01 -8.377064e-01 -1.763761e+00 -4.358980e-01 -1.528162e+00 -3.839528e-01 1.908356e-01 -1.960790e-01 2.572778e-01 -3.062565e-01 -7.248563e-02 4.893085e+00 -5.229322e-01 1.475050e+00 1.401857e+00 5.842981e-01 -2.168063e-01 3.350057e-01 3.408122e-01 -2.718698e-01 -4.095689e-03 -3.198961e-01 1.895110e-01 -1.014435e-01 -1.496021e+00
<VARIANCE> 39
 1.873468e+01 3.575315e+01 4.344262e+01 5.341885e+01 4.661549e+01 6.411549e+01 5.195238e+01 5.519490e+01 5.859438e+01 4.190517e+01 3.144883e+01 2.843466e+01 2.402256e+01 5.352542e+00 3.607987e+00 4.345026e+00 3.579208e+00 3.971750e+00 4.465357e+00 4.166896e+00 3.742033e+00 3.809870e+00 3.154693e+00 3.390170e+00 2.402467e+00 5.302907e+00 7.516508e-01 7.733660e-01 7.919334e-01 9.598302e-01 1.023543e+00 1.199469e+00 1.133314e+00 1.130275e+00 1.090532e+00 8.666289e-01 7.343912e-01 7.085945e-01 7.134097e-01
<GCONST> 1.358467e+02
<MIXTURE> 2 2.133891e-01
<MEAN> 39
 -1.035280e+01 -6.831701e+00 2.462127e+00 -4.399087e+00 -8.112419e-01 1.877521e+00 3.686858e+00 -2.767128e+00 2.343942e+00 5.011763e+00 -3.717102e-01 2.856648e+00 5.480081e+00 -7.745206e-02 -1.351418e-01 5.229092e-01 -3.124109e+00 -1.619515e+00 -1.035699e+00 -7.927109e-02 -7.054683e-01 8.946498e-02 1.167212e-01 -4.172083e-01 1.678721e-01 6.036170e+00 3.140438e-01 1.598559e+00 3.634429e-01 1.238828e+00 4.373687e-01 1.361394e-01 5.173644e-02 2.583882e-01 -1.788293e-01 -4.698381e-01 2.784998e-01 -2.200103e-01 -2.000355e+00
<VARIANCE> 39
 1.295039e+01 2.190811e+01 1.774198e+01 2.764768e+01 2.796530e+01 3.336527e+01 3.323106e+01 3.602412e+01 6.517122e+01 3.495658e+01 3.058805e+01 2.029125e+01 1.859001e+01 1.387068e+00 3.187881e+00 1.683948e+00 2.770859e+00 2.400645e+00 2.364655e+00 2.257094e+00 2.273506e+00 2.808478e+00 2.541905e+00 1.889780e+00 1.554139e+00 4.884732e+00 3.268533e-01 4.805875e-01 4.021453e-01 5.361949e-01 5.533996e-01 6.079254e-01 6.248446e-01 6.722317e-01 8.668528e-01 7.152524e-01 5.901482e-01 4.792197e-01 7.325449e-01
<GCONST> 1.181649e+02
<MIXTURE> 3 7.673695e-02
<MEAN> 39
 4.871842e+00 7.839725e+00 -8.431301e-02 5.407772e+00 -1.003205e+00 -2.069723e+00 -2.138106e+00 -9.099337e+00 -7.630207e+00 -1.569688e+00 -1.434683e+00 -3.791451e+00 -6.079456e+00 2.837416e+00 -6.207353e-01 5.895565e-01 -7.300390e-01 -2.064775e+00 -1.982459e+00 -1.644495e+00 -8.590778e-01 -1.168300e+00 -5.034739e-01 -1.906407e-01 -8.835988e-01 3.259833e+00 -1.009726e+00 -7.561043e-01 3.465272e-01 -4.532689e-01 8.954095e-02 3.469261e-01 2.690477e-01 9.642253e-01 7.617123e-01 3.196823e-01 2.977003e-01 4.403330e-01 1.414534e-01
<VARIANCE> 39
 1.608761e+01 1.661400e+01 1.953518e+01 2.654521e+01 4.139295e+01 3.440129e+01 5.978934e+01 5.089923e+01 4.238973e+01 4.502745e+01 3.935024e+01 3.356216e+01 2.498947e+01 3.163954e+00 2.875823e+00 4.145441e+00 5.891818e+00 4.838714e+00 4.435901e+00 5.240081e+00 6.959200e+00 5.883026e+00 4.932393e+00 5.947809e+00 3.550233e+00 3.552386e+00 4.773233e-01 3.717473e-01 5.841128e-01 7.380981e-01 8.791065e-01 6.910645e-01 1.117054e+00 9.085701e-01 9.199444e-01 9.626488e-01 7.057955e-01 6.083581e-01 6.324666e-01
<GCONST> 1.320300e+02
<MIXTURE> 4 3.154533e-01
<MEAN> 39
 -9.896317e+00 -2.381852e+00 -8.916991e-01 3.217229e+00 2.782243e+00 2.089045e-01 4.584575e+00 1.653950e+00 3.233818e+00 1.504576e+00 3.076873e+00 2.797148e+00 2.751307e-01 1.508150e-02 2.497372e-01 3.040856e-01 -1.373677e+00 -1.035606e+00 -1.533853e+00 1.025429e-01 5.034074e-02 -1.455561e-01 -5.093020e-01 -2.481734e-01 -5.186117e-02 4.386713e+00 6.361988e-01 7.215495e-01 2.121851e-01 1.939422e-01 -5.394735e-02 -4.910316e-02 -3.589075e-01 -1.262526e-01 -2.864953e-01 -1.058997e-01 -2.794283e-01 -2.868385e-01 -9.805711e-01
<VARIANCE> 39
 2.883013e+01 3.692560e+01 4.183830e+01 4.802495e+01 4.445338e+01 4.712772e+01 3.927516e+01 3.867943e+01 4.125765e+01 3.161399e+01 3.046579e+01 1.918617e+01 4.433595e+01 8.161976e+00 4.478251e+00 3.962020e+00 4.109172e+00 5.212331e+00 5.129559e+00 4.560930e+00 3.990126e+00 4.457145e+00 2.926855e+00 2.940175e+00 2.387337e+00 7.104195e+00 7.420208e-01 8.617975e-01 7.750112e-01 8.918295e-01 9.191834e-01 1.046693e+00 8.554838e-01 8.781866e-01 8.354340e-01 7.792125e-01 6.939143e-01 5.242889e-01 1.142002e+00
<GCONST> 1.351674e+02
<TRANSP> 6
 0.000000e+00 1.000000e+00 0.000000e+00 0.000000e+00 0.000000e+00 0.000000e+00
 0.000000e+00 4.457662e-01 5.542337e-01 0.000000e+00 0.000000e+00 0.000000e+00
 0.000000e+00 0.000000e+00 5.526175e-01 4.473825e-01 0.000000e+00 0.000000e+00
 0.000000e+00 0.000000e+00 0.000000e+00 3.805141e-01 6.194859e-01 0.000000e+00
 0.000000e+00 0.000000e+00 0.000000e+00 0.000000e+00 3.302210e-01 6.697790e-01
 0.000000e+00 0.000000e+00 0.000000e+00 0.000000e+00 0.000000e+00 0.000000e+00
<ENDHMM>
