~o
<STREAMINFO> 1 39
<VECSIZE> 39<NULLD><MFCC_D_A_Z_0><DIAGC>
~h "l"
<BEGINHMM>
<NUMSTATES> 6
<STATE> 2
<NUMMIXES> 4
<MIXTURE> 1 1.900822e-01
<MEAN> 39
 6.285566e+00 8.429642e-01 -2.724503e+00 -4.296271e+00 1.474922e+00 -2.686064e+00 -8.170836e+00 -4.295122e+00 3.863875e+00 2.046204e+00 -3.011156e+00 -1.725305e+00 4.845036e+00 2.150680e-01 9.852266e-01 -1.065943e-01 -6.061456e-01 8.724304e-01 4.665172e-01 -1.017465e+00 -1.319355e+00 -8.970767e-02 5.177379e-01 1.179104e-01 -1.883428e-01 -5.846563e-01 -4.531510e-02 -1.036242e-01 2.793819e-01 -1.415817e-01 -5.422102e-01 7.305076e-02 4.663312e-01 3.591484e-01 -5.168489e-01 -2.147012e-01 2.932098e-01 1.994823e-01 9.040642e-02
<VARIANCE> 39
 1.449647e+01 2.791551e+01 3.819988e+01 4.744759e+01 3.496716e+01 5.412490e+01 5.440723e+01 6.034672e+01 4.580735e+01 5.719840e+01 4.317510e+01 3.390219e+01 1.756701e+01 1.236226e+00 1.761537e+00 4.377719e+00 5.611747e+00 5.531031e+00 9.249489e+00 4.908837e+00 6.951403e+00 5.220584e+00 5.000956e+00 4.477159e+00 3.499145e+00 8.413177e-01 1.870123e-01 2.937298e-01 4.511617e-01 5.722503e-01 6.860622e-01 7.825052e-01 1.007140e+00 1.166815e+00 8.652834e-01 1.053667e+00 6.980308e-01 6.666843e-01 1.841300e-01
<GCONST> 1.288704e+02
<MIXTURE> 2 3.075896e-01
<MEAN> 39
 9.941528e+00 2.920455e+00 -6.957806e+00 -1.821253e+01 -8.277817e-01 8.886656e+00 6.226461e-02 -2.244886e+00 -5.323711e-01 -1.668960e+00 1.802173e+00 7.841687e-01 4.222875e+00 2.072775e-02 7.626934e-01 3.244380e-01 -3.897870e-02 -3.001528e-01 -6.163904e-01 -1.923287e-01 1.333345e-02 -2.118283e-01 -1.534735e-01 -8.473742e-02 1.201885e-01 -5.587519e-01 -9.927550e-02 -1.618742e-01 6.559034e-02 4.453849e-01 1.478331e-01 -1.567132e-01 -2.004199e-01 -1.216312e-01 9.076803e-02 1.836673e-01 -3.993388e-02 -1.725628e-01 1.745192e-02
<VARIANCE> 39
 1.101780e+01 3.305410e+01 3.386673e+01 4.440097e+01 6.591055e+01 3.984605e+01 5.757965e+01 4.233427e+01 4.011614e+01 3.495688e+01 3.203089e+01 2.943727e+01 1.838611e+01 2.236364e-01 8.375822e-01 7.549679e-01 1.455356e+00 1.461264e+00 1.429612e+00 1.775673e+00 1.700893e+00 1.441358e+00 1.876871e+00 1.400616e+00 1.228063e+00 3.080827e-01 4.511540e-02 1.650474e-01 1.330756e-01 2.791672e-01 2.501899e-01 2.934934e-01 2.789370e-01 3.051961e-01 3.064273e-01 2.667118e-01 2.491816e-01 2.532651e-01 8.007362e-02
<GCONST> 9.713058e+01
<MIXTURE> 3 2.390155e-01
<MEAN> 39
 9.645772e+00 -1.238027e+00 -8.939863e+00 -1.374121e+01 4.399417e+00 8.335060e+00 -5.791816e+00 -4.396490e+00 1.749246e+00 1.620330e+00 2.546654e+00 -3.073793e+00 6.878502e+00 4.267201e-01 1.609813e+00 -1.112936e-01 -1.133719e+00 -3.372310e-01 6.335468e-01 3.106363e-01 -5.780795e-01 -1.365232e+00 -4.795346e-01 1.079200e+00 7.304837e-01 -1.043633e+00 -1.919754e-01 -1.020478e-01 3.128902e-01 5.673251e-01 -2.834062e-01 -6.621225e-01 1.030488e-01 3.950688e-01 9.151091e-02 -2.641593e-01 -4.808246e-01 1.202416e-01 -7.706404e-04
<VARIANCE> 39
 9.335453e+00 3.092623e+01 3.011277e+01 3.246032e+01 4.547292e+01 4.024221e+01 5.154868e+01 4.437848e+01 4.941838e+01 4.317406e+01 3.769064e+01 2.493183e+01 1.429676e+01 3.770849e-01 9.863026e-01 9.612234e-01 2.238070e+00 2.033478e+00 2.954649e+00 2.673904e+00 2.823646e+00 2.792226e+00 3.048512e+00 2.740668e+00 2.585109e+00 3.245962e-01 8.876285e-02 2.587321e-01 2.143478e-01 3.608187e-01 3.920862e-01 3.559746e-01 4.420039e-01 5.559981e-01 5.098354e-01 4.546528e-01 4.062848e-01 4.033256e-01 1.247714e-01
<GCONST> 1.081543e+02
<MIXTURE> 4 2.633128e-01
<MEAN> 39
 7.559180e+00 5.555520e+00 -4.187177e+00 -1.103299e+01 1.875141e-01 3.289337e+00 -3.240059e+00 -8.871070e+00 -2.741498e+00 8.940900e-01 1.734479e+00 -1.770582e-01 2.938735e+00 1.866960e+00 -3.694715e-01 -7.053044e-01 -2.698245e+00 -3.283419e-01 6.680379e-01 -9.937670e-01 -7.735118e-02 -3.336011e-01 2.928265e-01 3.262599e-02 1.627931e-02 1.069252e+00 -8.155832e-01 -6.513174e-01 -2.489594e-02 8.791865e-01 3.199365e-01 -1.055711e-01 2.433906e-01 7.838347e-01 6.618317e-01 8.823939e-02 -1.433891e-01 -6.531672e-02 5.135584e-04
<VARIANCE> 39
 1.919214e+01 3.202294e+01 3.963480e+01 5.947184e+01 4.674345e+01 5.254506e+01 7.377520e+01 4.853836e+01 5.049947e+01 4.901506e+01 4.225564e+01 3.190497e+01 2.038956e+01 3.179003e+00 4.316973e+00 3.889029e+00 6.346479e+00 5.486125e+00 6.191206e+00 6.947665e+00 6.289835e+00 5.823292e+00 5.321909e+00 4.833988e+00 3.697525e+00 3.073624e+00 6.521711e-01 5.711370e-01 6.231525e-01 1.076433e+00 9.174957e-01 1.020294e+00 1.289528e+00 1.050760e+00 9.625695e-01 1.029660e+00 8.618266e-01 6.887995e-01 4.155818e-01
<GCONST> 1.378989e+02
<STATE> 3
<NUMMIXES> 4
<MIXTURE> 1 1.091660e-01
<MEAN> 39
 7.236279e+00 -1.232942e+00 -4.865430e+00 -5.256000e+00 2.169879e+00 -3.910682e+00 -9.052682e+00 -7.113929e-01 5.897029e+00 1.437871e+00 -5.422346e+00 -1.808720e+00 6.106413e+00 -8.096087e-01 -4.708149e-01 2.156526e+00 1.435454e+00 -1.937899e+00 -2.360552e+00 6.611083e-01 1.904858e+00 -8.258786e-01 -9.590810e-01 -3.486702e-01 1.253371e+00 3.541071e-01 -5.240286e-01 2.101020e-01 7.446562e-01 -9.889362e-03 -5.758113e-01 6.045497e-01 1.016063e+00 -1.579151e-01 -9.204977e-01 -1.984530e-01 6.879230e-01 2.201476e-01 -2.345748e-01
<VARIANCE> 39
 8.660021e+00 2.380643e+01 3.916191e+01 3.070179e+01 3.707457e+01 4.731787e+01 4.749017e+01 5.131778e+01 4.423484e+01 5.722134e+01 3.729558e+01 3.154227e+01 1.701243e+01 9.265612e-01 3.336985e+00 4.295669e+00 5.190785e+00 4.544334e+00 6.734740e+00 4.382364e+00 6.045425e+00 5.524782e+00 5.019273e+00 4.564402e+00 3.027949e+00 1.904863e+00 3.020940e-01 3.390546e-01 4.207027e-01 7.596525e-01 8.287380e-01 8.842897e-01 9.526863e-01 1.250194e+00 9.434382e-01 9.956053e-01 6.361502e-01 6.508922e-01 2.539686e-01
<GCONST> 1.287611e+02
<MIXTURE> 2 3.588065e-01
<MEAN> 39
 9.416728e+00 8.062087e+00 -4.335066e+00 -1.520433e+01 -3.170780e+00 5.262257e+00 7.728567e-01 -5.672234e+00 -3.897920e+00 -2.657403e+00 1.739843e+00 2.220794e+00 1.520291e+00 -2.132026e-02 -3.926779e-01 -2.869636e-01 -4.161650e-02 4.208224e-01 1.287367e-01 -1.068356e-01 -1.046908e-01 4.773952e-02 2.396495e-01 1.779725e-01 -3.514820e-02 3.357090e-01 -3.089121e-01 -8.578617e-01 -1.494774e-01 4.856625e-01 5.376995e-01 4.003322e-02 -4.213354e-01 3.708421e-03 6.147354e-01 5.717741e-01 1.271441e-02 -4.308499e-01 4.797581e-01
<VARIANCE> 39
 1.283698e+01 2.355548e+01 3.694852e+01 4.626601e+01 4.473612e+01 4.307858e+01 4.739415e+01 5.737462e+01 4.808200e+01 4.693604e+01 3.899393e+01 2.996156e+01 1.540251e+01 7.093326e-01 2.148585e+00 1.526061e+00 2.709359e+00 2.472734e+00 2.593037e+00 2.670091e+00 3.082259e+00 2.857836e+00 2.907279e+00 2.361774e+00 1.929493e+00 1.189429e+00 1.971600e-01 2.597125e-01 3.077776e-01 6.862420e-01 4.806775e-01 7.370544e-01 6.342919e-01 7.551033e-01 7.894552e-01 7.087322e-01 6.570477e-01 5.565872e-01 1.571639e-01
<GCONST> 1.177007e+02
<MIXTURE> 3 2.536236e-01
<MEAN> 39
 1.022254e+01 -2.800289e-02 -6.901326e+00 -1.734188e+01 6.742252e-01 9.160023e+00 -3.023684e+00 -4.580008e+00 -6.120334e-01 1.391423e+00 2.690704e+00 -6.374574e-01 6.249301e+00 -2.488895e-01 2.126641e-01 4.380277e-01 1.289829e+00 8.058552e-02 -7.416269e-01 -8.361132e-01 -1.003464e-01 9.921412e-02 2.378512e-01 -1.577956e-01 -3.583151e-01 -5.439135e-01 -7.820511e-01 1.236136e-01 3.715164e-01 1.460705e+00 2.052484e-01 -6.075690e-01 2.687634e-01 1.720933e-01 2.125072e-01 -1.718364e-01 -3.815251e-01 -7.547536e-02 -4.804338e-01
<VARIANCE> 39
 9.964687e+00 2.656163e+01 3.138664e+01 4.027649e+01 5.681374e+01 4.243831e+01 5.592894e+01 4.330003e+01 4.585756e+01 4.961683e+01 3.951175e+01 3.390332e+01 1.519231e+01 9.243258e-01 5.464768e+00 2.250248e+00 4.985203e+00 3.635070e+00 4.682238e+00 4.927239e+00 4.892080e+00 4.860909e+00 4.290726e+00 3.184238e+00 3.212251e+00 3.396920e+00 3.346693e-01 3.309854e-01 4.673502e-01 6.344745e-01 7.045034e-01 6.395514e-01 7.422690e-01 8.455567e-01 7.546754e-01 7.989191e-01 6.720857e-01 5.476371e-01 3.222222e-01
<GCONST> 1.269514e+02
<MIXTURE> 4 2.784039e-01
<MEAN> 39
 7.899800e+00 5.107275e+00 -4.273452e+00 -1.079722e+01 5.060593e+00 2.826114e+00 -1.126451e+01 -8.747153e+00 -6.566260e-01 4.169287e+00 2.524028e+00 -2.519982e+00 3.093248e+00 -1.938704e-01 -6.716279e-01 -1.698964e-01 2.282006e-01 1.280117e-01 -5.592585e-01 -1.696720e-01 9.346611e-01 9.534895e-01 1.395825e-01 -5.204013e-01 -2.058208e-01 7.013254e-01 -3.630959e-01 -8.111182e-01 1.464769e-01 6.775530e-01 -4.919417e-01 -5.813345e-01 5.752177e-01 1.038856e+00 6.208446e-01 -4.794223e-01 -6.040547e-01 1.349348e-01 4.693286e-01
<VARIANCE> 39
 1.240042e+01 1.935224e+01 4.379305e+01 4.518116e+01 3.067066e+01 5.693325e+01 4.391602e+01 5.418459e+01 5.469299e+01 3.639423e+01 4.179354e+01 3.231808e+01 1.208972e+01 6.602070e-01 1.657122e+00 1.800668e+00 3.280932e+00 2.081951e+00 4.059334e+00 3.500721e+00 3.619233e+00 3.669769e+00 2.771941e+00 2.600658e+00 2.020238e+00 9.393679e-01 2.224743e-01 2.330378e-01 4.179502e-01 6.747921e-01 6.202215e-01 1.054595e+00 7.801425e-01 8.439168e-01 8.069808e-01 7.552648e-01 6.473678e-01 5.930201e-01 1.278156e-01
<GCONST> 1.191630e+02
<STATE> 4
<NUMMIXES> 4
<MIXTURE> 1 3.581665e-01
<MEAN> 39
 8.393702e+00 2.865487e+00 -6.125893e+00 -1.426145e+01 5.703455e-01 6.507869e+00 -1.806674e+00 -7.112311e+00 -1.435179e+00 1.581389e+00 3.531148e+00 3.651475e-01 5.621466e+00 -3.504596e-01 -2.303142e+00 -7.996988e-01 5.368292e-01 1.071095e+00 3.257248e-01 -6.825705e-01 4.933022e-01 1.850861e+00 1.231924e+00 -3.388342e-01 -1.335131e+00 1.537408e+00 -1.748986e-01 -3.389112e-01 2.257617e-01 5.760905e-01 3.795698e-02 -3.277000e-01 -1.767247e-01 4.185065e-01 4.149071e-01 -1.229029e-01 -5.128648e-01 -2.862370e-01 2.575081e-02
<VARIANCE> 39
 1.151365e+01 2.129879e+01 3.287875e+01 4.055849e+01 3.983504e+01 4.741959e+01 5.121263e+01 4.788011e+01 4.305016e+01 4.362048e+01 3.550104e+01 2.695070e+01 1.395639e+01 5.371115e-01 1.883853e+00 1.733017e+00 3.455522e+00 2.839459e+00 4.767814e+00 5.249836e+00 4.327928e+00 4.116862e+00 4.757482e+00 3.716624e+00 2.972526e+00 9.005873e-01 1.478550e-01 2.733579e-01 2.915930e-01 4.440958e-01 5.175301e-01 6.809672e-01 4.729970e-01 7.841232e-01 6.214694e-01 6.443409e-01 5.442147e-01 4.293981e-01 1.377455e-01
<GCONST> 1.179249e+02
<MIXTURE> 2 2.051198e-01
<MEAN> 39
 9.546028e+00 5.329913e+00 -5.928735e+00 -1.378444e+01 -4.487106e-01 5.866953e+00 -1.523289e+00 -4.414052e+00 -2.501898e+00 -1.973527e+00 1.792153e+00 6.328322e-01 1.308956e+00 -2.285707e+00 1.546617e+00 1.542715e+00 4.496001e+00 6.768838e-01 -1.415021e+00 2.482253e-01 -6.493365e-01 -7.284909e-01 -3.259546e-01 -3.489123e-01 -1.877450e-01 -2.544317e+00 -9.803967e-01 -3.826872e-01 2.488185e-01 9.923096e-01 4.638167e-01 -4.260987e-02 1.986190e-01 2.536849e-01 3.359713e-01 1.753148e-01 -1.101801e-01 -1.670005e-01 -2.051158e-01
<VARIANCE> 39
 1.345204e+01 2.431944e+01 3.493756e+01 5.166682e+01 5.371984e+01 4.377896e+01 6.220579e+01 4.411155e+01 4.669009e+01 4.268540e+01 3.487851e+01 3.247243e+01 2.061675e+01 3.427417e+00 3.501325e+00 3.416449e+00 6.818766e+00 5.890296e+00 4.618283e+00 4.857511e+00 5.300933e+00 4.669947e+00 4.298003e+00 4.003437e+00 3.070108e+00 3.859897e+00 4.627393e-01 3.950415e-01 3.751723e-01 8.220330e-01 5.504646e-01 6.486131e-01 8.071837e-01 8.777888e-01 7.587092e-01 7.327111e-01 5.875775e-01 4.824163e-01 4.052941e-01
<GCONST> 1.303445e+02
<MIXTURE> 3 2.895925e-01
<MEAN> 39
 7.306776e+00 -2.202353e-01 -5.478207e+00 -8.763542e+00 4.631223e+00 1.319248e+00 -1.048784e+01 -4.926269e+00 5.105729e+00 5.006415e+00 -4.644667e-01 -4.523502e+00 6.449024e+00 -7.903197e-01 -1.752498e+00 1.167757e+00 2.252331e+00 -9.234575e-01 -2.681184e+00 -4.326410e-01 2.875154e+00 1.739382e+00 -1.173262e+00 -2.006024e+00 1.821152e-01 1.040672e+00 -2.084672e-01 6.563680e-02 6.927358e-01 2.346027e-01 -8.719140e-01 -2.266264e-01 9.563065e-01 5.189894e-01 -7.478539e-01 -8.650863e-01 4.932798e-02 7.331504e-01 -1.615751e-01
<VARIANCE> 39
 1.004452e+01 2.378773e+01 3.917686e+01 3.187208e+01 2.892613e+01 4.233529e+01 4.412055e+01 4.682001e+01 3.860516e+01 3.772569e+01 3.814138e+01 2.426310e+01 1.480159e+01 5.869422e-01 1.909861e+00 2.849044e+00 3.687433e+00 3.158577e+00 5.229597e+00 5.458346e+00 3.940739e+00 4.026670e+00 4.264153e+00 3.287460e+00 3.443992e+00 1.090146e+00 1.259095e-01 3.335174e-01 3.324865e-01 5.019786e-01 5.410552e-01 5.966282e-01 6.346556e-01 7.064772e-01 6.312964e-01 6.794330e-01 6.326839e-01 3.635735e-01 1.875005e-01
<GCONST> 1.186474e+02
<MIXTURE> 4 1.471212e-01
<MEAN> 39
 5.435540e+00 -1.366136e+00 1.604293e+00 -1.603752e+00 -2.641889e+00 -8.707104e+00 -6.877177e+00 2.770819e+00 2.128892e+00 -1.487533e+00 -3.564253e+00 1.737579e+00 5.473107e+00 -1.401131e+00 4.225783e-01 3.965149e+00 1.245513e+00 -3.321182e+00 -1.301395e+00 2.087556e+00 6.148372e-01 -3.110570e+00 -1.221043e+00 7.895548e-01 1.187644e+00 -2.442747e-01 -1.040505e-01 4.604604e-01 2.427035e-01 -8.128323e-01 -2.531402e-02 1.452543e+00 4.284377e-01 -1.116480e+00 -5.737595e-01 5.454277e-01 4.202102e-01 -4.538891e-01 -2.599202e-01
<VARIANCE> 39
 6.880324e+00 2.060364e+01 3.724321e+01 2.874272e+01 3.302899e+01 2.593867e+01 3.380982e+01 4.095940e+01 4.390440e+01 4.084552e+01 3.303976e+01 2.483204e+01 1.669881e+01 6.317276e-01 1.961714e+00 3.349971e+00 3.986489e+00 3.173578e+00 5.126506e+00 3.899621e+00 5.741693e+00 3.930790e+00 6.531212e+00 3.464359e+00 2.640459e+00 1.203331e+00 9.414032e-02 2.403355e-01 3.794848e-01 5.097313e-01 6.259768e-01 7.092392e-01 7.834182e-01 8.090536e-01 8.450800e-01 6.507757e-01 6.417333e-01 5.317429e-01 1.035940e-01
<GCONST> 1.183191e+02
<STATE> 5
<NUMMIXES> 4
<MIXTURE> 1 2.195903e-01
<MEAN> 39
 2.176488e+00 7.517663e+00 -7.254947e-01 -2.723727e+00 1.827402e+00 2.278937e+00 -9.385315e-01 -5.481970e+00 -2.800904e+00 -1.674980e+00 3.423287e-01 -3.870929e-01 -2.719383e+00 -3.279842e+00 3.175035e-01 1.340233e+00 3.824257e+00 1.191629e+00 -6.604562e-01 3.969088e-01 4.304753e-01 3.387762e-01 1.080084e-01 -2.734618e-01 -2.512200e-01 -1.825778e+00 -2.313196e-02 -6.080738e-01 -3.140498e-01 -6.205646e-01 1.728273e-02 1.994697e-01 2.029498e-02 4.852354e-01 4.163078e-01 2.137776e-01 9.319710e-02 1.012436e-01 4.657682e-01
<VARIANCE> 39
 4.756395e+01 2.881086e+01 6.433172e+01 6.816685e+01 5.419076e+01 4.620205e+01 5.496882e+01 4.677850e+01 4.566599e+01 3.706034e+01 3.384312e+01 2.983719e+01 3.620127e+01 6.690833e+00 4.460629e+00 3.610240e+00 1.039738e+01 5.142501e+00 5.389827e+00 6.097342e+00 5.586006e+00 5.688314e+00 4.885097e+00 4.088078e+00 2.947662e+00 5.957755e+00 5.689365e-01 5.231683e-01 5.767459e-01 1.070050e+00 8.949413e-01 8.219827e-01 8.452003e-01 9.477598e-01 8.659212e-01 8.005135e-01 6.379977e-01 5.139037e-01 4.852260e-01
<GCONST> 1.379461e+02
<MIXTURE> 2 3.555706e-01
<MEAN> 39
 8.203798e+00 -2.863679e+00 -8.186017e+00 -1.280255e+01 2.821529e+00 7.437977e+00 -3.475858e+00 -4.501420e+00 3.323813e+00 3.410875e+00 7.349487e-01 -3.621576e+00 8.752069e+00 -2.768838e-01 -2.012691e+00 -1.888541e-01 1.066299e+00 6.591200e-01 -1.975062e-01 -3.835151e-01 1.064549e+00 1.507297e+00 4.589340e-02 -1.212035e+00 -9.370638e-01 1.006026e+00 -3.555539e-03 2.897256e-01 4.027169e-01 3.183215e-01 -2.756845e-01 -4.558390e-01 5.389948e-02 1.434770e-01 -2.760572e-01 -4.378580e-01 -1.286239e-01 3.189064e-01 -3.180375e-01
<VARIANCE> 39
 9.336094e+00 2.134068e+01 3.033215e+01 3.927588e+01 4.638288e+01 4.453621e+01 5.558691e+01 4.168732e+01 4.278999e+01 4.423723e+01 4.325865e+01 3.295018e+01 1.323278e+01 5.110847e-01 1.995043e+00 1.752346e+00 2.831087e+00 2.749967e+00 4.664685e+00 3.626857e+00 3.630053e+00 4.151597e+00 4.056690e+00 3.208430e+00 3.071164e+00 7.700071e-01 7.491975e-02 1.920301e-01 2.236779e-01 2.851622e-01 3.938728e-01 4.395865e-01 4.710773e-01 5.601374e-01 5.008783e-01 5.251166e-01 5.060056e-01 4.441895e-01 7.876686e-02
<GCONST> 1.129782e+02
<MIXTURE> 3 2.593076e-01
<MEAN> 39
 5.788053e+00 -3.958606e+00 -3.439301e+00 -5.402228e+00 1.463206e+00 -3.745755e+00 -8.296190e+00 2.696060e+00 6.824211e+00 -6.668839e-01 -5.003995e+00 -1.162127e+00 9.125444e+00 -6.536362e-01 -1.364107e+00 1.800537e+00 1.390998e+00 -2.261600e+00 -1.922528e+00 1.599568e+00 2.672970e+00 -5.729971e-01 -1.858868e+00 -4.344407e-01 1.564824e+00 7.843612e-01 4.838153e-02 4.785069e-01 4.206077e-01 -2.816635e-01 -4.329938e-01 4.257626e-01 5.256627e-01 -6.524760e-01 -1.109198e+00 1.211314e-01 7.680757e-01 1.403725e-01 -3.877763e-01
<VARIANCE> 39
 8.776134e+00 2.397268e+01 4.058771e+01 2.876632e+01 3.788473e+01 4.702225e+01 4.861081e+01 4.394069e+01 3.352984e+01 4.438647e+01 3.174784e+01 2.864015e+01 1.357954e+01 5.939633e-01 1.528455e+00 2.455887e+00 2.526440e+00 3.345976e+00 4.213114e+00 4.313416e+00 3.849058e+00 4.133238e+00 3.135194e+00 4.022552e+00 2.197574e+00 8.039403e-01 8.227667e-02 2.246223e-01 2.973991e-01 3.360624e-01 5.392926e-01 6.171354e-01 6.688576e-01 7.568964e-01 6.535093e-01 8.498471e-01 4.703017e-01 5.779910e-01 1.026199e-01
<GCONST> 1.154318e+02
<MIXTURE> 4 1.655316e-01
<MEAN> 39
 2.744172e+00 7.959761e-01 9.453013e+00 -2.176487e+00 -9.076228e+00 -6.337431e+00 -2.386576e+00 -1.017785e+00 -5.207467e+00 -6.771252e-01 -3.962237e-01 1.157766e+00 4.514810e+00 -1.180889e+00 1.132401e+00 3.357219e+00 -4.848913e-01 -1.847679e+00 1.449839e+00 9.914051e-01 -1.733621e+00 -2.253146e+00 5.175344e-01 4.288563e-01 -4.046266e-01 -6.926296e-01 2.038618e-01 1.825779e-01 -6.297971e-01 -4.842418e-01 9.113060e-01 7.039810e-01 -6.110334e-01 -4.405110e-01 6.628466e-01 3.789564e-01 -3.152568e-01 -3.907154e-01 -1.601167e-01
<VARIANCE> 39
 8.570687e+00 2.115853e+01 4.654357e+01 3.503345e+01 2.954823e+01 3.269874e+01 3.390379e+01 5.238380e+01 4.027441e+01 4.119818e+01 3.088181e+01 2.469857e+01 2.328329e+01 7.217917e-01 2.059058e+00 2.707425e+00 2.533054e+00 4.304029e+00 3.512115e+00 4.335181e+00 5.197293e+00 4.789163e+00 4.653699e+00 3.201844e+00 2.300102e+00 9.736232e-01 9.280092e-02 2.290558e-01 4.397911e-01 5.142124e-01 5.139123e-01 8.546208e-01 5.502898e-01 1.031047e+00 6.880395e-01 8.765519e-01 5.111967e-01 5.085739e-01 1.186222e-01
<GCONST> 1.183430e+02
<TRANSP> 6
 0.000000e+00 1.000000e+00 0.000000e+00 0.000000e+00 0.000000e+00 0.000000e+00
 0.000000e+00 5.569699e-01 4.430302e-01 0.000000e+00 0.000000e+00 0.000000e+00
 0.000000e+00 0.000000e+00 4.285037e-01 5.714964e-01 0.000000e+00 0.000000e+00
 0.000000e+00 0.000000e+00 0.000000e+00 3.243864e-01 6.756136e-01 0.000000e+00
 0.000000e+00 0.000000e+00 0.000000e+00 0.000000e+00 4.100716e-01 5.899285e-01
 0.000000e+00 0.000000e+00 0.000000e+00 0.000000e+00 0.000000e+00 0.000000e+00
<ENDHMM>
