~o
<STREAMINFO> 1 39
<VECSIZE> 39<NULLD><MFCC_D_A_Z_0><DIAGC>
~h "ng"
<BEGINHMM>
<NUMSTATES> 6
<STATE> 2
<NUMMIXES> 4
<MIXTURE> 1 2.479108e-01
<MEAN> 39
 3.630923e+00 2.565459e+00 7.015620e+00 -4.615207e-01 -7.965883e+00 -8.206215e-01 4.567099e+00 2.097322e-01 -1.398909e+01 -2.310055e-01 5.939106e+00 -5.605301e+00 -1.555614e-01 5.048358e-01 1.691387e+00 -1.842707e+00 1.348527e+00 1.698260e+00 -2.678489e-01 3.864054e-01 -2.615672e+00 -2.260233e-01 1.245434e+00 -6.585469e-01 -7.524272e-01 -1.854114e+00 6.567410e-02 -2.922995e-01 -3.299434e-01 3.136491e-01 1.911962e-01 -2.634817e-01 -2.381690e-01 -1.563532e-02 9.476008e-01 -1.676907e-01 -7.067288e-01 4.270269e-01 1.301189e-01
<VARIANCE> 39
 8.034529e+00 1.649179e+01 3.078297e+01 2.808844e+01 3.569357e+01 4.839129e+01 3.559281e+01 5.063417e+01 3.982042e+01 5.316319e+01 4.944325e+01 2.571406e+01 1.369488e+01 5.260639e-01 1.843370e+00 2.809435e+00 3.106784e+00 2.916570e+00 4.840059e+00 4.005523e+00 6.964618e+00 4.322672e+00 4.688475e+00 4.318837e+00 2.660053e+00 8.922852e-01 1.048697e-01 2.979214e-01 4.427659e-01 4.010521e-01 5.879503e-01 6.533380e-01 5.873778e-01 9.022626e-01 5.397470e-01 6.903189e-01 6.544065e-01 3.919332e-01 1.487783e-01
<GCONST> 1.181086e+02
<MIXTURE> 2 1.765235e-01
<MEAN> 39
 5.963809e+00 1.460644e+00 -9.740648e-01 -7.595903e-02 -3.092899e+00 -2.299693e+00 4.444748e-01 -3.919571e+00 -7.284900e+00 -1.194562e-01 -3.552836e+00 -3.225317e+00 4.753279e-01 -1.972665e-01 2.056048e+00 7.801468e-01 1.213641e+00 -1.731315e+00 -3.550894e-01 1.887917e+00 -2.524589e+00 -1.204053e+00 9.495410e-01 -4.303928e-01 -1.062022e-01 -1.952315e+00 -3.108305e-02 -2.791252e-01 -1.758683e-01 -2.245683e-01 3.300026e-01 6.391351e-01 -4.380079e-01 1.057521e-01 5.498082e-01 -2.878920e-01 2.887019e-01 1.410973e-03 1.794491e-01
<VARIANCE> 39
 1.190544e+01 1.310862e+01 2.414532e+01 3.433751e+01 3.917083e+01 4.150065e+01 4.540009e+01 5.437229e+01 3.998320e+01 5.036217e+01 5.808969e+01 4.199899e+01 1.169613e+01 7.873040e-01 1.559118e+00 2.247778e+00 2.781171e+00 5.405507e+00 5.666784e+00 5.571326e+00 8.057535e+00 6.820758e+00 5.796932e+00 5.229796e+00 5.038503e+00 1.022702e+00 2.009910e-01 2.372911e-01 2.955451e-01 4.044429e-01 6.220936e-01 5.811538e-01 5.881033e-01 8.674467e-01 6.357864e-01 7.232760e-01 5.963897e-01 5.564389e-01 1.649902e-01
<GCONST> 1.222153e+02
<MIXTURE> 3 2.793479e-01
<MEAN> 39
 6.250090e+00 4.051255e+00 3.854609e+00 -3.223447e+00 -8.560410e+00 3.008306e+00 -7.605999e-01 -1.169852e+01 -5.824267e+00 3.387728e+00 -6.631199e+00 -1.780453e+00 -1.163572e+00 1.441896e+00 6.304376e-01 -2.921202e+00 3.743408e+00 5.378513e-01 -1.363374e+00 -4.265186e-01 -6.807076e-01 3.371055e-01 -9.498335e-01 1.783773e-01 4.735921e-02 -1.807518e+00 -2.877466e-01 -1.469861e-01 2.830702e-01 -2.361366e-01 -8.672309e-03 -2.611265e-01 7.485182e-02 5.994263e-01 -3.740549e-02 -2.605622e-01 2.608472e-01 -1.926435e-02 3.314362e-01
<VARIANCE> 39
 9.497103e+00 1.718473e+01 2.798017e+01 5.364464e+01 3.108784e+01 4.567265e+01 4.068470e+01 4.962703e+01 4.279247e+01 6.160490e+01 6.075157e+01 4.249635e+01 1.314970e+01 6.862224e-01 1.483437e+00 2.296373e+00 3.129749e+00 3.564828e+00 4.613656e+00 5.144734e+00 5.025047e+00 4.449722e+00 3.901585e+00 4.153724e+00 3.541647e+00 7.495251e-01 1.604208e-01 2.532662e-01 5.258860e-01 8.816630e-01 4.744386e-01 5.852110e-01 5.753338e-01 8.900870e-01 5.568475e-01 8.894143e-01 6.844386e-01 5.410675e-01 1.441387e-01
<GCONST> 1.210061e+02
<MIXTURE> 4 2.962178e-01
<MEAN> 39
 5.976798e+00 3.513245e+00 7.471232e-01 3.264259e+00 -4.426155e+00 -4.371022e+00 4.566361e+00 -8.618616e+00 -1.038403e+01 5.656384e+00 -2.219041e+00 -6.384637e+00 -2.106968e+00 8.053556e-01 8.082339e-01 -2.131202e+00 2.382552e+00 1.158381e+00 -1.753886e+00 6.557199e-01 -1.886327e+00 3.579540e-01 6.536084e-01 -1.365538e+00 2.824982e-01 -1.311443e+00 -2.990486e-01 -2.597855e-01 7.870721e-01 -6.640046e-01 -5.650151e-01 6.038740e-01 -2.477787e-01 5.289725e-01 1.870394e-01 -5.508955e-01 2.297865e-01 3.046401e-01 3.921022e-01
<VARIANCE> 39
 7.838793e+00 1.587459e+01 1.996223e+01 4.128878e+01 3.161274e+01 3.959792e+01 4.461683e+01 4.677148e+01 3.989264e+01 3.938731e+01 7.037851e+01 2.913378e+01 1.018301e+01 3.204894e-01 9.600138e-01 1.892823e+00 1.981676e+00 3.945980e+00 4.900201e+00 3.992464e+00 5.121227e+00 4.419498e+00 3.686091e+00 3.126538e+00 2.749946e+00 3.194024e-01 7.264776e-02 2.021762e-01 2.107965e-01 3.421478e-01 3.704897e-01 5.631350e-01 4.825727e-01 7.393726e-01 4.920606e-01 6.563151e-01 4.595952e-01 4.380776e-01 8.875320e-02
<GCONST> 1.106184e+02
<STATE> 3
<NUMMIXES> 4
<MIXTURE> 1 2.445938e-01
<MEAN> 39
 7.849385e+00 3.883569e+00 -1.356439e+00 6.217357e+00 -6.515885e+00 -3.635603e+00 4.131588e+00 -9.163936e+00 -1.030168e+01 2.932950e+00 -2.934966e-01 -7.145247e+00 -2.895209e+00 1.798754e-01 4.640558e-01 -4.617028e-01 6.443443e-01 3.031857e-01 -4.134100e-01 2.535835e-02 8.465869e-02 -2.150577e-01 -4.091971e-01 1.107441e-01 1.306542e-01 -5.584421e-01 -5.478911e-01 -1.126083e-01 9.493604e-01 -1.100435e+00 -1.247610e-02 6.689938e-01 -4.040997e-01 5.615035e-01 2.891002e-01 -3.533761e-01 -1.733269e-02 4.409050e-01 3.717671e-01
<VARIANCE> 39
 6.326966e+00 1.410556e+01 1.620719e+01 4.116525e+01 4.057722e+01 3.575687e+01 5.773149e+01 5.277105e+01 3.687504e+01 4.545155e+01 6.089503e+01 3.328871e+01 1.022846e+01 3.714295e-01 7.423068e-01 1.402359e+00 1.558881e+00 1.686858e+00 2.024724e+00 1.302028e+00 1.876575e+00 1.549736e+00 1.812395e+00 1.776167e+00 1.673199e+00 3.339792e-01 1.277141e-01 2.032092e-01 3.928005e-01 4.527906e-01 8.637986e-01 7.372699e-01 7.418856e-01 7.516695e-01 6.309482e-01 7.203357e-01 5.059946e-01 4.975874e-01 1.539950e-01
<GCONST> 1.075256e+02
<MIXTURE> 2 2.448694e-01
<MEAN> 39
 5.437822e+00 6.164206e+00 1.445012e+00 1.611468e+00 -5.183214e+00 -2.186109e+00 2.109852e+00 -8.398580e+00 -9.411727e+00 1.309002e+00 -2.639323e+00 -3.708994e+00 -3.476643e+00 6.181121e-02 1.347971e+00 -9.885537e-01 1.488389e+00 1.195292e+00 -2.150911e-01 -1.868698e-01 -1.106802e+00 5.069698e-01 -4.359927e-01 -3.111070e-01 1.589276e-01 -1.693741e+00 -4.905631e-01 -6.433744e-01 4.619927e-01 -3.841557e-01 1.684451e-01 3.820260e-01 -1.331411e-01 7.313073e-01 4.871749e-01 -2.607897e-01 1.262873e-01 2.468946e-01 4.042551e-01
<VARIANCE> 39
 1.907345e+01 1.825827e+01 3.495363e+01 4.202848e+01 5.127741e+01 4.529646e+01 5.786523e+01 7.195711e+01 5.731928e+01 6.386618e+01 8.078049e+01 4.054251e+01 1.695703e+01 1.606183e+00 2.084457e+00 3.412166e+00 4.109479e+00 5.506739e+00 5.085477e+00 5.297477e+00 6.758907e+00 4.763229e+00 5.239462e+00 5.206361e+00 3.195764e+00 1.778367e+00 5.542193e-01 4.025333e-01 8.349155e-01 8.571450e-01 1.223254e+00 1.026811e+00 9.987172e-01 1.505300e+00 1.077790e+00 1.222837e+00 1.146496e+00 6.288884e-01 3.429180e-01
<GCONST> 1.350810e+02
<MIXTURE> 3 3.122134e-01
<MEAN> 39
 7.293952e+00 4.178747e+00 2.380816e-01 9.717963e-01 -9.640037e+00 2.216116e+00 -2.865261e-01 -1.443593e+01 -3.551134e+00 1.891926e+00 -7.842599e+00 8.151551e-01 -2.240073e+00 1.323316e-01 5.966275e-01 -8.216260e-02 5.928572e-01 -3.123474e-01 2.684047e-01 -2.597248e-01 -6.788043e-01 4.524994e-01 -2.406319e-01 -3.789354e-02 4.977527e-02 -6.362198e-01 -2.842367e-01 -5.248926e-03 3.515820e-01 -3.542275e-01 4.758385e-01 -1.239575e-01 -3.493799e-02 7.493984e-01 -4.695341e-01 1.495443e-02 3.933438e-01 -3.870081e-01 1.425979e-01
<VARIANCE> 39
 5.954618e+00 1.563896e+01 2.102036e+01 3.547509e+01 3.222647e+01 4.466287e+01 4.477077e+01 4.708669e+01 4.320551e+01 6.267205e+01 5.294758e+01 3.424936e+01 1.130107e+01 2.198661e-01 6.748792e-01 7.370609e-01 1.126853e+00 1.748518e+00 1.614999e+00 2.192529e+00 2.463792e+00 2.091465e+00 2.675368e+00 2.104151e+00 1.462955e+00 3.188841e-01 1.029379e-01 1.669241e-01 3.911613e-01 4.020388e-01 5.098349e-01 6.287640e-01 6.011602e-01 7.856520e-01 4.800992e-01 7.364149e-01 6.433672e-01 3.354815e-01 9.727819e-02
<GCONST> 1.052127e+02
<MIXTURE> 4 1.983234e-01
<MEAN> 39
 3.883968e+00 2.366548e+00 2.930854e+00 3.238333e+00 -4.382557e+00 -3.876732e+00 4.898140e+00 -7.945596e+00 -1.042827e+01 5.957488e+00 -1.059802e+00 -5.883849e+00 -1.087138e+00 7.010969e-02 5.267988e-01 -1.044065e-01 3.368576e-01 -1.690491e-02 -2.327306e-01 1.178313e-01 -2.300182e-01 -1.257420e-02 -1.914666e-01 -2.349920e-01 2.771727e-01 -4.845572e-01 1.670029e-02 9.303226e-02 -5.624026e-02 -1.159938e-01 5.968402e-02 1.312699e-01 -7.304241e-02 3.771586e-01 8.895239e-02 -4.991924e-01 2.501601e-01 1.264880e-01 -5.363083e-02
<VARIANCE> 39
 5.688509e+00 1.022298e+01 1.806296e+01 4.210879e+01 3.465490e+01 4.726952e+01 3.072032e+01 3.754617e+01 3.662215e+01 4.499786e+01 4.501202e+01 2.136590e+01 1.024102e+01 2.273608e-01 4.413880e-01 6.578689e-01 7.386556e-01 8.911086e-01 9.618768e-01 1.019941e+00 1.163277e+00 1.424410e+00 1.608429e+00 1.582248e+00 1.079770e+00 2.669237e-01 5.791578e-02 9.403383e-02 2.239116e-01 2.421096e-01 3.128950e-01 3.174995e-01 3.144277e-01 3.936892e-01 3.851248e-01 2.983122e-01 2.777417e-01 2.264652e-01 8.985186e-02
<GCONST> 9.060283e+01
<STATE> 4
<NUMMIXES> 4
<MIXTURE> 1 3.319129e-01
<MEAN> 39
 5.060945e+00 5.799545e+00 6.806438e-01 3.467172e+00 -1.456697e+00 -1.112563e+00 7.520557e-01 -5.810485e+00 -7.880187e+00 -3.683097e-01 -1.448664e+00 -4.034814e+00 -5.087613e+00 -1.578014e-01 5.815691e-01 7.532965e-02 2.717524e-01 7.516692e-01 3.928733e-01 -3.809458e-01 2.626158e-01 1.723161e-01 -5.986434e-01 1.436469e-01 2.141138e-01 -8.367536e-01 -2.169435e-01 -1.289359e-01 1.630765e-01 -8.111089e-02 6.881184e-02 2.189728e-01 7.695481e-02 1.155616e-01 8.436232e-02 2.235355e-02 1.589790e-02 1.064175e-01 6.188111e-03
<VARIANCE> 39
 1.120982e+01 1.824309e+01 2.730025e+01 4.052291e+01 3.922861e+01 4.046176e+01 5.695314e+01 5.114474e+01 5.374025e+01 6.069304e+01 5.209210e+01 3.863112e+01 1.765849e+01 6.959779e-01 9.506351e-01 1.969259e+00 1.836092e+00 2.291297e+00 1.891697e+00 2.231018e+00 2.237764e+00 2.060479e+00 2.792281e+00 2.566057e+00 1.889174e+00 6.691747e-01 1.397844e-01 2.227696e-01 3.674424e-01 2.826841e-01 4.239289e-01 3.796207e-01 3.995209e-01 4.979030e-01 4.360210e-01 5.367768e-01 4.163233e-01 3.866241e-01 1.271289e-01
<GCONST> 1.102779e+02
<MIXTURE> 2 2.596577e-01
<MEAN> 39
 8.113955e+00 7.361029e+00 5.341782e-01 1.359205e+00 -9.078051e+00 1.406794e+00 -1.797829e+00 -1.544007e+01 -4.180663e+00 1.181955e+00 -7.489661e+00 -1.381320e+00 -5.221414e+00 -9.409735e-01 7.692716e-01 7.035050e-01 9.219151e-01 1.868966e+00 -4.112514e-01 -2.548163e-01 1.062137e+00 -5.790240e-01 -1.077696e+00 1.184586e+00 -4.733775e-01 -1.036937e+00 -8.435619e-01 -6.820650e-01 1.410203e-01 -3.117712e-02 1.092254e+00 -2.550071e-01 2.707686e-01 1.273278e+00 6.151044e-02 -1.017794e-01 5.279859e-01 1.879258e-02 4.082780e-01
<VARIANCE> 39
 6.809222e+00 1.647540e+01 2.090769e+01 2.969554e+01 3.117187e+01 3.238865e+01 4.800057e+01 4.507056e+01 3.207293e+01 5.102976e+01 3.694958e+01 2.991950e+01 1.262129e+01 1.210232e+00 1.658385e+00 2.440561e+00 2.897374e+00 3.184609e+00 3.812325e+00 3.825489e+00 5.364456e+00 4.074607e+00 3.925419e+00 3.360714e+00 2.703070e+00 1.575510e+00 2.694586e-01 5.228549e-01 6.090911e-01 7.560630e-01 7.669331e-01 6.087597e-01 1.019169e+00 8.764242e-01 6.567879e-01 6.453034e-01 6.124460e-01 5.565475e-01 3.047310e-01
<GCONST> 1.212403e+02
<MIXTURE> 3 2.000094e-01
<MEAN> 39
 6.201964e+00 5.856183e+00 1.139997e+00 6.416731e+00 -8.659072e+00 -2.583357e+00 8.581573e+00 -8.821245e+00 -1.293512e+01 2.971136e+00 2.014060e+00 -7.096579e+00 -3.038539e+00 -6.884784e-01 5.099707e-01 1.139595e-01 -4.438525e-01 2.006320e+00 -2.817021e-01 -1.185505e+00 1.386522e+00 5.245553e-01 -8.087157e-01 -5.269226e-01 9.053501e-01 -7.319332e-01 -4.266415e-01 -6.027941e-01 9.235018e-02 -5.267929e-01 7.510221e-01 1.672728e-01 -9.334689e-01 8.821499e-01 9.383866e-01 -4.020969e-01 -1.875394e-01 5.538393e-01 3.268159e-01
<VARIANCE> 39
 1.072754e+01 1.539834e+01 2.036354e+01 4.894925e+01 3.333902e+01 2.957266e+01 3.696284e+01 4.497469e+01 2.620932e+01 5.598354e+01 3.929362e+01 2.331446e+01 1.410155e+01 1.032494e+00 2.544254e+00 1.974738e+00 3.870525e+00 3.830795e+00 4.082345e+00 4.257454e+00 5.930379e+00 4.124581e+00 4.330015e+00 3.541303e+00 2.403688e+00 2.128096e+00 3.517905e-01 3.780534e-01 4.659913e-01 8.145966e-01 7.575698e-01 6.433508e-01 5.391505e-01 7.170841e-01 4.617805e-01 8.330393e-01 5.591249e-01 4.317350e-01 2.521284e-01
<GCONST> 1.211038e+02
<MIXTURE> 4 2.084199e-01
<MEAN> 39
 5.781164e+00 5.695566e+00 -2.925351e-01 3.354090e+00 -1.721762e+00 -4.196495e+00 -1.077100e+00 -7.902497e+00 -9.479352e+00 -6.705129e-01 -2.819763e+00 -3.907689e+00 -3.711206e+00 -2.294218e+00 -1.251410e-01 2.155875e-01 1.482998e-01 1.718715e+00 7.702786e-01 -2.564721e-01 1.535751e+00 1.747984e+00 -8.548780e-01 3.141430e-01 8.673678e-01 3.874105e-02 -9.567165e-01 -5.574082e-01 4.135391e-01 -5.089433e-01 -3.250813e-01 5.755524e-01 5.053499e-01 6.095282e-01 6.762668e-01 2.304533e-01 1.977911e-01 2.488998e-01 6.032076e-01
<VARIANCE> 39
 1.538058e+01 2.496071e+01 2.842979e+01 4.169918e+01 4.264880e+01 4.882500e+01 5.044692e+01 6.490916e+01 4.930929e+01 4.984127e+01 7.408132e+01 3.572149e+01 1.770441e+01 4.327268e+00 3.144594e+00 5.058794e+00 6.922470e+00 8.262761e+00 5.586216e+00 6.672410e+00 7.774806e+00 5.684514e+00 7.214819e+00 7.131390e+00 3.922429e+00 2.786021e+00 5.678741e-01 4.757211e-01 7.477756e-01 9.834591e-01 8.306310e-01 9.393195e-01 1.029356e+00 1.173453e+00 9.156498e-01 9.358858e-01 8.238194e-01 6.665735e-01 4.989211e-01
<GCONST> 1.378950e+02
<STATE> 5
<NUMMIXES> 4
<MIXTURE> 1 2.131515e-01
<MEAN> 39
 -4.257341e+00 4.724306e+00 8.131608e-01 4.821547e+00 5.407542e+00 -1.788538e+00 8.289797e-02 -1.558252e+00 -1.348395e+00 -1.632496e+00 -9.840643e-01 -3.430496e-01 -3.271847e+00 -3.755714e+00 -1.307607e+00 -5.727283e-01 -4.195679e-01 1.515917e+00 3.055059e-01 9.075402e-01 2.626374e+00 2.330697e+00 2.946891e-01 8.875411e-01 1.116086e+00 1.161931e+00 3.174531e-01 -1.161244e-01 -9.306890e-02 -2.822622e-01 -1.002515e+00 1.460708e-01 4.148629e-01 -3.275225e-01 -3.508236e-01 4.341098e-01 -1.165283e-02 -1.097995e-01 2.210377e-01
<VARIANCE> 39
 3.706016e+01 3.604684e+01 6.011086e+01 4.326446e+01 3.562248e+01 5.856293e+01 4.909385e+01 4.035338e+01 3.798431e+01 4.060691e+01 2.814206e+01 2.421707e+01 3.784529e+01 6.152500e+00 4.267360e+00 3.851464e+00 5.503809e+00 6.328354e+00 5.485644e+00 5.375239e+00 5.946208e+00 4.256992e+00 5.143444e+00 5.554199e+00 3.674245e+00 2.828041e+00 6.659670e-01 6.601135e-01 6.867868e-01 8.421658e-01 6.782514e-01 1.004080e+00 1.073582e+00 8.524070e-01 7.645344e-01 8.866394e-01 7.332652e-01 6.090327e-01 5.248844e-01
<GCONST> 1.362650e+02
<MIXTURE> 2 4.405795e-01
<MEAN> 39
 3.816449e+00 9.668115e+00 2.839004e+00 6.066877e+00 -8.766279e-01 -1.382339e+00 1.700731e+00 -8.903526e+00 -8.175642e+00 -1.515021e+00 -1.802686e+00 -3.204135e+00 -9.437708e+00 -1.972014e+00 -8.513846e-01 -1.272164e-01 7.429368e-01 2.715364e+00 3.245334e-01 9.688942e-02 1.744720e+00 1.572213e+00 -5.370575e-01 4.567119e-01 8.135161e-01 -8.810158e-01 -3.514643e-01 -1.136560e+00 -4.585645e-01 -3.749124e-01 -3.353126e-02 4.890701e-02 6.313180e-02 6.692759e-01 6.696744e-01 4.193558e-01 4.309081e-02 2.693405e-01 7.983543e-01
<VARIANCE> 39
 1.354449e+01 1.492287e+01 2.277232e+01 3.313707e+01 3.847802e+01 4.336574e+01 5.245828e+01 4.756871e+01 3.975357e+01 4.895147e+01 3.767167e+01 2.828019e+01 1.273451e+01 2.165153e+00 4.412935e+00 3.527537e+00 4.530778e+00 4.861135e+00 5.289284e+00 5.636262e+00 6.691896e+00 4.667771e+00 4.821990e+00 5.485671e+00 2.970522e+00 3.201616e+00 3.066024e-01 6.361098e-01 6.479666e-01 5.772744e-01 8.243058e-01 7.976815e-01 7.947294e-01 8.440034e-01 6.785076e-01 7.052228e-01 6.510364e-01 5.085420e-01 5.636458e-01
<GCONST> 1.290648e+02
<MIXTURE> 3 1.439634e-01
<MEAN> 39
 5.549213e+00 -4.887850e-01 5.259588e-01 4.861446e-01 -3.587099e+00 -4.012379e+00 -4.979405e-01 3.265169e+00 -7.340702e+00 -3.650651e+00 1.150498e+00 -1.783242e+00 2.462799e+00 3.071986e-01 -1.617065e+00 -6.854722e-01 -7.406022e-01 1.110516e+00 2.483816e-01 -1.532954e+00 2.206960e+00 1.923984e+00 -1.131059e+00 -8.173124e-02 1.158862e+00 1.252195e+00 1.669274e-01 -2.926093e-02 -1.488628e-01 -8.803048e-03 -3.074272e-02 3.209865e-01 -1.197478e-01 -5.558999e-01 3.141621e-01 3.638657e-01 -5.821135e-02 -5.413855e-02 -1.366119e-02
<VARIANCE> 39
 1.157693e+01 1.728939e+01 5.498377e+01 3.208560e+01 5.283547e+01 3.275144e+01 6.515599e+01 3.483191e+01 4.353155e+01 5.302983e+01 5.413842e+01 4.196199e+01 1.236631e+01 1.049657e+00 1.665086e+00 4.096398e+00 3.486977e+00 4.039619e+00 6.361253e+00 6.535519e+00 5.920775e+00 3.565509e+00 3.305907e+00 3.855734e+00 3.233118e+00 1.036807e+00 1.328688e-01 2.913309e-01 4.628645e-01 3.617282e-01 6.036530e-01 6.785974e-01 1.111390e+00 5.839584e-01 8.736753e-01 5.015255e-01 6.970236e-01 5.442256e-01 1.978226e-01
<GCONST> 1.229901e+02
<MIXTURE> 4 2.023055e-01
<MEAN> 39
 3.809392e+00 2.993647e+00 5.092766e+00 -4.843052e+00 -7.346371e+00 2.486131e+00 1.312337e+00 -8.134789e+00 -7.223694e+00 2.941676e+00 -3.398967e+00 -3.055227e+00 4.001699e-01 -9.065279e-01 -3.021845e-01 1.384187e+00 -1.782328e+00 -5.102407e-01 8.676917e-01 2.263347e-01 1.603441e+00 -4.043327e-02 -3.492627e-01 3.326786e-01 2.187824e-01 9.464498e-01 1.078057e-01 -1.583014e-01 -2.772752e-01 2.676120e-01 2.757927e-02 -3.982062e-01 -4.022098e-02 3.988872e-01 8.700722e-02 -2.216471e-01 1.587369e-01 -1.239203e-02 8.784081e-02
<VARIANCE> 39
 1.390786e+01 2.024700e+01 4.374815e+01 5.568569e+01 4.481333e+01 4.984795e+01 5.603970e+01 5.018380e+01 4.811794e+01 4.285305e+01 6.406722e+01 3.488846e+01 1.601282e+01 1.510177e+00 1.539079e+00 3.727457e+00 3.778618e+00 5.091957e+00 4.149291e+00 3.532256e+00 3.800007e+00 3.806836e+00 3.898019e+00 3.432067e+00 3.576504e+00 1.731226e+00 2.033790e-01 2.132705e-01 4.755000e-01 7.068539e-01 6.003703e-01 6.918755e-01 5.745068e-01 5.795665e-01 5.389412e-01 6.192615e-01 5.292776e-01 4.501634e-01 1.545565e-01
<GCONST> 1.231702e+02
<TRANSP> 6
 0.000000e+00 1.000000e+00 0.000000e+00 0.000000e+00 0.000000e+00 0.000000e+00
 0.000000e+00 4.475252e-01 5.524748e-01 0.000000e+00 0.000000e+00 0.000000e+00
 0.000000e+00 0.000000e+00 4.933335e-01 5.066665e-01 0.000000e+00 0.000000e+00
 0.000000e+00 0.000000e+00 0.000000e+00 4.360500e-01 5.639499e-01 0.000000e+00
 0.000000e+00 0.000000e+00 0.000000e+00 0.000000e+00 4.457867e-01 5.542133e-01
 0.000000e+00 0.000000e+00 0.000000e+00 0.000000e+00 0.000000e+00 0.000000e+00
<ENDHMM>
