~o
<STREAMINFO> 1 39
<VECSIZE> 39<NULLD><MFCC_D_A_Z_0><DIAGC>
~h "p"
<BEGINHMM>
<NUMSTATES> 6
<STATE> 2
<NUMMIXES> 4
<MIXTURE> 1 3.240176e-01
<MEAN> 39
 -4.252036e+00 -6.987869e-01 1.256296e+00 4.663921e+00 3.305529e+00 2.116157e+00 5.476679e+00 3.752527e+00 5.286563e+00 2.592483e+00 4.104225e+00 2.617610e+00 1.917800e+00 1.695009e+00 -1.589882e+00 -5.135006e-02 -1.683180e+00 -1.125557e+00 -7.019060e-01 8.504540e-02 9.997370e-02 -6.669075e-01 -4.806846e-01 -6.301923e-01 -1.861387e-01 4.100490e+00 3.553789e-01 2.696092e-01 -2.025528e-01 -2.711071e-01 -1.473345e-01 5.917868e-02 -5.447304e-01 -6.513592e-01 -7.197806e-01 -2.792312e-01 -5.025589e-01 -3.916738e-01 -1.366085e+00
<VARIANCE> 39
 1.740355e+01 1.759299e+01 2.531984e+01 2.690028e+01 3.044649e+01 3.364824e+01 3.207615e+01 2.950571e+01 3.249464e+01 2.599545e+01 2.870255e+01 2.141697e+01 3.759245e+01 4.407300e+00 2.625850e+00 4.025587e+00 3.878163e+00 4.794281e+00 4.671339e+00 4.548646e+00 4.252223e+00 4.233233e+00 3.263526e+00 3.099484e+00 2.450697e+00 6.104210e+00 7.718370e-01 5.948445e-01 5.765271e-01 7.424099e-01 8.238994e-01 9.017990e-01 9.305221e-01 8.833351e-01 9.757791e-01 7.471649e-01 7.470635e-01 5.728578e-01 1.170165e+00
<GCONST> 1.290992e+02
<MIXTURE> 2 1.895084e-01
<MEAN> 39
 -2.661966e+00 -3.629241e+00 -2.970754e+00 1.206009e+00 7.601405e+00 6.495834e+00 6.742090e+00 4.922143e+00 6.499643e+00 2.040204e+00 3.952257e+00 2.047317e+00 2.233656e+00 1.437669e-01 -1.823365e+00 -1.421792e+00 -1.664971e+00 9.486395e-01 8.244346e-01 3.494579e-01 -6.454485e-01 -9.310058e-01 -8.795507e-01 -1.259402e+00 -5.139539e-01 8.057342e-01 3.952537e-02 6.978791e-01 1.716924e-01 3.183848e-01 -2.671222e-01 -2.573489e-01 -6.803598e-01 -9.607416e-01 -7.923547e-01 -3.947958e-01 -5.188722e-01 -3.928412e-01 -1.523146e+00
<VARIANCE> 39
 1.213629e+01 2.052464e+01 1.970631e+01 2.647353e+01 3.387324e+01 2.652603e+01 2.956179e+01 2.731824e+01 3.261596e+01 2.726721e+01 2.371769e+01 1.911221e+01 1.559173e+01 1.960156e+00 2.969198e+00 2.446338e+00 3.770377e+00 3.537668e+00 4.195277e+00 3.663413e+00 4.718424e+00 5.483560e+00 3.767693e+00 3.258347e+00 2.932139e+00 4.736297e+00 4.039062e-01 4.295326e-01 2.427245e-01 6.477284e-01 5.193391e-01 4.296581e-01 5.770077e-01 6.326133e-01 6.946197e-01 5.592383e-01 5.148271e-01 4.466626e-01 5.523736e-01
<GCONST> 1.198530e+02
<MIXTURE> 3 2.652139e-01
<MEAN> 39
 -5.116855e+00 -3.772197e+00 -1.763440e+00 7.770602e+00 5.646184e+00 2.611370e+00 2.531583e+00 1.820687e+00 6.237088e+00 3.374234e+00 2.770980e+00 -2.684227e-01 2.508910e+00 1.410687e+00 -1.806978e+00 -1.380488e+00 -3.373810e-01 3.618533e-01 -8.007012e-01 -9.648708e-01 -3.973287e-01 2.928553e-02 -5.783581e-02 -4.099483e-01 -4.078197e-01 2.981527e+00 4.632178e-01 5.626491e-01 -2.076614e-01 -2.251599e-01 -1.120637e-01 -5.431956e-02 -2.568110e-01 -1.129528e-01 -4.867491e-01 -3.930343e-01 -2.087858e-01 1.581940e-01 -1.756409e+00
<VARIANCE> 39
 1.109832e+01 1.554094e+01 1.862785e+01 1.390025e+01 1.579747e+01 2.113129e+01 2.221869e+01 2.676431e+01 2.175819e+01 1.887227e+01 1.537032e+01 1.691507e+01 2.246339e+01 1.941295e+00 1.579361e+00 1.479790e+00 1.600882e+00 1.750110e+00 2.001716e+00 1.612541e+00 2.072023e+00 2.048411e+00 2.104260e+00 1.598954e+00 1.365124e+00 8.224078e+00 4.766402e-01 2.948019e-01 3.334662e-01 3.296673e-01 3.912541e-01 4.823556e-01 5.197238e-01 5.879188e-01 5.699081e-01 4.472971e-01 3.528191e-01 3.788155e-01 7.032647e-01
<GCONST> 1.073097e+02
<MIXTURE> 4 2.212600e-01
<MEAN> 39
 -5.509161e+00 -2.214976e+00 -2.770343e+00 -3.537185e-01 4.392259e+00 1.766940e+00 3.085706e+00 5.039005e-01 3.335601e+00 2.103559e+00 1.239710e+00 1.981359e+00 3.776248e+00 9.440178e-01 -1.027573e+00 -1.100561e+00 -1.852009e+00 -4.506454e-01 -2.147025e-01 -1.248552e-01 -2.878006e-01 -3.262622e-02 -8.358874e-02 -2.670811e-01 -1.146435e-01 2.655750e+00 1.903108e-01 6.220573e-01 1.085435e-01 4.624687e-01 5.517755e-02 3.531354e-01 8.877688e-02 -9.065537e-02 -1.831478e-01 -8.184980e-02 -2.934368e-02 -1.422395e-01 -1.952705e+00
<VARIANCE> 39
 1.297608e+01 1.536484e+01 2.080972e+01 2.476243e+01 2.244558e+01 2.260612e+01 1.798400e+01 2.523487e+01 2.221157e+01 1.822329e+01 2.243888e+01 1.198076e+01 1.325094e+01 2.161568e+00 2.289768e+00 2.081477e+00 3.041286e+00 1.867921e+00 2.842574e+00 2.758447e+00 2.531277e+00 2.431240e+00 1.917646e+00 2.329942e+00 1.884468e+00 8.071060e+00 3.375022e-01 3.515431e-01 3.486827e-01 4.835335e-01 4.240340e-01 4.162340e-01 4.601111e-01 4.623275e-01 5.949507e-01 3.260896e-01 4.032740e-01 2.843685e-01 4.689371e-01
<GCONST> 1.101537e+02
<STATE> 3
<NUMMIXES> 4
<MIXTURE> 1 2.983523e-01
<MEAN> 39
 -4.412888e+00 -3.157930e+00 -6.427792e+00 -4.185023e+00 4.973218e+00 3.950972e+00 2.558934e+00 -3.834094e-01 2.605350e+00 9.699705e-01 9.728558e-01 8.588839e-01 -9.980783e-02 1.186171e+00 6.424838e-01 -5.742252e-01 -7.879877e-01 -1.482966e-01 2.558659e-01 -1.342423e-01 -6.464410e-01 -5.339051e-01 -4.276620e-01 -3.068863e-01 -4.168653e-01 -7.654685e-01 7.912890e-01 5.254903e-01 3.735045e-01 3.450176e-01 -2.387119e-01 -6.200197e-02 -8.765220e-02 -4.010467e-02 -1.108420e-01 -5.983489e-02 4.939099e-04 -7.404637e-02 2.918737e-02
<VARIANCE> 39
 2.028686e+01 2.038799e+01 2.969566e+01 3.711992e+01 3.093383e+01 4.370382e+01 2.736463e+01 3.284016e+01 2.928206e+01 1.922159e+01 2.909633e+01 2.212848e+01 2.277220e+01 2.407654e+00 2.062292e+00 1.690453e+00 3.527814e+00 2.586969e+00 2.491453e+00 2.563581e+00 2.596715e+00 2.651699e+00 1.907202e+00 2.215423e+00 2.102241e+00 1.002405e+00 4.426987e-01 3.654364e-01 4.198223e-01 6.215988e-01 5.183759e-01 7.411168e-01 5.428727e-01 5.607617e-01 5.751586e-01 3.657520e-01 5.341727e-01 4.510829e-01 5.697054e-01
<GCONST> 1.160967e+02
<MIXTURE> 2 2.371766e-01
<MEAN> 39
 -3.084537e+00 -9.048843e+00 -5.805400e+00 5.814120e+00 5.658318e+00 3.452237e-01 5.267627e-01 2.562469e+00 5.439255e+00 1.550413e+00 1.210887e+00 5.693281e-01 1.670278e+00 2.355021e+00 2.516874e-02 -7.539873e-01 -3.722375e-02 -1.455649e-01 -1.568116e+00 -1.195636e+00 -2.096952e-01 -1.644237e+00 -1.310575e+00 -1.316167e+00 -3.513345e-01 -6.223407e-01 8.556840e-01 8.131410e-01 2.201898e-01 -1.963301e-01 -4.589427e-01 -2.765706e-01 -2.691298e-01 9.659677e-02 -5.785444e-01 -2.851785e-01 -1.283417e-01 -9.093178e-02 -1.938490e-01
<VARIANCE> 39
 1.310683e+01 1.006907e+01 2.436721e+01 1.810408e+01 2.435546e+01 2.664387e+01 3.441524e+01 4.447448e+01 3.246117e+01 2.970636e+01 2.179782e+01 2.133869e+01 1.195492e+01 2.526316e+00 1.943227e+00 2.121957e+00 1.877604e+00 2.821362e+00 3.043753e+00 3.399927e+00 3.356733e+00 4.807041e+00 3.081303e+00 2.152223e+00 2.094993e+00 1.252662e+00 2.824252e-01 2.486635e-01 4.249370e-01 3.658458e-01 6.512691e-01 6.524745e-01 7.294058e-01 7.782245e-01 7.572092e-01 7.438012e-01 5.166466e-01 4.665377e-01 7.821540e-01
<GCONST> 1.157560e+02
<MIXTURE> 3 2.378362e-01
<MEAN> 39
 -5.450976e-01 -1.470099e+00 -9.952909e-01 4.427814e+00 3.925615e+00 2.064209e+00 3.559578e+00 1.592988e+00 3.050124e+00 1.395525e+00 8.323567e-01 7.396792e-01 -3.883348e-01 4.058936e+00 -2.845316e-01 -9.919877e-01 -1.954857e+00 -1.340360e+00 -1.034534e+00 -2.157927e+00 -5.134880e-01 -1.832389e+00 -9.567448e-01 -1.103145e+00 -6.146068e-01 1.570499e+00 1.566592e-01 1.536851e-01 -2.354289e-01 -4.077725e-01 -2.854778e-01 -5.137112e-02 -4.997367e-01 -8.763783e-02 -2.815496e-01 -4.654014e-02 4.229030e-02 -1.285573e-02 -7.162499e-01
<VARIANCE> 39
 1.655249e+01 2.107770e+01 3.235812e+01 2.840982e+01 2.959335e+01 3.222953e+01 3.389253e+01 4.008064e+01 2.975238e+01 2.775348e+01 2.137136e+01 2.035272e+01 1.998769e+01 3.322276e+00 3.193072e+00 6.234544e+00 5.722721e+00 5.809899e+00 7.362288e+00 6.287364e+00 6.300931e+00 5.857534e+00 4.413387e+00 4.940995e+00 3.377052e+00 5.281617e+00 3.669342e-01 3.907597e-01 5.106866e-01 5.104412e-01 6.391265e-01 6.098555e-01 8.064789e-01 8.909615e-01 6.895846e-01 6.260755e-01 4.752112e-01 4.542786e-01 8.735307e-01
<GCONST> 1.282516e+02
<MIXTURE> 4 2.266349e-01
<MEAN> 39
 -6.993407e+00 -6.296782e+00 1.859802e+00 -1.680660e+00 9.481983e-01 3.842786e+00 9.331485e+00 2.654122e-01 1.002087e+00 1.255188e+00 9.270776e-02 1.359331e+00 3.244985e+00 8.268699e-01 2.282455e-01 5.240014e-01 -9.965252e-01 -8.711917e-01 -1.050004e-02 -1.010364e+00 -1.917875e+00 -1.411649e+00 -1.057609e+00 -1.628282e+00 -9.150989e-01 2.841958e-01 8.239349e-01 8.331360e-01 -1.029080e-01 3.050539e-01 -1.226048e-01 -3.060254e-01 -1.008950e+00 -1.447339e-01 -5.869283e-02 -1.643045e-01 -9.886475e-03 -1.672805e-01 -4.617079e-01
<VARIANCE> 39
 1.435131e+01 2.081342e+01 3.392559e+01 2.699839e+01 6.844678e+01 4.766716e+01 3.242190e+01 4.329761e+01 3.257897e+01 3.099909e+01 2.723918e+01 2.384341e+01 1.310516e+01 3.316134e+00 2.639645e+00 2.660712e+00 3.617513e+00 3.871952e+00 3.227154e+00 4.532182e+00 3.789431e+00 4.186274e+00 3.197698e+00 3.513898e+00 2.289923e+00 1.325182e+00 3.664754e-01 4.990494e-01 4.289649e-01 7.096412e-01 1.007890e+00 5.740646e-01 6.923145e-01 7.104357e-01 6.087918e-01 6.049183e-01 6.593228e-01 4.998228e-01 7.986168e-01
<GCONST> 1.237854e+02
<STATE> 4
<NUMMIXES> 4
<MIXTURE> 1 3.747781e-01
<MEAN> 39
 -2.231185e+00 -2.009949e+00 -4.193702e+00 -4.964909e-01 7.377636e+00 5.212664e+00 3.096362e+00 -2.380446e+00 1.719222e+00 -8.921793e-01 -8.753402e-01 -1.127770e+00 -9.019770e-01 3.481946e+00 1.370531e+00 -5.546198e-01 -1.151524e+00 -1.244705e+00 -5.040538e-01 -1.638679e+00 -1.195188e+00 -1.319289e+00 -9.474444e-01 -1.064564e+00 -8.052449e-01 8.822989e-01 5.339397e-01 -1.753817e-01 -7.634234e-02 -2.983483e-01 -6.755278e-01 -2.335208e-01 -3.223937e-01 3.796789e-01 1.491556e-01 2.827376e-01 2.668743e-01 1.699323e-01 7.301145e-01
<VARIANCE> 39
 2.178851e+01 3.044434e+01 3.971869e+01 3.923095e+01 4.500985e+01 4.506202e+01 5.294107e+01 3.813951e+01 3.825758e+01 4.175671e+01 3.414158e+01 2.382760e+01 2.612128e+01 2.797839e+00 2.369288e+00 2.946313e+00 4.948448e+00 4.170190e+00 3.900737e+00 5.170675e+00 4.380801e+00 4.506436e+00 3.257362e+00 4.521081e+00 2.423009e+00 1.881203e+00 2.977722e-01 4.028641e-01 4.930996e-01 5.684357e-01 6.826738e-01 7.989115e-01 7.265840e-01 7.305222e-01 7.674910e-01 8.591163e-01 7.157515e-01 5.016860e-01 5.334260e-01
<GCONST> 1.275827e+02
<MIXTURE> 2 2.423242e-01
<MEAN> 39
 7.483382e+00 -2.654348e+00 -6.278004e+00 5.809096e+00 4.751657e+00 -3.454061e+00 -3.699821e+00 1.116956e+00 -1.354040e-02 -1.225685e+00 -2.092348e+00 -7.730262e-01 7.199143e-01 4.657081e+00 9.962777e-03 -1.828008e+00 -9.774702e-01 -1.286876e+00 -2.463454e+00 -2.787593e+00 5.305940e-01 -1.444923e+00 -1.227737e+00 -8.788146e-01 -1.058936e-01 1.588653e+00 -6.532488e-01 -2.896809e-01 2.283796e-01 -3.060996e-01 -3.439965e-01 2.382142e-01 3.369170e-01 2.957461e-01 3.331460e-01 2.709388e-01 4.324702e-01 1.503133e-01 2.327425e-01
<VARIANCE> 39
 2.323676e+01 1.871244e+01 3.266541e+01 2.479468e+01 3.145872e+01 4.167190e+01 3.716809e+01 3.514220e+01 3.978431e+01 3.080831e+01 2.106199e+01 2.057915e+01 1.625176e+01 1.566439e+00 2.444674e+00 5.686562e+00 3.054500e+00 5.421244e+00 6.794267e+00 7.271684e+00 6.226099e+00 7.883448e+00 4.187283e+00 3.337367e+00 3.650727e+00 1.444854e+00 4.125912e-01 3.051183e-01 4.512718e-01 3.820786e-01 5.515488e-01 5.760450e-01 5.641372e-01 6.656793e-01 8.024576e-01 6.373390e-01 4.655547e-01 3.446019e-01 7.863894e-01
<GCONST> 1.240583e+02
<MIXTURE> 3 1.873554e-01
<MEAN> 39
 8.453718e+00 4.910298e+00 -5.454922e+00 -7.934221e+00 5.672359e-01 5.800223e+00 3.053479e+00 -3.366457e+00 -1.458285e+00 7.743232e-02 8.905315e-01 -4.791785e-01 9.245157e-01 4.152224e+00 2.019290e-01 -7.576048e-01 -3.138482e+00 -2.017684e+00 5.224839e-01 -1.514862e+00 -6.883206e-01 -1.262028e+00 -5.323067e-01 2.063158e-01 -6.499776e-01 2.321791e+00 -8.322168e-01 -9.146549e-01 -7.386521e-03 2.913298e-01 1.513373e-01 -1.351176e-01 -2.503181e-01 2.928066e-01 4.672181e-01 2.638923e-01 1.374829e-01 1.030991e-01 3.396969e-01
<VARIANCE> 39
 1.411054e+01 2.398644e+01 2.710121e+01 3.794891e+01 3.459996e+01 3.402881e+01 5.322734e+01 3.438667e+01 2.886025e+01 3.090609e+01 2.634096e+01 2.150830e+01 1.765095e+01 1.231354e+00 3.744965e+00 4.641775e+00 5.451376e+00 5.495501e+00 5.529324e+00 5.473577e+00 5.902917e+00 5.105103e+00 5.271232e+00 5.166661e+00 3.180359e+00 1.480553e+00 2.644517e-01 5.068571e-01 4.263428e-01 6.076077e-01 4.992699e-01 5.986397e-01 7.244920e-01 6.704616e-01 4.908968e-01 5.507210e-01 4.478388e-01 4.469954e-01 6.139811e-01
<GCONST> 1.244630e+02
<MIXTURE> 4 1.955422e-01
<MEAN> 39
 2.365015e+00 -1.156264e+00 6.792417e+00 1.421426e+00 -4.674298e+00 -3.045011e+00 2.349639e+00 -5.001829e-01 -4.084823e+00 -3.164429e+00 -2.992953e+00 -5.154465e-01 4.088838e+00 2.758467e+00 1.111007e-01 7.486458e-01 -1.628441e+00 -2.592864e+00 -1.576822e+00 -2.419436e+00 -8.035846e-01 -2.028732e+00 -8.365058e-01 -5.933684e-01 -8.746189e-01 1.951409e+00 -3.633976e-01 -2.175903e-01 -4.828792e-01 -1.478517e-01 2.792809e-01 2.282972e-01 -3.383187e-02 3.431997e-01 6.084047e-01 4.504140e-01 6.129231e-01 2.149472e-01 -7.781700e-02
<VARIANCE> 39
 1.811884e+01 1.999371e+01 3.707148e+01 3.307732e+01 2.940827e+01 3.732414e+01 4.914143e+01 6.231997e+01 3.054021e+01 3.303131e+01 2.370161e+01 2.174182e+01 1.915074e+01 1.433381e+00 2.903169e+00 4.384236e+00 5.665643e+00 3.448230e+00 3.480644e+00 4.459222e+00 5.239908e+00 5.220260e+00 4.690565e+00 6.228874e+00 2.972550e+00 1.625145e+00 3.458628e-01 4.649127e-01 3.805222e-01 4.918406e-01 5.577169e-01 6.403776e-01 7.610053e-01 1.063108e+00 6.487436e-01 6.598523e-01 4.572234e-01 4.611878e-01 5.824054e-01
<GCONST> 1.250092e+02
<STATE> 5
<NUMMIXES> 4
<MIXTURE> 1 2.389127e-01
<MEAN> 39
 6.502403e+00 -4.307985e+00 3.872630e+00 -3.130106e+00 -8.070872e+00 -5.414620e+00 -2.155403e+00 3.718452e-01 -4.057212e+00 -1.015588e+00 -3.139584e+00 -1.002128e+00 8.332108e+00 1.417933e+00 -8.864316e-01 3.680273e-01 -2.050401e+00 -2.125508e+00 -1.094696e+00 -1.324535e+00 2.666978e-01 -8.722010e-01 2.566513e-01 -3.401207e-02 -2.763917e-01 2.026469e+00 -1.050556e+00 2.907456e-02 -1.894287e-01 4.423317e-01 7.830706e-01 5.636722e-01 7.034813e-01 2.698122e-01 6.651893e-01 2.682339e-01 5.030289e-01 2.718383e-01 -6.004978e-01
<VARIANCE> 39
 1.347462e+01 2.599100e+01 5.730723e+01 4.008798e+01 4.043671e+01 4.195089e+01 5.037909e+01 5.652592e+01 5.229782e+01 4.268504e+01 4.430466e+01 2.714180e+01 1.408062e+01 1.394943e+00 2.588324e+00 2.889137e+00 3.025399e+00 3.620557e+00 3.831043e+00 4.290581e+00 4.865466e+00 4.817470e+00 4.388567e+00 3.584065e+00 2.638262e+00 1.217247e+00 3.294404e-01 5.825207e-01 5.756881e-01 6.801978e-01 7.166631e-01 6.526997e-01 7.574297e-01 9.245774e-01 8.052145e-01 7.132278e-01 7.748110e-01 4.717390e-01 4.171848e-01
<GCONST> 1.265886e+02
<MIXTURE> 2 2.730707e-01
<MEAN> 39
 1.403253e+01 -4.973662e+00 -1.264040e+01 2.456425e+00 2.609464e+00 -6.807003e+00 -8.833078e+00 4.170193e+00 -2.238238e-01 -2.843750e+00 -8.340269e-01 1.490180e-01 5.156626e+00 2.711527e+00 -1.061552e+00 -1.353740e+00 -9.935793e-01 -1.403327e+00 -1.747970e+00 -1.891934e+00 1.117607e+00 -8.428216e-02 -5.839502e-01 3.347351e-01 2.854532e-01 2.114305e+00 -1.629800e+00 -2.630374e-01 9.625100e-01 3.877416e-02 -1.301551e-02 7.886194e-01 1.056841e+00 -1.357149e-01 4.127677e-01 4.909302e-01 2.897008e-01 1.400130e-02 -2.089857e-01
<VARIANCE> 39
 8.732635e+00 1.983291e+01 5.169019e+01 3.036586e+01 4.818067e+01 7.627529e+01 6.916434e+01 5.214293e+01 6.874615e+01 3.326398e+01 2.830509e+01 2.582915e+01 1.128983e+01 2.073227e+00 2.013398e+00 4.668306e+00 2.752614e+00 5.146758e+00 5.112196e+00 8.240312e+00 6.270868e+00 6.631641e+00 5.172266e+00 3.449865e+00 2.618590e+00 1.478229e+00 2.512945e-01 3.613088e-01 5.699237e-01 4.645341e-01 7.527120e-01 9.250714e-01 8.087464e-01 9.075242e-01 1.112894e+00 6.510940e-01 5.705938e-01 4.885122e-01 3.192124e-01
<GCONST> 1.275266e+02
<MIXTURE> 3 2.413432e-01
<MEAN> 39
 5.030320e+00 -1.996544e+00 -6.510388e+00 -2.758285e+00 4.087630e+00 1.635947e+00 -1.816289e+00 -5.450975e+00 -2.597148e-01 -3.752859e+00 -5.076922e+00 -3.309056e+00 5.494113e+00 2.367348e+00 -2.987011e-01 -1.469547e+00 -1.442721e+00 -1.189527e+00 -8.507922e-01 -1.308936e+00 -2.559497e-01 -1.379882e-01 3.308707e-01 -1.005907e+00 -8.950295e-02 1.706876e+00 -6.298833e-01 -5.329099e-01 2.521032e-01 3.192482e-02 1.054247e-01 2.781387e-01 4.592225e-01 9.028670e-01 5.290841e-01 6.529900e-01 6.800281e-01 5.028172e-01 3.423835e-03
<VARIANCE> 39
 3.924968e+01 4.120907e+01 2.991075e+01 4.231100e+01 3.793261e+01 3.576562e+01 6.427969e+01 4.227584e+01 4.783447e+01 4.737649e+01 3.490745e+01 2.555070e+01 4.191049e+01 2.510977e+00 3.003837e+00 3.099672e+00 4.265190e+00 4.518951e+00 3.840841e+00 3.521361e+00 4.550274e+00 4.289086e+00 3.403055e+00 4.060697e+00 2.584049e+00 2.639135e+00 3.760443e-01 3.489903e-01 3.480728e-01 4.427409e-01 5.577869e-01 3.786381e-01 7.627962e-01 6.667907e-01 7.055129e-01 7.888407e-01 5.569651e-01 4.344310e-01 3.042741e-01
<GCONST> 1.264897e+02
<MIXTURE> 4 2.466734e-01
<MEAN> 39
 1.126113e+01 7.875308e-01 -7.967072e+00 -1.336073e+01 -2.114539e+00 7.919561e+00 -5.127893e-01 -4.458634e+00 -2.330496e+00 -3.004673e-01 2.169294e+00 -1.757093e+00 6.112658e+00 2.232551e+00 -1.332410e+00 -8.456736e-01 -2.524893e+00 -1.343856e+00 4.373055e-01 -1.403507e+00 -7.602511e-02 -1.478210e-01 4.001580e-01 4.302261e-01 -5.479485e-01 2.691423e+00 -1.333289e+00 -7.145059e-01 2.172627e-01 9.770882e-01 6.107426e-01 -3.620172e-01 2.156957e-01 5.356201e-01 6.735890e-01 3.609186e-01 -1.125201e-01 1.455938e-01 -2.237985e-01
<VARIANCE> 39
 1.039761e+01 3.553780e+01 3.386388e+01 4.942767e+01 5.441546e+01 3.249721e+01 5.557056e+01 4.833170e+01 4.954872e+01 4.710684e+01 4.310942e+01 3.444346e+01 1.591944e+01 1.736202e+00 2.792078e+00 3.002242e+00 4.555481e+00 4.549005e+00 4.998814e+00 4.524807e+00 5.007743e+00 4.172441e+00 5.132317e+00 3.893341e+00 3.252175e+00 1.292721e+00 1.789733e-01 5.239518e-01 4.769223e-01 6.712641e-01 6.601465e-01 7.342740e-01 7.302110e-01 8.627517e-01 7.104908e-01 6.862149e-01 6.919376e-01 5.155250e-01 2.626339e-01
<GCONST> 1.267317e+02
<TRANSP> 6
 0.000000e+00 1.000000e+00 0.000000e+00 0.000000e+00 0.000000e+00 0.000000e+00
 0.000000e+00 4.397936e-01 5.602065e-01 0.000000e+00 0.000000e+00 0.000000e+00
 0.000000e+00 0.000000e+00 4.351871e-01 5.648129e-01 0.000000e+00 0.000000e+00
 0.000000e+00 0.000000e+00 0.000000e+00 3.214426e-01 6.785574e-01 0.000000e+00
 0.000000e+00 0.000000e+00 0.000000e+00 0.000000e+00 2.361987e-01 7.638013e-01
 0.000000e+00 0.000000e+00 0.000000e+00 0.000000e+00 0.000000e+00 0.000000e+00
<ENDHMM>
