~o
<STREAMINFO> 1 39
<VECSIZE> 39<NULLD><MFCC_D_A_Z_0><DIAGC>
~h "r"
<BEGINHMM>
<NUMSTATES> 6
<STATE> 2
<NUMMIXES> 4
<MIXTURE> 1 2.212056e-01
<MEAN> 39
 1.066347e+01 -1.002273e+01 -6.710683e+00 2.359344e+00 -6.507744e-01 -9.792181e+00 -2.872745e+00 1.206439e+01 -2.245842e+00 -1.513311e+00 5.569111e-01 -2.411977e-01 7.650334e+00 4.535699e-01 1.059995e-01 -9.065476e-01 5.462096e-01 8.168705e-01 -4.964730e-01 -1.024879e+00 5.148954e-01 6.708444e-01 -2.340998e-01 -2.172432e-01 1.915367e-01 -3.679663e-01 -1.420645e-01 1.165361e-01 3.627113e-01 -2.200264e-01 -2.861985e-01 1.944193e-01 1.239859e-01 -3.701143e-01 -7.120827e-02 1.341329e-01 4.115792e-02 -7.299569e-02 -8.772890e-03
<VARIANCE> 39
 8.790452e+00 1.445152e+01 4.828378e+01 2.177857e+01 4.714132e+01 7.106991e+01 8.241482e+01 4.976492e+01 7.337738e+01 3.617646e+01 2.648790e+01 2.749165e+01 9.077598e+00 2.431084e-01 4.050426e-01 1.450645e+00 8.239585e-01 1.656992e+00 1.717283e+00 1.741016e+00 1.579088e+00 1.611533e+00 1.360355e+00 1.274469e+00 9.390826e-01 1.200549e-01 2.937261e-02 6.245326e-02 1.214402e-01 1.126235e-01 1.536293e-01 2.072781e-01 2.347810e-01 2.309791e-01 2.516378e-01 2.084432e-01 1.858300e-01 1.531445e-01 2.114084e-02
<GCONST> 8.804002e+01
<MIXTURE> 2 1.776242e-01
<MEAN> 39
 1.126845e+01 5.078947e-01 -5.914747e+00 3.252835e+00 3.662971e+00 -5.093481e+00 -1.171907e+01 -4.246691e+00 -1.334300e+00 2.333494e-01 2.336637e+00 4.383867e-01 -8.349135e-01 5.525309e-01 1.376697e+00 -2.128694e+00 -6.797445e-01 1.543682e+00 1.811380e+00 1.397306e-01 -1.774774e+00 -1.457964e-01 -2.948432e-02 5.858464e-01 2.982577e-01 -1.033389e+00 -2.933421e-01 -2.117764e-01 6.001355e-01 -2.402915e-01 -6.421136e-01 -8.541958e-02 5.185720e-01 4.406839e-01 -1.477588e-01 -1.305524e-01 -4.351534e-02 1.254001e-01 3.516229e-01
<VARIANCE> 39
 1.179330e+01 1.471119e+01 4.784920e+01 2.618456e+01 3.368753e+01 4.510853e+01 3.605178e+01 4.251746e+01 4.393783e+01 3.823518e+01 3.225788e+01 4.017254e+01 1.127278e+01 9.386713e-01 1.080055e+00 3.283322e+00 2.167966e+00 2.698476e+00 3.035120e+00 3.799542e+00 3.163109e+00 3.267492e+00 3.102937e+00 2.846809e+00 2.651876e+00 5.619236e-01 9.631230e-02 2.094340e-01 2.742881e-01 3.536910e-01 3.415232e-01 5.840817e-01 5.115532e-01 6.356781e-01 5.046940e-01 4.831184e-01 4.025317e-01 4.440761e-01 8.691503e-02
<GCONST> 1.114230e+02
<MIXTURE> 3 3.068480e-01
<MEAN> 39
 1.138896e+01 -3.723268e+00 -6.430951e+00 3.165667e+00 1.424752e+00 -8.034716e+00 -9.362512e+00 2.421357e-01 -6.711516e-01 -1.745312e+00 2.034166e-02 6.090153e-01 3.049138e+00 2.596457e+00 -1.268828e+00 -1.130069e+00 -6.233076e-01 -6.365712e-01 -1.284522e+00 -1.778891e+00 1.324070e+00 -2.407973e-01 -2.643545e-01 4.010197e-01 1.526172e-01 1.264821e+00 -1.172929e+00 -2.804612e-01 4.958665e-01 -4.070054e-02 -6.848826e-02 6.082193e-01 8.540234e-01 3.128104e-01 1.526037e-01 2.760589e-01 1.208870e-01 -2.939201e-03 -8.413795e-02
<VARIANCE> 39
 2.044852e+01 2.852592e+01 6.459177e+01 3.549471e+01 5.605311e+01 6.860690e+01 6.085034e+01 6.098692e+01 5.231847e+01 3.784757e+01 3.052493e+01 2.980456e+01 1.939789e+01 3.829364e+00 2.851791e+00 5.294253e+00 3.821550e+00 6.134595e+00 6.145462e+00 7.510244e+00 6.612178e+00 6.648971e+00 5.313173e+00 3.570991e+00 2.996361e+00 2.280699e+00 7.579805e-01 5.111217e-01 8.036374e-01 5.547460e-01 7.794169e-01 1.030269e+00 1.151163e+00 1.077451e+00 8.638736e-01 7.138367e-01 5.775115e-01 5.275367e-01 2.851200e-01
<GCONST> 1.346316e+02
<MIXTURE> 4 2.943222e-01
<MEAN> 39
 1.262456e+01 -8.463806e+00 -1.418340e+01 -7.329533e-01 4.681384e+00 -3.655038e+00 -7.321024e+00 8.114415e+00 1.590158e+00 -2.169437e-01 8.460158e-01 -7.951396e-01 7.489651e+00 -6.335013e-02 1.345024e-01 4.349686e-01 9.354596e-01 3.326131e-01 -1.726084e+00 -1.588326e+00 3.571217e-01 7.456414e-01 -4.168642e-02 -8.683594e-01 1.514851e-01 -5.277321e-01 -2.101490e-01 3.476613e-01 5.535223e-01 2.867429e-02 -3.291826e-01 1.818639e-02 3.587551e-01 -3.982685e-01 -2.680643e-01 -8.522139e-02 -2.571232e-02 7.749117e-02 -3.470969e-01
<VARIANCE> 39
 9.665735e+00 2.912043e+01 4.095914e+01 3.681921e+01 5.182890e+01 6.519518e+01 9.073921e+01 7.617145e+01 7.815007e+01 4.269583e+01 4.039555e+01 4.181353e+01 1.265473e+01 4.280248e-01 1.273329e+00 2.630565e+00 2.277001e+00 3.638567e+00 3.552258e+00 3.708611e+00 3.549830e+00 3.542374e+00 3.728236e+00 2.878826e+00 2.533947e+00 4.824996e-01 7.953053e-02 1.873627e-01 2.471615e-01 3.208631e-01 4.227154e-01 4.871311e-01 6.760820e-01 6.011779e-01 5.974626e-01 5.268220e-01 4.962085e-01 4.305930e-01 1.314971e-01
<GCONST> 1.158944e+02
<STATE> 3
<NUMMIXES> 4
<MIXTURE> 1 2.323614e-01
<MEAN> 39
 1.289138e+01 -7.334476e+00 -7.401284e+00 3.041131e+00 7.436525e-01 -9.431026e+00 -1.060946e+01 5.350996e+00 -3.729976e-02 -1.501053e+00 9.319158e-01 3.266883e-01 5.451248e+00 9.583717e-02 -1.747791e+00 8.114276e-01 -4.765233e-01 -1.264172e+00 -3.676728e-01 5.865104e-01 2.137239e+00 -4.810445e-01 8.696353e-02 4.056673e-01 -5.959380e-02 1.324842e+00 -1.309395e+00 2.283281e-01 8.997954e-01 -5.211790e-02 -1.519854e-01 7.926224e-01 1.215769e+00 -3.853568e-01 -1.285646e-01 2.195275e-01 -3.528753e-02 -1.281591e-01 -2.506064e-01
<VARIANCE> 39
 1.026944e+01 2.103711e+01 7.009967e+01 3.656323e+01 6.217695e+01 8.584072e+01 8.108905e+01 6.508401e+01 7.014323e+01 4.416599e+01 3.655759e+01 3.225869e+01 1.445315e+01 1.294153e+00 1.357276e+00 3.864262e+00 2.908575e+00 4.022175e+00 5.223640e+00 5.884434e+00 4.913063e+00 4.823819e+00 4.179867e+00 2.994351e+00 2.358036e+00 7.876676e-01 3.432665e-01 3.228517e-01 5.960430e-01 4.890197e-01 9.293963e-01 1.007250e+00 1.020569e+00 1.110801e+00 1.037333e+00 8.012813e-01 6.234003e-01 5.624708e-01 1.703743e-01
<GCONST> 1.275733e+02
<MIXTURE> 2 3.071641e-01
<MEAN> 39
 1.177815e+01 3.147469e+00 -9.521207e+00 9.729120e-02 5.087188e+00 -4.538630e-01 -8.324578e+00 -6.850379e+00 -2.798323e+00 -1.429274e+00 2.577250e+00 2.834459e+00 -2.133612e+00 6.149095e-01 -7.298028e-01 -1.021423e+00 1.605657e-01 2.878121e-01 -4.380338e-01 -7.684861e-01 7.101845e-01 8.727872e-01 2.997156e-01 7.469703e-02 6.976548e-02 6.699963e-01 -1.206532e-01 -7.296391e-01 3.132027e-01 4.073560e-01 -3.333739e-01 -7.016743e-01 -2.118297e-01 8.547705e-01 4.313890e-01 1.640475e-01 -1.844181e-01 -2.525069e-01 4.801324e-01
<VARIANCE> 39
 1.631538e+01 1.304757e+01 3.819648e+01 2.617977e+01 2.569636e+01 3.538678e+01 3.633352e+01 3.286632e+01 3.307122e+01 3.080233e+01 2.968159e+01 3.743521e+01 1.122058e+01 9.685580e-01 1.491872e+00 1.976609e+00 1.560744e+00 1.664000e+00 2.775708e+00 3.988812e+00 3.061585e+00 2.973442e+00 2.557530e+00 2.136699e+00 1.804395e+00 8.480213e-01 2.987636e-01 1.896148e-01 4.340669e-01 2.809645e-01 4.418778e-01 5.055396e-01 7.361460e-01 6.012807e-01 5.626624e-01 5.266541e-01 5.036262e-01 4.505211e-01 1.197815e-01
<GCONST> 1.108308e+02
<MIXTURE> 3 2.266049e-01
<MEAN> 39
 1.251557e+01 -6.691342e+00 -1.109074e+01 2.471625e+00 3.681667e+00 -7.482753e+00 -1.202475e+01 7.848455e+00 4.879905e+00 -2.095807e+00 1.309428e-01 1.740056e+00 5.637303e+00 -3.692167e-02 -9.228715e-02 3.080417e-01 2.545949e-01 -2.161928e-01 -3.609745e-01 -9.486566e-02 1.776081e-01 8.396846e-02 -6.259104e-02 -1.193498e-01 7.925768e-02 -5.143923e-02 -2.408251e-01 -1.105538e-01 6.350526e-01 -1.374720e-02 -5.668317e-01 -1.083813e-01 5.232717e-01 1.078242e-01 -4.392085e-01 -1.088095e-01 1.659598e-01 3.388448e-02 1.043943e-01
<VARIANCE> 39
 9.243645e+00 1.734059e+01 4.703031e+01 2.451233e+01 4.689885e+01 6.935144e+01 8.261003e+01 7.596589e+01 6.726826e+01 3.456414e+01 2.577176e+01 2.980055e+01 1.179713e+01 1.762969e-01 4.911516e-01 1.077916e+00 6.370746e-01 1.000419e+00 1.324405e+00 1.310930e+00 1.386647e+00 1.204377e+00 1.099074e+00 8.736382e-01 8.270279e-01 2.012823e-01 3.591388e-02 8.201365e-02 1.519060e-01 1.474535e-01 1.801689e-01 2.584125e-01 2.726799e-01 3.315007e-01 2.485339e-01 2.736332e-01 2.120071e-01 1.896768e-01 3.407180e-02
<GCONST> 8.953001e+01
<MIXTURE> 4 2.338696e-01
<MEAN> 39
 1.131870e+01 -9.303711e+00 -8.888493e+00 1.057518e+00 2.173519e+00 -1.033625e+01 -8.186659e+00 1.036579e+01 6.016206e-01 -8.136952e-01 -1.058287e+00 -1.895534e-01 6.848411e+00 -7.177513e-01 1.537588e+00 1.894426e+00 1.224947e+00 -6.951833e-01 -1.151937e+00 -1.673530e-01 -1.390742e+00 -1.674033e-01 -5.340326e-01 -3.627296e-01 6.087979e-01 -1.905135e+00 -6.614928e-01 8.286757e-01 4.933942e-01 2.992800e-01 7.537477e-02 9.470153e-01 7.122276e-01 -9.480125e-01 -2.084565e-01 -5.747560e-02 1.022654e-01 -9.859771e-02 -9.127801e-01
<VARIANCE> 39
 1.077178e+01 2.241125e+01 5.976783e+01 3.400994e+01 7.220936e+01 7.236194e+01 1.152115e+02 6.920542e+01 7.739050e+01 3.892168e+01 3.420182e+01 3.117095e+01 1.172102e+01 9.822810e-01 2.121599e+00 3.415448e+00 3.305799e+00 4.998477e+00 6.307324e+00 5.116765e+00 5.138678e+00 5.074553e+00 4.736119e+00 4.636789e+00 3.138249e+00 1.746246e+00 3.003121e-01 3.471036e-01 4.985169e-01 5.815684e-01 7.814446e-01 9.879538e-01 1.335004e+00 8.482530e-01 9.754874e-01 7.227702e-01 6.760307e-01 5.330769e-01 3.455252e-01
<GCONST> 1.299962e+02
<STATE> 4
<NUMMIXES> 4
<MIXTURE> 1 2.274987e-01
<MEAN> 39
 1.135768e+01 -1.007155e+01 -4.417422e+00 1.947648e+00 -4.219481e+00 -8.016898e+00 -4.914337e+00 7.697946e+00 -1.943798e+00 -1.206659e+00 1.686505e+00 -1.009210e+00 7.707049e+00 -1.024640e+00 -6.241079e-01 2.018465e+00 -1.238734e+00 -1.425512e+00 1.144895e+00 1.974213e+00 4.540280e-02 -9.155874e-01 5.404063e-01 4.671863e-02 -4.622523e-01 8.760586e-01 -5.627654e-01 6.863829e-01 3.366155e-01 -2.457217e-01 3.711430e-01 6.369417e-01 2.461839e-01 -9.613999e-01 3.976450e-02 1.787853e-01 -2.803572e-01 -4.633557e-02 -3.756816e-01
<VARIANCE> 39
 1.118572e+01 2.094040e+01 7.551409e+01 4.154849e+01 4.912949e+01 1.016102e+02 6.893915e+01 7.405791e+01 7.449332e+01 4.691666e+01 3.798402e+01 3.228686e+01 1.392729e+01 6.306449e-01 1.574552e+00 3.515799e+00 2.498691e+00 4.256889e+00 3.862460e+00 4.403906e+00 5.495313e+00 4.764815e+00 3.444140e+00 3.424311e+00 2.843119e+00 8.452117e-01 2.255317e-01 2.027483e-01 3.701215e-01 5.166075e-01 6.110824e-01 9.452028e-01 8.347763e-01 9.799914e-01 8.372237e-01 6.936352e-01 5.727300e-01 5.338650e-01 1.210834e-01
<GCONST> 1.238721e+02
<MIXTURE> 2 2.479607e-01
<MEAN> 39
 1.087464e+01 -8.793082e+00 -4.452038e+00 3.436535e+00 -1.490866e+00 -1.207401e+01 -6.332987e+00 1.138151e+01 -5.188604e-01 -3.191405e+00 1.514643e+00 1.673252e+00 6.579644e+00 -6.042947e-01 -1.933555e-01 1.696147e+00 -2.870590e-01 -1.595735e+00 4.662418e-02 1.427721e+00 -7.668552e-03 -1.156337e+00 1.217248e-01 5.393243e-01 -1.968578e-01 2.651255e-01 -2.216522e-01 1.838804e-01 4.030938e-01 -2.694294e-01 -2.803337e-01 3.612441e-01 2.913863e-01 -5.331092e-01 -2.532893e-01 2.751324e-01 4.004436e-02 -1.978752e-01 -2.187593e-02
<VARIANCE> 39
 9.183690e+00 1.292545e+01 4.326973e+01 2.056060e+01 3.621402e+01 5.320714e+01 7.838236e+01 4.706599e+01 6.027773e+01 3.410063e+01 2.563822e+01 2.880860e+01 9.303782e+00 1.841052e-01 5.518028e-01 1.140199e+00 7.657560e-01 1.197437e+00 1.459572e+00 1.602301e+00 2.040004e+00 1.606203e+00 1.535359e+00 1.175009e+00 1.143719e+00 2.076208e-01 4.077499e-02 6.091460e-02 1.482785e-01 1.315782e-01 2.031525e-01 1.953567e-01 2.659383e-01 2.567613e-01 2.723636e-01 1.835345e-01 1.796983e-01 1.521442e-01 2.481429e-02
<GCONST> 8.829398e+01
<MIXTURE> 3 2.186682e-01
<MEAN> 39
 1.039603e+01 -4.864312e+00 -6.179449e+00 4.650264e+00 1.739352e+00 -1.088652e+01 -8.801318e+00 5.299068e+00 1.502437e+00 -2.182953e+00 -1.851725e+00 1.491974e+00 1.907411e+00 -2.587576e+00 3.074333e+00 2.972879e+00 2.011223e+00 1.874826e-02 1.063749e+00 1.567985e+00 -2.668963e+00 -6.008775e-01 -5.875872e-01 -4.817912e-01 1.933139e-02 -3.775987e+00 -9.680989e-01 2.871971e-01 1.892949e-01 -1.401166e-01 2.868428e-01 1.236233e+00 7.462714e-01 -1.961855e-01 -6.498928e-02 1.970727e-01 2.946586e-01 -2.863739e-01 -4.386731e-01
<VARIANCE> 39
 1.228334e+01 2.237852e+01 6.418021e+01 4.002437e+01 8.796030e+01 7.284026e+01 8.957262e+01 6.412121e+01 7.022726e+01 4.624260e+01 4.045562e+01 3.390572e+01 1.762212e+01 2.750277e+00 3.800171e+00 3.912947e+00 4.450808e+00 5.339764e+00 7.981838e+00 9.368815e+00 8.001257e+00 6.804027e+00 4.761007e+00 5.123541e+00 3.681104e+00 4.860233e+00 4.469599e-01 6.053853e-01 6.671714e-01 7.838902e-01 1.228254e+00 1.313011e+00 1.223424e+00 8.627541e-01 1.233966e+00 9.378972e-01 8.937743e-01 6.799046e-01 4.976440e-01
<GCONST> 1.395406e+02
<MIXTURE> 4 3.058724e-01
<MEAN> 39
 1.381993e+01 -3.127673e+00 -1.271877e+01 2.931613e+00 6.251354e+00 -5.934176e+00 -1.471237e+01 7.025661e-02 3.475484e+00 7.245455e-01 1.372799e+00 1.343098e+00 2.726792e+00 -3.349311e-01 -2.055926e+00 9.270576e-01 1.099374e+00 -1.384787e+00 -1.958161e+00 1.538567e-01 3.078846e+00 1.019152e+00 -4.324629e-01 -5.355827e-01 -3.776244e-01 1.445493e+00 -5.536783e-01 -8.497918e-02 1.002243e+00 -1.384158e-01 -8.216840e-01 1.394259e-01 1.193505e+00 2.589114e-01 -6.365284e-01 -3.307021e-01 1.467045e-02 -3.069558e-02 8.738597e-02
<VARIANCE> 39
 7.318341e+00 1.362457e+01 3.810632e+01 2.959201e+01 3.847409e+01 5.354961e+01 5.388795e+01 6.273008e+01 5.024619e+01 3.691105e+01 3.392820e+01 3.424205e+01 1.052888e+01 5.927691e-01 1.269232e+00 2.512009e+00 1.811912e+00 2.569628e+00 3.315867e+00 4.723517e+00 3.608407e+00 4.108341e+00 3.195600e+00 2.735307e+00 2.422182e+00 7.230637e-01 1.306955e-01 1.543597e-01 2.755003e-01 3.218016e-01 3.950792e-01 5.879406e-01 6.481537e-01 5.859457e-01 5.414786e-01 4.407787e-01 4.689866e-01 3.961671e-01 7.318451e-02
<GCONST> 1.118668e+02
<STATE> 5
<NUMMIXES> 4
<MIXTURE> 1 3.327534e-01
<MEAN> 39
 9.750305e+00 -1.012215e+01 -3.940862e+00 -1.994666e+00 -4.002223e+00 -2.269864e+00 -7.298303e-01 4.973075e+00 -1.354149e+00 8.322005e-01 -1.062797e-01 -2.615801e+00 8.982305e+00 -7.407865e-01 1.406059e-01 1.040348e+00 -1.234262e+00 -1.284638e-01 1.311502e+00 7.710863e-01 -8.982747e-01 8.057687e-02 1.401791e-01 -5.010552e-01 -2.697816e-01 3.753014e-01 2.711309e-02 3.277982e-01 -1.267477e-01 7.030085e-02 2.552094e-01 -1.523734e-01 -3.238816e-01 -2.142435e-01 8.866002e-02 -1.620073e-01 -4.340867e-02 1.812761e-01 -2.120899e-01
<VARIANCE> 39
 1.242790e+01 2.491022e+01 6.927859e+01 3.562572e+01 5.038187e+01 7.196622e+01 6.437260e+01 6.726823e+01 6.402532e+01 3.973428e+01 3.781912e+01 2.979893e+01 1.407126e+01 3.535365e-01 1.088693e+00 1.355027e+00 1.901760e+00 2.170657e+00 2.730361e+00 3.202814e+00 3.149755e+00 2.747278e+00 2.172269e+00 1.965509e+00 2.555469e+00 4.282317e-01 5.922820e-02 1.289638e-01 1.990173e-01 2.423474e-01 3.203846e-01 3.501629e-01 3.925488e-01 4.988833e-01 3.643593e-01 3.322229e-01 3.159969e-01 3.018109e-01 4.327623e-02
<GCONST> 1.066146e+02
<MIXTURE> 2 1.903563e-01
<MEAN> 39
 7.507607e+00 -8.015087e+00 4.888605e+00 2.309667e+00 -8.005463e+00 -1.495049e+01 3.849878e-02 8.977538e+00 -1.012545e+01 3.424409e-01 4.083053e+00 -4.714991e-01 6.774818e+00 -1.530536e+00 6.139131e-01 3.355968e+00 -2.128534e+00 -2.547304e+00 2.049154e+00 2.154281e+00 -2.383602e+00 -1.671533e+00 1.751303e+00 9.823468e-02 -8.646502e-01 4.612899e-01 -4.414399e-02 5.498558e-01 -3.435166e-01 -3.714575e-01 6.007835e-01 7.499280e-01 -6.485086e-01 -9.094186e-01 7.711558e-01 1.594247e-01 -6.032397e-01 -7.706423e-02 -2.347208e-01
<VARIANCE> 39
 8.817567e+00 1.349769e+01 4.781351e+01 2.820102e+01 3.187393e+01 5.249179e+01 6.046500e+01 4.901406e+01 4.036406e+01 6.166523e+01 2.820365e+01 2.604246e+01 8.534986e+00 3.834574e-01 9.410160e-01 1.893028e+00 1.789277e+00 2.436927e+00 2.807861e+00 3.259953e+00 3.361472e+00 4.236662e+00 2.603566e+00 2.927374e+00 1.845494e+00 4.175175e-01 7.442494e-02 1.632184e-01 2.995825e-01 3.283706e-01 3.667536e-01 4.983428e-01 5.253651e-01 6.860693e-01 4.183169e-01 6.081465e-01 3.395120e-01 3.589366e-01 5.906967e-02
<GCONST> 1.076224e+02
<MIXTURE> 3 2.159565e-01
<MEAN> 39
 3.621566e+00 1.188444e+00 -1.332147e-01 6.353974e+00 2.082499e+00 -5.383945e+00 -3.627904e+00 -8.676937e-02 9.457420e-02 -2.433697e+00 -1.978552e+00 2.372470e-01 -3.816936e+00 -3.841953e+00 2.443047e+00 2.343997e+00 8.929573e-01 6.006140e-01 2.520911e+00 1.879929e+00 -1.950402e+00 -1.471000e-01 4.411379e-02 1.907628e-01 -2.963198e-01 -3.032818e+00 -1.024281e-01 -6.474659e-01 -5.697838e-01 -5.382450e-01 9.608062e-02 2.792649e-01 -2.181870e-03 6.066194e-01 1.766948e-01 3.089188e-01 2.866451e-01 2.216438e-02 6.796721e-01
<VARIANCE> 39
 4.627746e+01 3.475194e+01 6.420829e+01 5.919736e+01 6.866354e+01 6.119934e+01 5.939957e+01 5.693224e+01 5.754190e+01 4.974744e+01 4.092801e+01 3.070827e+01 5.507481e+01 5.742133e+00 5.674441e+00 4.626429e+00 5.997140e+00 6.220759e+00 9.103501e+00 8.909502e+00 6.386084e+00 7.348633e+00 4.639540e+00 4.760068e+00 3.432325e+00 7.372081e+00 6.463550e-01 8.436663e-01 7.250357e-01 9.802859e-01 1.106392e+00 1.192569e+00 1.213285e+00 1.088382e+00 1.014258e+00 9.230153e-01 8.209924e-01 6.251242e-01 9.158517e-01
<GCONST> 1.448686e+02
<MIXTURE> 4 2.609338e-01
<MEAN> 39
 1.150884e+01 -7.732265e+00 -6.419142e+00 5.638488e+00 2.839828e-01 -1.080797e+01 -1.198499e+01 8.577543e+00 3.021617e+00 -3.381356e+00 4.042416e-01 1.932344e+00 5.924616e+00 -1.216907e+00 -1.235200e+00 3.003999e+00 -6.178558e-02 -2.970963e+00 -6.267938e-01 2.840875e+00 2.002714e+00 -1.640631e+00 -9.136826e-01 4.693642e-01 -1.731983e-01 1.142710e+00 -2.777260e-01 5.205798e-01 4.327735e-01 -6.792541e-01 -1.029263e-01 8.658544e-01 7.034614e-01 -1.023986e+00 -6.801519e-01 3.226395e-01 2.055284e-01 -2.196479e-01 -2.012689e-01
<VARIANCE> 39
 8.088085e+00 1.462173e+01 5.370863e+01 3.119803e+01 5.095038e+01 6.410344e+01 7.157816e+01 6.850905e+01 5.912408e+01 4.842799e+01 2.910370e+01 3.014563e+01 1.094292e+01 3.961779e-01 1.302383e+00 2.568389e+00 1.920486e+00 2.510658e+00 3.905313e+00 3.904854e+00 3.730021e+00 4.470325e+00 2.751423e+00 3.424126e+00 2.803380e+00 6.522424e-01 9.075093e-02 1.444299e-01 2.974455e-01 3.406410e-01 5.807769e-01 5.516649e-01 7.158822e-01 7.052494e-01 5.301832e-01 5.570934e-01 4.322196e-01 4.239451e-01 5.673836e-02
<GCONST> 1.136005e+02
<TRANSP> 6
 0.000000e+00 1.000000e+00 0.000000e+00 0.000000e+00 0.000000e+00 0.000000e+00
 0.000000e+00 4.760760e-01 5.239239e-01 0.000000e+00 0.000000e+00 0.000000e+00
 0.000000e+00 0.000000e+00 4.631949e-01 5.368052e-01 0.000000e+00 0.000000e+00
 0.000000e+00 0.000000e+00 0.000000e+00 3.911265e-01 6.088735e-01 0.000000e+00
 0.000000e+00 0.000000e+00 0.000000e+00 0.000000e+00 4.755566e-01 5.244434e-01
 0.000000e+00 0.000000e+00 0.000000e+00 0.000000e+00 0.000000e+00 0.000000e+00
<ENDHMM>
