~o
<STREAMINFO> 1 39
<VECSIZE> 39<NULLD><MFCC_D_A_Z_0><DIAGC>
~h "s"
<BEGINHMM>
<NUMSTATES> 6
<STATE> 2
<NUMMIXES> 4
<MIXTURE> 1 2.589383e-01
<MEAN> 39
 -1.645615e+01 8.858276e+00 -6.092367e+00 9.395238e+00 2.613345e+00 5.450884e+00 5.093228e+00 1.380262e+00 5.020722e+00 4.135290e-01 6.175929e+00 7.658261e-01 2.414259e+00 -2.287753e+00 -3.658735e-02 -1.353133e+00 7.634556e-01 5.908924e-01 1.489804e+00 6.863995e-01 1.353780e+00 1.264472e+00 1.432359e+00 1.285478e+00 6.558486e-01 -1.245015e-01 1.318308e+00 -2.569804e-01 5.124552e-01 -6.352554e-01 -4.825191e-01 -7.816704e-01 -5.456836e-01 -4.892160e-01 -4.772822e-01 -3.454212e-01 -7.642990e-01 3.757201e-02 -7.362495e-03
<VARIANCE> 39
 1.137185e+01 2.106104e+01 1.450998e+01 2.119159e+01 2.028745e+01 2.768718e+01 2.652301e+01 2.224298e+01 2.086369e+01 2.077257e+01 1.718953e+01 1.613856e+01 1.628271e+01 2.038653e+00 1.833888e+00 1.749303e+00 1.942294e+00 2.082578e+00 2.481326e+00 2.186311e+00 2.594224e+00 2.128447e+00 2.363368e+00 1.990907e+00 1.685454e+00 1.272750e+00 1.959874e-01 4.089247e-01 3.722435e-01 4.386783e-01 4.618205e-01 4.735878e-01 4.739913e-01 5.396150e-01 4.608325e-01 5.577463e-01 4.357203e-01 4.060178e-01 1.806154e-01
<GCONST> 1.070478e+02
<MIXTURE> 2 2.493338e-01
<MEAN> 39
 -1.871492e+01 9.647418e+00 -5.794047e-01 -7.685851e-01 1.118920e+01 -2.391556e+00 6.515310e+00 2.597995e+00 2.518425e-01 1.809426e+00 -1.015366e+00 3.231622e+00 3.643518e+00 -3.926004e+00 7.590465e-01 -1.392268e+00 -7.249603e-02 1.589282e+00 7.478653e-01 1.270128e+00 7.183049e-01 1.030323e-01 2.150275e-01 5.049740e-01 7.367669e-01 3.249840e-02 1.517451e+00 -7.780918e-01 1.361002e-01 -6.215746e-03 -9.954746e-01 -6.633542e-04 -7.621765e-01 -2.450532e-01 -2.059968e-02 -8.621988e-02 -1.394607e-02 -3.766905e-01 8.407269e-02
<VARIANCE> 39
 1.984356e+01 1.947441e+01 2.578165e+01 2.356860e+01 2.428094e+01 2.930359e+01 3.251903e+01 2.992155e+01 2.626283e+01 2.207951e+01 2.123375e+01 1.665934e+01 1.304634e+01 4.253612e+00 2.434075e+00 3.169905e+00 2.909482e+00 3.082465e+00 2.944767e+00 3.692781e+00 3.208808e+00 3.420090e+00 2.561975e+00 2.433896e+00 2.050306e+00 1.050653e+00 3.423473e-01 4.023581e-01 5.118933e-01 5.080059e-01 4.943948e-01 6.348957e-01 6.292073e-01 6.307003e-01 5.808372e-01 5.621593e-01 4.770021e-01 3.991267e-01 1.839974e-01
<GCONST> 1.154729e+02
<MIXTURE> 3 2.118202e-01
<MEAN> 39
 -1.044775e+01 9.898979e+00 3.281692e-04 6.048817e+00 2.977570e+00 -4.416384e-01 2.933456e+00 -2.729800e+00 8.450215e-01 -3.457019e+00 7.736572e-01 -6.593837e-01 3.553997e+00 -5.613967e+00 1.097688e+00 -1.646739e+00 1.593630e+00 2.357975e+00 2.376207e+00 2.145310e+00 1.621201e+00 1.479581e+00 1.148468e+00 2.205755e+00 3.829712e-01 -1.947936e-01 6.093214e-01 -8.927498e-01 -1.953719e-01 -6.623206e-01 -3.963659e-01 -4.619709e-02 -3.052242e-01 3.955502e-01 -7.450606e-03 5.113782e-01 -1.517593e-01 2.600288e-01 1.598512e-01
<VARIANCE> 39
 2.251336e+01 2.439746e+01 3.435513e+01 2.960224e+01 3.418083e+01 4.121508e+01 3.614161e+01 3.107775e+01 2.961767e+01 2.751878e+01 2.331199e+01 2.201582e+01 1.511050e+01 1.858252e+00 3.155602e+00 4.414193e+00 5.233187e+00 4.089070e+00 4.938516e+00 4.127188e+00 4.614515e+00 4.339838e+00 4.821877e+00 4.314688e+00 2.846262e+00 1.414886e+00 4.312190e-01 4.693681e-01 5.877886e-01 5.909779e-01 6.491351e-01 8.171148e-01 7.524951e-01 6.863379e-01 6.301328e-01 6.640694e-01 5.778517e-01 5.657672e-01 1.678610e-01
<GCONST> 1.238775e+02
<MIXTURE> 4 2.799077e-01
<MEAN> 39
 -1.641229e+01 3.649063e+00 -1.026956e+00 -3.706787e-01 5.006383e+00 -8.419660e-02 3.719848e+00 3.170443e+00 2.591706e+00 2.701315e-01 1.291028e+00 2.219358e+00 3.462662e+00 -2.710946e+00 1.353851e+00 -5.577977e-01 -5.891205e-01 7.163486e-01 3.172954e-01 4.582289e-01 3.647044e-01 -1.108867e-02 1.660277e-01 2.247898e-01 1.738517e-01 1.005119e+00 9.118491e-01 1.297885e-01 9.424936e-02 4.528708e-01 -8.133994e-03 2.070300e-02 -1.971401e-01 -2.862154e-01 -1.696856e-01 4.748855e-02 -1.582080e-01 -1.188045e-01 -6.087323e-01
<VARIANCE> 39
 2.413453e+01 2.237882e+01 4.777279e+01 4.419059e+01 3.418934e+01 4.014834e+01 3.714210e+01 2.980871e+01 2.941142e+01 2.387138e+01 2.758174e+01 1.714667e+01 1.941478e+01 3.032533e+00 3.318645e+00 3.319552e+00 3.053658e+00 3.095390e+00 2.984740e+00 2.969743e+00 2.858750e+00 2.494532e+00 2.305396e+00 1.932254e+00 1.846496e+00 2.206736e+00 4.278326e-01 4.134585e-01 7.520844e-01 5.082432e-01 5.294259e-01 7.460533e-01 6.431389e-01 5.728607e-01 5.278422e-01 5.106628e-01 4.335123e-01 3.668415e-01 4.249966e-01
<GCONST> 1.197106e+02
<STATE> 3
<NUMMIXES> 4
<MIXTURE> 1 3.512059e-01
<MEAN> 39
 -1.689812e+01 8.856520e+00 -6.946054e+00 1.052493e+01 1.960860e+00 6.500599e+00 3.899736e+00 2.226415e+00 5.185099e+00 8.345201e-01 5.870513e+00 1.251178e+00 1.655701e+00 -2.775171e-02 -4.812598e-02 -2.966477e-02 -1.693843e-02 -1.961049e-03 -2.638341e-02 2.060877e-02 -2.163977e-02 6.256762e-02 -5.491142e-02 -2.779227e-02 5.874054e-03 2.385665e-02 2.884858e-01 -9.118450e-02 1.779821e-01 -2.307163e-01 6.420461e-03 -3.363733e-01 5.668348e-02 -1.596451e-01 -5.757451e-02 -1.367438e-01 -1.088291e-01 -2.237290e-02 9.283872e-03
<VARIANCE> 39
 8.202307e+00 2.101026e+01 1.328402e+01 2.079388e+01 1.722404e+01 2.356463e+01 2.196810e+01 2.075008e+01 1.883342e+01 1.802901e+01 1.544498e+01 1.366114e+01 1.354117e+01 3.997478e-01 8.318714e-01 7.419660e-01 1.137355e+00 1.060736e+00 1.378962e+00 1.318505e+00 1.346006e+00 1.393552e+00 1.322950e+00 1.178421e+00 1.111488e+00 5.332254e-01 1.546902e-01 1.757793e-01 1.978834e-01 2.498270e-01 2.555951e-01 3.050546e-01 2.733237e-01 3.037960e-01 2.972052e-01 3.130692e-01 2.496549e-01 2.378126e-01 1.233897e-01
<GCONST> 8.935435e+01
<MIXTURE> 2 1.659484e-01
<MEAN> 39
 -1.942900e+01 1.172886e+01 -6.671826e+00 8.140780e+00 6.388382e+00 1.003770e+00 9.461604e+00 -1.231097e+00 6.647439e+00 -2.113356e-01 4.922571e+00 2.817470e+00 2.492371e+00 -1.794634e-01 4.878412e-02 -4.304603e-02 -6.195780e-03 1.234185e-01 -3.799481e-02 1.274484e-01 4.888022e-02 1.323625e-01 4.582128e-02 3.699111e-02 6.923047e-02 -3.450777e-02 7.924863e-01 -4.782175e-01 4.798760e-01 -3.980497e-01 -1.432815e-01 -2.603310e-01 -4.671935e-01 7.985047e-02 -3.162306e-01 -2.129957e-02 -3.081102e-01 -1.248466e-01 -1.361122e-01
<VARIANCE> 39
 9.634040e+00 2.036935e+01 1.421769e+01 2.307796e+01 2.080976e+01 2.307472e+01 2.173455e+01 1.950103e+01 1.798652e+01 1.864300e+01 2.404525e+01 1.404265e+01 1.156733e+01 1.012939e+00 1.857094e+00 1.455032e+00 2.292041e+00 2.101864e+00 2.347098e+00 1.759963e+00 1.773586e+00 1.587855e+00 1.493535e+00 1.418719e+00 1.254261e+00 1.146101e+00 3.854848e-01 3.080869e-01 3.219537e-01 3.155250e-01 3.651203e-01 3.937546e-01 3.893834e-01 4.315963e-01 3.485061e-01 3.910601e-01 3.545858e-01 2.759643e-01 2.654006e-01
<GCONST> 1.014213e+02
<MIXTURE> 3 2.031314e-01
<MEAN> 39
 -2.169685e+01 1.054794e+01 -1.626210e+00 -1.557859e+00 1.330110e+01 -2.223114e+00 6.583296e+00 3.898493e+00 -4.663435e-01 2.660467e+00 -1.279640e+00 3.578106e+00 4.118680e+00 -4.170826e-02 -2.936029e-01 2.553600e-02 -2.277130e-01 -7.206766e-02 -2.208880e-02 -2.712062e-01 1.778331e-01 5.415590e-02 4.933981e-02 -1.778424e-02 -1.845493e-02 1.021877e-01 8.810893e-01 -4.811430e-01 2.196703e-01 2.619191e-02 -5.847038e-01 -4.689229e-02 -3.742148e-01 -2.064969e-01 1.141426e-01 -1.099425e-01 -1.157029e-02 -1.880022e-01 -1.903112e-01
<VARIANCE> 39
 9.857103e+00 1.854666e+01 1.964691e+01 2.301702e+01 2.249574e+01 2.534138e+01 2.853087e+01 2.439905e+01 2.064921e+01 1.882810e+01 1.813018e+01 1.583479e+01 1.079837e+01 9.564421e-01 1.650542e+00 1.585056e+00 1.437227e+00 1.699345e+00 1.798372e+00 1.960917e+00 1.839473e+00 1.527138e+00 1.595797e+00 1.453223e+00 1.228858e+00 7.094531e-01 4.427870e-01 2.497141e-01 3.154504e-01 3.059786e-01 3.011129e-01 3.536913e-01 3.594704e-01 3.887396e-01 3.491797e-01 3.269210e-01 3.046164e-01 2.778986e-01 1.732340e-01
<GCONST> 9.956046e+01
<MIXTURE> 4 2.797143e-01
<MEAN> 39
 -1.898555e+01 6.333746e+00 -2.525222e+00 -1.887491e+00 8.549814e+00 -8.872396e-01 4.054918e+00 3.183233e+00 8.506233e-01 1.440357e+00 -4.696655e-01 2.487130e+00 3.985746e+00 7.771225e-02 -8.007827e-02 -1.207876e-02 -6.073165e-02 -1.099093e-02 -1.413671e-03 -1.128762e-01 -2.225150e-02 -1.747602e-02 -1.283620e-02 -2.974201e-02 -6.503574e-02 -4.167912e-02 2.829751e-01 -8.377010e-02 1.708096e-01 9.051608e-02 -3.016463e-02 -1.043887e-02 -2.017464e-02 7.345537e-03 2.319466e-02 -1.641423e-02 8.401333e-04 -3.149076e-02 -1.509029e-01
<VARIANCE> 39
 1.263002e+01 1.878091e+01 2.666654e+01 2.770147e+01 2.385233e+01 3.139758e+01 3.069441e+01 2.620514e+01 2.474738e+01 2.079998e+01 1.959700e+01 1.670016e+01 1.327099e+01 4.837281e-01 7.484248e-01 7.532738e-01 9.018933e-01 1.190467e+00 1.274291e+00 1.282841e+00 1.401702e+00 1.348434e+00 1.395962e+00 1.273492e+00 1.131841e+00 3.206510e-01 1.346858e-01 1.195795e-01 1.715782e-01 1.951772e-01 2.105327e-01 2.690352e-01 2.696469e-01 2.941319e-01 2.868819e-01 2.899526e-01 2.698215e-01 2.370144e-01 5.710831e-02
<GCONST> 9.011163e+01
<STATE> 4
<NUMMIXES> 4
<MIXTURE> 1 2.233565e-01
<MEAN> 39
 -1.620806e+01 7.594233e+00 -6.382382e+00 8.403550e+00 1.731378e+00 5.078976e+00 5.907273e+00 1.448989e+00 6.262691e+00 -1.690324e-01 6.558816e+00 1.519669e+00 2.693185e+00 2.995262e+00 -7.803271e-01 1.353354e+00 -1.705087e+00 -1.136307e+00 -2.319436e+00 -8.493536e-01 -1.185799e+00 -7.194657e-01 -8.392406e-01 -1.165353e+00 -1.050204e-01 2.481068e-01 1.352853e+00 -3.872176e-01 4.809872e-01 -7.629232e-01 -4.852926e-01 -8.710438e-01 -7.944738e-01 -2.985979e-01 -5.269330e-01 -3.027232e-02 -8.856600e-01 -1.930719e-02 1.469060e-01
<VARIANCE> 39
 1.297054e+01 2.186488e+01 1.537250e+01 2.220960e+01 2.135203e+01 2.759913e+01 2.770753e+01 2.352933e+01 2.388330e+01 2.054562e+01 1.874786e+01 1.703672e+01 9.493836e+00 3.261924e+00 1.472600e+00 2.147363e+00 2.047726e+00 2.707342e+00 3.442043e+00 3.153800e+00 2.735705e+00 2.606668e+00 2.151235e+00 2.702514e+00 1.565593e+00 1.399458e+00 2.557807e-01 3.740644e-01 4.266268e-01 4.160185e-01 5.191301e-01 5.292557e-01 6.168611e-01 5.954220e-01 6.180301e-01 5.214307e-01 5.116788e-01 4.176985e-01 2.366638e-01
<GCONST> 1.106840e+02
<MIXTURE> 2 2.000132e-01
<MEAN> 39
 -1.822919e+01 5.492306e+00 -2.198311e+00 -2.121921e+00 8.144886e+00 -3.302981e+00 6.547920e+00 3.229826e+00 9.048551e-01 2.131956e+00 -1.778371e+00 3.446292e+00 3.945373e+00 3.926734e+00 -1.120687e+00 1.533961e+00 4.466981e-02 -1.619204e+00 -6.649202e-01 -1.809476e+00 -7.778460e-01 -3.340157e-01 -2.365916e-01 -4.972237e-01 -1.042443e+00 -3.754042e-01 1.521282e+00 -2.702450e-01 4.362487e-01 1.621350e-01 -7.751749e-01 3.181775e-02 -1.005730e+00 -4.130946e-01 -1.236923e-01 -1.419592e-01 1.501635e-01 -4.549325e-01 1.899193e-01
<VARIANCE> 39
 1.472438e+01 1.801744e+01 2.032367e+01 2.002357e+01 2.818448e+01 2.788106e+01 3.352451e+01 2.809891e+01 2.838191e+01 2.260612e+01 2.084996e+01 1.744054e+01 9.072808e+00 3.617887e+00 1.680956e+00 2.449445e+00 2.384485e+00 2.615288e+00 2.284771e+00 3.177604e+00 2.669202e+00 2.529383e+00 2.165469e+00 1.957580e+00 1.731722e+00 9.835975e-01 2.409652e-01 3.523502e-01 4.553307e-01 4.379461e-01 5.498731e-01 5.383827e-01 5.376355e-01 5.642744e-01 5.626980e-01 5.433812e-01 4.793023e-01 3.562407e-01 2.188768e-01
<GCONST> 1.107870e+02
<MIXTURE> 3 3.240802e-01
<MEAN> 39
 -1.647677e+01 7.895563e+00 -5.219399e+00 5.740226e+00 5.247974e+00 -2.045617e-01 6.296687e+00 5.927683e-01 4.729580e+00 6.617737e-01 3.771687e+00 2.096701e+00 2.746728e+00 1.253334e+00 -7.234633e-01 1.236864e+00 -4.399124e-01 8.997950e-01 -4.470212e-01 -3.205433e-01 3.148891e-01 -3.667106e-02 2.845607e-01 -1.958028e-01 -3.998101e-03 -1.786726e+00 5.824769e-01 -2.891018e-01 3.372511e-01 8.108058e-02 4.110875e-02 4.707288e-01 -3.045307e-01 1.022640e-01 -7.906980e-02 6.152025e-02 -3.474248e-02 -8.514621e-02 -1.019137e+00
<VARIANCE> 39
 1.843246e+01 2.826394e+01 1.867412e+01 3.972537e+01 3.629235e+01 3.711936e+01 2.937584e+01 2.466481e+01 2.722342e+01 2.172717e+01 2.752293e+01 1.747412e+01 2.109031e+01 1.780584e+00 2.640043e+00 2.384349e+00 2.929695e+00 2.812849e+00 2.807909e+00 2.529550e+00 2.858328e+00 2.391689e+00 2.013186e+00 1.889948e+00 1.610313e+00 4.342396e+00 2.720672e-01 4.192105e-01 3.480593e-01 4.366376e-01 5.942399e-01 5.374776e-01 4.718331e-01 4.455513e-01 4.735210e-01 4.168968e-01 3.787562e-01 3.433053e-01 5.972188e-01
<GCONST> 1.146961e+02
<MIXTURE> 4 2.525502e-01
<MEAN> 39
 -1.951378e+01 5.859221e+00 2.815793e+00 -4.339580e+00 1.038980e+01 1.369659e+00 -1.972542e-01 5.591980e+00 1.115627e+00 4.872322e-01 1.133255e+00 1.392406e+00 3.775899e+00 1.746802e+00 -1.536026e+00 1.043922e+00 5.914013e-01 -8.712510e-01 1.218959e+00 -8.535582e-01 -3.179929e-01 6.581998e-01 -2.763581e-01 1.373442e-01 -1.943876e-01 -2.002193e+00 8.559265e-01 -1.727618e-01 -3.731231e-01 7.577533e-01 -4.306316e-01 7.079805e-02 4.281093e-01 -5.435961e-01 5.844405e-02 1.431168e-01 -1.232892e-01 2.909727e-02 -9.702229e-01
<VARIANCE> 39
 1.782744e+01 2.512597e+01 2.390310e+01 2.485607e+01 3.146775e+01 4.132804e+01 2.929628e+01 2.705948e+01 2.974294e+01 2.550805e+01 2.479843e+01 1.694482e+01 1.828146e+01 2.353993e+00 2.438951e+00 2.917458e+00 2.460201e+00 3.087929e+00 3.154596e+00 3.052778e+00 3.131268e+00 2.626189e+00 2.288400e+00 2.103372e+00 1.792589e+00 4.088565e+00 3.664417e-01 4.096242e-01 4.428228e-01 4.443620e-01 5.500016e-01 7.176498e-01 4.959062e-01 5.767828e-01 5.193545e-01 4.687991e-01 4.416374e-01 3.529702e-01 6.174865e-01
<GCONST> 1.169175e+02
<STATE> 5
<NUMMIXES> 4
<MIXTURE> 1 2.557245e-01
<MEAN> 39
 -8.349899e+00 6.503291e+00 1.084562e+00 3.041086e+00 2.746871e+00 -2.562472e+00 2.872652e+00 -1.363774e+00 1.361262e+00 -1.165257e+00 -3.890743e-01 3.895982e-01 1.773597e+00 6.298083e+00 -1.877066e+00 1.842981e+00 -1.700593e+00 -2.909902e+00 -1.979893e+00 -3.418346e+00 -1.440381e+00 -1.300989e+00 -3.720532e-01 -1.598459e+00 -8.927566e-01 8.005322e-01 1.222226e-01 -5.205323e-01 -2.008951e-01 -3.739635e-01 -2.298953e-01 2.219880e-01 -3.282670e-01 3.347453e-01 -5.142086e-02 2.870118e-01 7.548282e-02 2.348419e-02 4.703968e-01
<VARIANCE> 39
 2.973013e+01 2.109568e+01 3.050420e+01 2.720767e+01 3.965253e+01 3.948349e+01 3.902650e+01 4.098706e+01 3.582021e+01 2.941499e+01 3.049618e+01 2.134450e+01 1.468675e+01 1.700043e+00 3.464516e+00 5.485336e+00 7.229563e+00 4.834105e+00 7.311721e+00 5.016902e+00 5.106439e+00 6.177341e+00 4.504917e+00 6.832172e+00 3.675197e+00 1.640019e+00 5.025414e-01 3.524248e-01 4.446140e-01 4.461105e-01 6.485834e-01 6.647138e-01 7.817239e-01 7.259732e-01 5.755721e-01 6.562458e-01 6.613832e-01 4.261843e-01 2.616834e-01
<GCONST> 1.266676e+02
<MIXTURE> 2 1.865425e-01
<MEAN> 39
 -1.326399e+01 7.902875e+00 1.179332e+00 6.697998e+00 8.890604e+00 4.692032e+00 4.125988e+00 1.640146e+00 4.228180e+00 2.386556e+00 3.276910e+00 1.751149e+00 -1.183439e+01 2.159184e+00 -1.449552e+00 4.861846e-01 7.655655e-01 -3.856454e-01 8.910565e-01 -1.153317e-01 -2.128969e-01 -9.195844e-02 3.728370e-01 9.641173e-02 -1.427330e-01 -4.541716e+00 -2.753497e-02 -4.857863e-01 -5.066007e-01 -5.355178e-01 -5.459610e-01 -3.867673e-01 -2.352141e-02 -2.019976e-02 -1.783342e-01 -1.724114e-01 -5.618399e-02 1.355207e-02 1.680283e+00
<VARIANCE> 39
 2.886519e+01 3.088362e+01 3.586688e+01 3.832743e+01 2.915125e+01 2.809091e+01 2.615647e+01 2.635155e+01 3.167911e+01 1.942929e+01 2.215833e+01 1.466791e+01 4.411985e+01 1.953087e+00 3.672647e+00 3.833264e+00 4.564011e+00 3.914644e+00 3.249808e+00 3.087466e+00 2.579007e+00 2.902096e+00 2.105817e+00 1.792143e+00 1.520517e+00 7.863685e+00 4.902726e-01 5.632018e-01 5.718807e-01 6.341406e-01 5.595254e-01 5.725710e-01 4.926320e-01 5.050796e-01 4.903513e-01 3.792394e-01 3.626547e-01 3.054639e-01 1.569231e+00
<GCONST> 1.209956e+02
<MIXTURE> 3 2.501720e-01
<MEAN> 39
 3.950336e+00 1.322376e+00 1.018695e+00 -2.744094e+00 -4.373116e+00 -6.755797e+00 -5.237441e+00 -3.197733e+00 2.045760e-02 -8.436300e-01 -3.373595e+00 -5.395781e-01 6.240799e+00 4.887635e+00 -2.741239e+00 1.086070e+00 -2.251376e+00 -2.439911e+00 -1.245562e+00 -2.649650e+00 -2.210608e-01 -8.777474e-01 3.640823e-01 -1.129282e+00 -6.139564e-01 1.512243e+00 -1.500769e+00 5.921401e-02 -3.691542e-01 3.675595e-01 7.053328e-01 8.661054e-01 8.982673e-01 6.253080e-01 2.158730e-01 2.531673e-01 5.585989e-01 1.596839e-01 -1.251576e-01
<VARIANCE> 39
 1.782818e+01 2.656072e+01 5.132879e+01 3.048344e+01 4.268254e+01 4.451747e+01 3.500811e+01 4.116324e+01 4.095695e+01 3.757571e+01 2.847824e+01 2.927996e+01 1.785890e+01 2.880469e+00 3.485456e+00 5.674185e+00 6.495188e+00 6.187667e+00 7.085320e+00 6.830399e+00 6.373942e+00 6.066470e+00 5.580628e+00 7.590103e+00 4.170182e+00 1.847130e+00 2.757122e-01 4.393390e-01 4.238774e-01 5.879792e-01 5.763347e-01 7.787072e-01 6.110405e-01 6.502498e-01 6.108636e-01 6.660165e-01 5.889612e-01 4.589761e-01 3.037621e-01
<GCONST> 1.293979e+02
<MIXTURE> 4 3.075610e-01
<MEAN> 39
 -1.062344e+01 1.303743e-02 2.306040e-01 1.297756e+00 6.616635e+00 1.156829e+00 1.078723e+00 2.401677e+00 3.829099e+00 8.317189e-01 9.139352e-01 1.552331e+00 -2.232042e+00 2.790144e+00 -8.361866e-01 -1.329176e-01 1.189518e+00 -5.253642e-01 7.927304e-01 1.807564e-02 -8.056386e-01 -2.597450e-01 3.028562e-01 -1.549521e-01 -2.215158e-01 -3.768371e+00 -5.416526e-02 5.778599e-01 -2.969192e-01 1.084763e-01 -9.377535e-02 1.315269e-02 2.065642e-01 -1.632202e-01 -3.275723e-01 3.682810e-02 3.106492e-02 -2.354037e-02 -2.063515e-01
<VARIANCE> 39
 2.475816e+01 2.332804e+01 3.723144e+01 4.457660e+01 4.633669e+01 5.020088e+01 4.248883e+01 4.245871e+01 4.172375e+01 2.849145e+01 3.334997e+01 2.204863e+01 3.566801e+01 2.175967e+00 2.745605e+00 2.993013e+00 3.961174e+00 4.174293e+00 4.646235e+00 4.168544e+00 4.273710e+00 3.645551e+00 2.817456e+00 2.730628e+00 2.299121e+00 5.558768e+00 4.822610e-01 4.212386e-01 6.176448e-01 7.010450e-01 8.479159e-01 1.062678e+00 7.814938e-01 8.931359e-01 7.984401e-01 5.912549e-01 5.317601e-01 4.663599e-01 8.838808e-01
<GCONST> 1.287795e+02
<TRANSP> 6
 0.000000e+00 1.000000e+00 0.000000e+00 0.000000e+00 0.000000e+00 0.000000e+00
 0.000000e+00 6.225513e-01 3.774487e-01 0.000000e+00 0.000000e+00 0.000000e+00
 0.000000e+00 0.000000e+00 8.132304e-01 1.867696e-01 0.000000e+00 0.000000e+00
 0.000000e+00 0.000000e+00 0.000000e+00 5.690897e-01 4.309103e-01 0.000000e+00
 0.000000e+00 0.000000e+00 0.000000e+00 0.000000e+00 5.507458e-01 4.492542e-01
 0.000000e+00 0.000000e+00 0.000000e+00 0.000000e+00 0.000000e+00 0.000000e+00
<ENDHMM>
