~o
<STREAMINFO> 1 39
<VECSIZE> 39<NULLD><MFCC_D_A_Z_0><DIAGC>
~h "th"
<BEGINHMM>
<NUMSTATES> 6
<STATE> 2
<NUMMIXES> 4
<MIXTURE> 1 2.746841e-01
<MEAN> 39
 -1.004896e+01 5.211365e+00 -9.994330e-01 8.124007e+00 4.538977e+00 6.271850e+00 4.457847e+00 2.364216e+00 4.120675e+00 1.806997e+00 3.593240e+00 1.639441e+00 -1.060330e+01 -1.855286e+00 -1.132744e+00 -8.780898e-01 3.210222e-02 2.334546e-01 1.165290e+00 7.408531e-01 1.239341e+00 9.520436e-01 1.212159e+00 1.210891e+00 5.642565e-01 -1.552243e+00 1.127802e+00 -3.651298e-01 -3.644149e-02 -8.872443e-01 -6.728811e-01 -9.801647e-01 -4.887169e-01 -4.733646e-01 -2.769864e-01 -3.645675e-01 -5.255123e-01 -4.645905e-03 1.485223e+00
<VARIANCE> 39
 1.746226e+01 1.818214e+01 1.989025e+01 1.659928e+01 1.905732e+01 1.432862e+01 2.132120e+01 2.078300e+01 2.555309e+01 1.939705e+01 2.112296e+01 1.047754e+01 7.092829e+01 2.017087e+00 1.493083e+00 2.569934e+00 1.776395e+00 2.623522e+00 2.693259e+00 1.959684e+00 1.803655e+00 2.334614e+00 2.142298e+00 2.628306e+00 1.950395e+00 6.337714e+00 4.153182e-01 5.105026e-01 7.031755e-01 4.781242e-01 5.323930e-01 5.994537e-01 5.901010e-01 6.421726e-01 6.258631e-01 6.190848e-01 5.175707e-01 4.506179e-01 1.469819e+00
<GCONST> 1.149651e+02
<MIXTURE> 2 2.734908e-01
<MEAN> 39
 -1.051108e+01 3.113456e+00 -3.871361e+00 3.214738e+00 3.199645e+00 7.387925e-01 6.166471e+00 1.292210e-01 4.250797e+00 1.376885e+00 1.728336e+00 1.607560e+00 -2.755082e+00 -1.603461e+00 -6.652110e-01 -3.440401e-01 -1.891454e-02 -2.477980e-01 7.431697e-02 3.657237e-01 6.116124e-01 2.844104e-01 1.064345e-01 2.529224e-01 5.146831e-01 2.496661e-01 8.916181e-01 -7.718333e-03 3.038851e-01 -2.578373e-01 -2.705876e-01 3.168989e-03 -6.471243e-01 -2.188063e-01 -3.204575e-01 -8.153398e-02 -1.505627e-01 -1.224504e-01 1.863872e-01
<VARIANCE> 39
 2.201543e+01 2.765082e+01 2.852445e+01 3.265092e+01 3.397775e+01 3.151691e+01 2.858393e+01 2.769163e+01 3.377718e+01 2.271121e+01 3.062879e+01 2.013955e+01 3.010275e+01 5.520212e+00 3.164513e+00 3.896096e+00 3.589500e+00 3.712385e+00 3.854036e+00 3.584756e+00 4.010571e+00 4.328074e+00 3.126840e+00 2.977229e+00 2.304364e+00 9.972663e+00 5.959420e-01 5.669543e-01 6.595560e-01 8.426706e-01 8.436226e-01 8.179194e-01 7.386176e-01 7.269273e-01 8.948722e-01 5.653993e-01 7.759480e-01 5.009692e-01 1.065944e+00
<GCONST> 1.284753e+02
<MIXTURE> 3 2.458530e-01
<MEAN> 39
 -7.710281e+00 8.394053e+00 1.286694e+00 7.809048e+00 4.928493e+00 1.837754e+00 3.991393e+00 -2.391181e+00 1.668673e+00 -2.402315e+00 2.424050e-01 3.073677e-01 -5.239651e+00 -4.216904e+00 -2.240527e-01 -7.900180e-01 1.475077e+00 1.137202e+00 1.949218e+00 2.110258e+00 1.417617e+00 9.306858e-01 4.397673e-01 1.575211e+00 6.551945e-01 -2.658805e+00 8.124304e-01 -1.092359e+00 -4.360788e-01 -1.022006e+00 -6.908380e-01 -2.711703e-01 -6.547869e-01 2.390413e-01 -4.785276e-02 4.858106e-01 -4.122493e-02 5.396301e-02 8.464369e-01
<VARIANCE> 39
 1.598234e+01 1.861995e+01 2.698232e+01 2.118131e+01 2.351980e+01 2.303169e+01 2.959542e+01 2.381179e+01 3.235761e+01 1.791523e+01 2.149180e+01 1.815521e+01 6.149076e+01 1.740438e+00 2.601173e+00 4.425638e+00 3.259459e+00 3.664290e+00 5.469852e+00 4.396207e+00 4.319851e+00 4.354107e+00 4.383620e+00 4.324637e+00 3.354799e+00 4.488384e+00 3.749774e-01 4.288084e-01 5.534874e-01 5.344051e-01 5.586096e-01 6.158018e-01 7.196337e-01 6.280478e-01 7.346154e-01 5.285270e-01 6.826804e-01 4.973684e-01 1.289684e+00
<GCONST> 1.235890e+02
<MIXTURE> 4 2.059722e-01
<MEAN> 39
 2.020517e-01 7.994272e+00 1.133334e+00 5.506957e+00 1.511954e+00 5.062053e-01 -9.234667e-01 -3.004198e+00 -1.636889e-01 -2.955933e+00 -7.318186e-01 -2.348628e-01 -4.266745e+00 -3.142509e+00 8.108586e-01 1.244312e-01 1.978308e+00 1.933192e+00 1.546122e+00 1.407557e+00 1.005116e+00 3.657085e-01 8.545119e-01 6.543270e-01 4.420489e-01 -3.248628e+00 -2.776960e-01 -9.663205e-01 -3.431850e-01 -5.907156e-01 -1.261781e-01 2.762600e-02 1.343537e-01 3.338852e-01 2.440247e-01 3.770043e-01 1.587625e-01 1.863659e-01 4.843952e-01
<VARIANCE> 39
 1.661093e+01 2.724203e+01 2.812540e+01 3.125607e+01 3.969686e+01 3.522143e+01 2.302954e+01 4.876857e+01 3.409713e+01 4.386380e+01 2.802929e+01 2.542138e+01 5.437505e+01 3.824797e+00 4.541668e+00 5.572553e+00 5.709691e+00 6.444147e+00 6.919380e+00 5.641600e+00 7.272832e+00 7.305429e+00 5.659110e+00 6.110087e+00 3.115921e+00 7.024234e+00 2.845321e-01 4.665504e-01 5.449435e-01 5.124596e-01 7.192731e-01 5.377555e-01 4.841589e-01 8.908195e-01 9.012747e-01 8.348600e-01 6.004338e-01 4.745895e-01 1.020502e+00
<GCONST> 1.325518e+02
<STATE> 3
<NUMMIXES> 4
<MIXTURE> 1 2.154656e-01
<MEAN> 39
 -1.061346e+01 -1.629804e+00 -5.914393e+00 2.971540e+00 -3.554189e-01 3.274608e+00 2.581295e+00 1.400696e+00 4.480144e+00 6.230977e-01 4.271034e+00 2.198130e+00 -3.165278e-01 4.165528e-01 -5.066261e-01 -1.626535e-01 -7.160091e-01 -4.049665e-01 -4.878560e-01 1.828921e-01 3.475922e-02 2.524268e-01 -6.494492e-02 7.630541e-02 1.848771e-01 1.924906e+00 6.797585e-01 5.769403e-01 7.095039e-01 2.021758e-01 2.157334e-01 -2.803411e-01 -1.217916e-02 -1.487717e-01 -2.216100e-01 -2.239836e-01 -5.227080e-01 -2.003616e-01 -3.112455e-01
<VARIANCE> 39
 1.895223e+01 1.321740e+01 1.697713e+01 1.556712e+01 1.984649e+01 2.441965e+01 1.601381e+01 2.029059e+01 1.575249e+01 1.518318e+01 2.148368e+01 1.347166e+01 1.918339e+01 2.062828e+00 2.255095e+00 1.848702e+00 2.369248e+00 1.988664e+00 2.437471e+00 1.909857e+00 1.616497e+00 1.758300e+00 2.048070e+00 2.028756e+00 1.483063e+00 6.449617e+00 4.934713e-01 2.703024e-01 3.707304e-01 3.418192e-01 3.551368e-01 5.999618e-01 4.205236e-01 3.707862e-01 4.040311e-01 4.643565e-01 4.532603e-01 3.644214e-01 7.766308e-01
<GCONST> 1.075990e+02
<MIXTURE> 2 3.585104e-01
<MEAN> 39
 -1.166974e+01 4.221756e+00 -2.236498e+00 4.859732e+00 3.362585e+00 2.457741e+00 3.974688e+00 5.554860e-01 2.067180e+00 -7.616023e-02 1.141280e+00 1.895464e+00 -4.374323e+00 -1.929787e-01 -1.854690e-01 -2.117499e-02 -1.560432e-01 4.744307e-02 1.150161e-01 1.618784e-01 -8.102904e-02 -2.977540e-02 -7.581124e-02 -4.940059e-02 4.874890e-02 8.474922e-02 4.528463e-01 -8.756384e-02 2.198260e-02 -1.295454e-01 -5.475704e-02 -1.454009e-01 4.109253e-02 -2.140634e-02 1.327515e-01 6.208554e-02 4.833147e-02 -4.638876e-02 3.087894e-01
<VARIANCE> 39
 2.461580e+01 1.914245e+01 2.336144e+01 1.700902e+01 1.766821e+01 2.130962e+01 2.312061e+01 1.982756e+01 2.458358e+01 1.716121e+01 1.925822e+01 1.360548e+01 3.983740e+01 1.132120e+00 9.446968e-01 1.132716e+00 1.204147e+00 1.200844e+00 1.370426e+00 1.548876e+00 1.366032e+00 1.607611e+00 1.551609e+00 1.307565e+00 1.183521e+00 1.939804e+00 3.248920e-01 2.263483e-01 3.098043e-01 2.537867e-01 2.833309e-01 3.458161e-01 2.999474e-01 3.149004e-01 3.565624e-01 3.289052e-01 2.940547e-01 2.840652e-01 4.147197e-01
<GCONST> 9.947090e+01
<MIXTURE> 3 2.048721e-01
<MEAN> 39
 -1.049360e+01 4.883316e+00 -2.380045e-02 8.279855e+00 5.657213e+00 5.969819e+00 4.067990e+00 2.487215e+00 4.998800e+00 2.691947e+00 4.486607e+00 1.981824e+00 -1.691569e+01 6.242149e-02 -1.092814e+00 -6.528044e-01 -8.931694e-01 -7.675921e-01 -4.412111e-01 -1.408145e-01 -1.549108e-01 -1.999997e-02 -2.541421e-01 1.302455e-01 1.013356e-01 1.796347e+00 6.517162e-01 -1.214057e-01 -1.077720e-01 -4.644904e-01 -4.343485e-01 -5.731982e-01 -1.605916e-01 -3.234276e-01 -2.068593e-01 -4.186965e-01 -3.645322e-01 -8.156867e-02 1.735509e+00
<VARIANCE> 39
 1.337558e+01 1.508806e+01 1.470121e+01 1.892000e+01 1.664861e+01 1.611918e+01 2.153398e+01 1.872566e+01 2.014556e+01 1.386812e+01 1.989530e+01 1.439444e+01 3.424990e+01 1.198476e+00 1.960733e+00 1.889773e+00 1.937186e+00 1.597033e+00 1.543216e+00 1.642937e+00 1.721450e+00 1.658820e+00 1.529919e+00 1.672057e+00 1.329378e+00 9.918984e+00 3.233871e-01 3.232395e-01 3.437427e-01 4.161875e-01 3.760622e-01 4.535887e-01 4.952852e-01 3.741389e-01 3.659910e-01 3.944845e-01 3.214199e-01 3.232979e-01 9.634622e-01
<GCONST> 1.052526e+02
<MIXTURE> 4 2.211519e-01
<MEAN> 39
 -1.349948e+01 3.398390e+00 -4.314288e+00 3.098231e+00 4.049707e+00 1.263228e+00 7.877439e+00 5.598704e-01 3.826102e+00 2.272584e-01 1.375259e+00 4.147012e+00 -1.756513e+00 1.408777e+00 -3.821419e-01 3.204502e-01 -4.621427e-01 -6.473105e-01 -8.159653e-01 -6.542192e-01 -1.189608e-01 -6.613590e-02 -1.841810e-01 -5.952328e-01 -2.197442e-01 1.638717e+00 1.465771e+00 -1.810008e-01 4.712935e-01 -2.053081e-01 -5.148612e-01 -4.156788e-01 -9.471551e-01 -1.830035e-01 -2.547080e-01 1.000169e-01 -2.746935e-01 -5.601204e-01 2.196577e-01
<VARIANCE> 39
 1.661235e+01 2.197307e+01 3.028519e+01 2.512371e+01 2.529313e+01 2.888463e+01 2.333379e+01 2.450874e+01 2.712227e+01 2.120460e+01 2.692843e+01 1.614989e+01 2.705765e+01 5.355188e+00 1.984081e+00 3.774679e+00 1.925648e+00 3.009894e+00 2.728591e+00 2.632032e+00 2.314986e+00 3.228027e+00 2.265477e+00 2.567478e+00 1.971196e+00 4.995992e+00 3.108496e-01 5.229504e-01 6.950441e-01 6.269510e-01 6.565056e-01 7.962971e-01 5.886397e-01 6.133733e-01 6.621988e-01 6.196499e-01 7.048944e-01 3.792887e-01 9.173495e-01
<GCONST> 1.197506e+02
<STATE> 4
<NUMMIXES> 4
<MIXTURE> 1 2.444536e-01
<MEAN> 39
 -7.148814e+00 2.611343e+00 -2.635371e+00 4.856235e+00 1.591833e+00 4.824511e+00 4.776073e+00 2.056838e+00 5.264767e+00 2.683795e-01 5.999677e+00 2.360041e+00 -9.183856e-01 2.972239e+00 -4.914322e-01 9.335473e-01 -1.756307e+00 -2.029876e+00 -2.442709e+00 -8.905724e-01 -6.808698e-01 -6.632152e-01 -8.372023e-01 -1.738655e+00 -2.861750e-01 3.212119e+00 6.214511e-01 -2.574050e-01 4.410988e-01 -5.672674e-01 -4.909070e-01 -6.902559e-01 -5.588670e-01 -1.810992e-01 -4.604529e-01 9.202251e-02 -8.156789e-01 -1.957261e-01 -2.083592e-01
<VARIANCE> 39
 1.721578e+01 3.301242e+01 2.138693e+01 2.681468e+01 1.792399e+01 2.165669e+01 2.065456e+01 2.873856e+01 2.277352e+01 1.966742e+01 2.169717e+01 1.453827e+01 4.645749e+01 3.169185e+00 3.371788e+00 3.997487e+00 3.579761e+00 4.154849e+00 3.869865e+00 4.253853e+00 3.793831e+00 3.395520e+00 2.802846e+00 2.703162e+00 2.391154e+00 9.753111e+00 4.434062e-01 6.617487e-01 5.233015e-01 6.567937e-01 4.888585e-01 6.779869e-01 6.134043e-01 7.513047e-01 4.873519e-01 6.331557e-01 5.485680e-01 3.874530e-01 1.213265e+00
<GCONST> 1.226976e+02
<MIXTURE> 2 1.863018e-01
<MEAN> 39
 -8.337481e+00 -2.497869e+00 2.185659e+00 3.197880e+00 1.525996e+00 6.764929e-01 5.788758e+00 1.154828e+00 2.342802e+00 1.665898e+00 -2.448464e-01 -2.474684e-01 -5.113219e-01 4.628063e+00 -1.283468e-01 3.055414e-01 7.116781e-01 -7.401605e-01 -2.005508e+00 -2.767440e+00 -9.074957e-01 -9.272687e-01 -7.993106e-01 -3.779483e-01 -7.793090e-01 7.261045e-02 1.159305e+00 9.383133e-02 -7.069681e-01 -2.029571e-01 -1.091496e-01 -4.903207e-01 -1.213474e+00 -2.499130e-02 -1.221130e-01 -2.663921e-01 2.717623e-01 2.015138e-01 2.529595e-01
<VARIANCE> 39
 1.637593e+01 3.084364e+01 3.248657e+01 2.771021e+01 2.900056e+01 2.919414e+01 3.201379e+01 2.513085e+01 3.002023e+01 2.113505e+01 2.430039e+01 1.445498e+01 1.457112e+01 3.466356e+00 2.770136e+00 4.852732e+00 2.834780e+00 4.839818e+00 5.989257e+00 4.650385e+00 2.794098e+00 4.251420e+00 3.153348e+00 2.696895e+00 3.351485e+00 2.691397e+00 3.998362e-01 5.835789e-01 8.864005e-01 9.162250e-01 1.071135e+00 8.906748e-01 9.411575e-01 7.023131e-01 8.982620e-01 5.481213e-01 6.303779e-01 4.773282e-01 5.678893e-01
<GCONST> 1.251318e+02
<MIXTURE> 3 3.045265e-01
<MEAN> 39
 -1.115429e+01 4.884357e-01 -1.477781e+00 1.436102e+00 3.009663e+00 5.224621e-01 5.925758e+00 5.136113e-01 3.686571e+00 1.741122e+00 6.601477e-01 2.067883e+00 9.034248e-01 9.693316e-01 -5.213298e-01 1.065374e+00 2.296743e-01 5.000721e-02 -9.267648e-02 -1.066879e-01 2.397206e-01 -1.664640e-01 2.991599e-01 -1.433510e-01 -4.096817e-01 -6.692134e-01 5.054196e-01 2.165762e-01 9.472045e-02 4.427638e-01 1.738348e-02 6.992047e-02 -4.190008e-01 -3.212650e-02 -1.439777e-01 -1.831130e-01 5.223045e-02 -1.264694e-01 -8.467689e-01
<VARIANCE> 39
 1.684920e+01 2.443206e+01 1.974769e+01 2.135805e+01 3.054032e+01 3.457493e+01 2.938528e+01 2.492238e+01 1.995500e+01 2.487878e+01 2.634786e+01 1.590908e+01 2.637912e+01 2.638083e+00 2.600344e+00 1.854433e+00 1.968312e+00 3.333443e+00 2.398470e+00 2.714660e+00 2.027454e+00 2.567708e+00 2.216670e+00 2.182721e+00 1.912124e+00 4.600728e+00 3.973442e-01 4.947347e-01 4.422906e-01 4.109392e-01 6.616163e-01 6.400709e-01 6.639000e-01 4.558149e-01 4.291035e-01 5.940614e-01 5.028343e-01 4.315531e-01 7.597079e-01
<GCONST> 1.159616e+02
<MIXTURE> 4 2.647180e-01
<MEAN> 39
 -1.546147e+00 5.427605e+00 3.479168e-01 3.607384e+00 -1.156801e-01 -2.727303e+00 1.884495e+00 -1.297330e+00 1.808863e+00 -1.826088e+00 -1.134687e+00 5.789853e-01 1.477940e+00 4.592659e+00 -1.260390e+00 1.472996e+00 -1.519438e+00 -2.721977e+00 -2.360477e+00 -2.913985e+00 -2.129641e-01 -8.148339e-01 -3.761151e-01 -1.173657e+00 -1.027448e+00 2.522864e+00 -2.117525e-01 -7.490598e-01 2.246229e-02 -3.107413e-01 -2.946880e-01 2.787937e-01 -1.717326e-01 3.666114e-01 -1.261948e-01 3.131670e-01 2.960299e-01 2.771646e-02 -2.253434e-01
<VARIANCE> 39
 2.352369e+01 1.878513e+01 2.853569e+01 2.233227e+01 2.876290e+01 2.576379e+01 2.870542e+01 2.364317e+01 2.363241e+01 1.962645e+01 2.036565e+01 1.783667e+01 1.883946e+01 1.811611e+00 3.839199e+00 5.529854e+00 4.666273e+00 4.461890e+00 6.210473e+00 4.818987e+00 4.344290e+00 5.397081e+00 4.350235e+00 5.563489e+00 2.890479e+00 2.652887e+00 3.978300e-01 3.352229e-01 4.741139e-01 4.751769e-01 5.221839e-01 5.226362e-01 6.283631e-01 5.126770e-01 4.859370e-01 5.109650e-01 4.037499e-01 3.860689e-01 7.309604e-01
<GCONST> 1.212852e+02
<STATE> 5
<NUMMIXES> 4
<MIXTURE> 1 3.225143e-01
<MEAN> 39
 -6.965920e+00 2.080389e+00 -1.726382e+00 5.423752e+00 5.223255e+00 1.477069e+00 3.222156e+00 1.597283e+00 4.398345e+00 8.663284e-01 9.625728e-01 2.773072e+00 -7.000892e+00 9.459486e-01 3.998557e-02 4.164493e-01 -9.744641e-02 3.977520e-01 4.496329e-01 -5.509146e-01 -3.752087e-02 -3.684261e-01 2.349054e-01 -1.315451e-01 -1.559599e-01 -2.255459e+00 -3.677921e-02 4.134809e-02 -6.569876e-02 -1.967597e-01 -2.314907e-01 1.004777e-01 3.826310e-02 -1.265117e-01 -2.231493e-01 -9.998313e-02 1.859563e-02 -1.749550e-01 1.578950e-01
<VARIANCE> 39
 2.872423e+01 2.838572e+01 3.321938e+01 4.384509e+01 5.620886e+01 3.076712e+01 2.494610e+01 4.382403e+01 3.011436e+01 3.304084e+01 3.580173e+01 2.298726e+01 6.966516e+01 3.375536e+00 3.394609e+00 2.649990e+00 5.441513e+00 4.355284e+00 3.524286e+00 3.140010e+00 3.828964e+00 4.253403e+00 5.040959e+00 3.418345e+00 2.816855e+00 9.505293e+00 4.472423e-01 4.654485e-01 4.354768e-01 6.859127e-01 7.729685e-01 6.442032e-01 4.865838e-01 7.327522e-01 7.915455e-01 6.980444e-01 6.738143e-01 5.910187e-01 1.885723e+00
<GCONST> 1.304977e+02
<MIXTURE> 2 2.435381e-01
<MEAN> 39
 6.430471e+00 -2.451040e+00 -2.972884e+00 -3.730011e+00 -3.339084e+00 -3.771502e+00 -5.722508e+00 6.577995e-01 4.822264e+00 1.093010e+00 -3.501929e+00 -3.529361e+00 8.119771e+00 3.222906e+00 -2.674086e+00 1.893395e-01 -2.149899e+00 -1.834700e+00 -8.579947e-01 -2.280057e+00 6.604624e-01 -7.520468e-02 2.982691e-01 -5.205632e-01 -1.219171e+00 2.236112e+00 -1.253792e+00 3.126248e-02 3.514238e-02 4.790511e-01 4.563131e-01 5.766268e-01 9.199828e-01 2.034205e-01 -4.769156e-01 -1.390320e-01 4.925796e-01 5.199025e-01 -9.874064e-01
<VARIANCE> 39
 1.246276e+01 1.863836e+01 3.448092e+01 2.541409e+01 2.532615e+01 4.843116e+01 4.528365e+01 3.559269e+01 2.811083e+01 3.778590e+01 2.852000e+01 2.285104e+01 1.342572e+01 2.523084e+00 2.680744e+00 4.333955e+00 4.478312e+00 2.927517e+00 5.650541e+00 7.075719e+00 5.917134e+00 3.987225e+00 3.945097e+00 5.821273e+00 2.542987e+00 2.486905e+00 2.724948e-01 5.634534e-01 6.044873e-01 4.751827e-01 6.592374e-01 8.686817e-01 7.967419e-01 6.961979e-01 5.364177e-01 7.489795e-01 7.960464e-01 4.995331e-01 4.843614e-01
<GCONST> 1.253950e+02
<MIXTURE> 3 2.468935e-01
<MEAN> 39
 3.957908e+00 -4.166355e-01 5.081894e+00 -2.785093e+00 -1.090358e+01 -7.588361e+00 -1.792229e+00 -1.183654e+00 -2.717009e+00 -1.250883e+00 -2.002553e+00 2.126906e+00 7.284720e+00 2.098649e+00 -1.930709e+00 2.045288e+00 -2.568553e+00 -3.223772e+00 -1.899658e+00 -1.057219e+00 9.358129e-02 -1.935996e+00 5.237705e-01 -1.654319e+00 -1.726614e-01 2.540655e+00 -1.093262e+00 5.063893e-02 -3.582319e-01 2.379665e-01 8.927259e-01 1.073669e+00 6.100956e-01 2.191392e-01 3.313214e-01 4.248141e-01 4.380518e-01 -9.762121e-02 -6.915081e-01
<VARIANCE> 39
 9.461218e+00 2.220379e+01 2.954498e+01 3.630674e+01 2.478832e+01 2.297681e+01 2.910635e+01 3.548462e+01 2.159348e+01 2.607586e+01 2.673101e+01 1.855065e+01 1.990543e+01 2.061924e+00 3.204205e+00 3.292733e+00 4.651853e+00 3.475410e+00 4.459401e+00 5.814045e+00 5.218689e+00 3.831509e+00 4.642573e+00 4.908580e+00 2.942705e+00 3.009429e+00 1.890501e-01 3.948457e-01 3.727213e-01 6.558041e-01 5.462076e-01 5.957618e-01 5.874188e-01 5.610530e-01 4.147845e-01 6.360854e-01 4.042058e-01 3.420095e-01 4.225162e-01
<GCONST> 1.198300e+02
<MIXTURE> 4 1.870541e-01
<MEAN> 39
 9.523247e+00 -2.930840e+00 -1.585238e+00 3.353464e+00 -1.795074e+00 -7.679438e+00 -7.313940e+00 -1.839026e+00 -1.949994e+00 -2.392227e+00 9.521849e-01 -1.418823e+00 1.313329e+00 4.847404e+00 -8.781999e-01 -1.628454e+00 -5.564666e-01 -5.879767e-01 -2.670758e+00 -4.021562e+00 4.548692e-01 -8.387377e-01 -7.536779e-01 2.532821e-01 4.120531e-01 1.006160e+00 -1.345576e+00 -1.330702e-01 -7.179442e-02 -2.555168e-01 2.768672e-01 6.871215e-01 7.131757e-01 5.803478e-01 3.999397e-01 4.118969e-01 1.420377e-01 3.153376e-01 1.826541e-01
<VARIANCE> 39
 2.511156e+01 2.561743e+01 5.190951e+01 2.382565e+01 5.113877e+01 6.242059e+01 4.146592e+01 5.430533e+01 3.945346e+01 2.775634e+01 2.292804e+01 2.244278e+01 1.535848e+01 3.750406e+00 2.809679e+00 4.536215e+00 4.180196e+00 6.663484e+00 7.318977e+00 9.342746e+00 6.663180e+00 6.639203e+00 4.078536e+00 3.668639e+00 2.543494e+00 1.336484e+00 5.177727e-01 3.917458e-01 7.879615e-01 5.561989e-01 8.347660e-01 1.113524e+00 1.136169e+00 8.778800e-01 6.622352e-01 6.847824e-01 5.446325e-01 5.515636e-01 2.897627e-01
<GCONST> 1.304353e+02
<TRANSP> 6
 0.000000e+00 1.000000e+00 0.000000e+00 0.000000e+00 0.000000e+00 0.000000e+00
 0.000000e+00 6.093177e-01 3.906823e-01 0.000000e+00 0.000000e+00 0.000000e+00
 0.000000e+00 0.000000e+00 7.296560e-01 2.703440e-01 0.000000e+00 0.000000e+00
 0.000000e+00 0.000000e+00 0.000000e+00 5.395653e-01 4.604347e-01 0.000000e+00
 0.000000e+00 0.000000e+00 0.000000e+00 0.000000e+00 4.286740e-01 5.713261e-01
 0.000000e+00 0.000000e+00 0.000000e+00 0.000000e+00 0.000000e+00 0.000000e+00
<ENDHMM>
