~o
<STREAMINFO> 1 39
<VECSIZE> 39<NULLD><MFCC_D_A_Z_0><DIAGC>
~h "uh"
<BEGINHMM>
<NUMSTATES> 6
<STATE> 2
<NUMMIXES> 4
<MIXTURE> 1 2.358630e-01
<MEAN> 39
 9.754508e+00 -1.590716e+00 -4.961731e+00 -7.526165e+00 -7.518694e-01 1.112551e+00 -1.023212e+01 -5.240057e+00 -2.466276e+00 6.270597e+00 3.752218e+00 -3.083980e+00 7.028336e+00 3.902641e-01 -1.253334e+00 -2.506365e-01 -5.579629e-01 -1.556477e-01 -4.880068e-01 -1.119237e+00 7.160313e-01 1.623415e+00 1.238790e+00 -2.538300e-01 -9.451324e-01 1.184025e+00 -5.610989e-01 8.506800e-02 4.828546e-01 6.587806e-01 -4.527353e-02 -3.657833e-01 8.330523e-01 5.480511e-01 2.287684e-01 -6.798764e-01 -4.626390e-01 3.489901e-01 -4.533877e-01
<VARIANCE> 39
 1.411686e+01 2.132462e+01 2.651270e+01 4.823888e+01 2.985609e+01 4.746344e+01 2.888995e+01 5.254800e+01 3.775963e+01 4.675756e+01 7.120998e+01 3.573547e+01 2.169000e+01 1.612436e+00 2.409199e+00 2.878721e+00 7.379366e+00 3.844538e+00 6.373729e+00 4.999030e+00 4.769578e+00 6.779738e+00 3.150119e+00 4.820961e+00 2.327250e+00 1.016491e+00 4.377275e-01 2.822272e-01 3.173510e-01 5.755009e-01 6.726689e-01 7.516727e-01 6.723471e-01 7.494485e-01 9.581487e-01 8.611777e-01 1.178271e+00 4.826725e-01 2.780188e-01
<GCONST> 1.265980e+02
<MIXTURE> 2 3.700680e-01
<MEAN> 39
 5.387598e+00 -3.895777e+00 6.991153e+00 -1.681007e+00 -8.583879e+00 -9.650560e+00 -6.098045e+00 5.124914e-01 -3.462008e+00 2.260371e-01 -4.581721e-01 1.316260e+00 7.899692e+00 2.548956e+00 -1.907621e+00 -2.349668e-01 -1.224895e+00 -1.162486e+00 -1.402757e+00 -1.546041e+00 8.508924e-01 2.222899e-01 8.655704e-01 -1.078988e-01 4.641528e-02 1.155226e+00 -1.104559e+00 1.438517e-01 -3.925207e-01 1.867303e-01 9.184141e-01 8.604148e-01 6.182498e-01 2.135652e-01 6.027268e-01 1.984928e-01 1.297838e-01 4.585373e-02 -4.052010e-01
<VARIANCE> 39
 1.278249e+01 1.973065e+01 2.575386e+01 3.454807e+01 2.917406e+01 3.595517e+01 4.575845e+01 2.837265e+01 3.869497e+01 4.374534e+01 2.972424e+01 2.072898e+01 1.146388e+01 4.227337e+00 2.701970e+00 3.203671e+00 3.273112e+00 4.549870e+00 4.550036e+00 5.033870e+00 4.557699e+00 4.762870e+00 3.330139e+00 3.495247e+00 2.676859e+00 1.075074e+00 3.912766e-01 6.121634e-01 4.083017e-01 5.695965e-01 4.806011e-01 6.414327e-01 7.083151e-01 6.763289e-01 6.402212e-01 7.312883e-01 6.483364e-01 3.822250e-01 2.932044e-01
<GCONST> 1.222594e+02
<MIXTURE> 3 2.310361e-01
<MEAN> 39
 7.657081e+00 -4.610765e+00 -2.706830e+00 -8.427412e+00 1.195423e+00 -6.231016e+00 -8.684629e+00 3.933458e+00 5.225437e+00 7.111029e+00 -8.231824e+00 -1.298273e+00 9.385010e+00 -2.284377e-01 -1.356104e+00 8.165597e-01 3.961046e-02 -8.034978e-01 -1.143065e+00 8.624420e-01 1.889382e+00 1.011149e+00 -6.630868e-01 -9.954479e-01 4.448684e-01 8.804964e-01 -2.306261e-01 5.499126e-01 2.672406e-01 5.318085e-01 -1.794842e-01 3.093038e-01 3.775286e-01 -7.556792e-01 -7.163596e-01 -6.534395e-01 6.795757e-01 2.764246e-01 -7.285721e-01
<VARIANCE> 39
 9.215088e+00 1.106428e+01 1.292899e+01 2.528730e+01 2.461161e+01 4.409211e+01 4.170185e+01 3.778251e+01 2.692825e+01 6.355086e+01 2.792379e+01 3.161085e+01 1.154487e+01 8.005469e-01 1.328171e+00 1.963380e+00 3.527137e+00 3.135826e+00 4.243110e+00 2.752480e+00 3.551418e+00 2.890898e+00 5.204713e+00 3.348191e+00 2.237334e+00 8.854043e-01 2.426735e-01 2.237314e-01 2.140115e-01 4.761273e-01 3.901238e-01 7.219868e-01 5.781233e-01 6.343012e-01 5.723950e-01 8.825619e-01 4.880825e-01 4.412669e-01 2.053461e-01
<GCONST> 1.133167e+02
<MIXTURE> 4 1.630329e-01
<MEAN> 39
 1.055481e+01 3.845704e+00 -4.349995e+00 -1.197839e+01 -7.611987e+00 6.705933e+00 1.823249e+00 -4.890256e+00 -7.285170e+00 -1.723822e+00 3.767832e+00 3.182610e+00 4.037335e+00 8.252612e-01 -7.605453e-01 -3.654569e-01 -9.956109e-01 -6.988111e-01 1.007650e+00 -1.008863e+00 -2.442777e-01 -8.483954e-02 8.611283e-02 1.302262e+00 4.396538e-01 1.063767e+00 -6.942688e-01 -3.190330e-01 4.572822e-02 8.262904e-01 7.104418e-01 -5.389632e-01 -3.328430e-01 2.480493e-01 6.739172e-01 2.978970e-01 -2.388333e-01 -4.259121e-01 -2.900668e-01
<VARIANCE> 39
 7.930896e+00 2.148455e+01 1.833261e+01 4.359751e+01 3.336361e+01 3.693293e+01 4.253850e+01 2.925522e+01 3.079846e+01 4.327932e+01 5.403058e+01 3.377495e+01 1.354046e+01 3.104530e+00 1.502561e+00 1.742158e+00 3.947906e+00 6.324565e+00 3.355077e+00 4.760211e+00 2.958277e+00 3.146497e+00 5.052786e+00 2.345943e+00 3.066337e+00 9.106246e-01 6.064730e-01 3.221682e-01 2.790350e-01 4.164807e-01 6.773791e-01 5.480623e-01 5.307202e-01 6.870293e-01 5.548262e-01 5.945024e-01 6.105646e-01 4.805418e-01 2.749361e-01
<GCONST> 1.194546e+02
<STATE> 3
<NUMMIXES> 4
<MIXTURE> 1 2.024459e-01
<MEAN> 39
 7.950692e+00 -5.277647e+00 3.283606e-01 -4.196563e+00 -5.926208e+00 -3.133684e+00 -1.007622e+01 7.087842e-01 -3.960960e-01 3.155706e+00 3.280944e-01 -1.959064e+00 8.773171e+00 -1.138345e-02 -1.122215e-01 6.412675e-01 1.071286e+00 1.117732e-01 -7.402617e-01 6.613560e-02 1.976848e-01 8.352049e-02 -6.335832e-01 -4.808610e-01 4.076359e-01 -8.896842e-01 -6.490735e-01 1.063697e+00 -3.955046e-02 7.979648e-01 9.118110e-01 8.278372e-02 8.539669e-01 -5.056322e-01 -1.550825e-01 -3.454247e-01 -1.333215e-01 2.121405e-01 -1.280816e+00
<VARIANCE> 39
 1.168437e+01 2.080774e+01 5.048391e+01 4.183884e+01 3.947528e+01 8.126845e+01 4.953359e+01 6.268523e+01 4.563067e+01 4.576459e+01 7.831170e+01 3.436237e+01 1.346774e+01 9.809916e-01 1.664889e+00 2.870583e+00 4.490237e+00 4.321388e+00 5.963271e+00 4.652602e+00 4.901365e+00 5.456027e+00 4.398592e+00 4.556547e+00 2.760018e+00 1.431366e+00 4.983960e-01 6.070610e-01 5.940749e-01 8.999736e-01 8.287109e-01 1.421823e+00 1.143623e+00 1.392559e+00 1.011591e+00 9.879789e-01 1.259904e+00 6.297894e-01 4.877639e-01
<GCONST> 1.324320e+02
<MIXTURE> 2 3.326501e-01
<MEAN> 39
 5.620726e+00 -6.199919e+00 4.998659e+00 -3.997983e+00 -6.746428e+00 -1.039859e+01 -4.124649e+00 3.667511e+00 5.674345e-01 2.538817e+00 -8.691357e-01 1.704233e+00 1.026802e+01 -4.392988e-02 -8.819745e-02 2.651294e-01 -1.176524e-01 4.393314e-02 1.194593e-01 -2.109412e-01 -4.229189e-02 1.622061e-01 -1.785360e-01 -8.525289e-03 1.504335e-01 -1.334737e-01 -2.569218e-01 6.337419e-01 2.286671e-02 5.624863e-01 3.463652e-01 4.927283e-01 -6.853293e-02 -4.888229e-01 -1.386785e-01 -2.937503e-01 -1.194401e-01 -1.596503e-01 -8.023978e-01
<VARIANCE> 39
 9.787762e+00 1.135064e+01 2.013788e+01 2.738850e+01 2.413828e+01 3.085236e+01 6.080896e+01 2.632949e+01 3.444577e+01 3.219658e+01 2.888017e+01 2.717254e+01 1.454691e+01 2.468812e-01 6.837049e-01 1.984091e+00 1.167158e+00 1.613747e+00 1.689597e+00 1.848677e+00 2.050833e+00 2.260057e+00 2.188688e+00 1.915912e+00 1.815209e+00 5.735487e-01 1.986371e-01 2.578394e-01 2.128158e-01 3.679504e-01 3.514389e-01 4.344042e-01 6.606923e-01 4.726487e-01 4.879734e-01 4.628048e-01 4.468474e-01 3.283533e-01 2.506864e-01
<GCONST> 1.033785e+02
<MIXTURE> 3 2.676077e-01
<MEAN> 39
 7.635871e+00 -6.642817e+00 6.230078e-01 -5.198500e+00 -3.172347e+00 -6.924155e+00 -4.457568e+00 5.230468e+00 2.973718e+00 4.169045e+00 -4.277120e+00 -1.353420e+00 8.319940e+00 -2.017750e-01 -7.211844e-02 1.757276e-01 5.962624e-02 -3.029698e-01 -1.457922e-01 5.968215e-01 1.871232e-01 -1.011992e-01 -5.143030e-01 3.545203e-02 3.486216e-01 7.280726e-02 -2.627010e-02 1.756738e-01 1.595247e-01 3.573513e-02 -5.034559e-02 -1.183718e-02 -6.514996e-02 -1.947441e-01 -2.388896e-01 -3.844834e-02 1.212859e-01 1.312588e-01 -1.503418e-01
<VARIANCE> 39
 4.829906e+00 7.909283e+00 2.024692e+01 3.411323e+01 3.479316e+01 4.296638e+01 4.005156e+01 2.252494e+01 2.697083e+01 3.057528e+01 2.682396e+01 3.296060e+01 9.164508e+00 1.740759e-01 3.298114e-01 8.202898e-01 6.338512e-01 9.225718e-01 1.592290e+00 1.360513e+00 1.142703e+00 1.448134e+00 1.686176e+00 1.203403e+00 1.422075e+00 1.357712e-01 2.749438e-02 4.679889e-02 9.829481e-02 1.098956e-01 1.764784e-01 1.636999e-01 1.974482e-01 1.761063e-01 1.787772e-01 1.886075e-01 2.333524e-01 2.160775e-01 2.467469e-02
<GCONST> 8.026890e+01
<MIXTURE> 4 1.972963e-01
<MEAN> 39
 9.841767e+00 6.896213e-01 -4.491875e+00 -1.099089e+01 -3.051728e+00 5.882689e+00 -3.441585e+00 -5.968140e+00 -2.374742e+00 2.344757e+00 6.282358e+00 -1.695413e-01 6.107956e+00 -2.278515e-01 -5.352953e-01 1.139193e-02 1.732206e-01 4.126037e-01 -3.284482e-01 -9.324144e-02 1.440567e-01 6.173569e-01 3.335645e-01 -8.232138e-02 -3.526945e-01 2.501451e-01 -4.950518e-02 1.386637e-01 1.370502e-01 2.552071e-01 9.614296e-02 -1.558812e-01 -8.224826e-03 1.643231e-01 -2.398977e-01 -9.936972e-02 -3.333941e-01 -2.095476e-02 -2.694526e-01
<VARIANCE> 39
 7.588285e+00 2.398699e+01 1.998039e+01 3.635960e+01 5.964812e+01 5.313860e+01 5.457431e+01 2.665236e+01 4.196714e+01 5.096478e+01 4.421331e+01 3.655425e+01 2.071292e+01 2.197242e-01 6.473215e-01 5.576456e-01 1.243588e+00 1.101720e+00 1.656549e+00 1.119089e+00 1.466032e+00 1.745477e+00 1.247465e+00 1.605024e+00 1.229112e+00 2.014377e-01 7.190248e-02 1.137493e-01 1.137676e-01 2.698895e-01 2.884832e-01 3.004839e-01 2.369574e-01 2.523739e-01 4.181491e-01 3.175527e-01 3.172616e-01 2.140628e-01 8.269840e-02
<GCONST> 9.478276e+01
<STATE> 4
<NUMMIXES> 4
<MIXTURE> 1 2.781040e-01
<MEAN> 39
 7.277500e+00 -4.197705e+00 3.799424e+00 -4.541719e-01 -4.724118e+00 -3.318822e+00 -1.195006e+01 -1.229745e+00 -1.412639e+00 -4.967993e-02 1.850444e+00 -3.162739e+00 5.794238e+00 -1.622699e+00 2.433513e+00 2.099771e-01 2.516410e+00 2.301777e+00 -1.952638e-01 1.531390e+00 -9.118702e-01 -6.392467e-02 -4.790837e-01 -1.686009e+00 4.454835e-01 -3.570831e+00 -8.699405e-01 8.093204e-01 -2.863763e-01 2.264693e-01 6.095067e-01 4.052797e-01 1.089144e+00 -9.495010e-02 1.194856e-01 1.030622e-01 -1.145030e-01 2.764683e-01 -8.898984e-01
<VARIANCE> 39
 1.268048e+01 1.976969e+01 4.709106e+01 2.963022e+01 3.920625e+01 3.904219e+01 2.632803e+01 3.548234e+01 5.389005e+01 4.450730e+01 4.648359e+01 2.951700e+01 2.153536e+01 2.478743e+00 2.670978e+00 3.922569e+00 5.200301e+00 4.126269e+00 7.492982e+00 4.953590e+00 5.959860e+00 4.023388e+00 4.423329e+00 6.037941e+00 3.102707e+00 5.236259e+00 4.200893e-01 4.522620e-01 5.309712e-01 6.250297e-01 6.486265e-01 8.845349e-01 5.764792e-01 7.463341e-01 1.151266e+00 5.734611e-01 7.734340e-01 5.421394e-01 5.066491e-01
<GCONST> 1.297519e+02
<MIXTURE> 2 3.530020e-01
<MEAN> 39
 5.629973e+00 -4.207831e+00 6.840469e+00 -4.133388e+00 -7.361374e+00 -1.230322e+01 -3.570540e+00 2.141694e+00 -1.435564e+00 4.928431e-01 -3.066859e+00 5.130249e+00 7.344372e+00 -4.189149e-01 2.435964e+00 4.515784e-01 2.846405e+00 7.306710e-01 1.470119e+00 -5.144998e-01 -1.321067e+00 1.556717e-01 -1.816697e+00 1.539419e-03 -6.163874e-01 -3.621413e+00 -4.468550e-01 8.729765e-01 -3.326054e-01 8.612652e-01 7.581449e-01 9.789157e-01 1.636042e-02 -3.837808e-01 3.560239e-02 -1.816421e-01 -3.552246e-03 -8.054383e-01 -1.245034e+00
<VARIANCE> 39
 1.040150e+01 1.679594e+01 2.946633e+01 3.068254e+01 2.524998e+01 3.163395e+01 4.711475e+01 3.115537e+01 3.151758e+01 2.281610e+01 3.665475e+01 2.005402e+01 1.470165e+01 1.398647e+00 2.026771e+00 2.677356e+00 3.799118e+00 3.610365e+00 4.462759e+00 4.707023e+00 3.282822e+00 3.407919e+00 4.262962e+00 4.410590e+00 3.175237e+00 3.993920e+00 3.677119e-01 4.559771e-01 3.113146e-01 5.521268e-01 5.701820e-01 7.159574e-01 6.819389e-01 1.014663e+00 5.995304e-01 7.138041e-01 9.277329e-01 4.576350e-01 4.923859e-01
<GCONST> 1.218421e+02
<MIXTURE> 3 1.373799e-01
<MEAN> 39
 7.841620e+00 -3.610143e+00 -2.234110e+00 -1.257666e+01 4.754860e+00 -5.735158e+00 -7.450534e+00 -5.443434e-01 2.831218e+00 6.317210e+00 -6.545445e+00 -1.635977e+00 7.545645e+00 -4.405819e-01 1.756059e+00 3.455374e-01 3.000902e+00 1.426710e-01 -1.339811e-01 -4.841817e-01 -1.336216e+00 -1.173442e+00 -7.263024e-01 9.674045e-01 -4.014865e-01 -2.984334e+00 -6.304013e-01 6.936895e-01 6.374219e-03 1.469342e+00 -1.387096e-01 6.359506e-01 3.403109e-01 -2.267008e-01 -7.390793e-02 -6.708764e-01 5.811844e-01 -2.183831e-02 -1.172499e+00
<VARIANCE> 39
 7.641886e+00 3.630362e+01 1.450059e+01 3.125352e+01 1.421691e+01 3.010648e+01 4.317208e+01 3.527299e+01 7.220312e+01 5.736191e+01 5.362236e+01 4.303491e+01 2.200303e+01 8.354513e-01 2.716284e+00 1.605766e+00 4.443496e+00 2.547885e+00 3.967070e+00 2.476111e+00 3.921136e+00 3.324824e+00 3.598834e+00 2.819916e+00 3.380526e+00 3.768288e+00 3.202761e-01 4.284259e-01 2.731947e-01 4.217084e-01 3.200102e-01 5.594701e-01 7.635499e-01 8.084800e-01 8.638655e-01 8.841891e-01 8.729105e-01 6.477499e-01 3.547788e-01
<GCONST> 1.211792e+02
<MIXTURE> 4 2.315141e-01
<MEAN> 39
 9.593597e+00 -2.633310e+00 -4.226087e+00 -6.153066e+00 -9.504102e-01 1.466151e-01 -3.857740e+00 -1.402406e+00 -2.027136e+00 2.823974e+00 1.667817e+00 -1.405257e+00 5.730875e+00 -7.461366e-02 3.336829e-01 3.021728e-02 6.471639e-01 1.551023e-01 6.548918e-02 4.778305e-01 -2.350297e-01 -1.776671e-01 -5.881173e-01 -3.729919e-01 7.761738e-02 -6.397957e-01 -1.459987e-01 1.495511e-01 3.268073e-01 3.518906e-01 -1.524255e-01 -1.918641e-01 2.840051e-02 -1.174519e-01 -1.151998e-01 -1.806653e-01 -3.372142e-02 1.160344e-01 -2.353059e-01
<VARIANCE> 39
 1.226751e+01 2.598431e+01 2.132227e+01 5.095250e+01 4.588005e+01 7.764885e+01 6.076743e+01 4.524535e+01 2.923694e+01 4.962432e+01 5.891342e+01 2.857268e+01 1.267772e+01 6.463922e-01 9.943354e-01 2.171162e+00 4.079981e+00 3.153222e+00 4.148074e+00 4.257576e+00 4.655389e+00 3.173067e+00 4.682780e+00 3.681747e+00 1.635620e+00 8.832578e-01 8.519786e-02 1.244652e-01 2.290604e-01 3.093444e-01 4.227874e-01 6.647192e-01 5.325512e-01 7.019699e-01 4.323047e-01 4.909326e-01 5.119500e-01 2.467589e-01 8.245774e-02
<GCONST> 1.138837e+02
<STATE> 5
<NUMMIXES> 4
<MIXTURE> 1 2.124248e-01
<MEAN> 39
 3.526809e+00 6.625011e+00 4.557289e+00 9.564127e+00 2.523939e+00 -2.639415e+00 -4.586887e+00 -4.114867e+00 -2.018704e+00 -2.654330e+00 -3.817791e+00 -3.403474e+00 -1.115210e+01 -2.158595e+00 2.374980e+00 -4.892536e-01 3.110640e+00 2.202729e+00 2.147531e+00 1.688621e+00 -6.441132e-01 -1.164529e-02 -1.009005e+00 -7.094304e-02 -9.702771e-01 -5.062873e+00 -2.596169e-01 -1.018393e+00 -1.785592e-01 -1.386469e+00 -5.648925e-01 2.187631e-02 1.941833e-01 5.088706e-01 1.918076e-01 4.874424e-01 5.642273e-01 4.806335e-01 1.650279e+00
<VARIANCE> 39
 2.463061e+01 2.472963e+01 3.824928e+01 3.164040e+01 4.564017e+01 4.903250e+01 4.303452e+01 3.956032e+01 3.864982e+01 3.605658e+01 3.700531e+01 2.543844e+01 2.586930e+01 3.578631e+00 4.584861e+00 4.051506e+00 5.891716e+00 4.597605e+00 6.909667e+00 8.363736e+00 6.620816e+00 6.498800e+00 5.064375e+00 7.483904e+00 4.025620e+00 4.951612e+00 4.662730e-01 6.886373e-01 5.364001e-01 7.474260e-01 8.816408e-01 9.223027e-01 1.263526e+00 1.090196e+00 7.745634e-01 8.681520e-01 9.663280e-01 4.718303e-01 8.435014e-01
<GCONST> 1.363338e+02
<MIXTURE> 2 2.976779e-01
<MEAN> 39
 6.339435e+00 -2.370662e+00 4.870811e+00 4.233197e+00 -6.381389e+00 -3.847022e+00 -4.745344e+00 -1.062514e+00 1.961947e+00 -1.913947e+00 -2.609784e+00 7.541264e-01 5.282331e-01 -6.547806e-01 2.625891e+00 3.828224e-02 2.725384e+00 1.506296e+00 1.048838e+00 7.910357e-01 -1.932660e+00 -4.124523e-01 -1.012092e+00 -8.022501e-01 -8.129109e-01 -3.945655e+00 -2.107235e-01 1.342990e-01 -2.913053e-01 -6.828309e-01 4.216580e-01 3.349049e-02 3.416324e-02 1.108544e-01 -5.032444e-01 2.976120e-01 1.854896e-01 -1.343202e-01 2.855686e-01
<VARIANCE> 39
 1.493065e+01 2.488794e+01 4.615039e+01 2.976241e+01 4.426675e+01 4.473198e+01 5.520175e+01 5.494115e+01 4.160944e+01 4.698689e+01 2.775578e+01 3.652603e+01 3.051044e+01 1.354362e+00 4.576314e+00 3.198630e+00 5.628757e+00 7.017379e+00 5.997379e+00 6.285309e+00 4.678607e+00 4.266613e+00 6.772881e+00 6.176653e+00 4.724362e+00 5.891260e+00 2.623349e-01 4.057153e-01 5.560028e-01 5.354207e-01 7.598465e-01 6.567915e-01 9.652929e-01 1.145461e+00 6.540042e-01 8.374109e-01 7.669728e-01 6.063144e-01 4.442905e-01
<GCONST> 1.324671e+02
<MIXTURE> 3 2.979906e-01
<MEAN> 39
 2.990932e-01 5.280956e+00 4.695738e-01 6.732122e-01 2.841333e+00 -5.910468e+00 -3.779461e+00 -2.372006e+00 1.396710e-01 5.013247e-01 -1.178473e+00 9.824515e-01 7.284751e-01 -4.575007e+00 2.514980e+00 2.582774e-01 2.612460e+00 2.309026e+00 1.915066e+00 2.126708e+00 4.246734e-02 5.463913e-01 -5.206633e-01 8.797581e-01 1.804595e-01 -3.411095e+00 -3.442335e-01 -7.729916e-01 -7.967298e-02 -2.678884e-01 -2.238797e-01 7.016719e-01 2.917398e-01 5.584842e-01 2.514145e-01 2.563810e-01 3.524297e-01 -1.186909e-01 1.313680e-01
<VARIANCE> 39
 4.894597e+01 2.738882e+01 4.813371e+01 4.252603e+01 4.200255e+01 8.130935e+01 3.592212e+01 3.589352e+01 4.188878e+01 4.865717e+01 5.358099e+01 2.818401e+01 4.413107e+01 3.651733e+00 4.230460e+00 3.506512e+00 7.350895e+00 4.010009e+00 7.652102e+00 7.108667e+00 5.460038e+00 4.206983e+00 4.546815e+00 7.799057e+00 5.186120e+00 9.416533e+00 7.115169e-01 4.500220e-01 6.293773e-01 6.714444e-01 6.452364e-01 1.274541e+00 8.182905e-01 7.030473e-01 8.431252e-01 9.172758e-01 9.450920e-01 5.348395e-01 3.996914e-01
<GCONST> 1.378852e+02
<MIXTURE> 4 1.919067e-01
<MEAN> 39
 9.041236e+00 2.027668e+00 -4.425109e+00 -1.661410e+01 6.084017e-01 4.823469e+00 -4.598744e+00 1.204090e+00 -3.719326e+00 -2.275523e-01 9.505169e-01 4.281414e+00 5.380676e+00 -1.752667e-02 4.080933e-01 -1.446112e-02 -8.525568e-02 2.419527e-01 -1.967262e-01 -1.268670e-01 2.587507e-01 -1.727401e-01 -4.293517e-01 -8.647624e-02 2.706884e-01 -4.197818e-01 -5.123370e-02 -7.984122e-03 2.797517e-02 4.528849e-01 -2.356243e-02 -1.834836e-01 3.970807e-03 -3.418047e-01 9.774200e-02 1.345783e-01 -2.720846e-02 -1.905023e-01 -1.102725e-01
<VARIANCE> 39
 1.199257e+01 4.022792e+01 4.409962e+01 1.149434e+02 6.069525e+01 7.287015e+01 5.716303e+01 2.892385e+01 2.404772e+01 2.661157e+01 3.607553e+01 2.679446e+01 2.124593e+01 2.455832e-01 6.383479e-01 1.390220e+00 2.520872e+00 1.949231e+00 1.720843e+00 1.353340e+00 2.851846e+00 2.074375e+00 1.371229e+00 2.347060e+00 9.548898e-01 3.724808e-01 4.659237e-02 1.396021e-01 2.339301e-01 3.917340e-01 3.075384e-01 2.157398e-01 3.435659e-01 3.902224e-01 2.799146e-01 3.756966e-01 2.728313e-01 2.114193e-01 1.680750e-01
<GCONST> 1.023743e+02
<TRANSP> 6
 0.000000e+00 1.000000e+00 0.000000e+00 0.000000e+00 0.000000e+00 0.000000e+00
 0.000000e+00 5.616837e-01 4.383163e-01 0.000000e+00 0.000000e+00 0.000000e+00
 0.000000e+00 0.000000e+00 6.700785e-01 3.299215e-01 0.000000e+00 0.000000e+00
 0.000000e+00 0.000000e+00 0.000000e+00 4.552864e-01 5.447137e-01 0.000000e+00
 0.000000e+00 0.000000e+00 0.000000e+00 0.000000e+00 4.484973e-01 5.515027e-01
 0.000000e+00 0.000000e+00 0.000000e+00 0.000000e+00 0.000000e+00 0.000000e+00
<ENDHMM>
