~o
<STREAMINFO> 1 39
<VECSIZE> 39<NULLD><MFCC_D_A_Z_0><DIAGC>
~h "uw"
<BEGINHMM>
<NUMSTATES> 6
<STATE> 2
<NUMMIXES> 4
<MIXTURE> 1 2.435420e-01
<MEAN> 39
 1.029831e+01 -1.126865e+00 -2.853446e+00 1.249175e-01 -6.742323e+00 3.203685e+00 -8.484396e+00 -7.330439e+00 -3.660038e+00 -3.240852e+00 8.172367e+00 -4.559774e-01 5.539282e+00 2.081337e-01 -3.846515e-01 3.572985e-01 -1.267994e+00 -1.553136e+00 1.332800e+00 -6.025093e-01 -3.523253e-01 -5.689895e-01 7.180616e-02 1.169287e+00 -7.694386e-01 6.416693e-01 -4.749051e-01 2.082825e-01 -3.494148e-02 -4.908624e-02 6.854808e-01 -2.158410e-01 4.075741e-01 2.438088e-01 1.402386e-01 2.202920e-01 -6.073229e-01 5.130385e-02 -3.370221e-01
<VARIANCE> 39
 1.050631e+01 2.717285e+01 3.132483e+01 5.343622e+01 4.615123e+01 6.591089e+01 4.600163e+01 3.781279e+01 6.865749e+01 5.245568e+01 5.485160e+01 4.343554e+01 1.454308e+01 1.555370e+00 1.423729e+00 2.096802e+00 4.849374e+00 3.088272e+00 3.077516e+00 4.525600e+00 2.785968e+00 3.862047e+00 3.984730e+00 4.248432e+00 2.971947e+00 5.499148e-01 4.246939e-01 3.205043e-01 3.078805e-01 6.347952e-01 4.996988e-01 6.012110e-01 5.066452e-01 6.004462e-01 7.384323e-01 4.454387e-01 5.011561e-01 5.369276e-01 8.209343e-02
<GCONST> 1.205059e+02
<MIXTURE> 2 3.286536e-01
<MEAN> 39
 3.964988e+00 -2.360092e+00 9.870187e+00 -3.888114e-01 -7.914016e+00 -9.825588e+00 -7.195881e+00 1.076288e+00 -4.877890e+00 -2.188975e+00 -2.346682e+00 1.313834e+00 6.481192e+00 2.250140e+00 -1.164856e+00 -1.029455e+00 -2.774414e-01 -2.263593e-01 -3.697070e-01 -2.575672e+00 7.450575e-01 4.253019e-01 7.781461e-01 -4.238280e-01 -3.288717e-01 4.796299e-01 -5.926228e-01 4.637862e-01 -7.134398e-01 -7.778579e-02 8.856660e-01 9.236776e-01 3.141226e-01 -4.092278e-01 3.493202e-01 5.030026e-01 2.211415e-01 -2.927116e-01 -4.074376e-01
<VARIANCE> 39
 1.619555e+01 1.946068e+01 3.854405e+01 5.974388e+01 3.708789e+01 3.335950e+01 5.333307e+01 4.074374e+01 3.497034e+01 5.765247e+01 3.472192e+01 3.525436e+01 1.010490e+01 4.143224e+00 2.218459e+00 5.017650e+00 4.009664e+00 7.201226e+00 5.422744e+00 5.457712e+00 5.813594e+00 3.962968e+00 4.503069e+00 5.265273e+00 3.897376e+00 1.265189e+00 6.409996e-01 4.242010e-01 2.957668e-01 8.803777e-01 7.166185e-01 9.376379e-01 1.055678e+00 9.984498e-01 7.232015e-01 6.933702e-01 7.595568e-01 5.577023e-01 2.783865e-01
<GCONST> 1.296683e+02
<MIXTURE> 3 2.134039e-01
<MEAN> 39
 8.200766e+00 -1.764473e+00 1.363500e+00 5.225211e-02 -9.030011e-01 -7.792438e+00 -1.353793e+01 -3.018857e+00 -1.079901e+00 2.654145e+00 -3.299616e+00 -2.591769e+00 3.920127e+00 2.112858e+00 7.842596e-01 -2.549952e+00 -2.232551e+00 1.538668e+00 2.111486e+00 -1.444849e+00 -2.594711e+00 -4.781699e-01 2.694131e+00 7.836815e-01 -7.867376e-01 -2.633652e-01 -7.868568e-01 2.761431e-01 2.342408e-01 -3.484131e-01 -2.038090e-01 1.098659e+00 1.391251e+00 -8.599278e-02 -4.256354e-01 -2.143247e-01 7.922969e-01 4.960655e-01 -1.691719e-01
<VARIANCE> 39
 1.532922e+01 1.701297e+01 2.698158e+01 4.801854e+01 3.371619e+01 3.374906e+01 3.068795e+01 4.250365e+01 3.716239e+01 5.411203e+01 4.324448e+01 4.486016e+01 1.211347e+01 2.250729e+00 1.805263e+00 2.423722e+00 3.050386e+00 5.879332e+00 4.479319e+00 4.042228e+00 3.591452e+00 7.063909e+00 4.071441e+00 4.095855e+00 2.828574e+00 9.810505e-01 5.175270e-01 3.905954e-01 3.336018e-01 7.351140e-01 8.704392e-01 7.763460e-01 6.251159e-01 1.229034e+00 8.968110e-01 8.728576e-01 5.694983e-01 7.223479e-01 1.811268e-01
<GCONST> 1.249261e+02
<MIXTURE> 4 2.144005e-01
<MEAN> 39
 7.300364e+00 -2.050626e+00 -1.396878e+00 -3.941062e+00 -4.321665e-02 -9.629719e-01 -1.377219e+01 -2.072428e+00 3.247336e+00 4.438188e+00 -8.705249e-01 -3.667740e+00 7.031712e+00 -9.167656e-02 -5.678670e-01 2.823613e-01 -1.848496e-02 -4.642132e-01 -6.469253e-01 -8.814631e-01 1.478797e+00 9.487516e-01 1.806441e-01 -7.301266e-01 5.651583e-02 6.551121e-01 -1.205020e-02 3.731788e-01 1.866044e-01 4.183144e-01 -1.144694e-01 7.420027e-02 6.437505e-01 -5.027456e-01 -8.401910e-01 -1.450850e-01 7.922082e-02 1.945779e-01 -5.057099e-01
<VARIANCE> 39
 1.270165e+01 1.466229e+01 3.404607e+01 3.697115e+01 2.764946e+01 3.540813e+01 5.440265e+01 6.418127e+01 6.352625e+01 4.639195e+01 6.938762e+01 3.332342e+01 9.793449e+00 3.856840e-01 1.014006e+00 1.663632e+00 3.365937e+00 2.200048e+00 2.441519e+00 4.322845e+00 4.027285e+00 5.110271e+00 2.634361e+00 2.028942e+00 2.081326e+00 6.024753e-01 7.764049e-02 1.404411e-01 2.443547e-01 3.231197e-01 2.623210e-01 4.901265e-01 6.612948e-01 6.979908e-01 5.730138e-01 5.137015e-01 5.039034e-01 3.137153e-01 7.872504e-02
<GCONST> 1.104674e+02
<STATE> 3
<NUMMIXES> 4
<MIXTURE> 1 1.938195e-01
<MEAN> 39
 1.058326e+01 1.471206e+00 -2.439090e+00 -5.686497e+00 -1.548595e+00 2.839970e+00 -1.100523e+01 -8.414418e+00 -6.941968e+00 4.148280e+00 3.851630e+00 -1.681672e+00 2.951469e+00 4.711399e-01 1.209406e+00 -7.868408e-01 -2.187764e+00 1.659245e-02 1.891620e+00 1.204065e+00 -5.349552e-01 -1.333315e+00 1.149013e-01 5.414240e-01 1.034743e+00 -4.661530e-01 -5.491883e-01 -8.478571e-02 2.977269e-01 5.336295e-01 -8.732310e-02 -4.952170e-01 6.688843e-01 7.504520e-01 5.060526e-01 -5.986567e-01 -3.249849e-01 2.931346e-01 -1.525277e-01
<VARIANCE> 39
 9.586082e+00 2.037747e+01 2.741837e+01 4.868752e+01 3.887906e+01 4.048070e+01 4.318048e+01 3.403486e+01 6.006025e+01 6.603754e+01 5.808167e+01 3.854643e+01 1.241922e+01 1.095438e+00 1.184763e+00 2.167197e+00 3.890548e+00 3.329488e+00 4.073295e+00 3.579290e+00 3.528006e+00 4.153733e+00 4.544333e+00 4.436481e+00 4.165452e+00 8.288122e-01 3.015166e-01 3.572456e-01 4.845109e-01 5.479567e-01 8.349282e-01 6.172426e-01 7.697613e-01 8.050369e-01 9.676483e-01 9.440639e-01 9.581383e-01 5.656311e-01 2.574513e-01
<GCONST> 1.237680e+02
<MIXTURE> 2 3.767095e-01
<MEAN> 39
 7.652148e+00 -1.245350e+00 8.800420e-01 -3.768104e+00 -5.827690e+00 2.845961e+00 -9.398315e+00 -5.159223e+00 -2.560069e+00 7.224575e-01 4.313901e+00 -2.512855e+00 6.279811e+00 9.783015e-02 1.240930e-01 -4.105228e-02 5.619420e-02 3.655832e-02 -7.581474e-02 3.471999e-01 -2.796899e-01 -4.765598e-01 -7.615890e-02 1.218997e-02 2.317026e-01 -2.607132e-01 2.305953e-02 4.490042e-02 -2.840430e-02 2.422510e-02 1.062003e-01 4.360979e-03 8.208613e-02 -1.228998e-02 -4.292407e-02 -2.224223e-02 -3.016803e-02 3.276175e-02 -8.659321e-02
<VARIANCE> 39
 1.115394e+01 2.627635e+01 2.142192e+01 4.214513e+01 3.508580e+01 4.521403e+01 4.597567e+01 4.282193e+01 7.286880e+01 3.623008e+01 6.375751e+01 3.210651e+01 8.985106e+00 1.090513e-01 3.383993e-01 4.765584e-01 6.529216e-01 5.560570e-01 7.184842e-01 9.581445e-01 1.037772e+00 1.496076e+00 1.040216e+00 9.239894e-01 9.373736e-01 1.109497e-01 1.491153e-02 5.790481e-02 5.795060e-02 7.124328e-02 9.163494e-02 1.339067e-01 1.673603e-01 1.368005e-01 2.035100e-01 1.522260e-01 1.496719e-01 1.150506e-01 2.129178e-02
<GCONST> 7.741826e+01
<MIXTURE> 3 2.317964e-01
<MEAN> 39
 8.287781e+00 -1.890421e+00 1.205292e+00 -1.325623e+00 -2.938628e+00 -1.579984e+00 -1.514274e+01 -4.307791e+00 -8.984206e-01 3.975664e+00 2.601166e-01 -4.127054e+00 5.050492e+00 5.838133e-01 8.703882e-01 -1.226175e+00 -1.030896e+00 7.056649e-01 2.141015e+00 2.332200e-01 -2.158242e+00 -9.717149e-01 1.109749e+00 1.435914e+00 -3.171953e-01 -6.810347e-01 -1.666095e-01 1.912415e-01 1.125580e-01 -7.773109e-02 -1.531215e-01 -2.499409e-02 6.710143e-01 5.556286e-02 -4.220104e-01 -4.252098e-01 1.870462e-01 4.742524e-01 -1.050364e-01
<VARIANCE> 39
 1.240511e+01 1.392187e+01 2.729565e+01 2.979650e+01 2.884837e+01 3.106982e+01 3.744412e+01 4.699347e+01 3.444993e+01 5.587116e+01 5.249545e+01 2.933526e+01 5.999225e+00 2.407498e-01 6.098285e-01 1.029821e+00 1.390404e+00 1.571274e+00 2.020701e+00 1.556565e+00 1.425561e+00 1.976699e+00 2.405780e+00 1.559306e+00 1.855085e+00 2.541709e-01 6.949245e-02 1.498471e-01 2.132979e-01 2.099566e-01 4.517350e-01 3.392426e-01 3.634962e-01 4.164056e-01 4.502197e-01 3.127843e-01 3.963688e-01 2.272402e-01 5.737063e-02
<GCONST> 9.747925e+01
<MIXTURE> 4 1.976746e-01
<MEAN> 39
 6.143053e+00 -2.609946e+00 3.126639e+00 -3.377723e+00 -4.114681e+00 -8.319379e+00 -9.848706e+00 4.436055e+00 -1.995724e+00 4.003577e+00 -7.263924e+00 2.375601e+00 7.395431e+00 3.182163e-01 2.696343e-01 -9.309754e-01 2.831320e-01 7.401391e-01 4.900690e-01 -9.923428e-01 -4.233731e-01 4.670120e-01 3.173808e-01 -5.878140e-01 -3.521923e-01 -3.470050e-01 1.969345e-02 1.808809e-01 -1.025333e-01 -1.129703e-01 1.608366e-01 3.615465e-01 4.734257e-02 -7.477359e-01 -1.168645e-01 1.911777e-02 2.874586e-01 -3.568158e-01 -2.349815e-01
<VARIANCE> 39
 6.984512e+00 1.264238e+01 2.697133e+01 2.730941e+01 3.293044e+01 3.569081e+01 5.481307e+01 4.197171e+01 4.479367e+01 4.443295e+01 4.235092e+01 2.478015e+01 1.048043e+01 2.925917e-01 4.111310e-01 1.574038e+00 1.014612e+00 1.981617e+00 1.869875e+00 2.365797e+00 2.788925e+00 4.031170e+00 1.515048e+00 1.212516e+00 2.351455e+00 2.262234e-01 5.110966e-02 7.573932e-02 1.302240e-01 1.992370e-01 2.066958e-01 2.545582e-01 4.169737e-01 3.434358e-01 4.526841e-01 3.072703e-01 3.570430e-01 2.199484e-01 5.548223e-02
<GCONST> 9.588687e+01
<STATE> 4
<NUMMIXES> 4
<MIXTURE> 1 2.791592e-01
<MEAN> 39
 9.932467e+00 3.390511e+00 -4.875310e+00 -9.183881e+00 4.567060e+00 -1.242053e+00 -1.086531e+01 -8.810534e+00 -4.492201e+00 1.015894e+01 -2.730378e+00 1.271227e+00 2.597344e+00 9.911343e-02 5.249470e-01 -1.774015e-01 -5.537677e-01 1.841797e-01 6.616617e-01 3.514129e-01 -5.453062e-01 -3.474457e-01 -4.550294e-01 5.896325e-01 4.399942e-01 -4.050058e-01 -1.400903e-01 -1.527084e-01 2.125768e-01 3.119402e-01 -2.313848e-01 -2.907379e-01 9.211279e-02 3.647720e-01 2.143381e-01 -5.083447e-01 -5.649551e-02 -6.921120e-02 -2.253536e-02
<VARIANCE> 39
 1.016855e+01 1.015890e+01 2.310733e+01 5.218897e+01 1.988123e+01 4.431354e+01 4.740549e+01 4.951392e+01 4.539615e+01 5.291603e+01 4.209521e+01 3.008021e+01 7.123976e+00 2.297404e-01 5.485425e-01 8.795006e-01 1.409515e+00 7.957733e-01 1.961049e+00 1.483826e+00 1.502431e+00 2.002586e+00 2.288984e+00 1.281825e+00 1.397133e+00 3.083557e-01 5.426775e-02 8.778188e-02 1.314017e-01 2.761851e-01 1.688588e-01 2.473989e-01 2.946429e-01 3.168772e-01 3.495423e-01 4.279360e-01 2.655849e-01 3.118884e-01 5.635745e-02
<GCONST> 9.368594e+01
<MIXTURE> 2 3.216671e-01
<MEAN> 39
 1.061123e+01 3.863210e+00 -2.287694e+00 -8.292540e+00 -6.585988e+00 8.419430e+00 -5.906854e+00 -8.083108e+00 -9.225051e+00 -2.998148e+00 7.466619e+00 1.514889e+00 2.209771e+00 1.205032e-01 2.888431e-01 -2.113167e-01 -1.056017e+00 -3.896080e-01 6.145224e-01 7.950873e-01 3.998722e-01 -9.992316e-02 3.795705e-02 -2.609146e-01 3.481390e-01 -1.801096e-01 -1.585992e-01 -2.906375e-01 4.554041e-02 4.092998e-01 2.169620e-01 -5.313272e-01 -2.088212e-01 2.501095e-01 5.792217e-01 3.240375e-01 -2.903118e-01 -2.965509e-01 1.378281e-01
<VARIANCE> 39
 8.719087e+00 2.229953e+01 2.104782e+01 4.394727e+01 2.615731e+01 2.912182e+01 3.917026e+01 4.319739e+01 5.944836e+01 7.529186e+01 3.558627e+01 2.495440e+01 1.073975e+01 1.741469e-01 9.146010e-01 8.389753e-01 1.710479e+00 1.492922e+00 1.396807e+00 2.466747e+00 2.071537e+00 2.989492e+00 1.931003e+00 3.093742e+00 1.671258e+00 4.569226e-01 4.900535e-02 1.923405e-01 1.702510e-01 2.701284e-01 2.843277e-01 3.732676e-01 3.733680e-01 4.807154e-01 5.812056e-01 3.129355e-01 5.643776e-01 2.762127e-01 7.980833e-02
<GCONST> 1.011233e+02
<MIXTURE> 3 1.993756e-01
<MEAN> 39
 8.689153e+00 1.769498e+00 -1.824266e+00 1.982589e+00 -2.685488e+00 5.086192e-01 -7.103478e+00 -6.393363e+00 -4.404214e+00 -9.063019e-01 3.144496e+00 -3.040337e+00 1.526601e+00 -1.386433e-01 -1.664139e-01 4.427861e-01 8.679003e-01 5.151740e-02 -3.719904e-01 -9.755090e-02 3.356268e-01 2.334052e-01 -3.102897e-01 -5.495188e-01 -3.025289e-01 -4.009347e-01 -1.654120e-01 -4.871474e-02 2.496444e-01 1.315931e-01 1.835290e-03 -1.313985e-01 2.682770e-02 1.341817e-01 6.933164e-02 -9.596206e-02 -1.591231e-01 1.035344e-01 -9.608618e-04
<VARIANCE> 39
 9.390154e+00 3.615509e+01 2.838581e+01 2.633801e+01 2.470246e+01 3.173559e+01 4.122325e+01 4.485215e+01 4.629721e+01 4.199863e+01 5.569628e+01 3.086021e+01 2.391840e+01 1.706554e-01 4.160641e-01 7.192546e-01 6.690229e-01 1.130548e+00 1.718321e+00 2.349885e+00 1.792216e+00 2.034885e+00 1.404857e+00 1.109636e+00 1.364781e+00 1.606672e-01 4.048052e-02 1.058283e-01 1.098796e-01 1.496791e-01 2.413597e-01 2.569398e-01 3.412083e-01 2.304568e-01 3.192223e-01 2.895272e-01 3.078484e-01 2.317117e-01 2.771787e-02
<GCONST> 9.137610e+01
<MIXTURE> 4 1.997980e-01
<MEAN> 39
 8.866840e+00 7.625748e-01 -9.197492e-01 -4.528224e+00 -1.075243e+00 6.458251e-01 -1.412790e+01 -4.885048e+00 -5.419966e+00 4.325968e+00 -2.717189e+00 -1.960758e+00 2.840802e+00 -3.259043e-01 9.136739e-01 -3.921132e-01 9.151633e-01 1.736892e-01 2.861694e-01 1.831979e+00 -8.067163e-01 -1.318668e-02 -1.138629e+00 5.963745e-01 1.279715e-01 -1.410905e+00 -5.580454e-01 1.116213e-01 1.408028e-01 6.968049e-01 3.846149e-03 -3.263300e-01 8.656104e-01 2.180060e-01 3.382317e-01 -4.340243e-01 2.815968e-02 5.812871e-02 -3.600768e-01
<VARIANCE> 39
 1.234901e+01 2.117681e+01 2.196389e+01 3.288983e+01 4.202925e+01 7.944766e+01 4.372877e+01 6.842692e+01 7.122349e+01 4.642177e+01 8.284467e+01 4.380061e+01 1.548161e+01 1.129018e+00 1.532282e+00 1.853587e+00 3.479956e+00 4.462275e+00 5.250279e+00 4.726415e+00 6.093257e+00 6.875341e+00 5.612343e+00 5.184969e+00 4.246225e+00 1.549610e+00 2.609144e-01 2.496113e-01 3.012759e-01 4.818754e-01 6.521913e-01 9.352477e-01 6.140602e-01 1.102280e+00 9.870767e-01 7.070867e-01 9.363796e-01 6.875443e-01 3.409316e-01
<GCONST> 1.276707e+02
<STATE> 5
<NUMMIXES> 4
<MIXTURE> 1 1.500593e-01
<MEAN> 39
 -1.882312e+00 4.874942e+00 3.981580e+00 6.430901e+00 3.132981e+00 -4.930275e+00 -4.379697e+00 -3.153731e+00 -1.262518e+00 -2.386522e+00 -2.652467e+00 -8.359900e-01 -1.277241e+00 -4.445317e+00 2.692484e-01 -2.338435e-01 5.133241e-01 1.815946e+00 7.745800e-01 2.944013e+00 2.550163e+00 1.282312e+00 1.585504e-01 3.565168e-01 5.967913e-01 -1.314507e+00 6.597986e-03 -5.452194e-01 -3.864107e-01 -6.475893e-01 -3.018610e-01 5.687805e-01 -6.251836e-02 9.222022e-02 7.027423e-02 4.534543e-01 3.301499e-01 1.908175e-01 2.857089e-01
<VARIANCE> 39
 4.168321e+01 2.723771e+01 3.607622e+01 3.567518e+01 4.113139e+01 4.620461e+01 3.741626e+01 3.680466e+01 3.709769e+01 3.949199e+01 3.755540e+01 2.716914e+01 6.153430e+01 3.672535e+00 4.641275e+00 3.163826e+00 5.787436e+00 5.271884e+00 6.922276e+00 5.710024e+00 5.613766e+00 2.918327e+00 4.873351e+00 6.384619e+00 2.227149e+00 7.174443e+00 7.060787e-01 6.062253e-01 4.793562e-01 5.954456e-01 6.996403e-01 7.152489e-01 8.593240e-01 8.616157e-01 8.805673e-01 8.150490e-01 6.782430e-01 4.239074e-01 7.930799e-01
<GCONST> 1.341694e+02
<MIXTURE> 2 3.481947e-01
<MEAN> 39
 1.075000e+01 2.250552e+00 -4.652666e+00 -1.097889e+01 -2.313679e+00 5.203775e+00 -6.404395e+00 -5.043628e+00 -6.461420e+00 3.463272e+00 4.423325e+00 8.213425e-01 2.473613e+00 -2.241410e-01 -7.617799e-01 -3.992966e-01 -9.460657e-02 5.556535e-01 -2.337286e-01 2.109623e-01 6.153851e-01 1.362361e+00 6.616486e-01 -2.238733e-01 -7.873939e-01 4.149888e-01 -1.823570e-01 -3.618375e-01 2.438848e-01 4.864588e-01 4.213501e-02 -4.270017e-01 -1.398782e-01 2.644525e-01 4.511666e-01 -9.926494e-02 -4.558555e-01 -3.060174e-01 1.601110e-01
<VARIANCE> 39
 8.754766e+00 2.721762e+01 2.031092e+01 5.373516e+01 4.693670e+01 4.721074e+01 4.342312e+01 4.888688e+01 5.460498e+01 5.098056e+01 5.301787e+01 3.633973e+01 1.158050e+01 4.540419e-01 2.509613e+00 1.138554e+00 2.567711e+00 2.097659e+00 3.566360e+00 4.173712e+00 3.182163e+00 3.603900e+00 4.661101e+00 3.472203e+00 3.116649e+00 1.297666e+00 8.103691e-02 2.180451e-01 1.889689e-01 2.292144e-01 3.102026e-01 5.748734e-01 4.711622e-01 6.666223e-01 5.461020e-01 7.493342e-01 6.153053e-01 4.526961e-01 1.053551e-01
<GCONST> 1.142402e+02
<MIXTURE> 3 1.562406e-01
<MEAN> 39
 8.756186e+00 -4.242806e+00 -2.717529e+00 -5.763686e+00 4.685700e-02 -3.017371e+00 -9.302920e+00 -1.086437e+00 1.927614e+00 7.249723e+00 -2.819884e+00 -3.700108e+00 6.923454e+00 -7.039462e-01 -1.142260e+00 1.005260e+00 5.683159e-01 -5.428303e-01 -1.447442e+00 1.094799e+00 2.181767e+00 1.116939e+00 -1.527885e+00 -1.099598e+00 3.211183e-02 8.146598e-01 -1.119110e-01 2.554851e-01 3.747857e-01 -3.479476e-02 -3.222167e-01 1.816312e-01 5.569824e-01 -8.944387e-02 -7.823323e-01 -5.239517e-01 2.731551e-01 4.765611e-01 -1.797253e-01
<VARIANCE> 39
 8.225976e+00 1.396740e+01 3.094902e+01 4.209137e+01 3.588591e+01 5.306339e+01 4.709384e+01 3.526198e+01 3.694043e+01 6.906709e+01 1.044817e+02 3.229379e+01 1.233829e+01 2.797875e-01 1.512434e+00 1.505026e+00 1.896701e+00 2.744886e+00 4.898096e+00 4.146615e+00 3.426136e+00 4.946324e+00 3.970484e+00 4.880896e+00 3.132947e+00 5.635871e-01 5.801593e-02 1.834811e-01 2.019625e-01 2.878006e-01 4.069242e-01 4.766400e-01 7.020220e-01 4.835410e-01 3.451718e-01 7.000917e-01 8.666438e-01 3.922583e-01 7.659937e-02
<GCONST> 1.124371e+02
<MIXTURE> 4 3.455054e-01
<MEAN> 39
 7.467440e+00 1.919369e+00 5.380046e-01 1.424549e+00 -3.342854e+00 -3.524979e-01 -6.659007e+00 -9.607163e+00 -3.501264e+00 -9.830935e-01 2.452362e-01 -2.031287e+00 8.808686e-01 -1.735539e+00 8.070742e-01 8.074407e-01 1.597617e+00 7.548229e-01 -9.040389e-01 1.834469e+00 4.356399e-01 5.098193e-01 -4.457203e-01 -8.762634e-01 -2.125460e-01 -1.439667e+00 -6.121679e-01 8.795039e-02 7.956833e-02 -6.883340e-02 3.814939e-01 9.016959e-02 8.341189e-02 5.818526e-01 5.340042e-02 1.534932e-01 -1.994423e-02 7.494581e-02 -7.396707e-02
<VARIANCE> 39
 1.518610e+01 2.507365e+01 2.628158e+01 4.819498e+01 4.193187e+01 4.911843e+01 5.554013e+01 5.516901e+01 4.666357e+01 4.525816e+01 5.716542e+01 3.687940e+01 3.137224e+01 1.928262e+00 2.610801e+00 1.882779e+00 4.312004e+00 4.255895e+00 4.335327e+00 5.337963e+00 7.561509e+00 4.916118e+00 5.851016e+00 6.566703e+00 3.204723e+00 2.839716e+00 4.011185e-01 3.892632e-01 2.710652e-01 7.775594e-01 5.406278e-01 7.163293e-01 8.902133e-01 9.140666e-01 6.369338e-01 6.265236e-01 8.579817e-01 4.962114e-01 3.568832e-01
<GCONST> 1.295774e+02
<TRANSP> 6
 0.000000e+00 1.000000e+00 0.000000e+00 0.000000e+00 0.000000e+00 0.000000e+00
 0.000000e+00 6.220863e-01 3.779136e-01 0.000000e+00 0.000000e+00 0.000000e+00
 0.000000e+00 0.000000e+00 7.094399e-01 2.905601e-01 0.000000e+00 0.000000e+00
 0.000000e+00 0.000000e+00 0.000000e+00 6.620727e-01 3.379273e-01 0.000000e+00
 0.000000e+00 0.000000e+00 0.000000e+00 0.000000e+00 6.320174e-01 3.679826e-01
 0.000000e+00 0.000000e+00 0.000000e+00 0.000000e+00 0.000000e+00 0.000000e+00
<ENDHMM>
