~o
<STREAMINFO> 1 39
<VECSIZE> 39<NULLD><MFCC_D_A_Z_0><DIAGC>
~h "ux"
<BEGINHMM>
<NUMSTATES> 6
<STATE> 2
<NUMMIXES> 4
<MIXTURE> 1 2.776486e-01
<MEAN> 39
 1.878447e+00 -4.456336e-01 1.527586e+01 -4.234233e+00 -1.293787e+01 -4.969608e+00 -1.957209e+00 -5.016004e+00 -9.752419e+00 5.084795e+00 -1.603678e+00 -1.462996e+00 5.707791e+00 4.430428e-01 -4.997489e-01 -6.251974e-01 9.590765e-01 -1.186340e-01 -1.082237e+00 2.937545e-01 7.550817e-01 -4.816939e-01 -9.744273e-03 3.720731e-01 1.920682e-01 4.185841e-02 2.119150e-02 1.768196e-01 -3.157408e-01 1.357430e-01 4.087753e-01 -1.413017e-01 -2.485167e-01 1.138498e-01 1.979951e-01 -4.392774e-01 -6.337275e-02 1.652303e-01 -1.667301e-01
<VARIANCE> 39
 7.882529e+00 1.485904e+01 2.520614e+01 4.082462e+01 2.110991e+01 4.539545e+01 3.045023e+01 4.130298e+01 3.982984e+01 5.787593e+01 4.317692e+01 2.542603e+01 1.170290e+01 2.322929e-01 5.289215e-01 9.618782e-01 1.001413e+00 1.155109e+00 1.778082e+00 1.409296e+00 1.767562e+00 1.305566e+00 1.757716e+00 1.275277e+00 1.065908e+00 2.923725e-01 5.227096e-02 1.093511e-01 1.557043e-01 1.809530e-01 2.635159e-01 2.898661e-01 2.857502e-01 2.901921e-01 3.159112e-01 3.242930e-01 2.704986e-01 1.992610e-01 4.029100e-02
<GCONST> 9.178279e+01
<MIXTURE> 2 2.375814e-01
<MEAN> 39
 2.142050e+00 2.977925e-01 8.325209e+00 -1.665958e+00 -6.853012e+00 -1.005984e+01 -4.150232e+00 -3.697384e+00 -4.672871e+00 4.168679e-02 -2.852528e+00 9.696323e-01 6.298056e+00 3.457576e+00 -2.486878e+00 1.786472e+00 -1.120663e+00 -2.549858e+00 -1.659705e+00 -2.008989e+00 3.236858e-01 -1.434362e+00 8.262849e-01 -2.399949e-01 -4.698540e-02 1.115799e+00 -1.258088e+00 1.121694e-01 -5.763388e-01 2.374645e-01 7.498857e-01 9.916855e-01 6.064239e-01 6.706189e-01 5.413033e-01 2.307055e-01 5.502616e-01 9.747586e-02 -2.668438e-01
<VARIANCE> 39
 1.321635e+01 1.825238e+01 3.369593e+01 3.354288e+01 3.952943e+01 3.472243e+01 3.382893e+01 3.857563e+01 4.475442e+01 3.241800e+01 2.010803e+01 2.869918e+01 1.012085e+01 3.710058e+00 2.866884e+00 4.186516e+00 5.753636e+00 4.597387e+00 4.858166e+00 6.068151e+00 5.701120e+00 4.894168e+00 6.518936e+00 4.515162e+00 3.381197e+00 1.206964e+00 3.410933e-01 4.132054e-01 3.465427e-01 5.798018e-01 6.297672e-01 6.437442e-01 5.796670e-01 5.907915e-01 6.000316e-01 4.627344e-01 4.207861e-01 4.139930e-01 2.384960e-01
<GCONST> 1.231154e+02
<MIXTURE> 3 1.950209e-01
<MEAN> 39
 4.766006e+00 -4.869403e+00 1.150708e+01 3.443306e+00 -1.045168e+01 -4.344618e+00 -1.106971e+01 1.919206e+00 -4.268087e+00 -6.992924e+00 4.176408e+00 -2.155685e+00 7.975843e+00 1.471115e+00 -1.548396e+00 6.307677e-01 4.432196e-01 -2.081290e+00 2.673392e-01 -2.196025e+00 5.761853e-01 -3.702321e-01 -1.108702e+00 1.467543e+00 -6.481053e-01 6.601946e-01 -1.082431e+00 6.863746e-01 -7.945945e-01 -1.871322e-01 1.138776e+00 1.074631e-01 1.052512e+00 -1.919661e-01 2.970881e-01 6.005890e-01 -4.464261e-01 2.474253e-01 -5.057109e-01
<VARIANCE> 39
 1.064506e+01 1.193068e+01 2.591201e+01 1.948020e+01 2.773817e+01 2.364404e+01 3.620503e+01 3.354364e+01 4.068001e+01 3.026465e+01 2.073601e+01 2.198071e+01 8.906995e+00 2.316077e+00 2.053948e+00 2.327893e+00 1.729476e+00 3.870315e+00 2.340311e+00 4.023194e+00 3.437317e+00 2.517411e+00 2.463656e+00 2.180106e+00 2.136173e+00 1.078540e+00 4.624633e-01 3.471466e-01 3.798355e-01 3.420417e-01 4.768537e-01 4.355220e-01 6.415825e-01 6.785884e-01 5.877736e-01 3.999587e-01 3.965311e-01 3.826045e-01 1.842308e-01
<GCONST> 1.116813e+02
<MIXTURE> 4 2.897491e-01
<MEAN> 39
 3.709716e+00 -3.038750e+00 9.047388e+00 -4.605425e+00 -7.610925e+00 -9.464083e+00 -4.628463e+00 4.444777e-01 -5.754119e+00 3.291943e+00 -2.263690e+00 1.145126e+00 7.661089e+00 9.852120e-02 -6.872581e-01 8.696064e-01 -3.655964e-01 -5.809865e-01 -9.067723e-02 1.298732e-01 1.016917e+00 -6.730494e-01 9.373786e-01 1.372785e-01 1.247028e-01 3.589459e-01 -3.945938e-01 5.783811e-01 -4.959918e-01 5.910981e-01 4.996242e-01 4.217690e-01 2.484443e-01 -3.128481e-01 2.442086e-01 -3.160811e-01 1.506193e-01 -1.108880e-01 -4.717670e-01
<VARIANCE> 39
 1.651807e+01 1.720333e+01 4.743769e+01 3.838586e+01 3.293357e+01 5.355132e+01 5.746959e+01 5.322665e+01 5.904109e+01 4.682969e+01 3.110794e+01 3.135097e+01 1.005028e+01 4.799844e-01 9.864030e-01 1.799686e+00 1.783604e+00 2.223654e+00 2.622152e+00 2.590240e+00 2.671098e+00 2.743408e+00 2.978247e+00 2.489451e+00 2.030961e+00 5.360609e-01 3.435527e-01 2.313335e-01 3.970188e-01 3.890650e-01 4.669206e-01 6.187130e-01 6.280783e-01 6.092781e-01 6.767338e-01 6.273137e-01 4.841472e-01 4.094739e-01 1.104755e-01
<GCONST> 1.133830e+02
<STATE> 3
<NUMMIXES> 4
<MIXTURE> 1 1.505630e-01
<MEAN> 39
 4.578651e+00 -2.711269e+00 1.100500e+01 2.018987e+00 -1.055596e+01 -8.934350e+00 -5.323456e+00 1.102175e+00 -9.079634e+00 -1.904728e+00 8.886519e-01 1.283201e-01 5.651182e+00 6.691170e-01 1.445690e-02 -1.581566e+00 7.423049e-01 1.318159e+00 -5.752086e-01 -1.103579e+00 3.434516e-01 1.099476e+00 -3.957128e-01 -4.958107e-01 2.832229e-01 -5.106746e-01 -4.417996e-01 5.896474e-01 -4.666260e-01 -4.921833e-02 8.732232e-01 6.674168e-01 2.703651e-01 -6.053417e-01 5.935303e-01 2.249200e-01 -2.657787e-01 -1.783198e-01 -5.419295e-01
<VARIANCE> 39
 1.240931e+01 2.011827e+01 3.361710e+01 5.137070e+01 3.133301e+01 4.567548e+01 4.425087e+01 5.370116e+01 4.660755e+01 6.991499e+01 4.031167e+01 2.965574e+01 1.382032e+01 9.190428e-01 1.162946e+00 2.640887e+00 2.088861e+00 3.193338e+00 3.145535e+00 3.601002e+00 3.846972e+00 2.967408e+00 3.307500e+00 2.516765e+00 2.379165e+00 7.651732e-01 4.767961e-01 3.026724e-01 4.053058e-01 6.632620e-01 6.081200e-01 8.121978e-01 1.095566e+00 1.001429e+00 7.566284e-01 8.623435e-01 6.454437e-01 5.228131e-01 2.953635e-01
<GCONST> 1.214131e+02
<MIXTURE> 2 2.980124e-01
<MEAN> 39
 4.031383e+00 -2.783867e+00 1.042907e+01 -2.639659e+00 -8.406147e+00 -9.491572e+00 -3.444566e+00 1.838588e-01 -7.463358e+00 3.031139e+00 -1.361082e+00 1.260637e+00 6.318358e+00 1.396180e-01 4.028612e-02 5.358903e-02 3.615733e-01 9.600300e-02 -1.132877e-01 -1.542191e-01 8.794488e-02 -3.278881e-01 -1.399242e-01 2.723401e-02 9.428667e-02 -3.197923e-01 9.627469e-03 3.836275e-02 -6.345735e-02 2.499754e-02 5.184994e-02 3.562175e-02 -1.051592e-01 -3.930180e-02 1.024895e-01 -9.998147e-02 -3.067073e-02 7.048079e-04 -6.490677e-02
<VARIANCE> 39
 8.516627e+00 9.509126e+00 3.127370e+01 3.128885e+01 2.045803e+01 3.603368e+01 3.306377e+01 3.422871e+01 4.834033e+01 4.179282e+01 2.854767e+01 2.534839e+01 1.229406e+01 1.096380e-01 1.915290e-01 4.082485e-01 4.141822e-01 5.828839e-01 5.793572e-01 7.427787e-01 8.734670e-01 9.410332e-01 7.529286e-01 6.739479e-01 6.956434e-01 9.686033e-02 1.446705e-02 3.073130e-02 4.858670e-02 6.589641e-02 8.062524e-02 9.758208e-02 1.032454e-01 1.162529e-01 1.217847e-01 1.128992e-01 1.040141e-01 9.617063e-02 1.110168e-02
<GCONST> 6.657848e+01
<MIXTURE> 3 2.771444e-01
<MEAN> 39
 5.353164e+00 -2.227986e+00 7.902997e+00 -7.748778e-01 -6.474576e+00 -1.222212e+01 -5.348937e+00 1.997405e+00 -7.082510e+00 3.175864e+00 -3.292340e+00 2.733070e+00 4.902288e+00 1.576438e-01 1.587718e-01 -2.412148e-01 2.060767e-01 4.028552e-01 1.377136e-01 -5.943970e-01 -2.390982e-02 1.685726e-01 -2.585826e-01 -3.086668e-01 -5.877841e-04 -4.689137e-01 -1.086555e-01 8.109649e-02 7.150233e-02 -4.409812e-04 -9.681019e-02 3.701022e-01 -3.252083e-02 -2.991697e-01 1.384286e-01 -1.180230e-01 1.273254e-01 -1.921486e-01 -1.366834e-01
<VARIANCE> 39
 9.771262e+00 1.167705e+01 2.499231e+01 3.093097e+01 2.405150e+01 2.273534e+01 3.825852e+01 3.969762e+01 3.447246e+01 3.601564e+01 3.347656e+01 2.796048e+01 1.219972e+01 2.800200e-01 6.076381e-01 1.166979e+00 8.783877e-01 1.557533e+00 1.437194e+00 1.768341e+00 1.626113e+00 1.870714e+00 1.753157e+00 1.593207e+00 1.172513e+00 2.668552e-01 6.640660e-02 1.137725e-01 1.849854e-01 1.891783e-01 3.054537e-01 2.635612e-01 2.972237e-01 3.128767e-01 3.445352e-01 3.194983e-01 3.028690e-01 2.427723e-01 6.512839e-02
<GCONST> 9.308808e+01
<MIXTURE> 4 2.742801e-01
<MEAN> 39
 5.553568e+00 -4.723389e+00 9.890145e+00 4.534620e+00 -1.034733e+01 -4.819165e+00 -1.153935e+01 1.463185e+00 -4.077716e+00 -6.612316e+00 4.419857e+00 -1.865705e+00 6.786552e+00 1.452980e-01 1.576851e-01 -1.865916e-01 2.122931e-01 3.869978e-01 5.520236e-02 -8.923179e-02 -1.805677e-01 -7.690039e-02 6.815061e-03 -9.893595e-02 -2.281518e-01 -3.957456e-01 -1.005148e-01 2.223876e-01 -6.694710e-02 -7.552224e-02 3.363215e-01 -2.960975e-02 2.363173e-01 -1.755457e-01 8.415859e-03 2.313076e-01 -3.081475e-01 2.645642e-02 -1.673664e-01
<VARIANCE> 39
 9.879072e+00 9.617447e+00 3.108611e+01 2.116948e+01 2.806713e+01 2.292161e+01 3.358081e+01 3.627306e+01 4.223868e+01 2.982924e+01 2.483151e+01 2.478336e+01 9.033450e+00 2.138025e-01 3.530594e-01 7.509788e-01 6.536587e-01 9.615845e-01 9.162877e-01 1.071784e+00 1.084790e+00 1.394758e+00 9.797905e-01 9.665548e-01 8.840992e-01 1.865986e-01 5.251212e-02 9.499713e-02 1.332787e-01 1.260582e-01 2.599488e-01 1.860391e-01 2.437813e-01 2.496347e-01 2.169299e-01 1.785026e-01 1.882267e-01 1.733904e-01 4.745944e-02
<GCONST> 8.232256e+01
<STATE> 4
<NUMMIXES> 4
<MIXTURE> 1 3.582002e-01
<MEAN> 39
 5.654037e+00 -3.279195e+00 1.041936e+01 5.220628e+00 -8.456168e+00 -4.455161e+00 -1.021064e+01 -3.394002e-01 -4.892055e+00 -6.811988e+00 2.002620e+00 -2.073766e+00 3.779977e+00 -7.481827e-01 1.170758e+00 -4.402005e-01 7.319893e-01 1.157870e+00 -2.816734e-01 1.716959e+00 -1.069246e+00 5.653778e-01 5.187643e-01 -1.487182e+00 5.275231e-01 -1.532526e+00 -6.531379e-01 6.162906e-01 -3.011030e-01 -1.631111e-02 6.716132e-01 2.937202e-02 7.460034e-01 -1.255036e-01 8.232884e-02 4.217844e-01 -3.036844e-01 1.345869e-01 -5.019503e-01
<VARIANCE> 39
 1.011142e+01 1.656780e+01 2.872414e+01 3.000286e+01 3.528263e+01 2.766695e+01 4.027934e+01 3.664527e+01 3.773314e+01 3.211992e+01 2.598834e+01 2.790000e+01 1.549090e+01 1.250101e+00 1.902297e+00 2.491107e+00 2.790885e+00 4.898714e+00 3.791466e+00 4.213368e+00 3.816272e+00 3.574131e+00 3.514332e+00 2.829612e+00 2.489846e+00 2.225135e+00 3.030234e-01 2.999025e-01 2.966335e-01 4.007641e-01 4.383565e-01 5.821236e-01 5.993403e-01 5.980203e-01 5.943850e-01 4.511450e-01 4.241889e-01 3.745529e-01 3.957269e-01
<GCONST> 1.169495e+02
<MIXTURE> 2 2.395366e-01
<MEAN> 39
 3.962446e+00 -1.507926e+00 1.189551e+01 -3.202089e+00 -8.567694e+00 -1.130414e+01 -4.843889e+00 -1.479513e+00 -1.105495e+01 5.253856e+00 -3.691855e+00 2.354624e+00 3.764565e+00 -3.312560e-01 8.072650e-01 -2.136960e-01 1.243302e+00 -3.072767e-02 1.333994e+00 -4.239955e-01 -5.894696e-01 1.423144e+00 -1.900097e+00 9.194566e-01 -2.577000e-01 -1.562611e+00 -4.967772e-01 5.969828e-01 -4.513482e-01 7.431222e-01 4.529184e-01 8.071846e-01 3.458058e-01 -2.886145e-01 8.513755e-01 -5.816086e-01 2.179164e-01 -2.479661e-01 -7.727601e-01
<VARIANCE> 39
 9.062898e+00 1.760456e+01 2.527329e+01 2.592048e+01 2.566379e+01 3.766220e+01 3.798143e+01 4.795638e+01 3.803764e+01 2.897982e+01 3.814351e+01 3.433695e+01 1.016608e+01 1.002795e+00 1.738786e+00 3.116995e+00 2.787616e+00 4.110425e+00 4.069565e+00 3.330940e+00 3.364708e+00 3.371943e+00 3.382028e+00 3.007606e+00 2.075382e+00 1.716866e+00 3.024844e-01 3.221195e-01 3.315393e-01 3.671993e-01 6.522791e-01 5.601590e-01 5.123377e-01 7.417104e-01 5.004280e-01 4.843795e-01 5.873954e-01 4.420095e-01 4.411612e-01
<GCONST> 1.168819e+02
<MIXTURE> 3 1.657787e-01
<MEAN> 39
 7.367486e+00 -3.054818e+00 3.603834e+00 2.996779e+00 -3.932678e+00 -8.952903e+00 -1.207886e+01 1.856486e+00 -2.458171e+00 -7.768237e-02 -3.485590e+00 -6.357854e-01 4.779793e+00 8.636722e-01 8.748177e-01 -2.269001e+00 -4.887328e-01 2.068829e+00 1.996253e+00 -1.226111e+00 -2.399215e+00 9.261051e-01 1.545238e+00 -2.810901e-01 -1.380784e+00 -1.055095e+00 -2.087352e-01 3.527694e-01 2.171094e-01 -2.758717e-01 -2.102455e-01 6.187859e-01 9.265736e-01 -6.497852e-01 -6.497708e-01 1.368059e-01 5.664843e-01 -4.699722e-02 -2.663978e-01
<VARIANCE> 39
 1.139328e+01 1.449536e+01 2.582553e+01 3.910537e+01 2.758712e+01 3.406478e+01 3.926609e+01 4.234264e+01 3.692373e+01 6.843668e+01 4.332467e+01 3.260030e+01 1.606744e+01 4.782237e-01 9.252673e-01 1.606845e+00 1.904402e+00 1.748960e+00 2.693603e+00 3.319925e+00 2.582921e+00 3.727294e+00 2.416860e+00 3.045437e+00 1.801042e+00 5.722444e-01 1.187801e-01 2.091944e-01 2.848643e-01 3.675733e-01 4.110828e-01 5.738851e-01 5.900859e-01 7.169777e-01 5.216252e-01 6.613302e-01 4.046398e-01 4.454268e-01 1.940011e-01
<GCONST> 1.104982e+02
<MIXTURE> 4 2.364845e-01
<MEAN> 39
 7.803833e+00 -1.386749e+00 3.532762e+00 4.852523e-01 -2.085366e+00 -3.296087e+00 -1.353087e+01 -2.857854e+00 -2.995196e+00 1.524686e+00 1.515860e+00 -4.963107e+00 3.668592e+00 2.677127e-02 2.602870e-01 -2.499214e-01 -1.481167e-01 1.542402e-01 6.400676e-01 2.645106e-01 -6.122842e-01 -3.006642e-01 2.615642e-01 1.580200e-01 -2.000429e-01 -4.021368e-01 -1.375104e-01 -1.167881e-01 1.946316e-01 1.825861e-01 -3.092061e-01 -1.837723e-01 4.027557e-01 1.443900e-01 -6.203304e-03 -2.700982e-01 -8.464702e-02 2.956633e-01 -1.118282e-02
<VARIANCE> 39
 8.663599e+00 1.471226e+01 3.361390e+01 2.966073e+01 2.360252e+01 3.394785e+01 3.188651e+01 3.351323e+01 2.663491e+01 4.689454e+01 4.005346e+01 2.493320e+01 1.266760e+01 3.098041e-01 6.574603e-01 1.262022e+00 1.623249e+00 1.431697e+00 1.959368e+00 1.512210e+00 2.061830e+00 1.660761e+00 1.983476e+00 1.666086e+00 1.258035e+00 3.492420e-01 5.452738e-02 9.752899e-02 1.714643e-01 2.243986e-01 2.181500e-01 2.844559e-01 3.058555e-01 3.295374e-01 2.513011e-01 2.407972e-01 2.529603e-01 2.160581e-01 5.231350e-02
<GCONST> 9.360950e+01
<STATE> 5
<NUMMIXES> 4
<MIXTURE> 1 2.209580e-01
<MEAN> 39
 -3.469087e+00 6.665552e+00 6.899964e+00 2.978572e+00 -2.952912e-02 -8.406625e+00 -1.974592e+00 -2.189764e+00 -2.874969e+00 -3.941275e+00 -1.168893e+00 1.544315e+00 3.407826e+00 -4.449488e+00 1.928448e+00 -1.975129e+00 5.648217e-02 3.118969e+00 1.376920e+00 2.180072e+00 8.747650e-01 1.594063e+00 2.348374e-01 3.313479e-01 1.843946e-01 -8.791932e-02 -3.001851e-01 -5.571701e-01 -1.672646e-01 -2.069695e-01 -1.813668e-01 5.842752e-01 1.008838e-01 4.494860e-01 -5.040824e-02 3.867725e-01 2.726128e-01 -5.634792e-02 4.568639e-02
<VARIANCE> 39
 3.956910e+01 2.762510e+01 2.876141e+01 2.381964e+01 5.138345e+01 3.936176e+01 3.793477e+01 3.681205e+01 3.337809e+01 2.951371e+01 2.539480e+01 1.983442e+01 1.315745e+01 2.477412e+00 3.999067e+00 2.807916e+00 4.365695e+00 3.328066e+00 5.393701e+00 3.773083e+00 4.445795e+00 3.319690e+00 4.917073e+00 4.201264e+00 3.209194e+00 9.013302e-01 7.188982e-01 3.922198e-01 3.643670e-01 3.654043e-01 6.473369e-01 6.539810e-01 6.689648e-01 5.245579e-01 4.989355e-01 6.555459e-01 5.157705e-01 3.795593e-01 1.108906e-01
<GCONST> 1.214094e+02
<MIXTURE> 2 2.062232e-01
<MEAN> 39
 5.057918e+00 -2.685143e-01 8.819396e+00 1.198931e+00 -6.907350e+00 -6.325209e+00 -8.292787e+00 -3.359805e+00 -5.608100e+00 -8.548113e-01 -5.563917e-01 -1.363583e-01 -1.375692e-01 -1.289381e+00 2.770978e+00 -1.151708e+00 2.658261e+00 1.638790e+00 2.384548e+00 1.475379e+00 -1.704141e+00 2.070426e+00 -1.552768e+00 5.990212e-02 -5.044873e-01 -4.412246e+00 -7.491601e-01 2.905900e-01 -3.480934e-01 2.567700e-01 6.789342e-01 3.818861e-01 7.508467e-01 2.449197e-01 1.555450e-01 2.324396e-01 -6.607253e-02 -3.808769e-02 -5.228000e-01
<VARIANCE> 39
 1.661716e+01 2.290174e+01 5.738535e+01 3.079506e+01 5.327195e+01 4.756108e+01 3.881504e+01 3.678408e+01 4.820148e+01 4.355470e+01 4.113093e+01 3.983286e+01 1.940797e+01 2.237788e+00 2.966192e+00 4.255938e+00 4.519594e+00 6.152555e+00 5.478304e+00 6.459969e+00 6.491823e+00 5.558818e+00 6.418231e+00 5.650589e+00 3.952756e+00 3.709067e+00 3.312284e-01 5.324051e-01 1.032467e+00 6.352778e-01 1.221978e+00 1.021793e+00 7.820675e-01 8.431411e-01 9.188042e-01 8.523278e-01 7.491724e-01 5.496532e-01 6.508717e-01
<GCONST> 1.343960e+02
<MIXTURE> 3 2.684858e-01
<MEAN> 39
 2.154118e+00 3.899255e+00 7.197654e+00 9.500232e+00 -3.803570e+00 -3.782859e+00 -2.122225e+00 -5.218798e+00 -2.635728e+00 -2.822591e+00 -2.710100e+00 -5.497490e-01 -7.737397e+00 -2.293921e+00 1.924996e+00 -1.378620e+00 1.220898e+00 2.985653e+00 1.914128e+00 2.183165e+00 -2.198137e-01 1.221394e+00 1.797939e-01 -5.143892e-01 -2.014395e-01 -3.816112e+00 -2.753034e-01 -6.394421e-01 -4.766004e-02 -9.767542e-01 -1.927207e-03 1.256518e-01 -2.321785e-01 5.955209e-01 -1.651878e-01 3.783512e-01 4.920996e-01 5.474745e-02 8.880519e-01
<VARIANCE> 39
 2.023892e+01 3.433646e+01 3.608350e+01 3.206270e+01 5.704890e+01 4.549928e+01 4.426645e+01 4.548124e+01 4.059796e+01 3.142041e+01 3.319671e+01 3.120834e+01 4.245931e+01 2.678683e+00 4.218891e+00 3.949270e+00 5.067588e+00 4.138088e+00 6.995232e+00 5.621727e+00 5.747890e+00 5.925373e+00 4.968756e+00 4.821854e+00 3.348483e+00 5.216515e+00 4.493892e-01 6.584469e-01 5.315176e-01 7.681631e-01 1.056373e+00 1.261463e+00 1.066150e+00 9.751794e-01 9.765807e-01 9.102482e-01 7.998657e-01 5.876594e-01 1.114151e+00
<GCONST> 1.361127e+02
<MIXTURE> 4 3.043331e-01
<MEAN> 39
 8.011128e+00 -2.670851e-01 6.402829e-01 -6.035815e-01 -2.396475e+00 -1.951314e+00 -8.134702e+00 -4.961936e+00 -4.303773e+00 2.479099e+00 5.274225e-01 -2.173032e+00 2.356433e+00 -1.010810e-01 4.270537e-01 -5.483661e-01 -3.441885e-02 2.364978e-01 7.490656e-01 1.553574e+00 -8.844057e-01 -2.905526e-01 2.275903e-01 3.234205e-02 -2.829147e-02 -7.290044e-01 -2.182040e-01 -1.439164e-01 3.312372e-01 1.751106e-01 -2.299747e-01 -2.423481e-01 2.304135e-01 4.453624e-01 3.225641e-03 -2.966910e-01 -1.090088e-01 1.542617e-01 5.997342e-02
<VARIANCE> 39
 1.423111e+01 2.373449e+01 4.044846e+01 4.710371e+01 3.364918e+01 6.376060e+01 6.631932e+01 5.890821e+01 6.440814e+01 5.507213e+01 6.695826e+01 4.270271e+01 2.345989e+01 8.098463e-01 2.089077e+00 2.092405e+00 3.436201e+00 2.773764e+00 4.572343e+00 4.920131e+00 6.686368e+00 5.854263e+00 4.249471e+00 3.739516e+00 3.098550e+00 1.225167e+00 1.225770e-01 2.026931e-01 3.350182e-01 3.852435e-01 4.108181e-01 5.250322e-01 8.910865e-01 6.849701e-01 8.129416e-01 6.625779e-01 6.662902e-01 5.327525e-01 1.643719e-01
<GCONST> 1.234499e+02
<TRANSP> 6
 0.000000e+00 1.000000e+00 0.000000e+00 0.000000e+00 0.000000e+00 0.000000e+00
 0.000000e+00 6.598909e-01 3.401091e-01 0.000000e+00 0.000000e+00 0.000000e+00
 0.000000e+00 0.000000e+00 7.609744e-01 2.390256e-01 0.000000e+00 0.000000e+00
 0.000000e+00 0.000000e+00 0.000000e+00 5.804045e-01 4.195955e-01 0.000000e+00
 0.000000e+00 0.000000e+00 0.000000e+00 0.000000e+00 5.770450e-01 4.229551e-01
 0.000000e+00 0.000000e+00 0.000000e+00 0.000000e+00 0.000000e+00 0.000000e+00
<ENDHMM>
