~o
<STREAMINFO> 1 39
<VECSIZE> 39<NULLD><MFCC_D_A_Z_0><DIAGC>
~h "v"
<BEGINHMM>
<NUMSTATES> 6
<STATE> 2
<NUMMIXES> 4
<MIXTURE> 1 2.431700e-01
<MEAN> 39
 4.445596e+00 4.241094e+00 -1.218668e+00 3.982295e+00 2.287985e+00 -2.388351e+00 -6.692279e+00 -6.072471e+00 3.707122e-02 -4.004322e-01 -1.034546e+00 -4.385519e+00 -3.488099e+00 -3.285460e+00 2.841549e+00 1.234742e+00 2.375472e+00 1.395100e+00 1.489847e+00 7.600659e-01 -1.587519e+00 -1.059327e+00 -1.454972e+00 3.564765e-01 -1.629900e-02 -2.851365e+00 -3.878673e-01 -9.026434e-01 1.430750e-01 -5.174975e-01 -3.367738e-01 4.291386e-03 6.815386e-01 1.004216e+00 1.113735e-01 -5.544455e-02 -2.180494e-01 4.212103e-01 8.036990e-01
<VARIANCE> 39
 1.424469e+01 1.222577e+01 2.230993e+01 1.581577e+01 1.782014e+01 2.242279e+01 1.778467e+01 2.302024e+01 2.419935e+01 2.563931e+01 2.172996e+01 1.530701e+01 1.709932e+01 2.154806e+00 2.076837e+00 3.069596e+00 3.648434e+00 3.124741e+00 4.674245e+00 5.272757e+00 5.256546e+00 2.812596e+00 3.206761e+00 3.787672e+00 2.595348e+00 1.821268e+00 4.367912e-01 3.202932e-01 4.361398e-01 3.491605e-01 5.354319e-01 5.205315e-01 4.839366e-01 6.002086e-01 4.898642e-01 5.885102e-01 5.567863e-01 3.359151e-01 3.234675e-01
<GCONST> 1.143754e+02
<MIXTURE> 2 2.879699e-01
<MEAN> 39
 7.244709e+00 -9.028584e-01 8.765055e-01 2.620628e+00 -1.085803e+00 -5.338281e+00 -6.580205e+00 -2.039189e+00 -7.406813e-01 -1.136687e-01 -3.373655e-01 -1.709424e+00 7.990259e-01 -1.102483e+00 2.292981e+00 -7.823564e-01 1.431197e+00 2.087456e+00 9.882739e-01 -2.018299e-01 -1.463471e+00 -2.088482e-01 -4.144044e-01 7.644321e-03 -3.638458e-02 -2.538759e+00 -6.443948e-01 8.832327e-02 3.036452e-01 -2.384104e-01 -1.772910e-01 2.866446e-01 5.714589e-01 1.567331e-01 -1.091683e-01 -1.309893e-01 -8.919282e-02 9.939048e-02 2.126936e-01
<VARIANCE> 39
 1.294487e+01 1.816023e+01 3.919786e+01 2.206905e+01 2.933006e+01 3.031194e+01 2.510202e+01 2.703922e+01 3.266768e+01 2.921827e+01 2.821152e+01 2.872458e+01 1.625549e+01 1.653671e+00 2.310931e+00 3.374463e+00 2.768524e+00 3.398991e+00 3.904274e+00 4.907281e+00 4.693086e+00 4.600889e+00 4.069185e+00 3.262320e+00 2.763207e+00 1.715038e+00 2.869035e-01 2.537853e-01 3.414494e-01 4.082935e-01 5.319260e-01 5.486530e-01 4.300965e-01 5.345529e-01 5.699325e-01 5.424088e-01 5.442207e-01 4.625415e-01 2.304057e-01
<GCONST> 1.172099e+02
<MIXTURE> 3 2.616707e-01
<MEAN> 39
 6.250940e+00 4.234665e+00 -4.279042e+00 -1.256183e+00 1.257908e+00 2.428801e+00 -1.722485e+00 -7.011927e+00 -4.248616e+00 -2.421519e-01 2.343305e+00 1.286275e+00 -1.251173e+00 -2.288634e+00 1.781800e+00 8.488445e-01 1.492623e+00 6.792132e-01 1.321055e-01 1.377331e+00 -1.757209e-01 -7.499175e-01 -1.153340e+00 -9.199139e-01 4.436204e-01 -1.750564e+00 -8.632845e-02 -6.660562e-01 1.656959e-01 -1.196113e-02 -1.147807e-01 -2.758321e-01 -3.000848e-01 5.842003e-01 5.917600e-01 2.132875e-01 -2.156160e-01 -3.994529e-01 5.830343e-01
<VARIANCE> 39
 1.912658e+01 1.525421e+01 2.158384e+01 2.474303e+01 2.624608e+01 2.326955e+01 3.141782e+01 2.457958e+01 2.462470e+01 2.867766e+01 2.207718e+01 2.539764e+01 2.009531e+01 2.020055e+00 1.854723e+00 2.370576e+00 3.882383e+00 2.830369e+00 3.275986e+00 3.918445e+00 3.538468e+00 3.460670e+00 3.450165e+00 2.790021e+00 2.489967e+00 1.152466e+00 3.748787e-01 2.858548e-01 2.627147e-01 4.415740e-01 4.373786e-01 4.160728e-01 5.088859e-01 4.752718e-01 4.730275e-01 5.173963e-01 4.807156e-01 3.831018e-01 2.219473e-01
<GCONST> 1.134285e+02
<MIXTURE> 4 2.071892e-01
<MEAN> 39
 -2.384558e+00 4.561501e+00 1.549322e+00 4.567980e+00 2.189205e+00 -9.071250e-01 4.784790e-02 -2.312465e+00 -7.513662e-01 -1.980437e+00 -1.805795e+00 6.074849e-01 -2.846009e+00 -2.130899e+00 1.886627e-02 5.355644e-02 1.014188e+00 1.224537e+00 6.425069e-01 9.424771e-01 7.737136e-01 1.925061e-01 -1.103865e-01 -1.089182e-01 -6.625797e-02 -7.177049e-01 2.358283e-01 -4.769992e-01 -6.332111e-02 -3.470245e-01 -3.224029e-01 1.513559e-01 -1.166385e-01 7.938187e-02 4.863244e-02 2.686131e-01 3.209137e-01 -1.106089e-01 3.105058e-01
<VARIANCE> 39
 2.880486e+01 2.224153e+01 3.345215e+01 2.340510e+01 2.797891e+01 3.952575e+01 2.938033e+01 2.866428e+01 2.189651e+01 2.447931e+01 2.482178e+01 1.523990e+01 2.240088e+01 7.500841e+00 2.557399e+00 3.249669e+00 4.622151e+00 4.259993e+00 4.734182e+00 3.783123e+00 3.170795e+00 2.979245e+00 2.687890e+00 3.067502e+00 2.068236e+00 4.585906e+00 6.799153e-01 5.895364e-01 6.172519e-01 5.476070e-01 6.110383e-01 8.254510e-01 6.809768e-01 6.009541e-01 6.079453e-01 5.779327e-01 5.302328e-01 3.406476e-01 4.339402e-01
<GCONST> 1.233101e+02
<STATE> 3
<NUMMIXES> 4
<MIXTURE> 1 2.211397e-01
<MEAN> 39
 -8.969789e+00 2.058377e+00 6.870875e-01 6.565884e+00 4.709403e+00 3.130090e+00 2.682333e+00 3.440611e-01 1.491933e+00 -9.893961e-01 3.304335e-01 -3.682140e-01 -4.975117e+00 -1.890475e+00 -1.573236e+00 -8.166104e-01 -3.244008e-01 1.920037e-01 6.699709e-01 1.130307e+00 1.372322e+00 1.234541e+00 1.069614e+00 1.023642e+00 7.674437e-01 3.649360e-01 1.381133e+00 -1.824415e-01 -1.378657e-01 -6.575235e-01 -5.973464e-01 -5.719519e-01 -5.274547e-01 -2.873491e-01 -1.030152e-01 1.947771e-01 -4.078893e-02 -6.872141e-02 5.002100e-01
<VARIANCE> 39
 1.914696e+01 1.828903e+01 2.379875e+01 2.520504e+01 2.253636e+01 2.259588e+01 2.158439e+01 2.058006e+01 1.908653e+01 1.765844e+01 2.146131e+01 1.859473e+01 3.600169e+01 5.838703e+00 2.336984e+00 2.294328e+00 2.735380e+00 2.441610e+00 3.221948e+00 3.402418e+00 2.704194e+00 3.255356e+00 2.797121e+00 3.292875e+00 2.258322e+00 4.279283e+00 6.493475e-01 4.840934e-01 5.876678e-01 7.068475e-01 5.877922e-01 6.985229e-01 4.853358e-01 5.443802e-01 5.981553e-01 4.902747e-01 5.777070e-01 4.228237e-01 9.085222e-01
<GCONST> 1.190664e+02
<MIXTURE> 2 3.065437e-01
<MEAN> 39
 -8.334232e-01 5.257156e+00 -8.522882e-01 3.058899e+00 2.039722e+00 2.998255e-01 -1.208822e+00 -4.973644e+00 -3.235262e+00 -2.242856e+00 -1.529710e+00 -3.822223e-01 -1.808354e+00 -6.017295e-01 -7.207132e-02 1.204279e-01 1.531095e-01 7.198456e-02 -1.620003e-01 8.621167e-02 1.518110e-01 1.861340e-01 -9.128358e-02 -2.092086e-01 -2.135745e-01 2.707952e-01 1.090447e+00 -7.971898e-01 -3.087208e-01 -4.950255e-01 -3.497564e-01 -3.822477e-01 -4.786675e-01 3.778343e-01 3.497961e-01 3.386861e-01 3.202230e-01 -4.263023e-02 7.143506e-01
<VARIANCE> 39
 2.006622e+01 1.187188e+01 2.992897e+01 2.496309e+01 2.340210e+01 2.387984e+01 2.856093e+01 2.051394e+01 1.905670e+01 2.248505e+01 1.793577e+01 2.099139e+01 1.550740e+01 1.907230e+00 8.594947e-01 1.409042e+00 1.360755e+00 1.290627e+00 1.507709e+00 1.834161e+00 1.578265e+00 1.699053e+00 1.446090e+00 1.546535e+00 1.348188e+00 6.624756e-01 3.549142e-01 4.277619e-01 5.538471e-01 5.398479e-01 5.712767e-01 5.567350e-01 1.002424e+00 7.680663e-01 6.157684e-01 6.232693e-01 4.583121e-01 3.684085e-01 2.415993e-01
<GCONST> 1.066376e+02
<MIXTURE> 3 2.823987e-01
<MEAN> 39
 -1.299414e+00 8.195863e+00 3.975530e+00 8.121381e+00 3.810707e+00 -1.056627e-01 -3.805926e+00 -6.395563e+00 -3.428843e+00 -4.446756e+00 -2.101282e+00 -3.406069e+00 -8.334270e+00 -3.272704e+00 5.639307e-01 7.641851e-01 1.308830e+00 1.039137e+00 1.394723e+00 1.530591e+00 5.903319e-01 9.658155e-02 -4.902383e-01 1.558441e-01 2.960290e-01 -1.017526e+00 5.038289e-01 -1.232399e+00 -6.144122e-01 -1.069499e+00 -6.138418e-01 -3.521614e-01 2.282750e-01 7.855041e-01 5.160599e-01 6.957087e-01 2.488595e-01 3.218781e-01 1.304893e+00
<VARIANCE> 39
 2.101172e+01 1.576959e+01 1.715240e+01 1.937841e+01 2.252512e+01 2.904367e+01 3.090339e+01 2.569493e+01 2.048246e+01 2.559325e+01 2.143685e+01 1.890009e+01 2.452875e+01 3.183465e+00 2.933868e+00 2.949317e+00 3.281457e+00 3.042162e+00 3.742876e+00 3.190226e+00 3.442786e+00 3.450732e+00 3.485405e+00 3.598323e+00 2.180804e+00 2.703721e+00 7.021228e-01 4.224501e-01 5.726996e-01 5.136492e-01 6.521550e-01 8.530772e-01 7.869912e-01 7.957605e-01 5.689352e-01 6.670939e-01 6.379238e-01 4.459212e-01 5.817537e-01
<GCONST> 1.205272e+02
<MIXTURE> 4 1.899179e-01
<MEAN> 39
 7.444716e+00 3.091559e-01 -2.737009e+00 2.007238e+00 1.648415e+00 -1.633656e+00 -6.903820e+00 -4.869741e+00 -2.589882e+00 -5.431077e-01 1.582227e+00 -1.790861e+00 -1.001661e+00 -4.680733e-01 5.619987e-01 -2.583407e-01 1.993041e-01 2.638174e-01 -1.828742e-02 1.004769e-01 -3.914688e-01 -2.145472e-01 -1.579866e-01 -8.203076e-02 5.858056e-03 -3.595467e-01 1.477906e-01 -6.824271e-01 2.816709e-01 -4.826908e-01 -5.997245e-01 -3.667927e-01 8.222453e-02 7.209805e-01 3.562253e-01 1.313308e-01 -2.074465e-01 3.980572e-02 9.228342e-01
<VARIANCE> 39
 1.200154e+01 1.815416e+01 3.206423e+01 2.577448e+01 1.702318e+01 3.735809e+01 2.117631e+01 3.184478e+01 3.118266e+01 2.807858e+01 2.653068e+01 4.566359e+01 1.733190e+01 5.229924e-01 1.047874e+00 1.329466e+00 1.569395e+00 1.264314e+00 1.816555e+00 1.806858e+00 1.693023e+00 1.578539e+00 2.228374e+00 1.746752e+00 1.592412e+00 8.318984e-01 1.191604e-01 2.955588e-01 3.751738e-01 4.356858e-01 4.539624e-01 5.320585e-01 5.272658e-01 7.213754e-01 6.886003e-01 5.942258e-01 4.489180e-01 5.916450e-01 1.918918e-01
<GCONST> 1.062396e+02
<STATE> 4
<NUMMIXES> 4
<MIXTURE> 1 2.503184e-01
<MEAN> 39
 -4.973424e+00 6.858542e+00 3.680276e+00 8.590310e+00 4.890183e+00 7.794630e-01 -8.016452e-01 -4.611165e+00 -2.475832e+00 -4.200589e+00 -2.094618e+00 -2.691393e+00 -6.293162e+00 1.449196e-01 -8.314559e-01 -6.371970e-01 -1.047677e+00 -8.037239e-01 -3.240101e-01 4.964816e-01 7.181841e-01 4.725577e-01 4.294572e-01 3.953750e-01 2.480117e-01 1.533554e+00 1.404516e+00 -9.274429e-01 -6.370100e-01 -1.322434e+00 -8.082559e-01 -5.141366e-01 -3.436998e-01 3.453115e-01 2.413359e-01 6.738389e-01 2.033176e-01 1.609035e-01 1.104555e+00
<VARIANCE> 39
 2.391724e+01 2.146731e+01 2.015088e+01 2.376395e+01 2.817562e+01 3.061636e+01 3.581755e+01 2.489504e+01 2.272093e+01 2.143855e+01 1.788619e+01 1.844867e+01 2.750087e+01 6.601144e+00 2.717385e+00 3.087841e+00 3.546789e+00 3.499152e+00 3.579801e+00 3.848833e+00 3.264930e+00 2.365675e+00 2.362281e+00 2.594244e+00 1.867247e+00 3.786191e+00 8.341004e-01 5.870245e-01 7.736207e-01 8.390802e-01 7.082519e-01 1.171395e+00 9.398133e-01 8.752485e-01 6.930900e-01 6.447265e-01 5.270128e-01 4.275825e-01 5.302507e-01
<GCONST> 1.234553e+02
<MIXTURE> 2 2.082028e-01
<MEAN> 39
 1.866313e-02 3.094234e+00 -1.447647e+00 3.151075e+00 9.943618e-01 -1.290060e+00 -2.105464e+00 -3.276120e+00 5.767975e-01 -1.906285e+00 1.104226e-01 -1.302799e+00 7.192917e-01 4.080063e+00 -2.449901e+00 -1.379136e+00 -2.815035e+00 -1.505566e+00 -1.953625e+00 -1.144006e+00 1.316214e+00 2.249690e-01 1.148511e+00 1.630816e-01 -6.952481e-02 3.057199e+00 5.462033e-01 -5.681120e-01 -1.982328e-02 -4.029652e-01 -4.105229e-02 -1.133004e-01 -9.853233e-02 4.703124e-01 -1.507287e-01 2.586890e-01 -1.021633e-01 1.655671e-02 1.281621e-01
<VARIANCE> 39
 2.338610e+01 1.541734e+01 2.913144e+01 2.343971e+01 2.144994e+01 2.502388e+01 2.714504e+01 2.552992e+01 2.219236e+01 1.699090e+01 1.789866e+01 1.787590e+01 1.843255e+01 3.380430e+00 2.791486e+00 5.580051e+00 4.790084e+00 4.999665e+00 6.612070e+00 7.191993e+00 5.474542e+00 5.485431e+00 3.644536e+00 3.667642e+00 2.782439e+00 2.601429e+00 6.503749e-01 3.867690e-01 4.565678e-01 5.492151e-01 5.459328e-01 7.691654e-01 7.319115e-01 7.386848e-01 6.525010e-01 5.134770e-01 4.763493e-01 4.188959e-01 3.685614e-01
<GCONST> 1.225589e+02
<MIXTURE> 3 2.751656e-01
<MEAN> 39
 -1.030684e+01 -1.031594e+00 -1.006094e+00 4.086213e+00 3.265154e+00 2.699810e+00 3.548296e+00 2.525918e+00 3.602996e+00 1.568163e+00 2.486720e+00 1.674148e+00 -3.136999e+00 1.183709e+00 -3.491179e-01 -2.798488e-01 -8.802919e-01 -5.617735e-01 -6.263336e-01 -1.421421e-01 -3.712649e-02 8.299248e-02 2.465945e-01 1.294891e-01 1.331277e-01 7.475615e-01 1.490089e+00 4.226160e-01 1.505843e-01 -2.574289e-01 -2.550662e-01 -4.902153e-01 -6.322485e-01 -5.727125e-01 -5.973809e-01 -3.194945e-01 -4.004506e-01 -3.701128e-01 6.405605e-02
<VARIANCE> 39
 1.806901e+01 1.723849e+01 2.166607e+01 2.200344e+01 2.047639e+01 2.388876e+01 2.468811e+01 2.306947e+01 2.400983e+01 1.990655e+01 2.736610e+01 1.710232e+01 2.605897e+01 6.498190e+00 2.253707e+00 2.561218e+00 3.044524e+00 2.857689e+00 3.683384e+00 3.252232e+00 3.140056e+00 3.258187e+00 2.805811e+00 2.826724e+00 2.234743e+00 5.457070e+00 7.185209e-01 4.542543e-01 5.103692e-01 7.049893e-01 5.912125e-01 6.792625e-01 7.278445e-01 5.382900e-01 6.893295e-01 6.565163e-01 7.169740e-01 5.382180e-01 7.353374e-01
<GCONST> 1.208261e+02
<MIXTURE> 4 2.663132e-01
<MEAN> 39
 5.683545e+00 1.343027e+00 -3.198873e+00 7.423193e-01 1.253650e+00 -1.854530e+00 -4.894586e+00 -4.313239e+00 -2.168432e+00 -3.959321e-01 5.765430e-01 -6.921461e-01 7.159926e-01 9.522896e-01 -1.222342e+00 -1.440470e-01 -4.705157e-01 -6.642796e-01 -8.580442e-01 -5.631233e-01 1.031073e+00 7.704912e-01 2.722723e-01 1.596131e-01 1.324078e-02 1.335018e+00 3.182005e-01 -4.738866e-01 1.753027e-01 -1.987705e-01 -3.584105e-01 -1.209674e-01 -1.348745e-01 4.419033e-01 2.075269e-01 5.725964e-02 1.298959e-02 1.923084e-02 3.997479e-01
<VARIANCE> 39
 1.814573e+01 1.931828e+01 3.723085e+01 2.545461e+01 1.928045e+01 3.909468e+01 2.713486e+01 2.715054e+01 2.734871e+01 2.620796e+01 2.384472e+01 3.194158e+01 1.492045e+01 1.393334e+00 1.231470e+00 2.444567e+00 2.598912e+00 2.323519e+00 2.293808e+00 3.664553e+00 2.883574e+00 2.746847e+00 2.719550e+00 2.143025e+00 2.404352e+00 1.109298e+00 2.034862e-01 2.253068e-01 2.986756e-01 3.698880e-01 4.154072e-01 4.097862e-01 5.611038e-01 5.095028e-01 4.776593e-01 4.802683e-01 4.004672e-01 3.804402e-01 1.436953e-01
<GCONST> 1.101029e+02
<STATE> 5
<NUMMIXES> 4
<MIXTURE> 1 3.036215e-01
<MEAN> 39
 1.017242e+01 -1.408879e+00 -8.878425e+00 -2.718111e+00 2.637198e+00 -1.542920e+00 -6.672606e+00 -2.596357e+00 3.792239e-01 9.340832e-01 1.546447e+00 -1.115087e+00 3.695642e+00 2.605320e+00 -2.025435e+00 -1.202691e+00 -1.259123e+00 6.745763e-03 -1.158964e+00 -1.451491e+00 1.781051e+00 7.308583e-01 8.131077e-01 1.205563e-02 -2.100102e-01 1.575666e+00 -7.305053e-01 5.821580e-02 6.269426e-01 4.121237e-01 -5.658216e-02 6.414215e-02 3.336215e-01 2.459635e-01 -1.016794e-01 -2.218396e-01 -1.824112e-01 4.654317e-02 -2.908961e-01
<VARIANCE> 39
 1.194939e+01 1.763784e+01 2.375702e+01 5.366985e+01 2.842738e+01 5.913921e+01 5.365205e+01 4.213350e+01 3.438089e+01 3.769826e+01 2.640609e+01 3.777614e+01 1.075020e+01 3.916149e+00 2.208038e+00 4.309309e+00 6.895321e+00 3.632879e+00 7.035862e+00 7.357226e+00 6.518478e+00 5.058516e+00 4.726026e+00 3.220804e+00 3.100343e+00 1.177805e+00 4.413042e-01 2.412293e-01 3.927962e-01 4.993486e-01 4.963446e-01 4.399831e-01 6.923226e-01 6.417127e-01 5.736437e-01 5.487729e-01 3.905574e-01 4.192554e-01 1.688579e-01
<GCONST> 1.231300e+02
<MIXTURE> 2 2.057058e-01
<MEAN> 39
 2.005307e+00 4.554891e+00 3.721472e+00 1.588593e+00 -2.237378e+00 -2.014169e+00 -3.671967e-01 -5.827136e+00 -4.207028e+00 -2.277943e+00 -1.111704e+00 -1.452359e+00 -1.170052e+00 2.123681e+00 1.065622e-01 6.972323e-01 -1.989407e+00 -1.864446e+00 -2.197407e-01 -7.801309e-01 -1.145523e+00 -8.374997e-01 2.284518e-01 -3.047749e-01 -2.365803e-01 9.789374e-01 -1.807832e-01 -1.432768e-01 -5.052426e-02 -1.259746e-01 1.179986e-01 2.670581e-01 -1.418202e-01 2.570269e-01 2.644109e-01 1.546980e-01 4.388862e-02 9.156115e-02 -4.552031e-02
<VARIANCE> 39
 2.390332e+01 1.924917e+01 5.752421e+01 5.652084e+01 3.879654e+01 3.950213e+01 5.083398e+01 4.621087e+01 4.000185e+01 3.643518e+01 3.006273e+01 2.945331e+01 2.129433e+01 4.054188e+00 2.576292e+00 4.735304e+00 6.371892e+00 4.230532e+00 5.014717e+00 6.352570e+00 3.982433e+00 4.957977e+00 5.680007e+00 4.204723e+00 3.397283e+00 1.930402e+00 4.391766e-01 4.095999e-01 4.958720e-01 6.168311e-01 6.080502e-01 5.376408e-01 8.898985e-01 6.642146e-01 7.213005e-01 6.718311e-01 5.392908e-01 4.904266e-01 3.138233e-01
<GCONST> 1.290571e+02
<MIXTURE> 3 2.208123e-01
<MEAN> 39
 -8.626012e+00 3.125025e+00 -3.345001e-01 4.867910e+00 5.520639e+00 2.715565e+00 2.766263e+00 -2.983454e-02 2.147263e+00 1.111082e+00 1.704220e+00 1.264450e+00 -7.247155e+00 -1.286122e-01 3.226023e-01 -9.467452e-02 3.118378e-01 3.136022e-01 5.851688e-01 6.133519e-01 4.465381e-01 3.855427e-01 5.235982e-01 4.298725e-01 3.097663e-01 -1.735029e+00 4.564362e-01 -6.728286e-02 2.144669e-02 -6.874306e-02 -2.602696e-01 -2.709753e-01 -2.304671e-01 -7.748710e-02 -1.132107e-01 -5.157159e-02 -1.369914e-01 -8.327423e-02 3.311528e-01
<VARIANCE> 39
 2.926773e+01 3.517320e+01 2.999160e+01 4.066235e+01 2.877437e+01 3.553032e+01 3.179238e+01 3.382566e+01 2.480202e+01 2.828755e+01 3.259535e+01 2.119848e+01 6.164720e+01 3.552745e+00 3.025496e+00 2.430439e+00 3.007400e+00 2.985508e+00 3.356361e+00 2.214207e+00 2.622541e+00 2.520912e+00 2.072164e+00 2.278623e+00 1.984507e+00 9.667880e+00 5.467593e-01 6.589856e-01 4.583996e-01 7.681559e-01 6.209486e-01 6.936989e-01 6.551406e-01 6.103916e-01 5.663446e-01 5.670457e-01 5.816967e-01 4.075913e-01 1.492083e+00
<GCONST> 1.247036e+02
<MIXTURE> 4 2.698604e-01
<MEAN> 39
 7.383405e+00 -5.419658e+00 2.171000e+00 -8.536363e-01 -5.487707e+00 -7.170642e+00 -3.908549e+00 2.156004e+00 -3.576000e-01 4.839829e-01 -2.995260e-01 -1.406726e+00 6.669154e+00 1.579082e+00 -2.468921e+00 6.742573e-01 -2.173149e+00 -2.255668e+00 -9.771484e-01 3.236658e-01 1.648034e+00 -3.464747e-02 6.022128e-01 -2.769778e-01 2.288693e-01 2.667819e+00 -7.415627e-01 5.992533e-01 4.225823e-02 2.517309e-01 5.354208e-01 7.113100e-01 3.163096e-01 -4.250444e-01 -1.269201e-01 -1.965537e-01 -1.147879e-01 3.154874e-02 -7.185825e-01
<VARIANCE> 39
 1.097473e+01 1.824918e+01 3.388947e+01 3.056015e+01 2.385971e+01 4.111145e+01 3.859290e+01 2.733642e+01 4.070206e+01 2.871864e+01 2.540740e+01 2.026225e+01 1.348005e+01 2.838927e+00 2.587791e+00 3.443784e+00 3.510048e+00 3.651127e+00 5.141824e+00 5.021040e+00 3.757076e+00 4.893041e+00 3.792704e+00 3.740531e+00 3.282351e+00 2.139703e+00 3.710750e-01 2.947764e-01 3.778926e-01 4.940613e-01 5.037050e-01 6.429435e-01 5.724912e-01 5.629040e-01 4.832245e-01 4.543045e-01 4.679813e-01 3.387595e-01 3.043935e-01
<GCONST> 1.195253e+02
<TRANSP> 6
 0.000000e+00 1.000000e+00 0.000000e+00 0.000000e+00 0.000000e+00 0.000000e+00
 0.000000e+00 4.489978e-01 5.510022e-01 0.000000e+00 0.000000e+00 0.000000e+00
 0.000000e+00 0.000000e+00 4.463086e-01 5.536914e-01 0.000000e+00 0.000000e+00
 0.000000e+00 0.000000e+00 0.000000e+00 4.717030e-01 5.282970e-01 0.000000e+00
 0.000000e+00 0.000000e+00 0.000000e+00 0.000000e+00 4.006572e-01 5.993428e-01
 0.000000e+00 0.000000e+00 0.000000e+00 0.000000e+00 0.000000e+00 0.000000e+00
<ENDHMM>
