~o
<STREAMINFO> 1 39
<VECSIZE> 39<NULLD><MFCC_D_A_Z_0><DIAGC>
~h "w"
<BEGINHMM>
<NUMSTATES> 6
<STATE> 2
<NUMMIXES> 4
<MIXTURE> 1 3.188832e-01
<MEAN> 39
 8.473302e+00 5.875861e+00 -1.743009e+00 -4.267449e+00 -4.321768e+00 2.395391e-01 -1.449716e+00 -3.794018e+00 -3.057634e+00 -2.247240e+00 -1.505346e+00 -9.366329e-01 -3.151789e+00 8.611348e-01 6.590542e-01 2.356178e-02 -7.975200e-01 -8.561758e-01 -1.172632e-01 -1.901015e-01 3.657884e-01 2.692769e-01 -2.774077e-01 1.937207e-01 -1.969032e-01 -1.735844e-01 -1.219575e-01 -2.931974e-01 -1.398279e-01 -2.882255e-01 1.389260e-01 2.409510e-01 -6.301709e-02 8.188459e-02 1.953034e-02 3.424777e-01 1.762827e-01 6.520486e-02 3.664939e-01
<VARIANCE> 39
 2.143932e+01 2.979070e+01 3.087588e+01 5.517072e+01 5.288283e+01 5.064685e+01 4.984886e+01 4.382081e+01 4.053725e+01 3.724313e+01 2.995258e+01 2.749638e+01 2.634524e+01 3.622840e+00 2.610817e+00 3.915699e+00 5.688185e+00 5.385556e+00 3.797936e+00 3.883229e+00 4.042697e+00 4.580111e+00 3.478149e+00 3.182277e+00 2.827971e+00 2.400541e+00 3.772798e-01 5.030068e-01 5.026238e-01 7.184984e-01 7.690861e-01 7.631069e-01 7.560608e-01 7.830001e-01 6.208398e-01 7.281996e-01 5.945414e-01 5.227732e-01 3.576425e-01
<GCONST> 1.286986e+02
<MIXTURE> 2 2.539795e-01
<MEAN> 39
 1.129552e+01 7.012856e+00 -5.029988e+00 -7.260831e+00 -6.026430e-01 4.820358e+00 -2.020956e+00 -6.899627e+00 -1.169594e+01 -2.601115e+00 2.325358e+00 1.690117e+00 -2.995454e+00 4.402480e-01 2.035641e+00 -4.778540e-01 -1.615346e+00 -1.777572e+00 9.465404e-01 2.773258e+00 1.044905e+00 -2.410299e-01 -1.949530e+00 -8.679481e-01 5.481982e-01 -1.267144e+00 -3.287311e-01 -6.105787e-01 7.268753e-01 5.833485e-01 -4.802806e-01 -1.046715e+00 -4.705674e-01 8.288801e-01 9.925514e-01 2.201259e-01 -4.975928e-01 -4.445364e-01 4.354727e-01
<VARIANCE> 39
 7.533214e+00 1.812649e+01 1.717478e+01 2.612492e+01 2.463383e+01 2.743094e+01 2.780069e+01 3.134137e+01 2.463587e+01 3.579450e+01 3.434311e+01 2.352612e+01 1.402339e+01 5.108373e-01 1.651614e+00 2.060312e+00 2.707478e+00 2.081703e+00 3.243640e+00 3.380668e+00 3.656544e+00 3.811784e+00 3.248428e+00 3.272988e+00 2.640970e+00 7.718776e-01 8.000195e-02 2.051880e-01 3.163514e-01 3.209004e-01 5.556451e-01 4.176976e-01 5.350518e-01 5.395220e-01 4.803435e-01 5.743285e-01 4.321906e-01 3.684798e-01 1.130783e-01
<GCONST> 1.080859e+02
<MIXTURE> 3 2.759160e-01
<MEAN> 39
 1.263414e+01 5.497151e+00 -5.992742e+00 -1.036083e+01 -5.162806e+00 3.970798e+00 -6.803924e-01 -4.017840e+00 -6.225115e+00 -1.132736e+00 1.091091e+00 -3.554744e-02 -1.905904e+00 2.485802e+00 -7.222390e-01 -6.581778e-01 -3.400489e+00 -2.014462e+00 1.919285e-01 -7.849404e-01 2.330888e-02 -8.270336e-01 7.036981e-01 3.732589e-01 4.463724e-02 2.665424e+00 -1.498631e+00 -1.045924e+00 8.135356e-02 9.533688e-01 9.304628e-01 5.572005e-02 1.073719e-01 5.031508e-01 9.781163e-01 5.612013e-01 6.122015e-02 1.367136e-02 1.580621e-02
<VARIANCE> 39
 7.275411e+00 2.535545e+01 2.221106e+01 3.380500e+01 3.434420e+01 3.127700e+01 4.522307e+01 3.521482e+01 3.327986e+01 4.045101e+01 3.301853e+01 2.376635e+01 1.901062e+01 2.296376e+00 4.653491e+00 3.047801e+00 4.403002e+00 6.195314e+00 4.827999e+00 6.046973e+00 5.084122e+00 4.875461e+00 6.469370e+00 4.656209e+00 2.925709e+00 3.161981e+00 2.235702e-01 4.455843e-01 5.152078e-01 6.950185e-01 6.958461e-01 7.228059e-01 9.591630e-01 9.405380e-01 7.680672e-01 8.779628e-01 7.454298e-01 5.394116e-01 3.709013e-01
<GCONST> 1.272669e+02
<MIXTURE> 4 1.512212e-01
<MEAN> 39
 9.385562e+00 2.571060e+00 -1.937340e+00 -1.978479e+00 3.694739e+00 -2.302342e+00 -1.082837e+01 -8.341974e+00 -6.928782e+00 3.946581e+00 -6.993875e-01 -2.004323e+00 -1.081711e+00 1.342884e+00 2.362970e+00 -3.114844e+00 -2.303634e+00 1.066943e+00 3.612147e+00 1.331282e+00 -1.975846e+00 -1.012938e+00 -4.786812e-01 1.152239e+00 5.528977e-01 -1.642288e+00 -4.058225e-01 1.206054e-01 9.221244e-01 -3.478473e-01 -1.407507e+00 4.294294e-03 1.256823e+00 6.911839e-01 -2.265372e-01 -6.173443e-01 -1.476220e-01 2.005932e-01 1.852505e-01
<VARIANCE> 39
 9.003352e+00 1.837929e+01 2.343296e+01 3.667234e+01 1.665396e+01 5.202238e+01 2.669022e+01 3.569215e+01 3.892950e+01 4.138747e+01 5.250275e+01 2.455478e+01 1.082523e+01 6.512930e-01 1.519266e+00 2.730971e+00 2.623724e+00 4.048361e+00 2.749264e+00 6.123405e+00 3.496902e+00 3.797956e+00 4.229276e+00 2.923848e+00 2.260415e+00 7.468452e-01 9.619814e-02 2.940752e-01 3.355958e-01 5.503640e-01 4.037513e-01 1.125494e+00 4.796593e-01 9.416353e-01 5.146630e-01 5.921038e-01 4.984151e-01 3.376766e-01 1.193525e-01
<GCONST> 1.139657e+02
<STATE> 3
<NUMMIXES> 4
<MIXTURE> 1 3.144703e-01
<MEAN> 39
 1.083369e+01 1.105211e+01 -2.757806e+00 -6.541391e+00 -6.194119e+00 -1.441450e+00 -1.446623e+00 -1.858007e+00 -1.474228e+00 -3.304741e+00 -1.840165e+00 -2.185627e+00 -6.633908e+00 2.430828e-01 8.344327e-03 -1.179491e-01 -1.110884e+00 -7.065901e-01 1.912836e-01 1.438739e-01 5.736418e-01 4.669417e-01 3.717833e-01 2.967558e-01 4.957740e-02 5.303944e-01 7.081864e-02 -5.160748e-01 -2.673550e-01 -5.584019e-01 1.413092e-01 6.519079e-01 6.885915e-02 -1.059221e-01 -5.239621e-01 1.833621e-01 3.100207e-01 3.275662e-01 5.924737e-01
<VARIANCE> 39
 7.793752e+00 1.571626e+01 1.955963e+01 2.745223e+01 3.459126e+01 2.427187e+01 2.979163e+01 2.348775e+01 2.607078e+01 1.981109e+01 1.700172e+01 1.703943e+01 1.048341e+01 3.992748e-01 1.022069e+00 1.086002e+00 2.881695e+00 2.193686e+00 2.051022e+00 1.681679e+00 1.939911e+00 2.516586e+00 1.794244e+00 1.423955e+00 1.667800e+00 8.646296e-01 8.753365e-02 3.227659e-01 2.655040e-01 3.554406e-01 5.155039e-01 3.841528e-01 5.085993e-01 4.712401e-01 4.407455e-01 5.559181e-01 4.013509e-01 3.500520e-01 1.294751e-01
<GCONST> 1.010902e+02
<MIXTURE> 2 1.515227e-01
<MEAN> 39
 1.184803e+01 -4.426277e-01 -5.748898e+00 -9.364310e+00 -5.046740e-01 3.901459e+00 -5.810244e+00 -5.384298e+00 -5.772269e+00 3.904451e+00 1.930529e+00 -7.103866e-01 2.975274e+00 -2.931599e-03 -2.151466e+00 5.503696e-02 -1.879871e-01 4.445502e-01 -5.863681e-01 -1.520814e+00 7.196547e-01 9.855517e-01 1.806824e+00 -2.074921e-01 -4.002089e-01 2.179323e+00 -1.082971e+00 -2.081101e-01 6.061350e-01 1.201097e+00 1.637337e-01 -6.922967e-01 3.777579e-01 8.082003e-01 7.842190e-01 -3.270228e-01 -5.340140e-01 -3.475551e-02 -3.537546e-01
<VARIANCE> 39
 1.088975e+01 2.298582e+01 3.580265e+01 4.592803e+01 4.117626e+01 6.689940e+01 6.036779e+01 4.984146e+01 5.371496e+01 6.058172e+01 6.236878e+01 3.620728e+01 1.771026e+01 1.487107e+00 2.774905e+00 2.934263e+00 3.961651e+00 4.225375e+00 5.564409e+00 6.596480e+00 5.511704e+00 4.277436e+00 5.203922e+00 4.972060e+00 3.333443e+00 2.055401e+00 4.013394e-01 4.209315e-01 5.074535e-01 8.131728e-01 9.621615e-01 1.094434e+00 1.282162e+00 9.487135e-01 1.001868e+00 1.191112e+00 9.916669e-01 7.469540e-01 4.671884e-01
<GCONST> 1.331719e+02
<MIXTURE> 3 2.658958e-01
<MEAN> 39
 1.241027e+01 8.009389e+00 -5.124068e+00 -1.345046e+01 -8.890441e+00 4.354728e+00 1.330914e+00 -1.953437e-01 -3.420429e+00 -2.292029e+00 5.543590e-01 -9.691305e-03 -2.247291e+00 3.832913e-01 -1.433892e+00 -8.273996e-01 -2.250349e+00 -2.277245e-01 1.990157e+00 5.744430e-01 4.964171e-01 -3.882193e-02 4.595379e-01 9.198665e-01 4.856430e-01 1.824138e+00 -6.640004e-01 -8.233008e-01 -1.548448e-01 8.111055e-01 1.180843e+00 3.450977e-01 -1.436403e-01 -3.208209e-01 1.790241e-01 4.146076e-01 1.437056e-01 -1.327994e-02 9.842094e-02
<VARIANCE> 39
 7.203975e+00 1.874490e+01 2.070190e+01 2.846723e+01 3.023611e+01 3.112739e+01 3.264966e+01 3.307118e+01 3.666004e+01 2.888920e+01 2.160906e+01 2.346146e+01 9.848320e+00 6.048129e-01 1.681470e+00 1.857663e+00 2.893958e+00 3.669289e+00 3.341822e+00 2.955561e+00 3.101405e+00 3.880097e+00 4.144670e+00 2.563229e+00 2.550290e+00 8.524226e-01 2.929789e-01 2.481561e-01 2.465416e-01 5.351329e-01 4.035012e-01 4.399078e-01 6.077818e-01 5.437512e-01 6.506222e-01 5.973461e-01 4.514516e-01 4.555165e-01 2.548122e-01
<GCONST> 1.118139e+02
<MIXTURE> 4 2.681112e-01
<MEAN> 39
 1.143708e+01 8.770696e+00 -4.278646e+00 -8.855387e+00 -5.131721e+00 3.910581e+00 1.387218e+00 -3.133975e+00 -8.340979e+00 -4.460912e+00 -8.886051e-01 6.045494e-01 -3.567993e+00 1.699161e-01 5.868214e-01 1.773408e-01 -7.153041e-01 -1.372282e+00 -2.668245e-01 4.984630e-01 8.882061e-01 1.203533e+00 -2.866006e-02 -6.519036e-01 -4.273464e-01 -2.135817e-01 -1.214797e-01 -6.750628e-01 8.666259e-02 2.018680e-01 3.315679e-01 -1.500466e-01 -7.704778e-01 -2.332147e-01 3.737499e-01 7.552594e-01 3.611193e-01 -1.310249e-01 5.045027e-01
<VARIANCE> 39
 8.005618e+00 1.734216e+01 1.479235e+01 2.809146e+01 2.812662e+01 2.539129e+01 3.267812e+01 2.944757e+01 2.718094e+01 3.046544e+01 2.590077e+01 2.100759e+01 1.442076e+01 2.740255e-01 9.979221e-01 8.955514e-01 1.897068e+00 2.307435e+00 1.892739e+00 1.983933e+00 2.689013e+00 2.815682e+00 2.340303e+00 2.469573e+00 1.831398e+00 6.758475e-01 5.751782e-02 2.266406e-01 1.971357e-01 2.733516e-01 3.589888e-01 3.777981e-01 4.424663e-01 4.031517e-01 4.276041e-01 5.547864e-01 4.375414e-01 3.956400e-01 1.110443e-01
<GCONST> 1.007791e+02
<STATE> 4
<NUMMIXES> 4
<MIXTURE> 1 1.660501e-01
<MEAN> 39
 1.190421e+01 -5.049046e-01 -6.633564e+00 -1.000050e+01 -2.073013e-01 7.917471e+00 -6.560475e+00 -7.454535e+00 -7.074856e+00 5.578962e+00 5.521001e+00 9.049316e-02 3.913737e+00 -7.605634e-01 -2.838111e+00 4.321866e-01 1.991373e+00 1.523604e+00 -1.776544e+00 -3.017206e+00 4.187063e-01 2.620594e+00 2.719045e+00 -7.980736e-01 -1.759916e+00 2.029953e+00 -4.925682e-01 1.001957e-01 7.754915e-01 8.487567e-01 -5.253792e-01 -1.383146e+00 4.663979e-01 1.215406e+00 8.026338e-01 -8.621898e-01 -1.163296e+00 -1.937715e-01 -2.512490e-01
<VARIANCE> 39
 8.329758e+00 2.001566e+01 2.874417e+01 3.646534e+01 3.505950e+01 3.812312e+01 3.963008e+01 3.953558e+01 4.402906e+01 5.310516e+01 4.398520e+01 3.006082e+01 1.418088e+01 4.686929e-01 1.600609e+00 1.495969e+00 3.334436e+00 2.554175e+00 3.428611e+00 3.654543e+00 3.048796e+00 3.069126e+00 3.707545e+00 3.850708e+00 2.120882e+00 7.639784e-01 1.274460e-01 2.873952e-01 3.750218e-01 4.308291e-01 6.786331e-01 5.849848e-01 6.493055e-01 5.668355e-01 6.721984e-01 7.687490e-01 5.547442e-01 5.415320e-01 2.286925e-01
<GCONST> 1.156706e+02
<MIXTURE> 2 3.946000e-01
<MEAN> 39
 1.179925e+01 8.920042e+00 -3.342890e+00 -1.472489e+01 -1.162824e+01 4.569919e+00 2.061694e+00 -1.627156e-01 -2.550143e+00 -2.621338e+00 -1.443486e-01 -8.120834e-01 -1.817305e+00 5.846449e-02 -1.097561e+00 -5.442525e-01 -1.573983e+00 -4.562511e-01 1.278900e+00 6.572149e-01 4.827865e-01 4.235525e-01 3.269969e-01 4.243328e-01 3.495592e-01 1.193718e+00 -1.239149e-01 -4.178000e-01 -2.345093e-01 2.585697e-01 6.676617e-01 2.917562e-01 6.695267e-02 -2.046022e-01 -2.149009e-01 4.020378e-02 1.603616e-01 1.217787e-01 1.565753e-01
<VARIANCE> 39
 5.985212e+00 1.086128e+01 2.568124e+01 2.395154e+01 2.963908e+01 3.358548e+01 3.130367e+01 3.314944e+01 3.694447e+01 2.707849e+01 2.408078e+01 2.054364e+01 6.821265e+00 1.883891e-01 9.960157e-01 9.742259e-01 1.285635e+00 2.028291e+00 1.555692e+00 1.634738e+00 1.837397e+00 2.044341e+00 2.087947e+00 1.692890e+00 1.373094e+00 4.131868e-01 3.888731e-02 1.054123e-01 1.374034e-01 1.934805e-01 2.497934e-01 2.399053e-01 2.700283e-01 2.806450e-01 3.033547e-01 3.349174e-01 3.173446e-01 2.456236e-01 5.273664e-02
<GCONST> 9.106554e+01
<MIXTURE> 3 3.414772e-01
<MEAN> 39
 1.245419e+01 3.943800e+00 -6.957513e+00 -1.389030e+01 -5.564870e+00 8.036819e+00 9.513895e-01 -1.613958e+00 -6.729499e+00 -1.313083e+00 2.830277e+00 2.122993e+00 1.191951e+00 -1.847840e-01 -2.253977e+00 -9.427222e-01 -1.740118e-01 1.794498e+00 1.421832e+00 -8.500827e-01 -7.677824e-01 -3.460356e-02 1.703941e+00 1.312369e+00 2.327730e-01 1.850208e+00 -3.497153e-01 -3.616101e-01 1.789180e-01 9.621336e-01 5.863765e-01 -6.281753e-01 -5.906288e-01 -1.031704e-01 6.958257e-01 4.247819e-01 -3.032700e-01 -5.724557e-01 -9.262891e-03
<VARIANCE> 39
 7.345901e+00 1.617979e+01 2.523632e+01 3.731771e+01 3.720080e+01 3.404540e+01 3.787110e+01 4.154011e+01 4.838098e+01 4.862991e+01 3.187573e+01 3.062330e+01 9.491117e+00 4.072451e-01 1.590306e+00 1.353681e+00 2.798908e+00 2.495160e+00 3.491647e+00 4.376580e+00 3.341557e+00 3.486287e+00 4.235954e+00 3.590681e+00 2.712945e+00 7.515254e-01 8.834422e-02 2.253749e-01 2.126397e-01 4.087448e-01 3.817411e-01 5.560578e-01 4.759508e-01 5.597060e-01 6.544280e-01 7.234585e-01 5.232403e-01 4.544326e-01 1.661457e-01
<GCONST> 1.119223e+02
<MIXTURE> 4 9.787276e-02
<MEAN> 39
 9.935792e+00 -3.343908e+00 -2.908818e+00 -4.856907e+00 1.551947e+00 -3.739696e+00 -1.171385e+01 -2.637612e+00 -5.496320e-01 7.410455e+00 -2.506063e+00 -3.098605e+00 5.220187e+00 -1.116178e+00 -1.430995e+00 2.051279e+00 1.187206e+00 -1.168852e+00 -2.561813e+00 1.540021e-01 2.687554e+00 1.134263e+00 -4.215476e-01 -1.413366e+00 2.860509e-01 1.492288e+00 -6.287456e-01 5.135486e-01 5.612548e-01 3.721345e-01 -5.724196e-01 1.050816e-01 1.308697e+00 5.176625e-02 -3.740593e-01 -1.051661e+00 1.732252e-01 4.162271e-01 -5.093041e-01
<VARIANCE> 39
 1.048030e+01 2.116327e+01 4.323663e+01 3.767362e+01 3.847093e+01 6.242027e+01 5.410078e+01 5.544612e+01 5.224281e+01 5.613221e+01 7.280729e+01 3.969970e+01 1.593095e+01 1.103660e+00 1.728723e+00 3.728768e+00 4.180549e+00 3.481989e+00 5.113705e+00 5.866950e+00 4.720109e+00 4.799110e+00 4.439378e+00 3.459233e+00 3.693897e+00 1.071510e+00 3.181176e-01 4.403451e-01 5.697170e-01 7.469015e-01 9.673609e-01 1.046973e+00 1.151482e+00 1.032622e+00 7.806380e-01 9.689512e-01 9.492281e-01 6.215348e-01 3.518120e-01
<GCONST> 1.297690e+02
<STATE> 5
<NUMMIXES> 4
<MIXTURE> 1 1.830787e-01
<MEAN> 39
 1.031421e+01 -5.279104e+00 -5.198054e+00 -5.817796e+00 1.786175e+00 1.146089e+00 -1.101039e+01 -2.748389e+00 1.132313e+00 9.251724e+00 -1.214334e+00 -4.878792e+00 6.823306e+00 -1.137751e+00 -1.943707e+00 1.659535e+00 2.312570e+00 -5.127173e-01 -3.476575e+00 -6.546090e-01 3.061427e+00 2.490268e+00 -8.086996e-01 -2.568509e+00 -4.501465e-01 1.420762e+00 -2.084483e-01 7.080333e-01 5.320747e-01 -2.727542e-02 -8.868915e-01 -2.500142e-01 1.289710e+00 4.695429e-01 -7.413450e-01 -1.416525e+00 4.210167e-02 7.805346e-01 -4.754308e-01
<VARIANCE> 39
 9.162700e+00 1.961444e+01 3.046611e+01 3.698018e+01 3.389920e+01 4.942280e+01 3.545087e+01 4.254966e+01 4.527608e+01 5.120399e+01 5.766434e+01 2.303053e+01 1.215603e+01 4.301429e-01 1.355282e+00 1.855422e+00 2.246176e+00 2.768304e+00 3.059375e+00 3.867724e+00 2.885825e+00 3.368162e+00 4.173867e+00 2.260031e+00 3.336945e+00 5.960796e-01 1.365059e-01 2.502680e-01 3.384922e-01 4.695891e-01 6.109250e-01 5.904447e-01 6.323593e-01 7.017264e-01 7.334782e-01 6.269804e-01 8.535216e-01 3.849277e-01 1.353022e-01
<GCONST> 1.147210e+02
<MIXTURE> 2 3.952743e-01
<MEAN> 39
 1.168507e+01 2.649150e+00 -7.268926e+00 -1.818437e+01 -7.603209e+00 1.032045e+01 4.629226e+00 1.714300e-01 -1.924242e+00 -9.175502e-01 1.812016e+00 8.529411e-01 2.421975e+00 -2.502974e-01 -1.829931e+00 -8.678175e-01 -3.307502e-01 1.529858e+00 1.586924e+00 5.575002e-01 -3.645668e-01 1.059010e-01 4.634982e-01 4.322182e-01 -5.491668e-03 1.295605e+00 -7.313890e-02 -2.755754e-02 -1.709594e-02 5.993125e-01 4.358934e-01 -2.381114e-01 -2.700502e-01 -3.326626e-01 -4.478950e-02 6.741652e-02 3.876790e-02 -2.222407e-01 -9.597579e-02
<VARIANCE> 39
 5.470272e+00 1.761242e+01 2.736456e+01 2.458043e+01 3.860705e+01 3.683035e+01 3.451186e+01 3.734426e+01 3.265184e+01 3.406594e+01 2.514188e+01 2.464575e+01 7.183702e+00 2.157262e-01 1.000848e+00 7.545986e-01 1.587484e+00 1.714840e+00 1.742435e+00 1.808802e+00 2.002445e+00 1.997100e+00 1.787281e+00 1.837632e+00 1.633220e+00 3.912064e-01 3.196738e-02 1.172203e-01 1.259006e-01 2.133971e-01 2.480726e-01 2.783507e-01 2.678595e-01 2.649481e-01 3.011537e-01 3.094153e-01 2.589364e-01 2.577063e-01 3.643447e-02
<GCONST> 9.214037e+01
<MIXTURE> 3 2.951517e-01
<MEAN> 39
 1.150825e+01 -2.983898e+00 -1.013214e+01 -1.124291e+01 1.447254e+00 9.528479e+00 -1.359849e+00 -2.761761e+00 -3.480382e+00 2.826983e+00 4.187788e+00 -5.351975e-01 5.450761e+00 -5.010876e-01 -1.867505e+00 -4.164180e-01 1.403551e+00 1.863618e+00 -2.368902e-01 -1.210758e+00 -3.285033e-01 1.405674e+00 1.119744e+00 -2.663948e-01 -1.158532e+00 1.235361e+00 -9.503669e-02 2.847420e-01 2.997537e-01 3.790352e-01 -2.931606e-01 -6.507144e-01 -9.155197e-02 2.797343e-01 2.756128e-01 -3.075418e-01 -5.406824e-01 -2.216859e-01 -2.579159e-01
<VARIANCE> 39
 8.770254e+00 2.095354e+01 3.180294e+01 4.527579e+01 4.239170e+01 5.821074e+01 5.505603e+01 4.407984e+01 4.671274e+01 4.931725e+01 4.391689e+01 3.653043e+01 1.083099e+01 3.146215e-01 1.344089e+00 9.186305e-01 1.771024e+00 1.919742e+00 2.729924e+00 2.800764e+00 2.564092e+00 2.874211e+00 3.454661e+00 2.451863e+00 2.341829e+00 5.177690e-01 5.710136e-02 1.152816e-01 1.379390e-01 3.068875e-01 3.093303e-01 4.004319e-01 4.056190e-01 4.313048e-01 5.602145e-01 5.177031e-01 4.654395e-01 4.570577e-01 5.018435e-02
<GCONST> 1.061178e+02
<MIXTURE> 4 1.264954e-01
<MEAN> 39
 7.469630e+00 -5.695036e+00 2.061033e+00 -2.094997e+00 -3.578844e+00 -8.689707e+00 -7.078673e+00 3.938000e+00 -9.839517e-01 1.981325e+00 -5.321713e+00 1.188222e-01 7.443580e+00 -1.440426e+00 -1.572823e-01 2.736459e+00 6.769979e-01 -2.606221e+00 -1.398042e+00 2.638986e+00 1.509130e+00 -9.819667e-01 -1.940598e+00 1.266518e-01 1.137432e+00 7.369976e-01 -7.184770e-02 8.700926e-01 -2.111802e-01 -4.721501e-01 7.676248e-03 1.060969e+00 6.270236e-01 -1.101635e+00 -5.982839e-01 -2.210676e-02 6.916736e-01 -4.037458e-02 -5.437095e-01
<VARIANCE> 39
 1.029537e+01 2.517498e+01 5.763815e+01 3.961190e+01 4.774836e+01 5.150908e+01 6.166523e+01 3.980109e+01 6.199776e+01 5.125952e+01 6.457708e+01 4.121953e+01 1.611975e+01 6.770415e-01 1.428825e+00 3.744771e+00 2.491813e+00 3.685179e+00 4.970653e+00 3.853960e+00 5.470471e+00 3.863911e+00 3.951366e+00 3.114500e+00 2.885296e+00 6.096775e-01 2.525785e-01 3.068243e-01 4.418616e-01 7.293600e-01 8.370343e-01 8.628283e-01 1.173570e+00 7.179707e-01 7.821560e-01 7.583344e-01 6.396943e-01 6.181743e-01 2.272119e-01
<GCONST> 1.247768e+02
<TRANSP> 6
 0.000000e+00 1.000000e+00 0.000000e+00 0.000000e+00 0.000000e+00 0.000000e+00
 0.000000e+00 4.807605e-01 5.192395e-01 0.000000e+00 0.000000e+00 0.000000e+00
 0.000000e+00 0.000000e+00 5.280409e-01 4.719591e-01 0.000000e+00 0.000000e+00
 0.000000e+00 0.000000e+00 0.000000e+00 4.772302e-01 5.227698e-01 0.000000e+00
 0.000000e+00 0.000000e+00 0.000000e+00 0.000000e+00 5.134797e-01 4.865203e-01
 0.000000e+00 0.000000e+00 0.000000e+00 0.000000e+00 0.000000e+00 0.000000e+00
<ENDHMM>
