~o
<STREAMINFO> 1 39
<VECSIZE> 39<NULLD><MFCC_D_A_Z_0><DIAGC>
~h "ay"
<BEGINHMM>
<NUMSTATES> 6
<STATE> 2
<NUMMIXES> 8
<MIXTURE> 1 1.202533e-01
<MEAN> 39
 -9.608536e-01 -9.931574e+00 -5.670829e+00 1.061644e+00 1.003691e+01 5.245483e+00 9.354958e-01 2.824826e+00 8.038131e-01 -2.698842e+00 2.023912e+00 6.048193e+00 1.141173e+01 -3.482657e-02 -1.155720e-01 7.594568e-02 3.757604e-01 3.663964e-01 1.944931e-02 -3.129003e-01 -1.216483e-01 -4.512016e-02 4.536703e-02 2.220115e-01 8.480615e-02 4.051604e-02 1.527751e-01 7.639652e-02 2.487922e-02 -2.192556e-01 -2.785923e-01 -2.757861e-01 -3.502135e-02 1.285644e-02 6.990843e-02 3.147542e-02 -1.199273e-01 -2.234822e-01 -1.983690e-01
<VARIANCE> 39
 1.583913e+01 2.016647e+01 2.319601e+01 3.404589e+01 4.345367e+01 4.962739e+01 6.135004e+01 5.034695e+01 5.188630e+01 4.981587e+01 6.552586e+01 5.935086e+01 2.606021e+01 6.463878e-01 9.538118e-01 1.202222e+00 1.704379e+00 2.333996e+00 2.355818e+00 2.900530e+00 2.609282e+00 2.573950e+00 2.479840e+00 2.692225e+00 2.607586e+00 4.173153e-01 9.385746e-02 1.666930e-01 2.006409e-01 2.618238e-01 3.473170e-01 4.078608e-01 4.748448e-01 4.430862e-01 4.636401e-01 4.531237e-01 4.445295e-01 4.144608e-01 7.500205e-02
<GCONST> 1.096426e+02
<MIXTURE> 2 1.704740e-01
<MEAN> 39
 2.577906e+00 -8.006234e+00 -8.320065e+00 -5.468960e+00 7.280353e+00 6.802259e+00 6.030522e-02 1.938157e+00 6.110727e+00 -2.463377e+00 -4.076017e+00 -3.799433e+00 1.242079e+01 -2.205026e-02 -5.140379e-02 -1.510125e-02 7.071783e-02 5.718400e-02 -3.350384e-02 -2.435764e-02 1.935812e-02 7.852267e-04 -1.202925e-01 -6.205238e-02 2.276595e-02 -1.859081e-02 2.184194e-02 1.209167e-02 2.727690e-02 1.309644e-02 -7.715964e-02 -9.847833e-02 3.320276e-03 2.026428e-02 -6.512892e-02 -1.333600e-02 1.668485e-02 3.533508e-02 -2.922390e-02
<VARIANCE> 39
 2.139595e+01 2.172942e+01 2.012013e+01 2.962994e+01 5.179798e+01 5.953894e+01 6.959427e+01 5.243659e+01 4.112427e+01 4.781741e+01 4.533375e+01 4.543539e+01 3.175426e+01 1.237313e-01 2.594940e-01 3.498962e-01 5.341304e-01 7.265151e-01 9.151860e-01 9.041713e-01 9.880042e-01 9.301546e-01 9.566501e-01 9.439188e-01 8.220434e-01 6.843016e-02 2.233287e-02 4.390949e-02 6.085600e-02 8.878904e-02 1.287543e-01 1.554278e-01 1.684720e-01 1.750522e-01 1.689885e-01 1.727487e-01 1.750749e-01 1.520128e-01 1.189506e-02
<GCONST> 7.925410e+01
<MIXTURE> 3 1.413032e-01
<MEAN> 39
 3.908748e+00 -4.422859e+00 -7.768808e+00 -1.513736e+00 5.244555e+00 3.907267e+00 -2.332960e-01 6.907965e-01 2.682199e+00 -2.319511e+00 -3.616000e+00 -3.668241e+00 6.584991e+00 1.109009e-02 -5.971197e-02 -1.264272e-01 3.569054e-02 2.723372e-02 -1.993499e-02 -7.431622e-02 -3.591505e-03 8.042317e-03 -1.506463e-01 -1.100389e-01 -5.007432e-02 -7.170839e-02 -5.875625e-02 -8.483391e-02 1.195726e-01 -7.684243e-02 -3.613888e-02 -1.148849e-01 -1.147928e-02 3.450488e-02 -6.928279e-02 -1.026239e-01 3.589899e-02 1.302532e-01 2.273780e-02
<VARIANCE> 39
 1.755481e+01 2.350458e+01 3.371722e+01 4.592847e+01 5.376016e+01 6.105405e+01 6.310836e+01 5.170175e+01 5.869497e+01 6.052045e+01 5.350567e+01 4.194788e+01 3.888686e+01 3.407850e-01 7.741721e-01 9.812667e-01 1.278444e+00 1.603613e+00 1.898784e+00 2.051369e+00 2.244415e+00 2.192033e+00 2.108176e+00 1.971834e+00 1.807629e+00 3.677461e-01 4.432107e-02 9.397861e-02 1.537290e-01 2.127009e-01 2.684742e-01 3.180209e-01 3.394533e-01 3.572364e-01 3.816477e-01 3.529078e-01 3.426974e-01 2.982080e-01 3.781746e-02
<GCONST> 1.030871e+02
<MIXTURE> 4 1.216434e-01
<MEAN> 39
 1.424682e+00 -1.112518e+01 -7.631409e+00 -3.426436e+00 5.716999e+00 1.136218e+00 -3.603661e+00 2.161745e+00 -2.529063e+00 -7.740781e+00 -4.385940e+00 -5.324536e-01 1.006515e+01 -2.370469e-02 -9.854569e-02 -4.977997e-02 7.219129e-02 1.385804e-01 3.735197e-03 -1.371855e-01 -8.470389e-02 -9.894975e-02 -5.765462e-02 1.010149e-01 7.691699e-02 -4.647651e-02 1.595499e-01 2.511502e-01 2.709792e-01 2.123275e-01 1.935135e-01 2.416559e-01 3.609182e-01 2.749658e-01 3.409039e-01 2.915197e-01 2.008943e-01 1.295362e-01 1.936829e-02
<VARIANCE> 39
 1.281831e+01 2.125817e+01 2.556483e+01 3.171102e+01 5.321147e+01 5.150179e+01 5.899666e+01 5.547787e+01 5.404510e+01 4.523825e+01 4.739976e+01 4.950827e+01 2.041758e+01 2.571245e-01 5.384184e-01 7.473316e-01 1.005477e+00 1.448103e+00 1.493166e+00 1.789458e+00 1.751956e+00 1.775688e+00 1.660635e+00 1.521523e+00 1.447883e+00 1.323539e-01 3.275726e-02 7.009506e-02 9.800432e-02 1.442568e-01 1.906730e-01 2.150489e-01 2.494331e-01 2.664541e-01 2.541759e-01 2.546691e-01 2.472909e-01 2.343537e-01 1.843945e-02
<GCONST> 9.225108e+01
<MIXTURE> 5 1.117696e-01
<MEAN> 39
 3.026600e+00 -6.981366e+00 -6.058722e+00 -2.892805e+00 2.910130e+00 2.146058e+00 8.835465e-01 6.446770e+00 1.968523e+00 -5.731149e+00 -5.370367e+00 -1.182169e+00 9.499747e+00 -3.747244e-01 -9.310477e-01 -3.198503e-01 3.365209e-01 1.204055e+00 8.900663e-01 4.223855e-01 1.054754e-01 -6.056447e-01 -7.816386e-01 5.513884e-02 4.571727e-01 4.971761e-01 3.428978e-02 3.913617e-01 2.868772e-01 2.429956e-01 -9.576414e-02 -3.151445e-01 -3.249593e-01 -5.922225e-01 -8.598609e-02 3.484811e-01 3.061285e-01 1.103069e-02 -3.694273e-01
<VARIANCE> 39
 1.080781e+01 1.796715e+01 2.226926e+01 2.479277e+01 4.608315e+01 4.260403e+01 6.067276e+01 4.683102e+01 6.016329e+01 4.551337e+01 3.707343e+01 4.256775e+01 1.944421e+01 3.973807e-01 8.739537e-01 1.130646e+00 1.351919e+00 2.084235e+00 2.240100e+00 2.561063e+00 2.901089e+00 2.656122e+00 2.554801e+00 2.362378e+00 2.164685e+00 3.313526e-01 9.380032e-02 1.469846e-01 2.158254e-01 2.329560e-01 3.435844e-01 3.605474e-01 4.951304e-01 4.737931e-01 5.525458e-01 4.360663e-01 3.795391e-01 3.935508e-01 7.310413e-02
<GCONST> 1.056432e+02
<MIXTURE> 6 6.703891e-02
<MEAN> 39
 5.049883e+00 -1.296236e+01 -2.317296e+00 -7.241388e+00 1.338584e+01 -1.904470e+00 4.446482e+00 -1.045140e+00 3.923420e+00 -7.087196e+00 5.333492e-02 -9.001454e-01 9.561710e+00 -2.011914e-02 -5.411120e-02 2.624141e-02 8.118339e-02 6.500734e-02 -2.425879e-03 -4.942472e-02 -3.599494e-03 -7.363945e-02 -5.536763e-02 6.214750e-02 4.888835e-02 1.805315e-02 -1.307044e-01 3.269067e-01 -2.490077e-01 3.344538e-01 -4.985880e-01 2.945475e-01 -3.372548e-01 3.356938e-01 -2.833996e-01 2.909236e-01 -1.909334e-01 1.604248e-01 -2.901481e-02
<VARIANCE> 39
 1.377488e+01 2.599047e+01 3.184933e+01 3.844204e+01 5.274113e+01 5.986826e+01 6.480715e+01 5.840002e+01 5.697160e+01 5.714661e+01 5.966656e+01 6.841162e+01 2.004259e+01 3.921740e-01 8.436666e-01 1.020577e+00 1.410906e+00 1.864581e+00 1.834306e+00 1.939416e+00 2.040472e+00 1.905878e+00 1.854662e+00 1.757411e+00 1.615101e+00 2.810600e-01 5.674218e-02 1.111381e-01 1.376507e-01 1.824663e-01 2.224178e-01 2.428221e-01 2.851086e-01 2.920373e-01 2.957224e-01 3.029183e-01 2.980285e-01 2.797682e-01 4.828649e-02
<GCONST> 1.011827e+02
<MIXTURE> 7 1.671934e-01
<MEAN> 39
 2.682181e+00 -1.019275e+01 -3.807528e+00 -8.902096e-01 8.384691e+00 4.164278e+00 -2.301019e-01 7.031770e+00 -1.838381e+00 -5.263184e+00 -2.539379e+00 3.334350e+00 1.030822e+01 1.847367e-04 -1.326181e-01 -5.661522e-02 1.169844e-01 2.763711e-01 9.041299e-02 -2.022599e-01 -1.250309e-01 -6.005307e-02 -6.732606e-03 1.280067e-01 4.752930e-02 -3.982213e-02 -4.615102e-02 -3.551417e-03 -1.216313e-01 -1.840198e-01 -2.119360e-01 -2.280604e-01 -1.038200e-01 -2.396330e-01 1.915121e-02 -8.242832e-02 -5.969235e-02 -1.840178e-01 -6.530730e-02
<VARIANCE> 39
 1.115452e+01 1.959869e+01 1.993040e+01 2.641308e+01 5.476808e+01 4.289876e+01 5.765523e+01 4.640890e+01 4.561915e+01 3.936930e+01 4.124845e+01 3.432304e+01 1.642708e+01 2.200132e-01 4.902467e-01 6.512466e-01 8.799545e-01 1.314109e+00 1.270177e+00 1.564325e+00 1.517786e+00 1.581877e+00 1.469221e+00 1.358214e+00 1.282156e+00 1.146953e-01 3.114766e-02 7.344820e-02 8.638635e-02 1.200103e-01 1.725749e-01 1.832207e-01 2.265648e-01 2.157756e-01 2.511341e-01 2.391836e-01 2.163807e-01 1.954067e-01 1.484945e-02
<GCONST> 8.705116e+01
<MIXTURE> 8 1.003243e-01
<MEAN> 39
 2.414694e+00 -7.729502e+00 -5.234130e+00 -2.557444e+00 5.579481e+00 1.142584e+00 3.557196e-01 1.962342e+00 1.962877e+00 -2.298657e+00 -1.419901e+00 5.484189e-01 6.605678e+00 3.407288e-01 -1.268428e+00 -4.056717e-01 -7.074622e-01 5.134506e-01 1.864977e-01 -6.361354e-02 3.065574e-01 -6.620368e-02 -5.450037e-01 -2.815900e-01 3.693261e-02 2.281190e+00 -3.050736e-01 4.095972e-01 2.694631e-01 4.077886e-01 -1.319061e-02 8.374228e-02 7.024246e-02 -1.029998e-01 -1.047200e-01 4.501361e-02 8.798223e-02 -3.137634e-02 -5.815537e-01
<VARIANCE> 39
 2.715812e+01 4.529710e+01 4.226828e+01 5.388593e+01 8.209272e+01 6.891176e+01 6.838762e+01 6.399517e+01 6.311582e+01 6.393427e+01 6.823244e+01 6.441023e+01 5.418683e+01 2.352492e+00 3.597615e+00 3.095319e+00 4.426288e+00 4.592015e+00 4.518870e+00 4.957046e+00 5.047001e+00 4.798163e+00 4.522694e+00 4.385930e+00 4.440084e+00 5.615767e+00 3.729762e-01 5.627308e-01 5.208076e-01 6.745124e-01 7.866591e-01 7.708822e-01 8.463135e-01 8.815203e-01 8.425361e-01 8.171623e-01 7.658272e-01 7.484736e-01 6.634911e-01
<GCONST> 1.382680e+02
<STATE> 3
<NUMMIXES> 8
<MIXTURE> 1 1.179936e-01
<MEAN> 39
 -5.970123e-01 -1.040075e+01 -5.072901e+00 1.700494e+00 9.657988e+00 7.404051e-01 -2.459235e+00 4.874008e+00 -7.738376e-01 -5.019863e-01 7.448786e+00 1.162824e+01 8.899239e+00 -3.791837e-02 -1.654264e-02 -4.528496e-03 -6.497997e-02 -1.598987e-01 -6.649925e-02 3.677308e-02 -3.050264e-03 -5.070231e-02 2.387764e-02 1.025166e-01 9.539875e-02 -5.971407e-02 6.542435e-02 9.501506e-02 7.141106e-02 1.330044e-02 -2.472550e-02 7.228930e-02 1.255556e-01 4.228735e-02 3.029957e-02 -3.075200e-02 -9.478430e-02 -1.024006e-01 6.612903e-03
<VARIANCE> 39
 1.335306e+01 1.888365e+01 2.498763e+01 3.525996e+01 4.118024e+01 4.261369e+01 5.085033e+01 5.016815e+01 4.649871e+01 4.564197e+01 4.942426e+01 5.070482e+01 1.756539e+01 2.860703e-01 5.360203e-01 7.445987e-01 9.043970e-01 1.132759e+00 1.181482e+00 1.357420e+00 1.369442e+00 1.272766e+00 1.313985e+00 1.436626e+00 1.311251e+00 1.071932e-01 4.120642e-02 7.950877e-02 1.143232e-01 1.437267e-01 1.709321e-01 1.842016e-01 2.044624e-01 2.247823e-01 2.073059e-01 2.167147e-01 2.256484e-01 2.052791e-01 1.386327e-02
<GCONST> 8.838953e+01
<MIXTURE> 2 1.646217e-01
<MEAN> 39
 3.496658e+00 -6.468572e+00 -6.867693e+00 -1.988392e+00 4.186791e+00 4.129595e+00 -9.870236e-01 3.799093e+00 4.107680e+00 -5.451838e+00 -4.768853e+00 -2.243010e+00 9.191049e+00 3.449565e-03 1.361268e-02 5.558096e-02 4.044982e-02 -4.065093e-02 -2.758044e-02 3.843905e-02 6.617443e-02 1.198631e-02 -8.377469e-03 2.383101e-02 4.477267e-02 -1.175016e-02 -2.633895e-03 7.063034e-04 1.299005e-03 -5.270889e-03 -2.126303e-02 -3.127489e-02 1.970507e-04 -2.501671e-03 -1.417807e-02 -2.729673e-03 -1.430114e-03 3.643144e-03 -5.890132e-03
<VARIANCE> 39
 9.520763e+00 1.267740e+01 1.726314e+01 2.060342e+01 3.359171e+01 3.797414e+01 4.748850e+01 4.219672e+01 4.843668e+01 4.104794e+01 3.009537e+01 3.115676e+01 1.347325e+01 3.603736e-02 8.682165e-02 1.418910e-01 1.926762e-01 2.943079e-01 3.247161e-01 3.597391e-01 3.860410e-01 3.986200e-01 3.955482e-01 3.837399e-01 3.467110e-01 1.865495e-02 1.000000e-02 1.617907e-02 2.618904e-02 3.673608e-02 5.303358e-02 6.081450e-02 6.894261e-02 7.353570e-02 7.753194e-02 7.635717e-02 7.288099e-02 6.656892e-02 1.000000e-02
<GCONST> 5.084320e+01
<MIXTURE> 3 4.810537e-02
<MEAN> 39
 1.317361e+00 -6.531425e+00 -4.122084e+00 -2.938605e-01 5.061552e+00 1.136032e+00 -3.746673e-02 3.112659e+00 4.309471e-01 -4.139565e+00 -1.299363e+00 1.105099e+00 6.236368e+00 3.875501e-02 2.573301e-01 1.766549e-01 1.511175e-02 -4.746059e-01 -1.612057e-01 1.538068e-01 1.169857e-01 -1.480221e-01 -1.835421e-02 -2.726961e-02 -4.302111e-02 -1.255688e-01 7.154212e-03 2.022734e-01 1.048177e-01 3.662871e-02 -1.546721e-01 -8.049245e-02 -1.927150e-02 -1.356886e-01 -4.549065e-02 1.560745e-01 1.148671e-01 5.349407e-03 -1.867165e-01
<VARIANCE> 39
 2.476920e+01 3.980595e+01 4.175278e+01 4.294488e+01 6.917796e+01 5.513830e+01 6.067028e+01 5.940642e+01 6.148770e+01 6.697559e+01 6.209412e+01 6.936420e+01 5.672627e+01 6.039329e-01 1.034481e+00 1.391395e+00 1.600218e+00 2.192149e+00 2.253456e+00 2.621364e+00 2.684464e+00 2.536211e+00 2.509379e+00 2.412261e+00 2.241561e+00 5.902217e-01 1.220617e-01 2.397170e-01 2.763339e-01 3.349705e-01 4.427922e-01 4.398066e-01 4.892358e-01 5.180733e-01 5.025738e-01 5.058135e-01 4.484752e-01 4.330617e-01 1.469471e-01
<GCONST> 1.162720e+02
<MIXTURE> 4 1.197742e-01
<MEAN> 39
 1.634477e+00 -9.249294e+00 -7.824531e+00 -2.872363e+00 3.923113e+00 8.250291e-03 -3.683701e+00 1.983862e+00 -2.695692e+00 -8.322376e+00 -3.826723e+00 -7.713336e-02 8.392344e+00 -9.130135e-03 2.187612e-02 6.321723e-02 -6.767732e-03 -1.132967e-01 -3.302537e-02 7.884488e-02 2.028407e-02 -4.841807e-02 -9.103615e-03 2.682099e-02 7.532122e-03 -2.376978e-02 1.378965e-01 2.166265e-01 2.615777e-01 2.711816e-01 2.546937e-01 3.014705e-01 3.339895e-01 2.950537e-01 2.824097e-01 2.572835e-01 2.009230e-01 1.749000e-01 4.295590e-02
<VARIANCE> 39
 9.194660e+00 1.689948e+01 2.094914e+01 2.474700e+01 4.263580e+01 4.182442e+01 4.890837e+01 4.559487e+01 5.656777e+01 4.206864e+01 5.121153e+01 5.109280e+01 1.376457e+01 9.137546e-02 2.142767e-01 3.361625e-01 4.330319e-01 6.400213e-01 6.460546e-01 7.576416e-01 7.329126e-01 7.570395e-01 7.240155e-01 6.723344e-01 6.210911e-01 3.950213e-02 1.332854e-02 3.108194e-02 4.810613e-02 6.310696e-02 8.947539e-02 9.529941e-02 1.066375e-01 1.172016e-01 1.221168e-01 1.237652e-01 1.211427e-01 1.133750e-01 1.000000e-02
<GCONST> 6.858043e+01
<MIXTURE> 5 1.724139e-01
<MEAN> 39
 3.967917e+00 -6.367984e+00 -8.075540e+00 -5.484462e-01 4.546450e+00 3.257877e+00 -1.209990e-01 2.714054e+00 3.969469e+00 -6.191653e+00 -5.371932e+00 -1.790292e+00 8.086082e+00 7.249187e-02 1.515203e-01 2.315103e-01 2.236556e-01 4.032986e-02 5.701693e-02 2.404341e-01 3.217772e-01 1.631091e-01 8.354034e-02 1.407380e-01 2.254222e-01 -1.569717e-02 -6.844278e-03 1.946082e-02 6.177287e-02 -3.948668e-02 -5.707050e-02 -4.429690e-02 -8.464417e-03 3.769389e-02 -6.440162e-02 2.846842e-02 3.987132e-02 8.879669e-03 -1.177891e-02
<VARIANCE> 39
 7.896703e+00 1.394001e+01 1.750017e+01 2.316850e+01 3.385994e+01 3.871244e+01 4.868470e+01 4.374775e+01 5.230424e+01 4.460638e+01 3.260278e+01 3.253258e+01 1.021059e+01 1.173798e-01 2.824832e-01 4.559433e-01 5.780483e-01 9.216231e-01 1.032412e+00 1.097974e+00 1.131134e+00 1.118213e+00 1.129280e+00 1.038748e+00 9.310501e-01 7.578842e-02 1.398972e-02 3.817672e-02 6.043417e-02 8.565083e-02 1.245709e-01 1.404106e-01 1.620501e-01 1.677094e-01 1.747972e-01 1.739955e-01 1.613584e-01 1.442196e-01 1.000000e-02
<GCONST> 7.500910e+01
<MIXTURE> 6 1.224768e-01
<MEAN> 39
 2.498495e+00 -7.748320e+00 -4.531240e+00 1.239255e+00 8.372124e+00 3.324148e+00 -5.061315e-01 5.692459e+00 -2.501195e-01 -4.475897e+00 8.358447e-01 4.420342e+00 9.043270e+00 9.716854e-02 1.570406e-01 2.254753e-01 1.874072e-01 1.054527e-01 1.795803e-01 2.594287e-01 2.038892e-01 1.128654e-01 1.156764e-01 1.269639e-01 8.031661e-02 1.784446e-02 -1.467546e-01 -1.902847e-01 -2.426124e-01 -2.814195e-01 -3.054940e-01 -2.812293e-01 -2.415767e-01 -2.530285e-01 -2.085185e-01 -1.588205e-01 -1.299638e-01 -8.521745e-02 -5.916029e-02
<VARIANCE> 39
 9.673007e+00 1.518686e+01 2.051393e+01 2.793658e+01 4.193649e+01 3.916525e+01 4.674873e+01 4.459659e+01 5.140889e+01 4.241633e+01 5.236699e+01 5.446599e+01 1.477375e+01 1.026207e-01 2.173976e-01 3.262692e-01 4.072257e-01 5.791625e-01 5.744839e-01 6.803643e-01 6.984360e-01 6.902136e-01 6.587811e-01 6.316754e-01 6.160033e-01 4.048644e-02 1.490199e-02 3.238800e-02 4.484287e-02 6.242518e-02 8.354101e-02 9.236080e-02 1.081419e-01 1.170842e-01 1.259456e-01 1.340923e-01 1.388803e-01 1.377864e-01 1.000000e-02
<GCONST> 6.840529e+01
<MIXTURE> 7 1.346270e-01
<MEAN> 39
 2.541106e+00 -7.860402e+00 -5.802464e+00 -3.358135e-01 6.474355e+00 2.532666e+00 -1.149231e+00 4.494750e+00 -8.325511e-01 -6.139168e+00 -1.416718e+00 2.351485e+00 8.668591e+00 -2.812691e-01 -3.800978e-01 -4.312095e-01 -5.556073e-01 -6.361292e-01 -6.170788e-01 -5.274388e-01 -5.423670e-01 -5.540648e-01 -4.308238e-01 -3.270102e-01 -2.814873e-01 -1.316200e-01 -2.802019e-02 -2.648627e-02 -4.058713e-02 -7.016980e-02 -9.545454e-02 -7.009915e-02 -4.392972e-02 -6.494747e-02 -4.277789e-02 -3.243612e-02 -4.642208e-02 -3.637176e-02 -1.548540e-02
<VARIANCE> 39
 8.855461e+00 1.554268e+01 2.007450e+01 2.531623e+01 4.099430e+01 3.969885e+01 4.794950e+01 4.456423e+01 5.471353e+01 4.125222e+01 4.845178e+01 4.935268e+01 1.332405e+01 7.112187e-02 1.683573e-01 2.607049e-01 3.225569e-01 5.016223e-01 4.896920e-01 5.894586e-01 5.904214e-01 6.509080e-01 6.636876e-01 6.389957e-01 6.320824e-01 3.333809e-02 1.301534e-02 3.027035e-02 4.641980e-02 6.287042e-02 8.675688e-02 9.511001e-02 1.094424e-01 1.159477e-01 1.204659e-01 1.178735e-01 1.083399e-01 1.038232e-01 1.000000e-02
<GCONST> 6.529077e+01
<MIXTURE> 8 1.199875e-01
<MEAN> 39
 3.211053e-01 -9.455462e+00 -4.526138e+00 6.125807e-01 7.852341e+00 1.701877e+00 -8.039159e-01 5.201846e+00 -2.570242e+00 -3.129056e+00 4.268051e+00 8.912811e+00 9.406345e+00 1.020742e-01 1.675673e-01 2.249559e-01 1.894196e-01 1.197784e-01 1.997533e-01 2.420475e-01 1.538047e-01 8.669956e-02 1.014819e-01 8.192135e-02 2.109404e-02 3.607378e-02 2.210981e-02 3.938802e-02 2.598459e-02 1.534467e-02 -3.282722e-03 2.726806e-02 3.190439e-02 1.396706e-02 3.450636e-02 -5.595897e-03 -1.393120e-02 -3.890524e-02 1.333263e-03
<VARIANCE> 39
 1.165183e+01 1.638449e+01 1.891598e+01 2.712902e+01 3.922026e+01 3.848240e+01 4.610795e+01 4.517371e+01 4.441273e+01 4.553119e+01 5.334906e+01 4.640889e+01 1.795809e+01 8.481307e-02 1.709988e-01 2.494681e-01 2.924397e-01 4.132124e-01 3.894849e-01 4.753647e-01 4.748035e-01 4.727592e-01 4.703668e-01 4.732698e-01 4.600593e-01 2.799629e-02 1.111382e-02 2.376195e-02 3.338936e-02 4.291937e-02 5.647331e-02 5.881406e-02 6.847608e-02 7.627183e-02 7.734087e-02 7.677415e-02 7.738578e-02 7.613978e-02 1.000000e-02
<GCONST> 5.905967e+01
<STATE> 4
<NUMMIXES> 8
<MIXTURE> 1 8.410630e-02
<MEAN> 39
 -2.239870e+00 -7.054586e+00 -1.686431e+00 1.008117e+00 3.204071e+00 5.604282e-01 1.197805e+00 6.748612e+00 6.574415e+00 1.347231e+01 1.735654e+01 1.004972e+01 7.824840e+00 1.876763e-03 9.179641e-02 9.692443e-02 -7.081524e-02 -1.933669e-01 3.338833e-02 9.824885e-02 -8.046616e-02 2.747002e-02 1.239642e-01 3.292144e-02 -3.812632e-02 -6.613477e-02 1.018289e-02 7.636927e-03 -1.592834e-02 -3.073470e-02 -3.661256e-02 -1.956421e-02 3.817980e-03 3.470780e-03 1.135094e-02 -5.279058e-02 -6.207544e-02 -4.936730e-03 -1.225298e-02
<VARIANCE> 39
 1.212717e+01 2.274117e+01 3.979654e+01 3.976952e+01 8.672216e+01 5.332454e+01 5.048980e+01 6.718965e+01 9.659747e+01 6.454024e+01 6.414233e+01 1.377007e+02 2.104631e+01 2.281075e-01 4.796790e-01 6.940385e-01 8.462300e-01 9.891101e-01 9.031686e-01 1.131749e+00 1.155935e+00 1.249853e+00 1.307591e+00 1.339682e+00 1.281207e+00 8.837345e-02 4.066836e-02 8.137555e-02 1.210156e-01 1.523489e-01 1.530220e-01 1.592989e-01 1.923352e-01 1.990827e-01 2.141213e-01 2.189727e-01 2.263077e-01 2.057803e-01 1.345972e-02
<GCONST> 9.100323e+01
<MIXTURE> 2 1.270702e-01
<MEAN> 39
 1.859004e+00 1.568529e+00 6.722395e+00 -2.881871e+00 -1.128291e+01 -1.386237e+00 4.124024e+00 -1.601396e+00 -4.190556e+00 1.108682e+00 -1.741888e+00 -2.075812e+00 4.217053e+00 5.675811e-03 1.571677e-01 1.673201e-01 6.251505e-04 -8.650205e-02 3.138734e-03 -1.089292e-01 -2.003939e-01 -1.384783e-02 1.781905e-01 -1.137176e-02 -3.687585e-03 -1.229620e-01 9.266767e-03 -2.072331e-02 -4.652936e-02 2.837299e-02 4.976379e-02 -2.749879e-02 -1.753000e-02 4.486920e-02 2.707720e-03 -6.753100e-02 -1.637476e-03 1.951455e-02 -5.215349e-03
<VARIANCE> 39
 8.439563e+00 1.956139e+01 2.549584e+01 4.055103e+01 3.347625e+01 4.730161e+01 3.881324e+01 5.426855e+01 4.477226e+01 5.363494e+01 5.579251e+01 4.951884e+01 1.766600e+01 6.722334e-02 2.031555e-01 3.319201e-01 4.098586e-01 5.442435e-01 6.273487e-01 7.484729e-01 8.299191e-01 8.370536e-01 8.259208e-01 7.623882e-01 6.817491e-01 4.991669e-02 1.165320e-02 3.044726e-02 5.236861e-02 7.449858e-02 9.776255e-02 1.131754e-01 1.314860e-01 1.399258e-01 1.442421e-01 1.465727e-01 1.367192e-01 1.234535e-01 1.000000e-02
<GCONST> 7.093102e+01
<MIXTURE> 3 1.381257e-01
<MEAN> 39
 3.883509e+00 -4.336441e+00 -5.698626e+00 -1.220531e+00 2.242227e+00 -1.784188e-01 -1.479820e+00 4.375837e+00 1.459888e+00 -6.748057e+00 -5.919627e+00 -2.319614e+00 5.896366e+00 1.065781e-01 4.423368e-01 2.981594e-01 5.305898e-02 -4.645996e-01 -4.417632e-01 -6.404907e-02 -1.005073e-02 -4.239693e-02 1.999999e-01 1.245390e-01 -3.945270e-03 -3.430979e-01 1.412429e-02 1.202082e-01 1.615888e-01 5.222963e-02 -4.328047e-02 -1.477053e-02 5.025569e-02 -1.384369e-01 -1.140813e-01 1.504233e-01 1.806363e-01 5.068028e-02 -9.430902e-02
<VARIANCE> 39
 7.887298e+00 1.659916e+01 1.820920e+01 2.532973e+01 3.769938e+01 4.298460e+01 4.870667e+01 4.570675e+01 6.136235e+01 5.041108e+01 3.561982e+01 3.526252e+01 1.475792e+01 2.431588e-01 5.575043e-01 9.057298e-01 1.010283e+00 1.535976e+00 1.708570e+00 1.884344e+00 2.055620e+00 2.027210e+00 1.931147e+00 1.780861e+00 1.696464e+00 1.967674e-01 3.768144e-02 8.851244e-02 1.281019e-01 1.691357e-01 2.263038e-01 2.681347e-01 3.098016e-01 3.603632e-01 3.461415e-01 3.293963e-01 2.828475e-01 2.568685e-01 3.445933e-02
<GCONST> 9.403413e+01
<MIXTURE> 4 2.417269e-01
<MEAN> 39
 3.995261e+00 -1.442960e+00 -3.823908e+00 3.010898e-01 1.839080e+00 -3.058701e-01 -9.546608e-01 3.330527e+00 -1.142468e+00 -7.171747e+00 -4.758531e+00 -1.765729e+00 3.089871e+00 -7.142776e-03 4.349713e-02 8.707348e-02 1.909306e-02 -9.373793e-02 -4.047419e-02 4.420820e-02 1.137918e-02 -5.286033e-02 -4.353808e-03 4.263471e-02 1.769962e-02 -4.952225e-02 -8.108377e-03 1.470658e-03 2.086462e-02 -1.385530e-02 -3.814298e-02 -9.157789e-03 1.717326e-02 -6.936008e-03 6.996165e-05 1.012467e-02 -4.199574e-03 -1.011962e-02 -1.244869e-03
<VARIANCE> 39
 5.470018e+00 9.683537e+00 1.568847e+01 2.269119e+01 2.893100e+01 3.159513e+01 3.860820e+01 3.797390e+01 5.266000e+01 4.887566e+01 3.737320e+01 3.482562e+01 6.347288e+00 6.439205e-02 1.789954e-01 3.032685e-01 4.014157e-01 6.003386e-01 6.476095e-01 7.645108e-01 8.184042e-01 8.420802e-01 8.200472e-01 7.770533e-01 7.202290e-01 4.331065e-02 1.126656e-02 3.047181e-02 5.163790e-02 7.344959e-02 1.026428e-01 1.181120e-01 1.362416e-01 1.519370e-01 1.553074e-01 1.535593e-01 1.448903e-01 1.336734e-01 1.000000e-02
<GCONST> 6.630273e+01
<MIXTURE> 5 1.036012e-01
<MEAN> 39
 1.524917e+00 -8.771239e+00 -2.856805e+00 -4.583746e-01 3.162577e+00 1.707700e+00 3.451122e+00 5.212911e+00 -4.300151e+00 -7.026388e+00 3.534891e-01 4.183733e+00 8.836802e+00 -1.289647e-01 4.568213e-01 7.088890e-01 -4.741876e-01 -1.583483e+00 -2.170238e-01 1.174341e+00 5.526309e-02 -4.768870e-01 2.654051e-01 2.081669e-03 -2.888940e-01 -1.317260e-01 1.011041e-02 1.578414e-01 5.281428e-02 -1.759269e-01 -2.898042e-01 -1.372415e-01 -1.264730e-01 -1.615958e-01 1.465554e-01 2.359639e-01 -1.404718e-01 -2.489208e-01 -9.973558e-02
<VARIANCE> 39
 1.048102e+01 1.665718e+01 2.002093e+01 2.558302e+01 3.743267e+01 3.819651e+01 4.685117e+01 4.622429e+01 5.008003e+01 4.355000e+01 5.204284e+01 4.560494e+01 1.572904e+01 2.026131e-01 4.846664e-01 7.539737e-01 9.864972e-01 1.310649e+00 1.566546e+00 1.642011e+00 1.958402e+00 1.796782e+00 1.780043e+00 1.673452e+00 1.524382e+00 1.010847e-01 3.323770e-02 7.542311e-02 1.057433e-01 1.462678e-01 1.836758e-01 2.396494e-01 2.624995e-01 2.775235e-01 2.889402e-01 2.770378e-01 2.645738e-01 2.276108e-01 1.581718e-02
<GCONST> 8.993539e+01
<MIXTURE> 6 8.771606e-02
<MEAN> 39
 -6.478462e-01 -6.021289e+00 -1.813309e+00 -6.053650e-01 1.384142e+00 -2.416733e-01 1.620768e+00 4.135125e+00 3.748320e+00 5.144571e+00 7.894655e+00 6.004481e+00 5.829056e+00 9.097911e-02 4.602343e-01 1.742957e-01 -1.423877e-01 -6.716120e-01 -2.671241e-01 2.179125e-02 -3.251823e-01 -2.224829e-02 2.355453e-01 5.889243e-02 -5.762546e-02 -4.141975e-01 2.601845e-02 1.351836e-01 4.292271e-02 6.361891e-02 1.066666e-02 -3.324915e-02 -5.763694e-02 -1.068616e-01 -5.678736e-02 -6.903575e-02 -1.305901e-01 -9.753066e-02 -1.226312e-01
<VARIANCE> 39
 2.541232e+01 4.052984e+01 4.478793e+01 4.617253e+01 8.682533e+01 6.301627e+01 7.096329e+01 7.559675e+01 9.343600e+01 1.209329e+02 1.282918e+02 1.427370e+02 5.344801e+01 8.411778e-01 1.434477e+00 1.821025e+00 2.234024e+00 3.110687e+00 3.070489e+00 3.350495e+00 3.564023e+00 3.771038e+00 3.886042e+00 3.812812e+00 3.882545e+00 8.601608e-01 1.348237e-01 2.268806e-01 2.920944e-01 3.524011e-01 4.265033e-01 5.154960e-01 5.422323e-01 6.053129e-01 6.516514e-01 6.546128e-01 6.243351e-01 6.227956e-01 1.310104e-01
<GCONST> 1.259082e+02
<MIXTURE> 7 1.462394e-01
<MEAN> 39
 2.148336e+00 -3.908618e+00 1.060316e+00 -2.632579e+00 -6.492479e+00 -7.571827e-01 5.622469e+00 3.803617e+00 -4.540167e+00 -5.050422e+00 -1.633819e+00 -6.410244e-01 6.644509e+00 -7.131860e-02 5.056196e-01 7.090399e-01 -2.616038e-01 -9.126514e-01 -1.047634e-01 1.936037e-01 -4.223270e-01 -6.128708e-02 7.487118e-01 7.591550e-02 -3.254851e-01 -2.334380e-01 2.045839e-02 4.208292e-02 -1.904461e-02 4.246719e-02 1.293312e-01 -1.661954e-02 -1.764009e-01 -5.792912e-02 1.212680e-01 6.590784e-02 -4.934755e-02 2.063497e-02 -3.545924e-02
<VARIANCE> 39
 8.454244e+00 1.649747e+01 1.812418e+01 2.586742e+01 3.017505e+01 3.955548e+01 3.839426e+01 4.546326e+01 5.055966e+01 4.219490e+01 3.588912e+01 3.874315e+01 1.522749e+01 1.213877e-01 3.374809e-01 5.657138e-01 7.482185e-01 9.738869e-01 1.154528e+00 1.283163e+00 1.459111e+00 1.566178e+00 1.483452e+00 1.516238e+00 1.208279e+00 7.348996e-02 1.772559e-02 4.657810e-02 7.387471e-02 1.047895e-01 1.271381e-01 1.674380e-01 1.927458e-01 2.115070e-01 2.115336e-01 2.079868e-01 1.883522e-01 1.763281e-01 1.000000e-02
<GCONST> 8.032454e+01
<MIXTURE> 8 7.141418e-02
<MEAN> 39
 1.385945e+00 -1.515336e+00 -1.461757e+00 -1.409393e-01 -1.940824e+00 -4.004311e-02 6.028451e+00 1.111569e+01 5.466765e+00 -4.339546e+00 -7.883227e+00 -8.325685e+00 5.175546e+00 -1.956137e-02 -6.443539e-03 5.862797e-02 4.009608e-02 -5.625096e-02 -5.715995e-02 6.619537e-03 1.412134e-02 -4.517606e-02 -4.201712e-02 6.372011e-02 7.801738e-02 -2.541532e-02 -7.638173e-04 -5.249825e-02 -6.632967e-02 -3.983320e-02 4.326414e-02 4.819652e-02 -6.806495e-02 -1.602591e-01 -1.000791e-01 3.229428e-02 1.147173e-01 6.239934e-02 1.247163e-02
<VARIANCE> 39
 1.864714e+01 2.436352e+01 2.291411e+01 2.971352e+01 5.885463e+01 6.187495e+01 1.010105e+02 9.832001e+01 1.140617e+02 1.258865e+02 9.211850e+01 1.371145e+02 2.298359e+01 1.442832e-01 3.450357e-01 5.324094e-01 5.675895e-01 8.317578e-01 9.049389e-01 1.025862e+00 1.133407e+00 1.171064e+00 1.179788e+00 1.214414e+00 1.134791e+00 6.738926e-02 3.011773e-02 7.254311e-02 1.076847e-01 1.209289e-01 1.679067e-01 2.089744e-01 2.372752e-01 2.654196e-01 2.685871e-01 2.805954e-01 2.718279e-01 2.600864e-01 1.104966e-02
<GCONST> 9.116804e+01
<STATE> 5
<NUMMIXES> 8
<MIXTURE> 1 1.279795e-01
<MEAN> 39
 6.577532e-01 5.795397e-01 7.992675e+00 -6.724687e+00 -1.200473e+01 6.283746e-01 3.057137e+00 -4.435905e+00 -3.685437e+00 4.278512e+00 -1.693429e+00 3.080766e-01 4.142754e+00 1.058963e-01 5.148375e-01 2.846732e-01 2.234915e-01 -1.657125e-01 -3.197475e-01 -4.936277e-01 -4.581066e-01 1.109216e-01 7.292414e-02 -1.653423e-01 1.120746e-01 -5.079820e-01 5.910496e-02 -3.584112e-02 -1.922150e-01 2.890331e-01 2.716468e-01 -1.428196e-01 -4.092391e-02 1.846388e-01 -8.364450e-03 -2.977128e-01 3.847940e-02 1.478778e-03 -8.172990e-02
<VARIANCE> 39
 1.196102e+01 2.299724e+01 2.717809e+01 3.356294e+01 3.389827e+01 4.300646e+01 4.548758e+01 4.613141e+01 5.712733e+01 5.744663e+01 7.766881e+01 8.786984e+01 1.747301e+01 3.153982e-01 8.166800e-01 1.121125e+00 1.407318e+00 1.576560e+00 1.841258e+00 2.104802e+00 2.489031e+00 2.306615e+00 2.536829e+00 2.159800e+00 1.991346e+00 3.019243e-01 5.295219e-02 1.046793e-01 1.548385e-01 2.113207e-01 2.743597e-01 3.026900e-01 3.625000e-01 3.477719e-01 3.902088e-01 3.970649e-01 3.923810e-01 3.651880e-01 4.051245e-02
<GCONST> 1.024902e+02
<MIXTURE> 2 1.523352e-01
<MEAN> 39
 1.609880e+00 2.957790e+00 2.964375e+00 4.033917e+00 -4.594755e-01 -1.455883e+00 4.774311e-01 -3.014548e+00 -3.757345e+00 -4.179355e+00 -3.988436e+00 -2.992543e+00 -3.652987e+00 -8.886188e-01 2.827332e-01 -2.018459e-01 7.397972e-01 1.104501e+00 7.403822e-01 5.374267e-01 1.584459e-01 3.084432e-01 1.030422e-01 2.091811e-01 -1.274655e-01 -1.528118e+00 -1.909826e-01 -3.906297e-01 -2.633044e-01 -4.484521e-01 -2.390016e-01 -2.137874e-02 1.433003e-01 3.429934e-01 3.367235e-01 3.506279e-01 2.714554e-01 2.465800e-01 3.561855e-01
<VARIANCE> 39
 2.186910e+01 3.105341e+01 3.821751e+01 2.805467e+01 5.027901e+01 4.193343e+01 4.741433e+01 5.090134e+01 4.586096e+01 4.786734e+01 4.492713e+01 4.261353e+01 3.259884e+01 1.497199e+00 1.911348e+00 2.181662e+00 2.324617e+00 3.164695e+00 3.022434e+00 3.032048e+00 3.432101e+00 3.430939e+00 3.508486e+00 3.221229e+00 2.941752e+00 1.636946e+00 1.957827e-01 2.679382e-01 3.172533e-01 3.533466e-01 4.511552e-01 4.987149e-01 5.732750e-01 6.008140e-01 5.858757e-01 5.881034e-01 5.404628e-01 4.899740e-01 1.915694e-01
<GCONST> 1.201183e+02
<MIXTURE> 3 1.115831e-01
<MEAN> 39
 5.656487e+00 -1.912341e+00 -4.921988e+00 -1.631035e+00 2.243372e+00 -8.587260e-01 -5.181105e+00 -2.293657e-01 1.747026e+00 -2.100034e+00 -2.379973e+00 -2.417609e+00 3.309272e+00 1.300171e-01 1.388733e+00 1.039043e+00 7.727054e-01 -1.931136e-01 -5.262750e-01 -3.170998e-01 -1.578224e+00 -1.025835e+00 3.904310e-01 1.881344e-01 -2.012748e-01 -1.401625e+00 -2.337348e-01 -1.711098e-02 2.376595e-01 1.982261e-01 9.618443e-02 6.689288e-02 3.159564e-01 4.210473e-02 -1.872286e-01 -1.674145e-01 -4.821070e-02 1.014588e-01 -2.156575e-02
<VARIANCE> 39
 1.088796e+01 1.933200e+01 2.392259e+01 3.107579e+01 3.718474e+01 5.186061e+01 4.350928e+01 4.763107e+01 4.972667e+01 5.065505e+01 4.965104e+01 4.941354e+01 1.762418e+01 6.113350e-01 1.046386e+00 1.935429e+00 2.108676e+00 2.612917e+00 2.886494e+00 3.128325e+00 3.543740e+00 3.667085e+00 3.371884e+00 3.132490e+00 2.723586e+00 5.371780e-01 8.257913e-02 1.492703e-01 2.339109e-01 2.905311e-01 3.243760e-01 4.048744e-01 4.153016e-01 4.842910e-01 5.395874e-01 4.729894e-01 4.659542e-01 4.069417e-01 7.513117e-02
<GCONST> 1.104323e+02
<MIXTURE> 4 1.089328e-01
<MEAN> 39
 2.230489e+00 -3.163480e+00 2.297455e+00 -1.703330e+00 -8.696919e+00 -4.240960e+00 4.877537e+00 6.235390e+00 -1.147736e+00 -2.270238e+00 -1.005212e+00 -7.086293e-01 6.550653e+00 7.628368e-02 1.027268e+00 9.990050e-01 3.200797e-01 -7.156765e-01 -8.635464e-01 -8.847267e-01 -1.081179e+00 -3.480227e-01 8.741621e-01 3.303018e-01 8.163965e-02 -7.777163e-01 1.837627e-02 9.928706e-02 -9.137365e-02 1.999564e-01 5.435538e-01 1.970215e-01 -3.179390e-01 -4.656188e-01 -1.021871e-01 -1.085077e-01 -1.513823e-01 9.520568e-03 -2.231469e-01
<VARIANCE> 39
 9.691908e+00 1.647205e+01 2.152030e+01 2.474117e+01 3.074131e+01 4.018828e+01 4.066087e+01 4.006838e+01 4.878862e+01 4.416269e+01 4.080866e+01 3.741267e+01 1.929330e+01 3.681125e-01 7.497792e-01 1.438070e+00 1.358442e+00 2.425588e+00 2.049778e+00 2.509131e+00 2.702029e+00 3.255372e+00 3.038762e+00 2.687511e+00 2.105900e+00 2.693205e-01 5.761476e-02 1.120646e-01 1.573639e-01 2.067921e-01 2.697124e-01 3.402382e-01 3.736740e-01 3.821630e-01 4.283917e-01 4.480841e-01 3.885113e-01 3.551590e-01 5.606002e-02
<GCONST> 1.018069e+02
<MIXTURE> 5 1.933874e-01
<MEAN> 39
 2.177326e+00 3.734838e+00 5.263004e+00 1.392545e+00 -6.016809e+00 -2.622608e+00 8.572598e-01 -3.207927e+00 -4.364269e+00 -2.034332e+00 -2.693411e+00 -2.536116e+00 -1.811272e+00 -7.091610e-02 2.021109e-01 8.347195e-02 2.965955e-01 3.317372e-01 3.803507e-02 -1.432451e-01 -1.930937e-01 -1.664943e-02 -6.488502e-03 6.816082e-03 1.184762e-02 -4.009132e-01 -3.287034e-02 -6.222305e-02 -5.061773e-02 -3.758570e-02 4.844879e-02 4.917160e-02 3.041555e-02 5.371515e-02 3.962770e-02 6.678525e-03 -2.536193e-04 4.675673e-03 2.492878e-02
<VARIANCE> 39
 1.376050e+01 2.425880e+01 3.851935e+01 3.116041e+01 5.892013e+01 4.489941e+01 4.387641e+01 5.526759e+01 4.921344e+01 5.143242e+01 4.742029e+01 4.346935e+01 2.649579e+01 2.168799e-01 4.468873e-01 7.041857e-01 8.894035e-01 1.254695e+00 1.280547e+00 1.447863e+00 1.618672e+00 1.636033e+00 1.620179e+00 1.504093e+00 1.399917e+00 2.218249e-01 3.316410e-02 6.689716e-02 1.100860e-01 1.485768e-01 2.079234e-01 2.319484e-01 2.605064e-01 2.822818e-01 2.923905e-01 2.864494e-01 2.721247e-01 2.501362e-01 2.299430e-02
<GCONST> 9.292896e+01
<MIXTURE> 6 9.607866e-02
<MEAN> 39
 9.949114e-01 -8.404569e+00 -2.842498e+00 -2.626164e+00 1.139891e+00 1.846056e+00 5.562207e+00 4.456022e+00 -2.868467e+00 -4.911900e+00 -9.008093e-01 2.212148e+00 9.113969e+00 2.919268e-01 9.607169e-01 6.059431e-01 -8.390501e-01 -1.960009e+00 -1.033310e+00 6.314246e-02 -1.062065e-01 5.357991e-01 8.854137e-01 -4.370962e-01 -6.227684e-01 -6.043479e-01 1.314265e-01 3.148834e-01 1.804379e-01 2.026396e-01 -1.570157e-02 -3.186068e-01 -6.427435e-01 -4.119429e-01 1.519924e-01 2.685017e-01 3.856203e-02 -3.733516e-03 -3.229172e-01
<VARIANCE> 39
 1.386158e+01 1.731986e+01 2.932836e+01 2.983056e+01 4.955917e+01 4.117120e+01 6.219851e+01 5.518686e+01 5.488639e+01 5.033327e+01 5.824863e+01 6.011642e+01 1.720666e+01 4.645745e-01 9.171474e-01 1.401237e+00 1.582956e+00 2.459013e+00 2.690295e+00 3.096651e+00 3.063287e+00 3.024296e+00 3.085414e+00 2.743272e+00 2.507413e+00 2.380662e-01 7.254490e-02 1.466763e-01 2.042494e-01 2.524490e-01 3.247266e-01 3.864900e-01 4.559037e-01 5.280090e-01 5.006736e-01 4.901190e-01 4.445798e-01 4.254825e-01 6.219295e-02
<GCONST> 1.085786e+02
<MIXTURE> 7 1.209839e-01
<MEAN> 39
 2.880587e+00 7.151908e-01 4.400344e+00 -7.962642e-01 -8.362498e+00 -6.082779e+00 -1.856563e-01 -2.434986e+00 -2.924208e+00 7.741418e-01 -1.601579e-01 1.620082e+00 2.444968e+00 -4.557155e-02 1.603141e+00 2.939664e-01 1.725245e+00 1.022769e+00 -4.137663e-02 -8.333982e-01 -1.303093e+00 -6.250597e-01 -9.428286e-01 -5.790502e-01 -7.490626e-01 -2.084485e+00 -3.028889e-01 -1.807739e-01 -3.745283e-01 1.042801e-01 6.706883e-01 6.269484e-01 4.310414e-01 3.544179e-01 1.673719e-01 -2.420373e-01 -1.089458e-01 -2.285260e-01 -1.298892e-01
<VARIANCE> 39
 1.540120e+01 2.613037e+01 4.103458e+01 3.854123e+01 5.123679e+01 4.702945e+01 4.911520e+01 5.880267e+01 6.104217e+01 6.680287e+01 7.473571e+01 6.804553e+01 2.383456e+01 1.515968e+00 1.997871e+00 2.687417e+00 2.559753e+00 3.676625e+00 3.912685e+00 4.102595e+00 4.456410e+00 4.548656e+00 4.486625e+00 4.062371e+00 3.887895e+00 1.471078e+00 2.030996e-01 3.114934e-01 3.462544e-01 4.376730e-01 5.280575e-01 5.334270e-01 6.450338e-01 7.660114e-01 7.589925e-01 8.131914e-01 7.336160e-01 6.294777e-01 1.916946e-01
<GCONST> 1.260591e+02
<MIXTURE> 8 8.871953e-02
<MEAN> 39
 2.990210e+00 -6.629574e+00 -2.554725e+00 -4.968015e+00 -2.083841e+00 -2.173862e+00 1.841695e+00 4.315679e+00 2.442823e+00 -9.050295e-01 -1.799057e+00 3.247617e-01 8.400669e+00 6.689476e-01 1.750957e+00 9.841692e-01 5.175528e-01 -1.232258e+00 -1.510470e+00 -1.576231e+00 -1.670324e+00 -3.078051e-01 7.025368e-01 5.149946e-02 -1.733125e-01 -1.721105e+00 -9.200510e-02 3.609142e-01 1.272103e-01 7.011064e-01 5.844741e-01 2.509199e-01 -2.271522e-01 -5.782108e-01 -5.146235e-01 -3.642156e-01 -1.899437e-03 -4.553738e-02 -5.352458e-01
<VARIANCE> 39
 1.843418e+01 2.202819e+01 4.617259e+01 3.621812e+01 6.862708e+01 6.273524e+01 7.631367e+01 6.524355e+01 7.319463e+01 6.895930e+01 6.998019e+01 7.740466e+01 2.022330e+01 7.999026e-01 1.505309e+00 2.280284e+00 2.630251e+00 3.466654e+00 3.390146e+00 3.984588e+00 4.539390e+00 4.691045e+00 4.325931e+00 4.035631e+00 3.562754e+00 8.515291e-01 1.913958e-01 2.522191e-01 4.019640e-01 4.058981e-01 6.541383e-01 7.446555e-01 8.316599e-01 8.194426e-01 8.332325e-01 8.719851e-01 7.685805e-01 7.355477e-01 1.384856e-01
<GCONST> 1.261552e+02
<TRANSP> 6
 0.000000e+00 1.000000e+00 0.000000e+00 0.000000e+00 0.000000e+00 0.000000e+00
 0.000000e+00 8.747746e-01 1.252253e-01 0.000000e+00 0.000000e+00 0.000000e+00
 0.000000e+00 0.000000e+00 9.245620e-01 7.543801e-02 0.000000e+00 0.000000e+00
 0.000000e+00 0.000000e+00 0.000000e+00 8.819073e-01 1.180927e-01 0.000000e+00
 0.000000e+00 0.000000e+00 0.000000e+00 0.000000e+00 8.191244e-01 1.808756e-01
 0.000000e+00 0.000000e+00 0.000000e+00 0.000000e+00 0.000000e+00 0.000000e+00
<ENDHMM>
