~o
<STREAMINFO> 1 39
<VECSIZE> 39<NULLD><MFCC_D_A_Z_0><DIAGC>
~h "ch"
<BEGINHMM>
<NUMSTATES> 6
<STATE> 2
<NUMMIXES> 8
<MIXTURE> 1 1.705426e-01
<MEAN> 39
 -3.133303e+00 3.559430e-01 -1.124389e-01 2.491710e+00 1.741918e+00 2.415575e-01 1.107221e+00 5.567646e-01 2.975366e-01 -4.693374e-01 6.939610e-01 1.041195e-01 -7.250185e+00 -2.432361e-01 9.884711e-02 -1.081546e-01 2.565924e-02 2.177915e-01 1.891148e-01 8.786909e-02 -8.096654e-02 1.112055e-02 9.997177e-02 6.308116e-03 -1.348883e-01 -5.539204e-01 -7.134899e-02 1.806315e-02 3.105595e-02 -1.095040e-01 -4.208417e-02 -3.773675e-02 -3.041582e-02 4.397136e-02 1.575070e-02 2.537252e-02 1.446274e-02 5.147662e-02 2.182058e-01
<VARIANCE> 39
 3.037814e+01 2.467878e+01 4.022919e+01 2.733468e+01 3.385525e+01 3.525692e+01 3.336871e+01 3.466122e+01 3.127698e+01 3.406321e+01 2.982033e+01 4.039553e+01 6.074548e+01 5.049177e-01 7.109781e-01 8.606645e-01 1.055320e+00 1.388447e+00 1.688876e+00 1.687272e+00 1.747507e+00 1.782185e+00 1.601159e+00 1.541283e+00 1.556851e+00 5.897420e-01 1.082833e-01 1.439247e-01 1.801686e-01 2.109302e-01 2.705918e-01 3.243597e-01 3.357281e-01 3.611034e-01 3.358487e-01 3.366281e-01 2.952776e-01 3.283499e-01 9.070710e-02
<GCONST> 1.009298e+02
<MIXTURE> 2 1.459655e-01
<MEAN> 39
 -1.831998e+01 1.159319e+01 8.170628e-01 1.126102e+00 6.367540e+00 1.310349e+00 4.117064e+00 1.468714e+00 3.930920e+00 3.497075e+00 3.702071e+00 -6.476701e-01 -3.667613e-01 -2.676003e+00 1.568420e+00 1.024865e+00 2.400713e-01 1.138715e+00 1.550172e+00 1.019068e+00 8.280519e-01 7.801084e-01 6.883920e-01 9.202479e-01 2.101860e-01 1.264053e+00 8.568414e-01 -6.075360e-01 2.397928e-01 2.440426e-02 -3.992165e-01 -1.161831e-01 -1.364578e-01 -2.699826e-01 -3.048105e-01 -3.185539e-01 -1.573305e-01 -4.090025e-02 -2.783666e-01
<VARIANCE> 39
 1.424587e+01 2.830803e+01 3.641971e+01 3.092360e+01 3.184478e+01 3.292661e+01 3.637688e+01 4.228489e+01 2.809071e+01 2.823742e+01 3.158505e+01 3.627791e+01 1.724179e+01 1.314223e+00 1.942734e+00 1.700254e+00 1.664295e+00 1.524959e+00 1.854552e+00 2.177618e+00 2.210288e+00 2.262834e+00 2.198110e+00 1.988561e+00 1.832482e+00 8.789783e-01 2.049480e-01 2.855220e-01 3.356708e-01 3.111602e-01 3.699135e-01 3.422008e-01 4.023378e-01 4.423743e-01 4.006348e-01 3.377421e-01 3.438478e-01 3.527158e-01 1.424476e-01
<GCONST> 1.079720e+02
<MIXTURE> 3 1.433228e-01
<MEAN> 39
 -1.162351e+01 1.059065e+01 3.221381e-01 1.610931e+00 3.404747e+00 -3.351794e+00 1.459674e+00 -2.554883e+00 -1.756646e+00 -3.043947e+00 -2.177310e+00 -2.544406e+00 -5.836408e-01 -3.645480e+00 1.528956e+00 -1.558137e-01 -2.049456e-01 1.317459e+00 1.170118e+00 9.573326e-01 5.407058e-01 8.296959e-01 9.558108e-01 8.111811e-01 1.682812e-01 5.758830e-01 4.599586e-01 -5.891917e-01 2.601689e-01 -1.365455e-01 -3.114612e-01 1.694387e-01 -4.293376e-02 3.281089e-01 2.196802e-01 3.269065e-01 3.416444e-01 2.668504e-01 1.072073e-01
<VARIANCE> 39
 1.741650e+01 2.933502e+01 5.711753e+01 2.909864e+01 4.296422e+01 4.515493e+01 4.957718e+01 4.344286e+01 4.663958e+01 4.023875e+01 3.553211e+01 4.302550e+01 1.954851e+01 2.115363e+00 2.835284e+00 2.315160e+00 2.173609e+00 2.643780e+00 3.121276e+00 3.094971e+00 3.426392e+00 3.385569e+00 3.343095e+00 2.909772e+00 2.575340e+00 1.782757e+00 2.957062e-01 4.081021e-01 5.680128e-01 3.955799e-01 5.587573e-01 5.334752e-01 6.799649e-01 6.095144e-01 6.300693e-01 5.978720e-01 4.964903e-01 4.805943e-01 1.712301e-01
<GCONST> 1.214419e+02
<MIXTURE> 4 1.080867e-01
<MEAN> 39
 -1.322172e+00 -1.076961e+00 -2.989932e+00 -1.591314e-01 2.463410e+00 -2.105475e+00 8.405285e-01 2.401572e+00 3.147055e-01 -2.630085e+00 -3.309382e+00 -1.030623e+00 -5.867389e+00 -2.277728e+00 7.539625e-01 -2.721120e-01 -7.880640e-01 5.418376e-01 5.014486e-01 3.130600e-01 1.829544e-01 5.387833e-01 8.611659e-01 6.583490e-01 2.110236e-01 -3.544155e-02 -8.290745e-01 5.152562e-01 3.600750e-01 -1.090649e-01 5.388164e-02 7.273069e-02 2.611227e-02 -3.531384e-02 5.784459e-02 2.907894e-01 4.546342e-01 1.898068e-01 8.816738e-01
<VARIANCE> 39
 1.205414e+01 1.918565e+01 2.700704e+01 2.359420e+01 3.004474e+01 3.694209e+01 5.035254e+01 3.800761e+01 4.303621e+01 3.772980e+01 3.021444e+01 2.660614e+01 1.957751e+01 1.960177e+00 2.121345e+00 2.197613e+00 2.307589e+00 2.368909e+00 2.690331e+00 3.325271e+00 3.340621e+00 2.947543e+00 3.032922e+00 2.738832e+00 2.272843e+00 1.438210e+00 1.958524e-01 3.153121e-01 3.130628e-01 3.450334e-01 4.159465e-01 6.034802e-01 6.493166e-01 5.762872e-01 6.078574e-01 5.275542e-01 4.184726e-01 3.771977e-01 1.583632e-01
<GCONST> 1.146924e+02
<MIXTURE> 5 1.034179e-01
<MEAN> 39
 -3.819050e+00 4.603193e+00 3.648080e+00 2.671996e+00 2.660056e+00 -1.684651e+00 -5.040210e-01 -3.593697e+00 -2.330930e+00 -1.307576e+00 -1.987150e+00 -2.632946e+00 -1.026224e+01 -3.605975e+00 -3.233648e-02 -7.881136e-02 -1.186959e+00 1.383113e+00 1.033937e+00 3.273124e-01 9.256576e-01 8.583969e-01 8.670819e-01 9.822645e-01 4.729348e-01 1.645671e+00 -8.024921e-01 2.670361e-01 8.541172e-02 -2.314327e-01 -6.720368e-02 2.039168e-01 2.473294e-01 4.718530e-01 3.564554e-01 2.884262e-01 4.541287e-01 2.692316e-01 1.130905e+00
<VARIANCE> 39
 2.639627e+01 2.255533e+01 3.134931e+01 2.644746e+01 3.827267e+01 3.801884e+01 3.507524e+01 3.523028e+01 3.129802e+01 2.856457e+01 3.000286e+01 3.490206e+01 3.450323e+01 3.017134e+00 4.258843e+00 3.794080e+00 3.291856e+00 4.927351e+00 4.053986e+00 4.287443e+00 3.849112e+00 4.327986e+00 3.630740e+00 3.473242e+00 3.230288e+00 3.444118e+00 3.932253e-01 4.627291e-01 4.841507e-01 5.149876e-01 5.896318e-01 5.734974e-01 5.182100e-01 5.228921e-01 5.347454e-01 4.893977e-01 4.097218e-01 3.943925e-01 4.161178e-01
<GCONST> 1.242417e+02
<MIXTURE> 6 1.438513e-01
<MEAN> 39
 -1.300164e+01 9.303850e-01 1.291173e+00 -3.724839e+00 4.678590e+00 6.740591e-01 -9.783047e-02 1.878763e+00 1.260357e+00 2.667553e+00 2.991261e+00 3.111688e-01 -1.364963e+00 -3.927263e+00 1.187583e+00 6.094493e-01 -9.627044e-01 6.414487e-01 1.250116e+00 4.365310e-01 7.692719e-01 7.799992e-01 8.298413e-01 1.283085e+00 5.506821e-01 2.736211e+00 2.659246e-01 5.275065e-01 3.717524e-01 6.347249e-01 -1.511040e-01 9.622143e-02 2.672418e-01 -1.259811e-01 -1.414330e-02 -2.166035e-01 -1.481240e-01 -1.635669e-02 -1.388941e-01
<VARIANCE> 39
 1.538487e+01 3.203736e+01 3.111667e+01 2.601765e+01 3.263320e+01 3.799607e+01 4.066011e+01 3.624693e+01 3.429993e+01 3.181632e+01 2.802836e+01 2.959497e+01 2.647557e+01 2.029629e+00 2.642828e+00 2.849800e+00 2.296248e+00 3.207240e+00 3.295125e+00 3.146443e+00 2.879269e+00 3.151448e+00 2.854688e+00 2.409725e+00 2.500587e+00 2.068723e+00 3.205110e-01 4.728298e-01 4.490635e-01 3.826423e-01 5.157568e-01 5.509161e-01 5.670762e-01 5.014308e-01 5.279766e-01 4.658250e-01 4.421442e-01 3.911766e-01 4.036937e-01
<GCONST> 1.185958e+02
<MIXTURE> 7 9.117336e-02
<MEAN> 39
 -3.676786e+00 1.696633e+00 -1.982677e+00 1.985483e-01 -1.052754e+00 -4.233958e+00 -2.830110e-01 -6.746730e-01 1.216712e+00 4.044467e+00 6.972038e+00 5.561922e+00 -4.676176e+00 -2.104968e+00 1.078024e+00 -4.816251e-01 -2.288112e-01 7.358053e-01 3.475370e-01 2.891804e-01 -3.869534e-02 3.241302e-01 1.280025e-01 -4.621504e-02 -3.410444e-01 3.479907e-01 -4.403290e-01 2.720372e-01 2.820301e-01 -2.189671e-03 3.321564e-01 3.469613e-01 2.662372e-01 1.748208e-01 -1.393326e-02 -2.015468e-01 -3.969604e-01 -3.411045e-01 5.208478e-01
<VARIANCE> 39
 2.713627e+01 3.035554e+01 4.490233e+01 3.361216e+01 4.273944e+01 5.006371e+01 3.931003e+01 5.041709e+01 6.307413e+01 6.353305e+01 4.723486e+01 4.250246e+01 3.382221e+01 2.912546e+00 2.767910e+00 2.621128e+00 2.864392e+00 2.760885e+00 2.975896e+00 3.547904e+00 2.583828e+00 3.376729e+00 3.651577e+00 3.722594e+00 2.984576e+00 2.121427e+00 2.976756e-01 3.218931e-01 4.047030e-01 4.208295e-01 3.873566e-01 4.861301e-01 4.559684e-01 5.179859e-01 6.561804e-01 5.964774e-01 4.514945e-01 4.319202e-01 2.901428e-01
<GCONST> 1.234508e+02
<MIXTURE> 8 9.363989e-02
<MEAN> 39
 -6.735634e+00 1.898447e+00 1.145085e+00 2.524526e+00 6.187307e+00 2.995735e+00 3.187643e+00 2.061914e+00 1.744917e+00 2.642285e+00 1.359339e+00 1.918833e-02 -8.156721e+00 -1.870044e+00 -3.542297e-01 -3.521539e-01 -9.791092e-01 1.305027e-01 2.969981e-01 -2.096736e-02 3.668303e-01 2.841548e-01 4.691882e-01 7.849781e-01 3.578761e-01 7.900658e-01 -1.368345e-01 1.599388e-01 6.936593e-02 -2.071218e-01 -4.305164e-01 -4.091966e-01 -3.406487e-01 -1.849221e-01 -1.496459e-01 -2.470832e-01 -8.682331e-02 8.122835e-03 6.709937e-01
<VARIANCE> 39
 3.388350e+01 2.646363e+01 3.577343e+01 2.733409e+01 2.334651e+01 2.874528e+01 2.527618e+01 2.946359e+01 2.785366e+01 2.523459e+01 2.305724e+01 2.127122e+01 4.181403e+01 3.685183e+00 2.907210e+00 2.842715e+00 2.986845e+00 2.260991e+00 3.320289e+00 2.835705e+00 2.869005e+00 3.026207e+00 2.706666e+00 2.714680e+00 2.137735e+00 5.406993e+00 4.345213e-01 3.953769e-01 3.710876e-01 4.110029e-01 3.812212e-01 3.821014e-01 4.276476e-01 4.368478e-01 4.225265e-01 4.128057e-01 3.468290e-01 3.311954e-01 3.700528e-01
<GCONST> 1.169883e+02
<STATE> 3
<NUMMIXES> 8
<MIXTURE> 1 1.403746e-01
<MEAN> 39
 -2.210820e+01 7.898488e+00 5.996697e+00 -2.420863e-01 7.921581e+00 6.463554e+00 4.837396e+00 3.828619e+00 3.953752e+00 3.564178e+00 5.354220e+00 2.172561e+00 2.867053e+00 -9.174262e-01 -1.393532e-01 7.129197e-01 3.570984e-02 -3.301412e-01 6.235955e-01 7.391868e-01 3.334273e-01 4.793711e-01 3.226271e-01 7.511031e-01 3.986646e-01 1.149697e+00 1.441447e+00 -4.234965e-01 -1.609600e-01 -2.420288e-02 -8.760310e-01 -9.525127e-01 -5.753620e-01 -5.407912e-01 -5.426313e-01 -4.343422e-01 -3.895681e-01 -1.954804e-01 -3.756295e-01
<VARIANCE> 39
 1.547889e+01 3.032101e+01 4.629415e+01 2.424415e+01 3.216484e+01 3.940312e+01 3.213523e+01 3.191960e+01 3.501848e+01 3.145736e+01 2.934017e+01 3.037048e+01 2.060541e+01 2.344881e+00 2.265530e+00 2.448564e+00 1.892453e+00 2.085878e+00 2.258828e+00 2.407244e+00 2.241438e+00 2.346598e+00 2.186532e+00 2.086360e+00 1.797095e+00 1.677510e+00 3.965634e-01 4.413346e-01 5.352975e-01 3.733377e-01 4.558751e-01 4.672751e-01 5.166261e-01 4.170713e-01 4.896513e-01 4.976654e-01 4.748124e-01 4.061486e-01 2.297025e-01
<GCONST> 1.147022e+02
<MIXTURE> 2 1.811633e-01
<MEAN> 39
 -2.325864e+01 4.697249e+00 9.071140e+00 -7.371900e-01 5.197273e+00 8.107962e+00 5.549646e+00 3.834734e+00 5.429884e+00 3.621712e+00 6.861914e+00 3.128883e+00 4.468468e+00 2.385767e-01 -6.775479e-01 -4.347727e-02 9.068473e-02 -6.429885e-01 -2.214747e-01 3.188296e-01 -9.138835e-02 2.990839e-02 -1.611579e-02 -1.921494e-02 1.245233e-01 7.317581e-02 3.885615e-01 -2.859502e-02 -1.829690e-01 -5.111260e-02 -1.581521e-01 -3.521261e-01 -2.239251e-01 -1.271415e-01 -2.329680e-01 -1.244180e-01 -2.089356e-01 -1.088981e-01 -1.907751e-01
<VARIANCE> 39
 1.034567e+01 2.448068e+01 2.078045e+01 2.321482e+01 3.363527e+01 3.033724e+01 3.025193e+01 2.989643e+01 2.969072e+01 2.782150e+01 2.467542e+01 2.488897e+01 1.851288e+01 5.654867e-01 7.317360e-01 1.030416e+00 1.107948e+00 1.353055e+00 1.389739e+00 1.473097e+00 1.548346e+00 1.513214e+00 1.501817e+00 1.376480e+00 1.207777e+00 4.005588e-01 1.635004e-01 1.330855e-01 1.861649e-01 1.727795e-01 2.136354e-01 2.360797e-01 2.531322e-01 2.929863e-01 2.769103e-01 2.857650e-01 2.652305e-01 2.432268e-01 5.003243e-02
<GCONST> 9.317572e+01
<MIXTURE> 3 1.399244e-01
<MEAN> 39
 -2.237970e+01 1.454325e+01 5.004463e+00 4.258599e+00 8.188914e+00 4.772812e+00 8.840932e+00 2.010618e+00 5.541028e+00 3.196573e+00 5.117223e+00 -2.012398e+00 1.613718e+00 -1.764449e-01 -2.978144e-01 3.761812e-01 -4.841312e-02 2.269285e-02 3.504675e-01 1.972656e-01 1.797508e-01 1.895615e-01 6.926646e-02 2.751376e-01 -7.886188e-02 2.192580e-01 4.287600e-01 -3.260463e-01 -2.401070e-01 -2.508579e-01 -4.407206e-01 -3.907918e-01 -3.964970e-01 -3.010851e-01 -2.237476e-01 -1.119182e-01 -7.149151e-02 8.037960e-02 -1.217997e-01
<VARIANCE> 39
 9.736363e+00 1.819993e+01 2.534550e+01 2.700290e+01 2.664583e+01 2.814487e+01 3.037162e+01 2.824523e+01 2.518161e+01 2.584930e+01 2.788625e+01 3.787909e+01 1.732621e+01 7.004059e-01 9.933189e-01 1.254653e+00 1.194744e+00 1.439270e+00 1.294275e+00 1.443899e+00 1.451703e+00 1.554320e+00 1.383600e+00 1.416550e+00 1.340305e+00 6.527050e-01 1.701374e-01 1.744708e-01 1.602347e-01 1.926526e-01 2.456205e-01 2.251883e-01 2.776965e-01 2.583927e-01 2.729209e-01 2.465904e-01 2.282886e-01 2.456753e-01 7.535084e-02
<GCONST> 9.474550e+01
<MIXTURE> 4 1.183144e-01
<MEAN> 39
 -1.857714e+01 9.174142e+00 -7.940560e-01 -8.938166e-01 4.533700e+00 3.171980e-02 4.067567e+00 2.237439e+00 3.547283e+00 6.257689e+00 5.919250e+00 1.665241e+00 1.837362e+00 -6.400886e-01 -7.654830e-03 5.992278e-01 -6.190467e-02 1.087612e-01 4.725656e-01 2.259885e-01 2.396185e-01 2.587463e-01 2.235673e-01 3.788212e-01 7.781062e-02 1.838219e-01 4.901696e-01 -1.238318e-01 2.899166e-01 2.503939e-01 -1.406028e-02 -1.126974e-02 -1.400324e-01 -1.830112e-01 -3.307563e-01 -5.763843e-01 -4.349457e-01 -1.829343e-01 -1.810389e-01
<VARIANCE> 39
 1.538710e+01 3.135252e+01 2.670706e+01 2.733233e+01 3.279689e+01 3.493644e+01 3.886320e+01 4.063368e+01 3.846275e+01 2.741067e+01 3.268356e+01 3.541278e+01 1.523738e+01 8.201591e-01 8.630677e-01 1.172892e+00 1.152157e+00 1.491098e+00 1.583400e+00 1.802467e+00 1.926809e+00 1.705534e+00 1.992239e+00 1.667491e+00 1.900676e+00 4.560025e-01 1.470901e-01 2.040306e-01 2.029339e-01 1.901161e-01 2.353798e-01 2.733783e-01 3.660839e-01 3.620612e-01 3.565376e-01 3.119148e-01 3.346895e-01 3.480699e-01 7.545947e-02
<GCONST> 1.007911e+02
<MIXTURE> 5 5.816676e-02
<MEAN> 39
 -5.671477e+00 2.481441e+00 1.246417e+00 1.647445e+00 1.247915e-01 8.506397e-01 4.390454e-01 1.260843e+00 2.276476e-02 -2.095330e-01 1.520288e+00 1.316904e+00 -1.845305e+00 -2.781643e-01 -4.198360e-02 1.162675e-01 -1.300360e-01 -2.604188e-01 5.277502e-02 -1.209279e-01 -1.104519e-01 1.443330e-02 6.909598e-03 -6.197580e-02 3.891354e-02 2.168381e-01 1.206081e-01 -7.346644e-02 4.822322e-02 -8.478321e-02 -5.462065e-02 -5.216177e-02 1.499380e-02 -5.716054e-02 -4.803076e-02 2.286172e-02 -2.268983e-02 -3.149740e-02 1.378509e-01
<VARIANCE> 39
 7.379990e+01 4.467355e+01 4.474150e+01 4.397400e+01 5.492755e+01 6.528082e+01 5.583097e+01 6.153754e+01 4.880066e+01 5.472797e+01 5.626422e+01 6.166221e+01 5.482275e+01 1.456800e+00 1.502930e+00 1.536682e+00 1.784759e+00 2.652016e+00 2.889938e+00 2.907806e+00 2.955593e+00 2.667982e+00 2.721057e+00 2.594794e+00 2.478697e+00 1.722166e+00 1.509305e-01 1.825174e-01 2.492869e-01 3.295016e-01 3.589963e-01 4.829969e-01 5.155141e-01 6.539475e-01 5.170712e-01 4.918973e-01 4.478839e-01 3.476554e-01 1.515078e-01
<GCONST> 1.200559e+02
<MIXTURE> 6 1.240771e-01
<MEAN> 39
 -1.880211e+01 1.128310e+01 5.062761e+00 9.888966e-01 5.885113e+00 1.868364e+00 1.025329e+00 -1.422065e+00 -2.486322e+00 -1.755811e+00 -6.305954e-01 -2.923257e+00 6.415968e-01 -5.952468e-01 -4.430027e-01 3.957359e-01 -1.693575e-01 -2.580149e-01 5.988871e-01 4.246196e-01 2.622266e-01 3.504028e-01 2.266681e-01 5.826454e-01 2.930923e-01 3.414962e-01 7.971405e-01 -4.103094e-01 -1.370825e-01 -3.692785e-02 -4.680796e-01 -3.087570e-01 5.777750e-02 1.229710e-01 2.626628e-01 2.512891e-01 2.279153e-01 2.254364e-01 -1.081441e-01
<VARIANCE> 39
 1.679943e+01 2.526147e+01 3.133784e+01 2.411016e+01 3.431140e+01 4.079160e+01 3.214563e+01 3.808571e+01 3.211731e+01 2.660802e+01 3.063095e+01 3.942002e+01 1.551939e+01 1.974994e+00 1.123075e+00 1.404730e+00 1.372702e+00 1.748644e+00 1.880507e+00 2.142738e+00 1.941759e+00 2.230347e+00 2.240778e+00 1.996729e+00 1.868979e+00 6.540304e-01 2.615849e-01 2.443576e-01 2.318330e-01 2.449327e-01 3.775066e-01 3.652487e-01 3.723581e-01 3.713534e-01 3.283534e-01 3.289872e-01 3.644319e-01 4.079065e-01 9.337241e-02
<GCONST> 1.057878e+02
<MIXTURE> 7 1.264182e-01
<MEAN> 39
 -1.864353e+01 8.299155e+00 4.589778e+00 7.815779e-01 3.790231e+00 2.650069e+00 3.987936e+00 6.778345e-01 2.362352e+00 8.500550e-01 2.494731e+00 -4.393666e-01 1.610687e+00 -6.062971e-02 -1.350206e-01 2.178994e-01 1.421051e-01 -7.581836e-03 8.785257e-02 1.058463e-01 -2.367453e-02 2.250929e-02 -7.537657e-02 -2.030206e-02 -4.334744e-02 -6.829068e-02 1.387663e-01 -4.238049e-03 2.123159e-02 4.250757e-02 5.377797e-02 9.368737e-02 9.552692e-02 6.340524e-02 5.006079e-02 6.491897e-02 7.844076e-02 2.359682e-02 -3.389995e-02
<VARIANCE> 39
 5.065434e+01 4.529578e+01 4.601289e+01 3.901377e+01 3.843234e+01 3.516629e+01 3.639919e+01 3.236443e+01 3.592305e+01 2.794349e+01 3.200798e+01 3.415834e+01 1.702010e+01 2.667474e-01 4.190073e-01 5.748144e-01 7.267174e-01 1.042306e+00 1.038785e+00 1.313345e+00 1.254787e+00 1.174963e+00 1.227350e+00 1.235610e+00 1.066985e+00 1.500034e-01 4.922354e-02 6.420905e-02 1.036091e-01 1.319029e-01 1.872322e-01 2.196651e-01 2.487592e-01 2.537022e-01 2.562975e-01 2.396366e-01 2.183449e-01 2.321309e-01 2.050365e-02
<GCONST> 8.852894e+01
<MIXTURE> 8 1.115613e-01
<MEAN> 39
 -1.977188e+01 3.592540e+00 4.888531e+00 -6.018976e+00 2.224106e+00 4.327644e+00 -1.158028e+00 1.594946e+00 1.657289e+00 1.156171e+00 4.154684e+00 1.893299e+00 3.472557e+00 -1.109019e+00 -1.715385e-01 9.008787e-01 3.714628e-01 -7.485774e-01 4.802829e-01 7.284734e-01 -7.017370e-02 4.325931e-01 -1.771118e-03 3.278340e-01 3.692269e-01 8.981467e-01 9.159171e-01 -1.848719e-01 1.477929e-02 6.504086e-01 5.593076e-02 -2.698868e-01 2.570575e-01 9.273057e-02 -4.588965e-02 1.210649e-02 -2.333654e-01 -1.004724e-01 -4.661032e-01
<VARIANCE> 39
 1.794390e+01 2.353893e+01 2.939561e+01 2.038029e+01 3.678349e+01 3.291268e+01 2.784287e+01 2.892290e+01 2.830013e+01 2.851173e+01 2.589790e+01 2.229669e+01 2.428631e+01 2.563862e+00 1.876693e+00 1.721448e+00 1.908665e+00 1.734061e+00 2.137346e+00 2.174647e+00 2.004057e+00 1.859955e+00 1.729734e+00 1.695452e+00 1.373045e+00 1.075248e+00 4.122931e-01 3.226089e-01 3.660886e-01 2.682446e-01 3.478307e-01 4.297925e-01 4.075358e-01 3.922993e-01 3.898118e-01 4.211869e-01 2.875704e-01 2.986321e-01 1.975839e-01
<GCONST> 1.078239e+02
<STATE> 4
<NUMMIXES> 8
<MIXTURE> 1 3.810217e-02
<MEAN> 39
 2.778188e+00 1.285971e+00 -1.411612e+01 -4.932506e+00 7.755466e+00 8.627473e+00 -7.132946e+00 3.970764e+00 6.993274e+00 1.690174e+01 1.968969e+01 1.413599e+01 3.995491e+00 -5.912292e-04 2.070588e-02 1.339331e-02 1.575430e-03 2.007793e-03 4.813157e-03 -5.923707e-02 5.202895e-03 3.964228e-02 6.011816e-03 -7.688587e-03 -1.494256e-02 -1.009438e-02 -9.575307e-04 1.790273e-03 1.670825e-03 1.442264e-04 -6.826642e-06 -1.892907e-03 1.408652e-03 -3.995026e-03 -3.197111e-04 6.107064e-03 -2.108561e-03 -6.258070e-03 -7.269938e-04
<VARIANCE> 39
 1.252402e+00 5.248074e+00 4.253781e+00 5.814025e+00 5.690137e+00 5.331182e+00 3.014727e+01 2.025229e+01 1.559896e+01 1.017884e+01 4.202530e+00 1.526072e+01 1.260554e+00 9.503949e-02 2.753249e-01 3.274366e-01 4.218893e-01 4.862750e-01 4.063619e-01 4.382511e-01 4.941324e-01 4.237421e-01 6.021413e-01 3.252195e-01 7.387221e-01 3.303112e-02 1.681861e-02 4.808425e-02 5.537118e-02 7.679398e-02 9.082727e-02 7.392640e-02 8.105830e-02 9.800084e-02 8.538503e-02 1.181269e-01 5.891923e-02 1.387895e-01 1.000000e-02
<GCONST> 4.465112e+01
<MIXTURE> 2 1.684262e-01
<MEAN> 39
 -2.137328e+01 8.300562e+00 4.798291e+00 1.087385e+00 6.144199e+00 5.541393e+00 7.336286e+00 2.431520e+00 5.269599e+00 4.027754e+00 6.066359e+00 3.817276e-01 2.944479e+00 2.318258e+00 -8.601397e-02 8.785400e-01 -2.182440e-01 -2.254783e+00 -1.862884e+00 -1.483401e+00 -1.564183e+00 -1.545584e+00 -1.089911e+00 -3.362938e-01 -1.961004e-02 2.319853e-01 1.497944e+00 -5.127690e-02 5.480508e-03 -2.436446e-01 -1.106910e+00 -1.173901e+00 -9.060382e-01 -6.501774e-01 -7.571693e-01 -5.728464e-01 -4.222519e-01 -4.232199e-02 8.480661e-02
<VARIANCE> 39
 1.191615e+01 3.396532e+01 4.042894e+01 2.742434e+01 3.397841e+01 3.536114e+01 3.553792e+01 3.334568e+01 3.294226e+01 2.776329e+01 3.258075e+01 3.996511e+01 1.688212e+01 1.897369e+00 1.465123e+00 1.750291e+00 1.699800e+00 2.508914e+00 2.153802e+00 2.389723e+00 2.329415e+00 2.333846e+00 2.395444e+00 2.518449e+00 2.267672e+00 6.996137e-01 2.349083e-01 4.077949e-01 3.448197e-01 3.303440e-01 3.998704e-01 3.577429e-01 4.128193e-01 4.618585e-01 4.564595e-01 4.746465e-01 5.468947e-01 6.222990e-01 1.046288e-01
<GCONST> 1.113153e+02
<MIXTURE> 3 1.717025e-01
<MEAN> 39
 -1.608070e+01 5.729918e+00 7.715543e+00 1.327389e+00 2.344409e+00 2.716144e+00 3.240511e+00 -1.771635e-02 4.229319e-01 4.567795e-01 3.541231e+00 6.158734e-01 2.282423e+00 4.662680e+00 4.746585e-01 8.153135e-01 1.202319e-02 -2.974170e+00 -3.128682e+00 -2.114588e+00 -1.813496e+00 -2.109588e+00 -1.870427e+00 -1.372928e+00 -6.930231e-01 5.698881e-01 8.184612e-01 -2.262605e-01 -2.649093e-01 -3.079277e-01 -6.091002e-01 -4.489217e-01 -1.782396e-01 1.285407e-01 1.131331e-02 -2.819860e-02 -1.348156e-01 -8.407524e-02 2.915862e-01
<VARIANCE> 39
 2.269022e+01 3.352279e+01 3.105873e+01 2.346624e+01 3.167320e+01 3.426402e+01 3.279550e+01 3.837044e+01 3.411311e+01 2.865028e+01 3.034310e+01 3.543519e+01 2.038080e+01 1.767501e+00 2.116335e+00 2.073032e+00 2.672141e+00 3.245411e+00 2.884703e+00 2.715797e+00 3.267172e+00 3.299240e+00 2.799828e+00 2.944871e+00 2.998797e+00 6.411299e-01 3.050497e-01 3.279349e-01 3.127514e-01 3.225428e-01 4.392324e-01 4.683552e-01 4.099143e-01 4.445864e-01 5.003284e-01 4.897016e-01 4.845731e-01 4.268798e-01 1.407024e-01
<GCONST> 1.144944e+02
<MIXTURE> 4 1.214658e-01
<MEAN> 39
 -8.715067e+00 1.076848e+01 9.444604e+00 1.869691e-01 -4.379195e+00 -5.377495e+00 -2.685033e+00 -7.237440e+00 -4.831205e+00 -3.733933e+00 1.099208e+00 -1.625018e+00 4.387704e+00 4.899847e+00 -4.071135e-01 4.491605e-01 -6.991928e-01 -3.878809e+00 -3.332399e+00 -1.948435e+00 -1.415913e+00 -2.140027e+00 -1.559842e+00 -1.308754e+00 -9.024208e-01 8.107489e-01 -2.378349e-01 -7.902915e-01 -4.932052e-01 -1.756601e-01 2.568614e-01 7.086817e-01 7.864286e-01 1.054087e+00 7.784598e-01 6.772844e-01 2.729381e-01 1.729961e-01 5.936673e-02
<VARIANCE> 39
 1.617413e+01 2.196601e+01 3.170510e+01 2.295104e+01 3.687840e+01 3.624918e+01 3.253936e+01 3.411613e+01 3.030365e+01 2.941899e+01 3.011329e+01 4.154926e+01 1.759504e+01 1.518550e+00 2.746406e+00 2.447132e+00 2.317309e+00 2.811762e+00 2.971255e+00 3.013725e+00 3.576680e+00 3.447236e+00 3.295869e+00 3.318492e+00 3.193619e+00 5.845139e-01 2.365801e-01 1.934505e-01 2.760988e-01 2.948628e-01 4.569285e-01 4.851771e-01 4.679099e-01 4.322166e-01 4.677788e-01 5.053455e-01 5.027650e-01 5.065079e-01 8.172136e-02
<GCONST> 1.130485e+02
<MIXTURE> 5 1.737653e-01
<MEAN> 39
 -1.841876e+01 3.001955e-01 5.408188e+00 -1.362676e+00 -6.313460e-01 3.227074e+00 4.411301e+00 3.318208e+00 3.505998e+00 2.868469e+00 4.898042e+00 2.430283e+00 3.033893e+00 2.116318e+00 -2.913051e-01 1.603749e-01 8.649586e-01 -5.619247e-01 -1.032099e+00 -3.971751e-01 -3.823938e-01 -6.506534e-01 -6.284075e-01 -7.630438e-01 -3.464121e-01 -6.304433e-01 9.513078e-01 5.242125e-01 1.547258e-01 1.500404e-01 9.773181e-02 -3.052649e-01 -5.163517e-01 -3.866763e-01 -4.494611e-01 -4.190535e-01 -3.988710e-01 -3.269071e-01 -5.860001e-02
<VARIANCE> 39
 2.073821e+01 2.659363e+01 2.363763e+01 2.921661e+01 2.979632e+01 3.533231e+01 3.597101e+01 3.298727e+01 3.288029e+01 3.070346e+01 3.183845e+01 3.195308e+01 2.855028e+01 1.808622e+00 1.828585e+00 2.050982e+00 1.842573e+00 1.917358e+00 2.048821e+00 2.168521e+00 2.189656e+00 2.230312e+00 2.309141e+00 2.135660e+00 1.710813e+00 8.772902e-01 3.134295e-01 2.436182e-01 3.626603e-01 3.645390e-01 4.700906e-01 4.697419e-01 4.418722e-01 4.521825e-01 4.594050e-01 4.244718e-01 4.682448e-01 3.971867e-01 2.284926e-01
<GCONST> 1.115051e+02
<MIXTURE> 6 1.578692e-01
<MEAN> 39
 -8.899117e+00 3.269791e+00 2.403811e+00 3.990352e-01 8.412513e-01 -1.351953e-01 1.363204e+00 3.122561e-01 2.631121e-01 -2.623736e-01 7.297675e-01 1.544821e-01 -1.295315e+00 8.099483e-01 -3.585116e-01 -1.537555e-01 1.822954e-01 -3.549705e-02 -1.739374e-01 -8.632828e-02 -1.715276e-01 -2.467734e-01 -1.791206e-01 -3.215134e-01 -5.652281e-02 -6.687781e-01 7.663415e-02 2.993362e-02 4.785080e-03 -7.335647e-03 5.350266e-02 4.408233e-02 5.178616e-02 3.870450e-02 3.845478e-02 5.055510e-02 5.852194e-02 2.203165e-02 -6.125516e-03
<VARIANCE> 39
 6.488874e+01 4.293281e+01 3.918745e+01 3.087500e+01 4.664816e+01 4.394279e+01 4.246102e+01 4.289928e+01 3.681557e+01 3.992447e+01 3.787762e+01 5.281586e+01 4.341145e+01 1.158386e+00 8.176538e-01 1.021094e+00 1.191469e+00 1.476063e+00 1.802592e+00 1.931892e+00 1.878306e+00 1.835079e+00 1.896073e+00 1.564862e+00 1.516634e+00 7.883626e-01 1.052719e-01 1.129475e-01 1.482370e-01 2.075065e-01 2.853307e-01 3.015622e-01 3.063929e-01 2.985548e-01 3.381602e-01 3.530652e-01 2.968393e-01 2.861030e-01 9.066282e-02
<GCONST> 1.050382e+02
<MIXTURE> 7 8.530518e-02
<MEAN> 39
 -1.091554e+01 9.574738e+00 3.837496e+00 -3.493781e-01 -1.302693e+00 -2.862632e+00 1.328158e+00 -1.288204e+00 1.923981e+00 3.520608e+00 5.799830e+00 1.607211e+00 3.004984e+00 4.115126e+00 -1.605935e+00 2.139228e-01 -1.536077e+00 -3.600597e+00 -2.714237e+00 -1.699784e+00 -5.591116e-01 -6.853158e-01 2.053067e-02 1.365393e+00 2.098955e+00 1.124902e+00 3.036534e-01 -7.625219e-01 -1.506177e-01 -1.240847e-01 1.161042e-01 2.789101e-01 2.059538e-01 2.715749e-01 -9.659856e-02 -1.634470e-01 -1.487568e-01 1.050039e-01 1.087281e-01
<VARIANCE> 39
 3.889246e+01 3.652256e+01 3.706670e+01 2.932391e+01 4.775456e+01 5.139971e+01 4.131236e+01 4.329926e+01 3.690087e+01 3.572748e+01 4.953851e+01 5.103424e+01 2.800195e+01 2.594365e+00 3.037495e+00 4.413707e+00 3.119627e+00 4.466583e+00 3.764734e+00 5.198580e+00 5.647098e+00 4.993377e+00 5.467813e+00 6.043712e+00 6.482915e+00 1.648134e+00 6.402467e-01 4.808044e-01 5.135075e-01 4.465315e-01 8.400154e-01 6.951690e-01 7.309265e-01 6.228375e-01 6.510540e-01 6.002489e-01 9.757292e-01 1.003109e+00 3.675340e-01
<GCONST> 1.319994e+02
<MIXTURE> 8 8.336367e-02
<MEAN> 39
 -1.862770e+00 3.624796e+00 9.200137e+00 2.309047e+00 -5.536449e+00 -6.636682e+00 -1.372895e+00 1.166252e+00 -2.282055e+00 -3.618490e+00 9.428642e-01 3.071202e+00 6.241603e+00 4.258443e+00 -1.023918e+00 -2.377114e-01 1.995309e-01 -2.808745e+00 -2.120170e+00 -8.343393e-01 2.052200e-01 -9.534687e-03 -1.033845e+00 -4.049507e-01 -1.824113e-01 1.258485e+00 -1.026603e+00 -5.257094e-01 -5.256041e-01 -4.750664e-01 3.715906e-01 7.383219e-01 4.399280e-01 3.010496e-01 4.662376e-01 4.767669e-01 2.556408e-01 -7.802897e-02 -9.491380e-02
<VARIANCE> 39
 1.551593e+01 1.751675e+01 2.281686e+01 1.862432e+01 2.912223e+01 2.692304e+01 2.908746e+01 1.920836e+01 3.113362e+01 2.459951e+01 2.311819e+01 1.947308e+01 1.961129e+01 2.603675e+00 3.020938e+00 2.675722e+00 2.111353e+00 3.362367e+00 3.621665e+00 3.205713e+00 3.252133e+00 3.997329e+00 3.865310e+00 3.196917e+00 2.667518e+00 1.011691e+00 2.826115e-01 2.764487e-01 2.456092e-01 2.405022e-01 3.959275e-01 3.724141e-01 3.535436e-01 3.949085e-01 4.819116e-01 3.972838e-01 3.827567e-01 2.859952e-01 1.368831e-01
<GCONST> 1.104662e+02
<STATE> 5
<NUMMIXES> 8
<MIXTURE> 1 1.426361e-01
<MEAN> 39
 1.364588e+00 1.591747e+00 7.119051e+00 1.730759e-01 -8.103429e+00 -3.433393e+00 -1.743642e-02 -1.029208e+00 -3.363914e+00 -1.313711e+00 4.898148e-01 -1.006829e+00 3.856217e+00 3.496793e-01 -4.050948e-01 -3.343793e-01 -4.980922e-02 1.247448e-01 7.431516e-02 2.187327e-01 2.192936e-01 1.109594e-01 4.628401e-02 -1.166044e-02 -1.893631e-02 -1.048682e-01 -1.851504e-01 1.191310e-01 1.995936e-02 1.991835e-02 1.285668e-01 5.677302e-03 -5.034126e-02 -4.152361e-02 5.799958e-02 -3.922723e-02 -2.867570e-02 2.060020e-02 -3.125409e-02
<VARIANCE> 39
 1.485903e+01 2.404332e+01 4.600208e+01 3.591099e+01 5.537606e+01 4.837705e+01 4.070105e+01 4.847488e+01 4.710199e+01 4.303029e+01 4.062240e+01 5.081378e+01 2.321496e+01 2.875426e-01 5.953680e-01 8.146819e-01 8.948996e-01 1.472996e+00 1.487775e+00 1.523343e+00 1.605311e+00 1.765308e+00 1.646614e+00 1.597199e+00 1.249349e+00 2.182147e-01 6.641705e-02 1.024268e-01 1.310595e-01 1.421493e-01 2.201515e-01 2.561266e-01 2.693717e-01 3.030225e-01 2.764993e-01 2.990471e-01 2.635392e-01 2.324910e-01 3.483787e-02
<GCONST> 9.567417e+01
<MIXTURE> 2 8.769667e-02
<MEAN> 39
 -1.281386e+00 7.865237e+00 6.423655e+00 9.050566e-01 -3.930912e+00 -4.016693e+00 -3.710239e+00 -6.247806e+00 -3.132852e+00 -2.902854e+00 -1.953236e+00 -4.725594e+00 1.537961e+00 2.542518e+00 -3.077318e-01 -5.960895e-01 -4.306840e-01 -7.267272e-01 -3.705276e-01 -5.239018e-01 -1.864536e-01 -1.849105e-01 5.717602e-02 -6.444722e-01 -3.290808e-01 2.534087e-01 -8.119406e-01 -4.791482e-01 -2.552253e-01 -5.887302e-02 3.589008e-01 5.650051e-01 6.516912e-01 6.821855e-01 4.813252e-01 4.057180e-01 4.025990e-01 3.907716e-01 -5.477737e-03
<VARIANCE> 39
 1.995168e+01 2.549511e+01 3.530650e+01 2.797156e+01 3.799194e+01 4.272318e+01 4.182260e+01 3.388589e+01 4.820757e+01 3.797041e+01 3.617339e+01 3.677177e+01 2.376466e+01 1.875756e+00 2.090755e+00 2.823693e+00 2.207797e+00 3.314164e+00 3.645035e+00 3.586195e+00 3.469590e+00 3.750589e+00 3.615382e+00 3.104505e+00 2.683818e+00 1.265769e+00 2.398278e-01 2.562726e-01 3.327563e-01 3.479686e-01 4.084108e-01 4.650249e-01 5.016633e-01 4.299201e-01 5.577144e-01 6.147802e-01 4.612238e-01 4.140157e-01 1.164019e-01
<GCONST> 1.174813e+02
<MIXTURE> 3 1.626257e-01
<MEAN> 39
 -9.842529e+00 2.997725e+00 2.835673e+00 2.578351e+00 3.181527e+00 6.210653e-01 2.516995e+00 1.441381e+00 7.699433e-01 2.453021e-01 9.618408e-01 2.746459e-01 -4.969805e+00 1.260807e+00 -8.111173e-02 -3.995875e-01 2.782163e-01 2.737779e-01 -8.773950e-02 -1.516162e-01 -3.598191e-01 -4.416628e-01 -1.136855e-01 -3.221596e-01 -2.396585e-01 -8.457865e-01 -3.997519e-02 9.148797e-02 4.612691e-02 -1.537951e-01 -8.395819e-02 -2.550428e-02 -1.560643e-02 -1.578301e-02 -1.400484e-02 6.255641e-02 1.214683e-01 8.427116e-02 3.028890e-01
<VARIANCE> 39
 4.262965e+01 4.218154e+01 3.837579e+01 2.906102e+01 3.483633e+01 3.567231e+01 3.785961e+01 3.835506e+01 3.843212e+01 3.412899e+01 3.191563e+01 3.595993e+01 4.648669e+01 2.238453e+00 1.970580e+00 1.879897e+00 1.802295e+00 2.540154e+00 2.519104e+00 2.438140e+00 2.654153e+00 2.948761e+00 2.573531e+00 2.453596e+00 2.236233e+00 2.059062e+00 3.178465e-01 3.525496e-01 3.290754e-01 3.327502e-01 4.019727e-01 4.763641e-01 4.416063e-01 4.712014e-01 5.110171e-01 4.695451e-01 4.253673e-01 4.122080e-01 2.940843e-01
<GCONST> 1.175216e+02
<MIXTURE> 4 1.289657e-01
<MEAN> 39
 2.313572e-01 -2.213031e+00 4.286983e+00 -4.229767e+00 -8.712222e+00 -2.778440e+00 3.411686e+00 1.861285e+00 -2.315696e+00 -2.483494e+00 4.056666e-01 3.316831e-01 8.067019e+00 4.562147e-01 -1.280889e+00 -7.480871e-01 -5.836845e-02 1.044376e+00 1.082485e+00 1.081870e+00 1.026024e+00 1.762424e-01 -1.193134e-01 -6.670491e-01 -9.108977e-02 2.157291e-01 -3.380801e-01 5.252505e-01 1.070696e-02 1.895210e-01 3.285025e-01 -1.148498e-01 -2.917849e-01 -3.680539e-01 -2.469258e-02 6.928895e-02 1.218433e-01 9.011918e-03 -2.067848e-01
<VARIANCE> 39
 1.070593e+01 1.573794e+01 2.918061e+01 2.550176e+01 3.673252e+01 3.370712e+01 4.297345e+01 4.693648e+01 3.912820e+01 4.268208e+01 4.048717e+01 6.003006e+01 1.235691e+01 3.882733e-01 1.135677e+00 1.501030e+00 1.279040e+00 1.945087e+00 2.002867e+00 2.495217e+00 2.606854e+00 2.958825e+00 2.623790e+00 2.371848e+00 2.200574e+00 2.304150e-01 9.799991e-02 1.592585e-01 2.364638e-01 2.579136e-01 3.478573e-01 3.536980e-01 3.635415e-01 3.877932e-01 4.421138e-01 4.432940e-01 4.763435e-01 3.872971e-01 3.622559e-02
<GCONST> 1.035281e+02
<MIXTURE> 5 1.416043e-01
<MEAN> 39
 -1.296577e+00 2.281484e+00 9.931283e+00 -3.287129e+00 -1.257862e+01 -4.337492e+00 6.749315e-01 -2.678368e+00 -5.038834e+00 -1.300885e+00 1.752387e+00 -1.844561e+00 6.325934e+00 1.033047e+00 -1.837669e+00 1.534173e-01 -5.776978e-01 -5.368476e-01 8.839932e-01 1.121781e+00 1.258791e+00 7.683282e-02 5.349535e-01 -2.337055e-01 -1.441351e-01 3.437507e-01 -8.217401e-01 3.010383e-01 -2.715921e-01 2.204304e-01 1.062853e+00 4.652808e-01 2.069654e-01 1.421092e-01 3.452371e-01 1.855597e-01 3.979932e-02 9.342433e-02 -2.596864e-01
<VARIANCE> 39
 1.020985e+01 1.865673e+01 2.768146e+01 2.479214e+01 2.360363e+01 2.662875e+01 2.864421e+01 4.122850e+01 3.115455e+01 3.931936e+01 2.866479e+01 4.794500e+01 1.175646e+01 6.713919e-01 1.179790e+00 1.574656e+00 1.446248e+00 2.293501e+00 2.128678e+00 2.627582e+00 2.400660e+00 2.812204e+00 2.692987e+00 2.679508e+00 2.392604e+00 2.570693e-01 1.577090e-01 2.299885e-01 2.233977e-01 2.753898e-01 3.115707e-01 3.860462e-01 3.861882e-01 4.311688e-01 4.474881e-01 4.700673e-01 3.879454e-01 4.681195e-01 5.389507e-02
<GCONST> 1.041165e+02
<MIXTURE> 6 8.640701e-02
<MEAN> 39
 -9.919083e-01 -6.762207e-01 2.826010e+00 -5.120630e+00 -7.156073e+00 -6.438876e+00 6.401493e-01 1.477907e+00 1.683822e+00 6.417408e+00 1.281979e+01 1.119520e+01 7.241296e+00 1.225990e+00 -2.193704e+00 -4.390984e-01 -3.166409e-01 3.762458e-01 6.019250e-01 4.023529e-01 6.336032e-01 -4.024687e-01 9.065766e-02 3.903297e-01 1.218664e+00 6.697782e-01 -8.608817e-01 3.483352e-01 -1.562875e-02 4.616272e-01 8.973709e-01 7.891504e-01 3.404873e-01 -7.147512e-02 -1.060634e-01 -4.934476e-01 -9.980187e-01 -9.444752e-01 -2.701705e-01
<VARIANCE> 39
 1.881248e+01 3.023980e+01 3.655752e+01 3.122627e+01 4.294828e+01 5.667334e+01 4.781745e+01 5.256074e+01 4.737889e+01 6.247470e+01 5.402130e+01 4.914480e+01 2.261428e+01 2.588586e+00 3.311623e+00 3.107750e+00 3.180476e+00 4.916106e+00 4.793595e+00 3.916099e+00 4.373582e+00 4.343599e+00 5.682612e+00 7.038597e+00 6.243927e+00 1.325526e+00 3.889761e-01 4.232719e-01 4.656372e-01 4.537002e-01 8.377762e-01 8.747355e-01 7.098541e-01 7.923678e-01 8.378404e-01 7.794023e-01 7.063217e-01 6.770845e-01 1.781395e-01
<GCONST> 1.302604e+02
<MIXTURE> 7 1.133608e-01
<MEAN> 39
 1.725252e+00 -2.051884e+00 2.827706e+00 -2.305164e-01 -7.507454e+00 -8.055792e+00 -1.609452e+00 4.282092e+00 2.375643e+00 -3.344273e+00 -8.748355e-01 4.345224e-01 9.085722e+00 1.266821e+00 -2.102370e+00 -1.297462e+00 -4.554787e-01 4.067529e-02 6.314524e-01 6.790534e-01 1.616434e+00 1.278225e+00 3.727131e-01 -3.937996e-01 -4.516029e-01 6.958815e-01 -1.088428e+00 3.468362e-01 1.262691e-01 -5.364273e-02 9.476291e-01 8.922800e-01 4.363840e-01 -2.074441e-01 -1.543128e-01 3.061621e-01 2.373111e-01 4.829016e-02 -3.830244e-01
<VARIANCE> 39
 1.034359e+01 2.275257e+01 2.930974e+01 2.809212e+01 3.337437e+01 3.627954e+01 4.865504e+01 3.535633e+01 4.250265e+01 3.744470e+01 3.049576e+01 3.397534e+01 1.950910e+01 1.410362e+00 1.949959e+00 2.124623e+00 1.830832e+00 4.042766e+00 3.865089e+00 3.720166e+00 3.991042e+00 3.964569e+00 3.720661e+00 3.792288e+00 3.002781e+00 7.282878e-01 2.516951e-01 3.104766e-01 3.511264e-01 3.654271e-01 4.709873e-01 5.297575e-01 5.722746e-01 6.494976e-01 7.241207e-01 6.976293e-01 5.740446e-01 4.290520e-01 9.656340e-02
<GCONST> 1.169089e+02
<MIXTURE> 8 1.367036e-01
<MEAN> 39
 -2.691519e+00 5.895451e+00 6.327866e+00 -3.943899e+00 -1.150683e+01 -8.774580e+00 -2.081709e+00 -5.334754e+00 -4.913064e+00 -2.960643e+00 1.925752e+00 -1.005346e+00 6.243385e+00 3.449135e+00 -2.571681e+00 -3.564128e-01 -1.189627e+00 -2.623980e+00 -9.333006e-01 1.280928e-01 8.584162e-01 -6.210641e-01 -3.002236e-01 -7.652498e-01 -1.104153e-01 9.753188e-01 -1.162310e+00 -3.944190e-01 -2.076233e-01 3.187171e-01 1.423121e+00 1.420681e+00 1.007639e+00 9.639412e-01 8.197376e-01 6.209822e-01 1.296364e-01 7.113910e-02 -1.377458e-01
<VARIANCE> 39
 1.008719e+01 2.284861e+01 2.803146e+01 2.317464e+01 2.618512e+01 3.162049e+01 2.957886e+01 3.991437e+01 3.593365e+01 3.504699e+01 3.623701e+01 4.542963e+01 1.288233e+01 1.828304e+00 2.180839e+00 3.051270e+00 2.350663e+00 3.838699e+00 3.844992e+00 4.001271e+00 4.405708e+00 4.147555e+00 4.120251e+00 4.598978e+00 4.584810e+00 5.013192e-01 1.484817e-01 2.808225e-01 2.808956e-01 3.104406e-01 3.456573e-01 3.861959e-01 4.746989e-01 5.146343e-01 5.558545e-01 5.197976e-01 6.343467e-01 6.575702e-01 6.060391e-02
<GCONST> 1.146390e+02
<TRANSP> 6
 0.000000e+00 1.000000e+00 0.000000e+00 0.000000e+00 0.000000e+00 0.000000e+00
 0.000000e+00 7.780127e-01 2.219873e-01 0.000000e+00 0.000000e+00 0.000000e+00
 0.000000e+00 0.000000e+00 7.730956e-01 2.269044e-01 0.000000e+00 0.000000e+00
 0.000000e+00 0.000000e+00 0.000000e+00 6.942118e-01 3.057881e-01 0.000000e+00
 0.000000e+00 0.000000e+00 0.000000e+00 0.000000e+00 6.750064e-01 3.249936e-01
 0.000000e+00 0.000000e+00 0.000000e+00 0.000000e+00 0.000000e+00 0.000000e+00
<ENDHMM>
