~o
<STREAMINFO> 1 39
<VECSIZE> 39<NULLD><MFCC_D_A_Z_0><DIAGC>
~h "d"
<BEGINHMM>
<NUMSTATES> 6
<STATE> 2
<NUMMIXES> 8
<MIXTURE> 1 1.550837e-01
<MEAN> 39
 2.815689e-01 6.996375e+00 5.988338e+00 6.755970e+00 4.151258e+00 4.945031e-01 1.090552e+00 -2.751759e+00 -2.178172e+00 -1.889878e+00 -3.026474e+00 -3.036953e+00 -1.051144e+01 -2.426155e+00 -9.304471e-01 -1.015834e+00 -5.140710e-01 2.913679e-01 2.938040e-01 5.375021e-01 6.013631e-01 6.286724e-01 7.526027e-01 9.247968e-01 7.647817e-01 1.639098e+00 -2.601200e-01 -2.328191e-01 -3.264524e-01 -4.512718e-01 -7.011218e-01 -5.476670e-01 -1.893852e-01 1.251799e-01 1.225713e-01 1.342470e-01 2.943820e-01 3.479607e-01 1.128201e+00
<VARIANCE> 39
 3.260841e+01 3.251150e+01 3.503150e+01 2.845377e+01 4.207547e+01 4.013958e+01 3.869377e+01 4.243159e+01 3.720669e+01 3.524740e+01 3.428466e+01 3.740792e+01 3.313974e+01 3.437744e+00 4.009168e+00 3.891030e+00 3.936765e+00 4.566369e+00 4.558400e+00 4.115126e+00 4.090587e+00 4.163631e+00 3.748259e+00 3.447563e+00 3.225006e+00 5.344410e+00 5.654350e-01 6.314195e-01 5.162157e-01 5.570729e-01 6.711746e-01 6.732657e-01 6.573281e-01 7.001702e-01 6.640514e-01 6.064889e-01 5.757616e-01 5.267870e-01 4.405266e-01
<GCONST> 1.294945e+02
<MIXTURE> 2 9.029043e-02
<MEAN> 39
 1.767451e+00 -2.952639e+00 2.161202e-01 -1.541376e+00 -2.384191e+00 -2.041171e+00 -5.803449e-01 2.244402e+00 4.117229e-01 2.157474e-01 1.740042e+00 3.465768e+00 3.150976e+00 -9.031412e-02 5.270052e-04 5.316566e-02 2.869654e-02 -1.583336e-01 -1.101849e-01 4.939806e-02 5.178098e-02 -4.349316e-02 1.232633e-02 3.279185e-02 4.138359e-02 -1.567357e-01 5.184538e-03 1.270218e-01 3.508631e-02 7.523321e-02 3.027728e-02 -2.676564e-02 -1.614159e-02 -1.116311e-01 -1.955190e-02 1.495283e-02 -5.489036e-02 -8.367987e-02 -1.134760e-02
<VARIANCE> 39
 2.294035e+01 2.981076e+01 4.480159e+01 4.181137e+01 6.666758e+01 6.122594e+01 7.132725e+01 6.470501e+01 7.203103e+01 7.878094e+01 9.191679e+01 9.550568e+01 4.462228e+01 5.343665e-01 8.866580e-01 1.345967e+00 1.504095e+00 2.306994e+00 2.388827e+00 2.784395e+00 2.863305e+00 2.794410e+00 2.750745e+00 2.708473e+00 2.415312e+00 5.571151e-01 9.470091e-02 1.583907e-01 2.225935e-01 2.900210e-01 3.870913e-01 4.463225e-01 5.541207e-01 5.335714e-01 5.611229e-01 5.339063e-01 5.239475e-01 4.802212e-01 1.082156e-01
<GCONST> 1.163646e+02
<MIXTURE> 3 1.465727e-01
<MEAN> 39
 1.890617e+00 7.439154e+00 5.434912e+00 6.035155e+00 8.957380e-01 -2.135574e+00 -1.082585e+00 -3.746078e+00 -3.463142e+00 -3.813267e+00 -4.317698e+00 -3.858587e+00 -8.040421e+00 -9.103366e-01 -8.348548e-02 -1.057226e-01 2.482294e-01 7.334576e-01 6.027557e-01 4.732001e-01 2.127987e-01 2.400411e-01 3.015477e-01 2.895355e-01 6.675470e-02 -5.502480e-01 -3.102545e-01 -3.641905e-01 -2.601968e-01 -2.866580e-01 -1.933213e-01 -7.133026e-02 7.740475e-02 2.051245e-01 2.057154e-01 2.790342e-01 3.221252e-01 2.923436e-01 4.851305e-01
<VARIANCE> 39
 2.218114e+01 2.929730e+01 2.680090e+01 2.362649e+01 3.725906e+01 3.162187e+01 3.289019e+01 3.715927e+01 3.308434e+01 3.423018e+01 3.086916e+01 3.613272e+01 2.923778e+01 1.414969e+00 1.443543e+00 1.365828e+00 1.511855e+00 1.985846e+00 2.035279e+00 2.251773e+00 2.285215e+00 2.300256e+00 2.158485e+00 2.015977e+00 1.858194e+00 1.338454e+00 2.670687e-01 2.844140e-01 2.833547e-01 3.348378e-01 4.032183e-01 3.914283e-01 4.527978e-01 4.979068e-01 4.603516e-01 4.447799e-01 4.013448e-01 3.886449e-01 2.331269e-01
<GCONST> 1.107295e+02
<MIXTURE> 4 1.227454e-01
<MEAN> 39
 -1.001084e+01 9.543112e+00 -2.168419e+00 6.870381e+00 6.423718e-02 -4.671178e-01 1.905588e+00 -4.253481e+00 4.932715e-01 -9.060962e-01 -4.133160e-01 -3.319170e+00 -9.888355e-01 -1.820004e+00 9.643970e-01 -6.824147e-01 1.117572e-01 -3.982936e-01 -3.792225e-01 5.284058e-01 2.902247e-01 4.342073e-01 5.267239e-01 9.649535e-01 5.692422e-01 1.924430e+00 1.119821e+00 -4.173497e-01 6.232547e-01 -5.068761e-01 -4.566738e-01 -5.655425e-01 -2.922912e-01 2.218039e-01 -1.506334e-01 -4.906856e-02 6.149883e-02 3.752049e-01 -1.053284e-01
<VARIANCE> 39
 2.416391e+01 5.359678e+01 4.101930e+01 4.540178e+01 5.112027e+01 4.481167e+01 4.437467e+01 4.391165e+01 4.139016e+01 4.167255e+01 4.021745e+01 4.599226e+01 2.451415e+01 4.928372e+00 3.167917e+00 3.486244e+00 2.978010e+00 3.429885e+00 4.309380e+00 3.398342e+00 3.526937e+00 3.346405e+00 3.252426e+00 3.413958e+00 3.255513e+00 3.687727e+00 4.261065e-01 7.775747e-01 5.851820e-01 7.107159e-01 7.691843e-01 7.694345e-01 7.862797e-01 8.225455e-01 7.841663e-01 7.873228e-01 7.983076e-01 8.382567e-01 3.339635e-01
<GCONST> 1.313023e+02
<MIXTURE> 5 9.194236e-02
<MEAN> 39
 2.373418e+00 1.971163e+00 4.547725e+00 1.548421e+00 -2.470296e+00 -5.689609e+00 -3.937561e+00 -2.446079e+00 -1.794005e+00 -1.271899e+00 -1.479279e+00 8.881128e-02 1.240132e+00 -4.107390e-01 -1.666938e+00 -5.652490e-01 -1.441389e+00 -9.278561e-01 -4.095716e-01 2.653794e-02 2.129784e+00 9.829705e-01 3.132064e-01 8.155188e-01 7.593917e-01 2.258540e+00 2.125889e-02 -2.361007e-01 -2.331680e-01 -2.238439e-01 -1.468304e-01 2.631205e-01 4.302072e-01 3.946330e-01 9.426460e-02 2.222667e-02 -1.687801e-02 -1.661346e-02 2.021672e-01
<VARIANCE> 39
 1.854419e+01 2.757194e+01 3.892144e+01 3.447711e+01 4.780990e+01 4.499652e+01 4.546314e+01 5.150597e+01 4.888526e+01 4.456692e+01 4.667714e+01 4.695903e+01 2.783580e+01 2.712217e+00 2.457765e+00 3.845244e+00 3.555593e+00 5.497468e+00 5.948669e+00 5.958638e+00 6.423885e+00 6.055884e+00 5.511539e+00 5.262702e+00 4.791832e+00 2.315322e+00 2.924853e-01 3.947516e-01 4.808953e-01 6.191440e-01 8.036423e-01 7.629458e-01 8.224508e-01 9.701484e-01 8.628233e-01 8.022004e-01 7.683136e-01 6.897016e-01 3.324627e-01
<GCONST> 1.322839e+02
<MIXTURE> 6 2.043632e-01
<MEAN> 39
 2.234614e+00 5.743783e+00 5.456816e+00 4.542038e+00 -1.205677e+00 -2.148915e+00 -7.101110e-01 -3.590280e+00 -3.320976e+00 -1.589727e+00 -1.972972e+00 -1.616060e+00 -5.774856e+00 -5.158057e-02 7.328106e-02 3.245179e-03 8.252754e-02 1.293822e-01 8.171283e-02 2.790653e-02 -3.822956e-02 1.681562e-02 -1.474526e-02 -1.919316e-02 -3.480700e-02 -2.160008e-01 -2.729038e-02 -3.786937e-02 -2.962005e-02 -1.718847e-02 2.381277e-02 1.694991e-02 1.713878e-02 5.680355e-02 3.693593e-02 2.530709e-03 1.076752e-02 9.594135e-03 1.873477e-02
<VARIANCE> 39
 2.315734e+01 2.780554e+01 4.013315e+01 3.711975e+01 5.231708e+01 4.241135e+01 4.921272e+01 4.673285e+01 4.506719e+01 4.632087e+01 4.462245e+01 4.895009e+01 4.921813e+01 1.944892e-01 3.492179e-01 5.290532e-01 7.115128e-01 9.117606e-01 1.074479e+00 1.187476e+00 1.325534e+00 1.300522e+00 1.330369e+00 1.339798e+00 1.214822e+00 1.455763e-01 3.093442e-02 5.870076e-02 9.459738e-02 1.330363e-01 1.702245e-01 2.024688e-01 2.343921e-01 2.523569e-01 2.508405e-01 2.537182e-01 2.498131e-01 2.292784e-01 1.828894e-02
<GCONST> 8.950269e+01
<MIXTURE> 7 8.110607e-02
<MEAN> 39
 3.843269e+00 -1.876159e+00 3.491789e+00 -1.624446e+00 -7.678627e+00 -7.072190e+00 -2.467466e+00 1.741913e+00 -7.734504e-01 -1.282259e+00 -3.974164e-01 1.938252e+00 4.671552e+00 3.837285e-01 1.449529e+00 7.881824e-01 1.357927e+00 3.169231e-01 -4.143639e-01 -8.604788e-01 -1.514418e+00 -5.950689e-01 -6.515701e-01 -4.914942e-01 -6.529135e-01 -1.783491e+00 -1.650691e-01 2.679489e-01 -1.187407e-01 2.384690e-01 6.212154e-01 5.021002e-01 3.234524e-01 -1.976655e-01 -9.968554e-02 -7.875595e-02 -1.733230e-01 -2.775371e-01 -3.779589e-01
<VARIANCE> 39
 1.363323e+01 2.354001e+01 4.495386e+01 3.885117e+01 5.106512e+01 4.722078e+01 5.942083e+01 6.179825e+01 6.537605e+01 6.198724e+01 6.826957e+01 6.528230e+01 1.911219e+01 9.619004e-01 1.593642e+00 2.243149e+00 2.467952e+00 3.904619e+00 3.842757e+00 4.352468e+00 4.243659e+00 4.266287e+00 4.254257e+00 3.969275e+00 3.775669e+00 1.314956e+00 1.741998e-01 2.694707e-01 3.825696e-01 4.732193e-01 5.761802e-01 6.112421e-01 7.110428e-01 8.008054e-01 7.428470e-01 7.592388e-01 6.857908e-01 6.088700e-01 2.269994e-01
<GCONST> 1.249090e+02
<MIXTURE> 8 1.078960e-01
<MEAN> 39
 3.246889e+00 5.786939e+00 5.291798e+00 2.747476e+00 -4.487276e+00 -5.978707e+00 -2.476983e+00 -4.891208e+00 -3.633193e+00 -2.047362e+00 -1.911597e+00 -9.888427e-01 -3.094501e+00 -2.322767e-01 6.854470e-01 2.037342e-01 6.547263e-01 7.688584e-01 3.596314e-01 1.633698e-01 -2.547284e-01 -1.717470e-01 -3.307819e-01 -3.786767e-01 -4.802365e-01 -1.016727e+00 -2.213863e-01 -2.113911e-01 -1.659431e-01 -7.739129e-02 2.066363e-01 3.170451e-01 2.085449e-01 3.063771e-01 1.576925e-01 6.971359e-02 2.034625e-02 -4.099668e-02 9.677976e-02
<VARIANCE> 39
 1.984814e+01 2.062631e+01 3.519426e+01 3.155982e+01 4.213872e+01 3.818636e+01 3.780449e+01 4.539583e+01 4.215078e+01 4.519072e+01 4.532894e+01 4.432724e+01 2.592217e+01 1.439956e+00 1.444502e+00 1.834108e+00 2.081532e+00 2.948897e+00 2.859762e+00 2.909473e+00 3.255809e+00 2.944052e+00 2.874824e+00 2.753667e+00 2.809764e+00 1.314077e+00 1.632553e-01 1.861334e-01 2.751294e-01 3.437260e-01 4.201292e-01 4.329308e-01 4.596519e-01 5.081512e-01 4.970836e-01 4.876525e-01 4.624418e-01 4.394371e-01 1.505500e-01
<GCONST> 1.149414e+02
<STATE> 3
<NUMMIXES> 8
<MIXTURE> 1 1.379279e-01
<MEAN> 39
 -1.553221e+01 8.496661e+00 1.227066e+00 3.875332e+00 3.102907e+00 1.278320e+00 4.917573e+00 3.790072e-01 1.265144e+00 2.525755e+00 3.113548e+00 8.905068e-01 1.452131e+00 8.955377e-01 7.317281e-01 1.104421e+00 1.784391e-01 -1.204786e+00 -1.533965e+00 -6.313002e-01 -4.691084e-01 -7.538746e-01 -6.917436e-01 -1.696193e-01 9.106036e-02 1.007528e+00 1.515020e+00 -4.111622e-01 3.543560e-01 -3.681440e-02 -5.813665e-01 -6.219762e-01 -6.380910e-01 -2.623094e-01 -2.661632e-01 -3.940886e-01 -3.743917e-01 -1.197776e-01 -2.699098e-01
<VARIANCE> 39
 2.505160e+01 3.568316e+01 6.176846e+01 3.805909e+01 4.478222e+01 4.250544e+01 4.287004e+01 3.648149e+01 3.939832e+01 3.127826e+01 3.098619e+01 3.409951e+01 2.184865e+01 5.235086e+00 2.760485e+00 2.820528e+00 2.545627e+00 3.358387e+00 3.994737e+00 3.496751e+00 2.921968e+00 2.878813e+00 2.694488e+00 2.524183e+00 2.256381e+00 1.730286e+00 4.958773e-01 4.863717e-01 7.131179e-01 5.187658e-01 6.052594e-01 6.538839e-01 6.060295e-01 5.732655e-01 6.348795e-01 5.714903e-01 5.389183e-01 4.660418e-01 3.087498e-01
<GCONST> 1.242331e+02
<MIXTURE> 2 9.265205e-02
<MEAN> 39
 8.522318e-03 1.963740e+00 1.211861e+00 -1.478356e+00 -8.003370e+00 -9.786540e+00 -1.478567e+00 2.136102e+00 3.113255e+00 3.818013e+00 6.490474e+00 6.259648e+00 6.476975e+00 1.245028e+00 -2.611173e+00 8.422791e-02 -2.363140e+00 -1.128350e+00 -1.032279e+00 2.521785e-01 2.397324e+00 7.005472e-01 8.409550e-01 9.962898e-01 1.855543e+00 2.559088e+00 -8.059134e-02 -1.000298e-01 -5.837193e-02 3.034238e-01 8.719215e-01 1.069719e+00 3.849446e-01 -1.750074e-01 -4.252459e-01 -5.078627e-01 -8.462844e-01 -6.985832e-01 -7.053894e-01
<VARIANCE> 39
 1.657182e+01 3.605983e+01 3.889468e+01 3.786012e+01 4.832921e+01 4.194040e+01 5.419397e+01 5.402123e+01 5.828815e+01 6.451825e+01 6.979286e+01 6.709470e+01 2.496660e+01 3.706565e+00 3.569883e+00 4.762057e+00 4.248708e+00 7.054949e+00 6.623996e+00 7.530410e+00 7.067578e+00 7.275632e+00 7.149453e+00 7.854258e+00 8.235636e+00 2.557212e+00 5.003769e-01 5.599382e-01 5.138304e-01 6.687467e-01 7.545190e-01 8.425030e-01 8.586203e-01 9.917343e-01 9.589156e-01 9.611244e-01 9.145464e-01 9.524711e-01 3.666814e-01
<GCONST> 1.391543e+02
<MIXTURE> 3 1.552702e-01
<MEAN> 39
 -4.901591e+00 5.164800e+00 2.216220e+00 5.461404e+00 2.546665e+00 -1.237678e-01 1.714478e+00 -1.611667e+00 -1.305590e+00 -7.392887e-01 -4.017693e-01 -7.629040e-01 -6.349255e+00 -1.188982e+00 -6.255766e-01 -6.263396e-01 -1.975075e-01 3.618185e-01 5.624245e-01 8.529156e-01 8.413557e-01 8.092622e-01 7.593170e-01 7.190452e-01 3.969662e-01 -2.290201e-01 2.194321e-01 -9.802239e-02 -1.360909e-02 -1.657192e-01 -2.450688e-01 -1.728379e-01 -1.520290e-01 -2.940531e-02 -1.698312e-02 -2.212689e-02 -4.616187e-02 1.577403e-03 1.664386e-01
<VARIANCE> 39
 4.151802e+01 3.735366e+01 3.399279e+01 2.878409e+01 4.000219e+01 3.545289e+01 3.327123e+01 3.525125e+01 3.247663e+01 3.087030e+01 2.974595e+01 3.232782e+01 3.964611e+01 1.147416e+00 1.411185e+00 1.412853e+00 1.530428e+00 1.840946e+00 2.073167e+00 2.031921e+00 2.086455e+00 2.211853e+00 2.120391e+00 2.042311e+00 2.029091e+00 1.111479e+00 1.622954e-01 1.978302e-01 2.230045e-01 2.406544e-01 3.080563e-01 3.431746e-01 3.591283e-01 3.827455e-01 3.847903e-01 3.587017e-01 3.409178e-01 3.327251e-01 1.130521e-01
<GCONST> 1.078708e+02
<MIXTURE> 4 1.328573e-01
<MEAN> 39
 2.378270e+00 1.174863e+00 1.624337e+00 9.877014e-01 -1.668316e+00 -2.208763e+00 -1.144885e+00 -1.631142e+00 -1.338969e+00 -8.326314e-01 -1.010597e+00 6.155631e-02 -4.866500e-01 -6.294738e-02 6.421180e-02 -2.529435e-02 8.091562e-02 2.407308e-01 1.665524e-01 1.355193e-01 5.116720e-02 7.505700e-02 5.498668e-02 1.120227e-02 -5.200972e-02 -1.966441e-01 -2.800629e-02 -3.461894e-02 -3.714912e-02 -3.440822e-02 3.592836e-02 3.417506e-02 1.711600e-02 7.834270e-02 6.030157e-02 4.935386e-02 5.528926e-02 2.020447e-02 7.347012e-02
<VARIANCE> 39
 2.318899e+01 3.676660e+01 3.953216e+01 4.131408e+01 5.673238e+01 5.096032e+01 4.885359e+01 6.272570e+01 5.826734e+01 6.229444e+01 6.540948e+01 7.053323e+01 4.679521e+01 2.870502e-01 5.386086e-01 7.868744e-01 1.030022e+00 1.377160e+00 1.429965e+00 1.686832e+00 1.773759e+00 1.821613e+00 1.795637e+00 1.703679e+00 1.596222e+00 2.428967e-01 4.660605e-02 8.426511e-02 1.398354e-01 1.739395e-01 2.204327e-01 2.685162e-01 2.851618e-01 3.225105e-01 3.306773e-01 3.338944e-01 3.352225e-01 3.044834e-01 3.242316e-02
<GCONST> 1.003833e+02
<MIXTURE> 5 1.274416e-01
<MEAN> 39
 4.634405e+00 2.006049e+00 3.845414e+00 1.596275e+00 -4.467482e+00 -6.134962e+00 -3.605640e+00 -2.314845e+00 -1.876916e+00 -2.148153e+00 -1.393133e+00 2.172385e-01 -1.114267e-01 -1.582451e-01 1.247555e+00 2.840250e-01 1.118524e+00 9.073361e-01 3.667325e-01 1.915420e-02 -1.045189e+00 -4.578796e-01 -5.303488e-01 -5.362742e-01 -8.912166e-01 -1.590627e+00 -3.381836e-01 -1.526762e-01 -2.155318e-01 -2.342046e-01 1.456681e-01 3.751918e-01 3.992398e-01 2.313933e-01 8.315773e-02 2.078952e-01 5.713951e-02 4.008394e-02 2.277539e-01
<VARIANCE> 39
 1.458699e+01 2.859236e+01 3.802721e+01 3.520584e+01 4.638335e+01 4.310956e+01 4.786578e+01 5.977768e+01 5.695319e+01 5.821883e+01 7.219206e+01 7.146788e+01 2.206495e+01 1.402573e+00 1.811776e+00 2.497842e+00 2.751950e+00 3.841549e+00 3.935622e+00 4.038897e+00 4.696721e+00 4.396810e+00 4.410971e+00 4.184358e+00 4.087295e+00 1.672953e+00 1.784944e-01 2.624550e-01 3.240606e-01 4.125965e-01 5.007139e-01 5.592734e-01 6.419520e-01 6.775119e-01 6.664999e-01 6.733087e-01 6.676422e-01 5.897006e-01 1.615323e-01
<GCONST> 1.243218e+02
<MIXTURE> 6 1.043086e-01
<MEAN> 39
 3.130460e+00 -2.162029e+00 2.567303e+00 -9.707410e-01 -5.147296e+00 -5.447237e+00 -3.705480e+00 3.536365e+00 1.232311e-01 -1.969601e+00 -1.588450e+00 1.079061e+00 4.934400e+00 -3.022635e-01 -1.382192e+00 -8.644666e-01 -1.185819e+00 -6.170875e-01 4.962158e-01 6.866656e-01 2.154315e+00 6.142555e-01 -3.657392e-04 3.415274e-01 1.860940e-01 1.560646e+00 1.476277e-02 1.829544e-01 -4.716679e-02 1.264009e-01 2.232115e-01 2.619167e-01 3.399447e-01 -3.747519e-01 -1.581405e-01 3.756722e-02 -8.717883e-02 -1.683407e-01 -1.587022e-01
<VARIANCE> 39
 1.179465e+01 2.471238e+01 3.599766e+01 3.509553e+01 4.594352e+01 4.435724e+01 5.148757e+01 5.288255e+01 5.906091e+01 4.614567e+01 4.669118e+01 4.985017e+01 1.904254e+01 1.006537e+00 1.775326e+00 2.938622e+00 2.500798e+00 4.666155e+00 4.700802e+00 5.075418e+00 5.011235e+00 5.368920e+00 4.551273e+00 3.975607e+00 3.490742e+00 8.506412e-01 9.610733e-02 1.844556e-01 2.873341e-01 3.584990e-01 4.778839e-01 5.002334e-01 5.661064e-01 6.477168e-01 5.838672e-01 5.578671e-01 5.052690e-01 4.833268e-01 1.218958e-01
<GCONST> 1.198202e+02
<MIXTURE> 7 1.241111e-01
<MEAN> 39
 -8.206602e+00 1.290698e+01 5.872336e-01 6.057257e+00 -1.648256e+00 -6.250844e+00 8.395510e-01 -4.873932e+00 -1.068292e+00 -1.200866e+00 9.071553e-01 -2.873645e-01 2.361785e+00 2.264333e+00 -1.190719e+00 1.180231e+00 -1.563532e+00 -2.529338e+00 -2.626101e+00 -1.425168e+00 7.354043e-01 -5.891968e-03 -1.059346e-01 5.757835e-01 1.501265e+00 2.003805e+00 1.004806e+00 -1.225375e+00 3.104850e-01 -5.552240e-01 -2.101199e-01 3.082922e-01 -1.690767e-01 5.944913e-01 1.560027e-01 7.187103e-02 -2.056006e-01 3.036477e-02 -2.767040e-01
<VARIANCE> 39
 2.132468e+01 2.537761e+01 3.498592e+01 3.231183e+01 4.953225e+01 4.142370e+01 4.034978e+01 3.682751e+01 4.001184e+01 3.956023e+01 4.303462e+01 4.373689e+01 1.871794e+01 3.458346e+00 3.326135e+00 3.540608e+00 3.467505e+00 4.086395e+00 3.856613e+00 4.526163e+00 5.593288e+00 5.026420e+00 4.969016e+00 5.657397e+00 5.520927e+00 1.862741e+00 4.374880e-01 4.216309e-01 5.409082e-01 5.336283e-01 6.846471e-01 6.970027e-01 7.164655e-01 6.752807e-01 8.017124e-01 7.079712e-01 8.038875e-01 7.438188e-01 3.169605e-01
<GCONST> 1.293607e+02
<MIXTURE> 8 1.254313e-01
<MEAN> 39
 -8.267362e+00 -5.959299e-01 1.970380e+00 5.175634e-01 3.401640e+00 9.361418e-01 2.276351e+00 8.816086e-01 -2.230891e-01 1.747513e+00 1.858149e+00 1.638037e+00 -5.906545e-01 -1.388805e+00 -4.011022e-01 -5.808814e-01 -1.123459e+00 -1.217795e+00 -1.139644e+00 -1.517624e-01 5.588031e-01 2.934374e-01 3.648005e-01 8.214228e-01 9.430902e-01 3.074819e+00 9.351758e-01 6.347560e-01 3.488272e-01 4.017100e-01 -4.533275e-01 -4.596891e-01 -3.353305e-01 -2.554026e-01 -1.408100e-01 -3.287291e-01 -3.131178e-01 -2.106686e-01 -3.358692e-01
<VARIANCE> 39
 2.628578e+01 2.989478e+01 4.625034e+01 3.373115e+01 4.398638e+01 4.387941e+01 4.211038e+01 3.709955e+01 3.844247e+01 3.417928e+01 2.847844e+01 3.076625e+01 5.321862e+01 5.123347e+00 3.984376e+00 3.692962e+00 3.364332e+00 4.879534e+00 5.120203e+00 4.386874e+00 3.972137e+00 3.951393e+00 3.432845e+00 3.165534e+00 2.832361e+00 5.131332e+00 5.877009e-01 5.253546e-01 8.082557e-01 6.382748e-01 8.853536e-01 9.049640e-01 7.922037e-01 7.335289e-01 8.178740e-01 7.057831e-01 6.013572e-01 5.717174e-01 7.063378e-01
<GCONST> 1.320283e+02
<STATE> 4
<NUMMIXES> 8
<MIXTURE> 1 1.568727e-01
<MEAN> 39
 -5.009362e+00 2.262981e+00 1.050772e+00 4.201139e+00 2.455351e+00 5.320061e-01 2.865602e+00 4.469072e-01 6.246029e-01 5.627725e-01 6.930553e-01 -3.076905e-01 -7.205901e+00 -6.662303e-01 -5.176646e-01 -4.167449e-01 -1.838552e-01 6.359737e-02 1.892940e-01 3.243374e-01 4.424712e-01 4.834882e-01 3.952763e-01 4.009841e-01 2.596591e-01 -1.880392e-01 2.938658e-01 1.215560e-01 1.610551e-01 3.080428e-02 -1.174373e-01 -1.692041e-01 -2.881412e-01 -2.614159e-01 -2.661013e-01 -2.490214e-01 -2.079600e-01 -9.242168e-02 9.938147e-02
<VARIANCE> 39
 3.369308e+01 3.435587e+01 2.973345e+01 2.712823e+01 3.702057e+01 3.343644e+01 3.118950e+01 3.420565e+01 3.073685e+01 3.126999e+01 2.820773e+01 3.338182e+01 4.032219e+01 7.787098e-01 9.141831e-01 1.051168e+00 1.261280e+00 1.511564e+00 1.692971e+00 1.765244e+00 1.871821e+00 1.889166e+00 1.869874e+00 1.749179e+00 1.682916e+00 8.367642e-01 1.450916e-01 1.800530e-01 1.978189e-01 2.335122e-01 2.921851e-01 3.266976e-01 3.225556e-01 3.642139e-01 3.679090e-01 3.649625e-01 3.411047e-01 3.374016e-01 1.190290e-01
<GCONST> 1.036621e+02
<MIXTURE> 2 9.452806e-02
<MEAN> 39
 -1.205721e+00 -1.924193e+00 1.889516e-01 -8.638295e-01 -9.502138e-01 -3.223384e+00 8.923647e-01 1.417336e+00 1.469561e+00 1.982064e+00 3.611131e+00 3.600745e+00 6.806778e-01 -3.427621e-01 5.566157e-02 -1.327557e-01 1.634746e-01 4.231777e-01 3.291239e-01 2.350293e-01 -1.296813e-01 -6.682862e-02 -2.580380e-01 -1.320795e-01 -1.641318e-01 1.739704e-04 2.430060e-02 3.684979e-01 1.132933e-01 3.317053e-01 1.194812e-01 1.937703e-01 -3.289284e-02 -2.484595e-01 -1.373143e-01 -1.352913e-01 -2.763528e-01 -2.578534e-01 -2.617696e-01
<VARIANCE> 39
 5.273443e+01 4.819337e+01 5.435637e+01 5.909700e+01 7.335133e+01 7.552773e+01 8.177682e+01 7.826528e+01 7.979024e+01 8.221918e+01 8.813021e+01 7.962779e+01 8.607729e+01 2.875602e+00 3.144757e+00 2.980636e+00 3.819189e+00 4.302361e+00 4.934701e+00 4.819888e+00 4.710029e+00 4.939453e+00 4.588336e+00 4.400255e+00 4.136116e+00 3.864514e+00 5.379021e-01 5.806255e-01 6.419840e-01 8.433214e-01 8.646836e-01 1.014135e+00 1.090771e+00 1.069779e+00 1.056453e+00 1.016657e+00 9.590687e-01 8.122357e-01 7.695484e-01
<GCONST> 1.430680e+02
<MIXTURE> 3 1.434746e-01
<MEAN> 39
 4.340061e+00 5.066961e+00 4.450379e+00 3.284615e+00 -2.524835e+00 -4.725151e+00 -2.500211e+00 -4.439965e+00 -4.018165e+00 -4.230975e+00 -4.373742e+00 -3.607928e+00 -3.131738e+00 -5.482402e-01 7.865030e-01 -3.535439e-02 6.105000e-01 8.735678e-01 6.276270e-01 3.733663e-01 -4.471551e-01 -1.387410e-01 -6.484072e-02 -2.391603e-01 -4.583375e-01 -1.061370e+00 -3.000143e-01 -3.385135e-01 -1.975722e-01 -3.569126e-01 -1.548581e-01 8.881341e-02 1.155260e-01 3.369327e-01 2.704466e-01 3.757978e-01 3.080303e-01 3.363071e-01 4.683281e-01
<VARIANCE> 39
 1.699660e+01 2.733573e+01 3.253648e+01 3.223209e+01 4.315367e+01 3.851632e+01 4.140464e+01 5.188118e+01 4.372958e+01 4.820397e+01 4.950573e+01 5.129922e+01 2.388792e+01 1.484587e+00 1.740958e+00 2.070996e+00 2.267384e+00 3.074188e+00 3.163218e+00 3.311619e+00 3.603471e+00 3.377495e+00 3.273822e+00 3.207052e+00 3.215270e+00 1.514993e+00 2.124863e-01 2.535977e-01 3.547015e-01 4.199504e-01 5.003256e-01 5.097432e-01 5.733482e-01 6.386660e-01 6.279613e-01 6.101417e-01 5.804679e-01 5.546479e-01 1.584282e-01
<GCONST> 1.197994e+02
<MIXTURE> 4 1.412981e-01
<MEAN> 39
 2.143564e+00 -4.216768e+00 1.297089e-02 -3.878397e+00 -4.876700e+00 -4.633667e+00 4.009874e-01 9.496675e+00 3.448099e+00 -1.329404e+00 -2.416207e+00 2.400357e-01 9.167325e+00 -4.735133e-02 -1.414061e+00 -1.243280e+00 -6.719031e-01 1.208755e+00 1.973572e+00 1.508013e+00 1.416388e+00 3.574651e-01 -4.662880e-01 -6.417191e-01 -7.683734e-01 9.060776e-01 -1.751303e-01 5.652090e-01 2.237135e-02 5.912019e-01 5.818683e-01 2.449337e-01 -1.039516e-01 -1.204678e+00 -4.806523e-01 -7.752813e-02 5.781370e-02 -5.603257e-02 -5.742936e-01
<VARIANCE> 39
 1.265652e+01 1.997035e+01 2.870587e+01 2.594383e+01 4.246614e+01 4.454385e+01 7.165524e+01 4.160313e+01 7.229919e+01 5.823669e+01 4.822591e+01 5.370040e+01 1.982948e+01 7.513596e-01 1.427223e+00 1.911098e+00 1.928853e+00 3.636432e+00 3.575052e+00 4.060505e+00 4.122700e+00 4.377666e+00 4.100960e+00 3.571301e+00 3.569010e+00 5.515196e-01 2.097899e-01 2.295753e-01 3.483874e-01 3.736249e-01 5.855948e-01 6.531361e-01 8.470752e-01 6.270567e-01 8.728960e-01 8.071546e-01 6.753016e-01 6.812224e-01 1.356660e-01
<GCONST> 1.203647e+02
<MIXTURE> 5 1.398009e-01
<MEAN> 39
 -2.962170e+00 8.031201e+00 6.440115e+00 3.215094e+00 -5.950000e+00 -8.776017e+00 -2.053790e+00 -4.127242e+00 -3.765617e+00 -2.092397e+00 1.882470e-01 7.974707e-01 4.601521e+00 3.155074e+00 -1.512822e+00 8.991022e-01 -7.763868e-01 -2.700079e+00 -1.735510e+00 -1.237751e+00 2.871333e-01 -1.874132e-01 -4.258262e-01 -3.238455e-01 2.247189e-01 1.161428e+00 -1.234395e-01 -6.250716e-01 -4.800186e-01 -1.434685e-01 4.459953e-01 8.588493e-01 3.979782e-01 5.121783e-01 4.593416e-01 3.026911e-01 -3.798972e-02 -1.616995e-01 -3.137395e-01
<VARIANCE> 39
 1.894031e+01 2.258057e+01 3.522998e+01 3.089200e+01 5.131946e+01 3.623311e+01 3.600193e+01 3.869656e+01 3.533558e+01 3.365850e+01 3.194008e+01 4.172850e+01 1.891703e+01 2.268849e+00 3.708736e+00 3.590631e+00 3.932685e+00 3.681847e+00 4.441640e+00 4.404453e+00 4.745156e+00 4.586939e+00 3.987816e+00 3.832166e+00 3.524503e+00 9.129636e-01 4.341892e-01 3.042817e-01 3.593772e-01 3.568749e-01 5.809168e-01 5.426654e-01 5.347147e-01 5.655640e-01 5.016237e-01 5.209355e-01 5.251940e-01 4.916666e-01 1.686062e-01
<GCONST> 1.218376e+02
<MIXTURE> 6 9.292275e-02
<MEAN> 39
 2.384853e+00 6.886970e-01 1.999576e+00 3.599443e-01 -5.882689e+00 -9.872896e+00 -6.590427e+00 2.234615e+00 4.647739e+00 -1.083098e+00 -2.139696e+00 2.251426e+00 7.959454e+00 1.969368e+00 -2.384846e+00 -1.018644e+00 -1.420854e+00 -1.198407e+00 4.516892e-01 -4.119353e-01 1.623576e+00 1.995119e+00 2.065634e-01 -4.074693e-01 -7.392003e-01 1.341176e+00 -5.874912e-01 1.529974e-01 -3.181744e-01 7.501743e-02 9.525478e-01 1.196873e+00 8.964489e-01 -1.219434e-01 -3.665422e-01 1.655226e-01 1.009787e-01 -4.604096e-01 -6.105096e-01
<VARIANCE> 39
 1.164769e+01 2.138684e+01 2.773722e+01 2.513651e+01 3.646749e+01 3.327080e+01 3.853500e+01 3.264492e+01 3.740280e+01 3.824010e+01 3.433046e+01 3.568864e+01 2.024743e+01 1.847837e+00 2.530547e+00 2.594334e+00 2.707351e+00 4.513371e+00 5.103233e+00 5.274609e+00 5.112643e+00 3.921454e+00 4.524466e+00 4.672183e+00 3.622812e+00 8.640406e-01 3.712609e-01 3.690076e-01 4.074069e-01 3.722138e-01 5.746187e-01 6.204900e-01 5.422644e-01 6.622433e-01 6.696265e-01 6.378648e-01 6.099094e-01 5.771166e-01 1.951597e-01
<GCONST> 1.213889e+02
<MIXTURE> 7 1.272054e-01
<MEAN> 39
 2.753251e+00 -7.749133e-01 1.394534e+00 -4.831091e-01 -3.636015e+00 -2.925013e+00 -1.621673e+00 9.141824e-02 -1.137390e+00 4.316923e-02 1.029970e+00 2.504981e+00 3.094991e+00 -4.021513e-02 -8.391202e-02 -1.133327e-01 -1.019323e-01 1.176537e-01 2.192253e-01 1.625497e-01 7.732259e-02 3.000458e-02 9.061948e-02 2.515108e-02 -7.866351e-02 8.269649e-02 1.779183e-03 3.948559e-02 -2.047625e-02 -1.775546e-02 4.559235e-02 1.621940e-02 5.689858e-03 -2.727102e-02 4.053220e-02 1.308647e-02 -5.288777e-02 -6.808457e-02 -6.069834e-03
<VARIANCE> 39
 1.636180e+01 3.074221e+01 4.041722e+01 3.790447e+01 5.771959e+01 5.285497e+01 5.265555e+01 6.263972e+01 6.032962e+01 7.174190e+01 8.765952e+01 8.706305e+01 2.467661e+01 3.299639e-01 7.016866e-01 1.059753e+00 1.198307e+00 1.874284e+00 1.768105e+00 2.111108e+00 2.155592e+00 2.239382e+00 2.162063e+00 2.141772e+00 1.917734e+00 2.997531e-01 4.385098e-02 9.778024e-02 1.485615e-01 1.945682e-01 2.600543e-01 2.807032e-01 3.273802e-01 3.786228e-01 3.625742e-01 3.654723e-01 3.531771e-01 3.200859e-01 3.836732e-02
<GCONST> 1.039874e+02
<MIXTURE> 8 1.038975e-01
<MEAN> 39
 2.610533e-01 4.153713e-01 5.822023e+00 -3.127938e+00 -1.015263e+01 -8.086735e+00 -3.759221e-01 1.294600e+00 -2.992002e+00 1.501613e+00 4.184668e+00 5.368595e+00 7.117341e+00 7.732635e-01 -2.310228e+00 4.523675e-01 -1.477022e+00 -3.386252e-04 1.018230e+00 8.146049e-01 1.841627e+00 -4.786049e-01 2.786764e-01 -5.995738e-01 4.148329e-01 9.064283e-01 -4.484594e-01 4.246196e-01 -5.442476e-01 5.532553e-01 9.186982e-01 7.235467e-01 3.154773e-01 -2.340017e-01 2.115056e-01 -2.239538e-01 -5.439399e-01 -6.576508e-01 -4.608180e-01
<VARIANCE> 39
 1.211256e+01 2.032083e+01 3.450019e+01 2.804359e+01 3.433541e+01 3.472474e+01 4.197505e+01 4.781689e+01 4.643718e+01 5.936527e+01 7.424089e+01 7.947298e+01 1.415813e+01 1.145183e+00 1.994182e+00 2.287671e+00 2.749846e+00 4.406736e+00 3.236506e+00 3.839024e+00 4.040960e+00 3.732141e+00 4.229185e+00 4.093410e+00 3.734998e+00 4.313275e-01 2.929914e-01 2.844399e-01 3.554286e-01 3.805878e-01 5.457777e-01 5.826447e-01 5.471040e-01 6.624056e-01 6.334291e-01 7.378905e-01 7.417582e-01 7.216737e-01 9.885877e-02
<GCONST> 1.203646e+02
<STATE> 5
<NUMMIXES> 8
<MIXTURE> 1 1.509599e-01
<MEAN> 39
 -6.834800e+00 3.094111e+00 4.422014e-02 5.066576e+00 3.181123e+00 7.022433e-01 3.116537e+00 2.151235e-01 7.763320e-01 1.453068e-01 1.025510e+00 -5.998891e-01 -6.717521e+00 -5.977617e-02 -9.727468e-02 -3.130380e-02 -6.293534e-03 9.413309e-02 9.546141e-02 4.355400e-04 -5.202344e-03 3.192248e-02 2.726667e-02 2.212751e-02 -2.478686e-02 -2.102503e-01 1.074048e-01 1.348836e-02 4.290325e-02 -3.826112e-02 -7.572713e-02 -9.269433e-02 -9.211407e-02 -4.882204e-02 -5.170253e-02 -4.399335e-02 -1.896333e-02 2.224691e-02 4.166901e-02
<VARIANCE> 39
 5.201214e+01 3.740258e+01 2.890856e+01 3.000600e+01 3.777394e+01 3.066863e+01 3.342421e+01 3.354955e+01 3.324352e+01 2.815408e+01 2.847446e+01 2.991441e+01 4.725752e+01 4.040196e-01 5.124716e-01 6.560764e-01 8.582727e-01 1.124256e+00 1.309125e+00 1.405226e+00 1.545394e+00 1.631861e+00 1.577976e+00 1.519327e+00 1.415638e+00 2.945963e-01 6.458635e-02 9.643891e-02 1.226672e-01 1.631770e-01 2.144742e-01 2.471418e-01 2.740424e-01 2.975264e-01 3.203176e-01 3.123126e-01 2.929152e-01 2.666420e-01 3.732308e-02
<GCONST> 9.446609e+01
<MIXTURE> 2 1.508458e-01
<MEAN> 39
 4.803985e-01 -3.266844e+00 5.323642e-01 1.526672e+00 1.144740e+00 1.343017e-01 6.635291e-01 3.034738e+00 2.307792e+00 -1.194296e+00 3.776488e-01 2.804554e+00 3.652879e+00 2.393714e-02 4.287096e-02 -4.328268e-02 3.099093e-03 5.342312e-02 3.053456e-02 -5.582296e-02 -3.225067e-02 7.579514e-03 6.503378e-03 -1.354393e-02 -1.264162e-02 -8.878425e-02 5.871489e-03 1.775795e-02 1.370868e-02 -1.728164e-02 -4.817982e-02 -3.705207e-02 -1.477887e-02 -1.068781e-02 -1.300654e-02 2.551648e-02 3.550211e-03 -1.101129e-02 -1.580092e-02
<VARIANCE> 39
 3.034628e+01 3.437292e+01 4.939421e+01 8.622428e+01 1.308782e+02 1.124260e+02 1.182508e+02 1.116219e+02 1.264495e+02 1.144974e+02 1.186565e+02 1.078347e+02 1.083800e+02 1.936099e-01 3.799281e-01 5.530304e-01 7.590618e-01 1.027362e+00 1.179436e+00 1.301391e+00 1.483849e+00 1.501971e+00 1.499329e+00 1.495447e+00 1.407458e+00 1.136292e-01 3.487121e-02 6.497646e-02 9.909656e-02 1.371144e-01 1.742381e-01 2.161030e-01 2.305687e-01 2.769901e-01 2.738875e-01 2.701132e-01 2.724304e-01 2.428831e-01 1.604269e-02
<GCONST> 1.006742e+02
<MIXTURE> 3 1.293263e-01
<MEAN> 39
 1.917506e+00 5.577673e+00 3.891082e+00 3.960774e+00 -1.319856e-01 -2.341939e+00 -1.215092e+00 -4.232900e+00 -3.591799e+00 -3.342761e+00 -3.649151e+00 -3.393388e+00 -4.201005e+00 -8.084366e-01 1.845557e-01 -2.461698e-01 1.390207e-01 4.492352e-01 4.952764e-01 3.237242e-01 4.283931e-02 2.441843e-01 3.527870e-01 2.901492e-01 1.048746e-01 -3.047428e-01 -1.556299e-01 -3.619618e-01 -1.432562e-01 -3.393715e-01 -3.076284e-01 -1.351689e-01 -2.741532e-02 3.200344e-01 2.854362e-01 3.035800e-01 3.188104e-01 3.170864e-01 5.047804e-01
<VARIANCE> 39
 3.236319e+01 3.152907e+01 3.878683e+01 3.515409e+01 4.859712e+01 4.384204e+01 4.487778e+01 5.106372e+01 4.328749e+01 4.623022e+01 4.264238e+01 4.449606e+01 3.843235e+01 2.459440e+00 2.155902e+00 2.387200e+00 2.595722e+00 3.062728e+00 3.152676e+00 3.121017e+00 3.545708e+00 3.378688e+00 3.302166e+00 3.057560e+00 2.894189e+00 1.922765e+00 3.360268e-01 3.462130e-01 4.237007e-01 4.806844e-01 6.002089e-01 6.027632e-01 6.251922e-01 7.118436e-01 6.581981e-01 6.585308e-01 5.636243e-01 5.414903e-01 2.820069e-01
<GCONST> 1.245751e+02
<MIXTURE> 4 9.996765e-02
<MEAN> 39
 2.774913e+00 -3.953796e+00 -6.754652e-01 -2.175887e+00 -1.626015e-01 -2.120527e+00 -1.426751e+00 2.458858e+00 4.034222e+00 3.230606e+00 2.502174e+00 2.141555e+00 6.258618e+00 1.041102e-01 -6.403769e-02 -2.941883e-01 -1.059249e-01 5.236126e-01 5.711113e-01 5.127878e-02 -3.883433e-01 -9.171516e-02 5.760838e-02 2.543562e-02 -1.361835e-01 -2.105958e-02 -1.745604e-01 2.873465e-01 8.378967e-02 1.622829e-01 -1.260492e-02 7.121142e-03 8.533916e-02 -1.433208e-01 -2.435447e-01 -2.035526e-01 -3.324841e-02 2.267495e-02 -2.057908e-01
<VARIANCE> 39
 3.024735e+01 3.352597e+01 5.117089e+01 7.643386e+01 1.012077e+02 9.078697e+01 1.035023e+02 1.117090e+02 1.046057e+02 1.103263e+02 1.308580e+02 1.149902e+02 5.185929e+01 1.232989e+00 2.340005e+00 2.685622e+00 3.723269e+00 4.611354e+00 5.486591e+00 4.937691e+00 6.250624e+00 5.478190e+00 5.510475e+00 5.033768e+00 4.706626e+00 1.650998e+00 2.210889e-01 3.214041e-01 3.937877e-01 6.109819e-01 6.933780e-01 8.140232e-01 8.760642e-01 1.060105e+00 9.774089e-01 9.507870e-01 8.952318e-01 8.627792e-01 2.001877e-01
<GCONST> 1.387144e+02
<MIXTURE> 5 1.279468e-01
<MEAN> 39
 1.372163e+00 4.459940e-02 7.274568e+00 -2.188812e+00 -1.090916e+01 -5.204757e+00 3.349496e-01 1.061823e+00 -3.085281e+00 1.284614e+00 8.890145e-01 5.759097e-01 6.281083e+00 1.250691e-01 -5.216687e-01 -2.320336e-01 -3.301534e-01 4.595750e-02 6.260532e-01 5.344216e-01 5.222220e-01 1.099582e-01 8.592752e-02 -3.176897e-01 -3.025119e-01 1.728419e-01 -1.251585e-01 2.762452e-01 -2.094468e-01 2.504385e-01 4.619443e-01 -2.472065e-02 -6.602849e-02 -2.262782e-01 3.763862e-02 -1.823720e-01 -1.045688e-01 -1.822467e-02 -2.134966e-01
<VARIANCE> 39
 1.211436e+01 2.219435e+01 3.063649e+01 3.577005e+01 3.066907e+01 3.988427e+01 4.666941e+01 5.078898e+01 5.551645e+01 5.031652e+01 5.332714e+01 5.632505e+01 1.575823e+01 3.765368e-01 8.542144e-01 1.170175e+00 1.244901e+00 1.571764e+00 1.949843e+00 2.121225e+00 2.320484e+00 2.209639e+00 2.339587e+00 2.181948e+00 1.850457e+00 2.594658e-01 9.830236e-02 1.386319e-01 1.774812e-01 2.203688e-01 3.067093e-01 3.326281e-01 3.760667e-01 4.082673e-01 4.300588e-01 4.055298e-01 3.955711e-01 3.436194e-01 5.111650e-02
<GCONST> 1.030866e+02
<MIXTURE> 6 1.243507e-01
<MEAN> 39
 1.463311e+00 -5.457058e+00 -1.954366e+00 -3.164853e+00 -1.369767e+00 -1.576830e+00 2.893795e+00 8.133225e+00 1.279603e+00 -3.521451e+00 -2.603378e+00 1.318181e+00 9.224852e+00 -4.079830e-02 -6.574268e-01 -8.556801e-01 1.024591e-01 1.450526e+00 1.267836e+00 3.479557e-01 -3.508301e-01 -1.750208e-01 -4.235062e-01 -2.868100e-01 -3.310077e-01 1.847503e-01 1.969178e-02 3.457102e-01 1.821435e-01 2.041184e-01 -3.252701e-02 -2.808156e-01 -4.748617e-01 -6.398301e-01 -6.523868e-02 2.309586e-01 2.203075e-01 4.504642e-02 -2.970160e-01
<VARIANCE> 39
 1.381002e+01 2.005219e+01 2.498367e+01 2.531436e+01 4.227953e+01 4.862809e+01 7.044650e+01 4.557622e+01 6.787548e+01 4.638334e+01 5.289234e+01 6.442887e+01 2.042760e+01 4.366575e-01 9.783232e-01 1.271353e+00 1.554379e+00 2.525142e+00 2.585665e+00 3.359809e+00 3.187030e+00 3.087798e+00 3.007192e+00 2.767016e+00 2.815653e+00 3.064601e-01 8.635346e-02 1.535088e-01 1.965930e-01 2.543677e-01 3.672205e-01 4.376543e-01 5.505722e-01 4.893102e-01 5.949171e-01 4.813496e-01 4.640840e-01 4.924761e-01 5.609164e-02
<GCONST> 1.097694e+02
<MIXTURE> 7 9.915901e-02
<MEAN> 39
 1.702017e+00 3.526703e+00 5.353211e+00 3.223457e+00 -6.440948e+00 -8.635113e+00 -3.335979e+00 -2.251683e+00 -2.156593e+00 -2.211330e+00 -1.482302e-01 1.465986e+00 3.860776e+00 9.941972e-01 -8.802738e-01 -1.903249e-01 -3.170012e-01 -6.918832e-01 -6.891369e-02 -1.323884e-01 4.157427e-01 2.738825e-01 2.134908e-01 -5.261524e-03 -6.021941e-02 3.030095e-01 -4.066619e-01 2.809971e-02 -1.461374e-01 -1.045596e-01 4.417007e-01 5.679123e-01 3.102371e-01 1.639430e-01 5.755254e-02 1.511155e-01 -1.086367e-02 -1.481075e-01 -1.230427e-01
<VARIANCE> 39
 1.695383e+01 2.521775e+01 3.672403e+01 3.711863e+01 4.268382e+01 3.372514e+01 3.975145e+01 3.915098e+01 4.303307e+01 3.933557e+01 3.739408e+01 4.719255e+01 2.137947e+01 1.683019e+00 2.126785e+00 2.249836e+00 2.149376e+00 3.232320e+00 2.990413e+00 3.056016e+00 3.266889e+00 2.922680e+00 2.940308e+00 2.912904e+00 2.490973e+00 6.892977e-01 2.432027e-01 2.518728e-01 2.793327e-01 3.151696e-01 4.556459e-01 3.877017e-01 4.541308e-01 4.390429e-01 4.418183e-01 3.995504e-01 4.199568e-01 3.909602e-01 9.722863e-02
<GCONST> 1.142883e+02
<MIXTURE> 8 1.174439e-01
<MEAN> 39
 -7.624716e+00 1.254331e+00 -3.875332e-01 3.273059e+00 1.811495e+00 -4.290644e-01 3.331282e+00 1.591361e+00 1.953107e+00 1.474459e+00 3.077721e+00 1.932882e+00 -4.952532e+00 -5.782502e-03 -8.521822e-02 7.548889e-02 1.545942e-01 8.400965e-02 2.472353e-02 -1.198319e-01 -1.450065e-01 -1.844016e-01 -3.137100e-01 -3.199800e-01 -1.716040e-01 -1.863653e-01 2.946724e-01 1.321668e-01 1.572182e-01 6.234966e-02 -1.242233e-02 -3.962760e-02 -1.412884e-01 -1.717617e-01 -1.931067e-01 -1.707543e-01 -2.420726e-01 -1.749113e-01 7.442438e-02
<VARIANCE> 39
 4.054431e+01 4.478223e+01 3.644627e+01 3.691316e+01 4.624281e+01 4.246167e+01 4.323558e+01 3.956872e+01 3.666255e+01 4.003652e+01 3.507188e+01 3.688569e+01 5.450071e+01 2.210805e+00 1.723537e+00 1.643930e+00 1.975295e+00 2.298321e+00 2.708531e+00 2.623876e+00 2.687293e+00 2.570003e+00 2.531884e+00 2.475780e+00 2.106176e+00 1.988750e+00 2.670083e-01 2.830198e-01 2.778494e-01 3.463181e-01 4.124740e-01 4.629568e-01 4.654314e-01 4.824603e-01 4.440218e-01 4.612401e-01 4.266391e-01 3.777320e-01 2.667059e-01
<GCONST> 1.175713e+02
<TRANSP> 6
 0.000000e+00 1.000000e+00 0.000000e+00 0.000000e+00 0.000000e+00 0.000000e+00
 0.000000e+00 6.169772e-01 3.830228e-01 0.000000e+00 0.000000e+00 0.000000e+00
 0.000000e+00 0.000000e+00 3.599718e-01 6.400282e-01 0.000000e+00 0.000000e+00
 0.000000e+00 0.000000e+00 0.000000e+00 3.414679e-01 6.585321e-01 0.000000e+00
 0.000000e+00 0.000000e+00 0.000000e+00 0.000000e+00 5.941264e-01 4.058736e-01
 0.000000e+00 0.000000e+00 0.000000e+00 0.000000e+00 0.000000e+00 0.000000e+00
<ENDHMM>
