~o
<STREAMINFO> 1 39
<VECSIZE> 39<NULLD><MFCC_D_A_Z_0><DIAGC>
~h "eh"
<BEGINHMM>
<NUMSTATES> 6
<STATE> 2
<NUMMIXES> 8
<MIXTURE> 1 1.035383e-01
<MEAN> 39
 -2.255463e-01 -6.865862e+00 3.371460e-01 -3.642394e+00 -2.418751e+00 6.621199e-01 7.037161e+00 4.161310e+00 -6.753510e+00 -3.178983e+00 3.052044e+00 7.140737e+00 9.022696e+00 -2.220190e-01 -2.661424e-01 1.207713e-01 3.596485e-02 1.503402e-01 6.059727e-01 5.049330e-01 -3.571273e-01 -7.377943e-01 1.632052e-02 4.562262e-01 -2.412471e-02 1.572545e-01 1.277497e-01 1.403511e-01 -5.603749e-02 5.939315e-03 1.082618e-02 -2.009926e-01 -3.364550e-01 1.630995e-03 5.024282e-01 1.866420e-01 -2.634469e-01 -3.185782e-01 -1.184464e-01
<VARIANCE> 39
 1.049842e+01 1.765946e+01 2.749899e+01 2.809658e+01 4.819508e+01 4.280978e+01 5.055528e+01 5.001679e+01 4.128516e+01 5.137249e+01 5.351266e+01 5.858365e+01 1.237374e+01 3.581153e-01 7.454289e-01 1.102119e+00 1.337462e+00 2.142154e+00 1.908095e+00 2.475536e+00 2.254344e+00 2.359962e+00 2.343941e+00 2.385384e+00 2.346663e+00 1.974829e-01 5.565217e-02 1.151942e-01 1.764582e-01 2.271158e-01 3.053480e-01 3.072847e-01 4.083429e-01 3.712979e-01 3.190278e-01 3.768744e-01 3.385845e-01 3.060158e-01 3.482035e-02
<GCONST> 1.009854e+02
<MIXTURE> 2 1.526607e-01
<MEAN> 39
 1.175215e+00 1.909410e+00 8.334138e+00 -4.007778e+00 -1.143144e+01 -1.805349e+00 1.938997e+00 -3.012310e+00 -1.775318e+00 3.402901e+00 -1.256387e+00 3.373966e-02 5.409725e+00 3.372575e-02 -1.384873e-01 -1.028644e-01 -6.037681e-02 -5.210854e-02 -9.444445e-03 1.228654e-01 1.874356e-01 2.314527e-02 -3.784434e-02 3.898245e-03 -2.008429e-02 3.748815e-02 1.103088e-02 -3.386233e-02 -7.041349e-02 5.867083e-02 8.318666e-02 -3.840889e-02 1.305802e-03 7.447606e-02 -1.203145e-02 -9.519155e-02 1.939748e-03 1.279178e-03 -1.268627e-02
<VARIANCE> 39
 1.830065e+01 3.037033e+01 3.577168e+01 6.034888e+01 5.936171e+01 5.902791e+01 6.320285e+01 6.027701e+01 6.215181e+01 6.257425e+01 7.486463e+01 6.554255e+01 4.528243e+01 1.884250e-01 4.946647e-01 6.880314e-01 8.666771e-01 1.014811e+00 1.187585e+00 1.379015e+00 1.527864e+00 1.482722e+00 1.477110e+00 1.461395e+00 1.345378e+00 1.693466e-01 3.432682e-02 7.555208e-02 1.133828e-01 1.605827e-01 1.991551e-01 2.253940e-01 2.459295e-01 2.606980e-01 2.721959e-01 2.699093e-01 2.736836e-01 2.372252e-01 2.095452e-02
<GCONST> 9.536307e+01
<MIXTURE> 3 1.567020e-01
<MEAN> 39
 6.400060e-01 -3.950945e+00 2.818632e+00 -6.070105e+00 -8.195954e+00 -8.039345e-02 8.807058e+00 4.611587e+00 -2.305275e+00 -9.822714e-02 -1.917116e+00 -4.303985e+00 9.011379e+00 2.092619e-02 -2.789295e-01 -2.246872e-01 -3.937208e-04 2.923665e-01 3.738938e-01 7.670368e-02 -4.736684e-02 -2.404071e-01 -1.677347e-01 -4.919055e-02 -8.220497e-02 4.199431e-02 2.747086e-02 5.097936e-02 -1.467509e-03 1.502177e-01 8.146486e-02 -1.692775e-01 -2.354333e-01 -2.498632e-02 5.212395e-02 -5.625430e-02 1.888637e-02 2.737237e-01 -9.539921e-02
<VARIANCE> 39
 9.821095e+00 1.742863e+01 2.144672e+01 2.386639e+01 2.943037e+01 4.043463e+01 3.987830e+01 5.694220e+01 4.616953e+01 4.383576e+01 3.004140e+01 2.586409e+01 1.351590e+01 3.638863e-01 7.927532e-01 9.322292e-01 1.171751e+00 1.409272e+00 1.646238e+00 1.983672e+00 2.297521e+00 2.318982e+00 2.219793e+00 1.752442e+00 1.566391e+00 2.589684e-01 5.413115e-02 1.024356e-01 1.309179e-01 1.673394e-01 2.029838e-01 2.703667e-01 3.246833e-01 3.374514e-01 3.213394e-01 3.168570e-01 2.582411e-01 2.047351e-01 3.983931e-02
<GCONST> 9.466336e+01
<MIXTURE> 4 1.336919e-01
<MEAN> 39
 2.822080e+00 -3.737181e+00 -6.641809e-01 -3.503222e-01 -5.637683e+00 -5.181994e+00 1.093094e+00 8.141191e+00 3.210289e+00 -3.445140e+00 -2.975232e+00 6.789937e-01 8.556772e+00 -3.272181e-01 -2.944188e-01 3.281964e-01 -8.490306e-02 -5.010616e-01 1.733778e-01 1.105366e+00 4.646021e-01 -6.080571e-01 -6.128406e-01 2.921196e-01 2.039772e-01 2.550795e-01 8.026730e-02 1.554796e-01 -2.088643e-02 -7.505576e-02 1.939748e-01 1.299419e-01 -2.249740e-01 -4.698880e-01 -1.226775e-01 2.940372e-01 9.924038e-02 -1.615723e-01 -1.722766e-01
<VARIANCE> 39
 1.035542e+01 1.760486e+01 2.287654e+01 2.176849e+01 3.904819e+01 3.700345e+01 4.664828e+01 3.927625e+01 4.982623e+01 4.596638e+01 4.341374e+01 3.615538e+01 1.905471e+01 1.996716e-01 4.737896e-01 8.859903e-01 8.648023e-01 1.327010e+00 1.540324e+00 1.577106e+00 1.942796e+00 2.026727e+00 1.877165e+00 1.741310e+00 1.562154e+00 1.394275e-01 3.831363e-02 7.509460e-02 1.314689e-01 1.481049e-01 2.012173e-01 2.491780e-01 2.993374e-01 2.873007e-01 3.286977e-01 3.088329e-01 3.203709e-01 2.528759e-01 2.701615e-02
<GCONST> 9.185365e+01
<MIXTURE> 5 1.693028e-01
<MEAN> 39
 -5.171378e-01 -7.376579e+00 -5.163753e-01 -5.452870e+00 1.440773e+00 1.739491e+00 9.436658e+00 8.357615e+00 -1.464907e+00 -1.976202e+00 -3.140289e+00 -1.234176e-01 1.260177e+01 8.862640e-03 -1.029200e-01 -8.938340e-02 6.723173e-02 1.619251e-01 5.730193e-02 -1.190529e-01 -7.503898e-02 -9.435843e-02 -6.089234e-02 5.334953e-02 1.131576e-01 -3.861535e-02 3.877422e-05 4.142689e-02 1.803036e-03 -1.722632e-04 -1.304877e-01 -5.606280e-02 -4.632778e-02 -5.289363e-03 2.515938e-02 -7.678950e-03 9.536467e-03 -1.590647e-02 -1.814062e-02
<VARIANCE> 39
 2.397263e+01 3.150177e+01 3.052211e+01 3.007435e+01 4.446104e+01 6.555238e+01 8.817305e+01 7.816929e+01 6.204784e+01 4.628596e+01 4.590134e+01 5.461459e+01 2.440207e+01 1.763057e-01 3.752377e-01 4.961753e-01 6.366925e-01 9.418590e-01 9.649865e-01 1.217435e+00 1.360217e+00 1.243720e+00 1.173435e+00 1.188434e+00 1.221384e+00 8.413251e-02 3.168120e-02 6.651258e-02 9.397821e-02 1.185648e-01 1.577180e-01 1.764482e-01 2.292558e-01 2.493200e-01 2.224035e-01 2.086967e-01 2.200464e-01 2.085224e-01 1.351068e-02
<GCONST> 8.818323e+01
<MIXTURE> 6 1.071599e-01
<MEAN> 39
 6.321260e-01 -6.096553e+00 -1.658188e+00 -3.929638e+00 -2.831447e-01 -3.839379e-01 6.414107e+00 6.197397e+00 3.548038e+00 -1.704201e+00 -3.105340e+00 -1.813131e+00 1.035612e+01 -1.775252e-01 -2.708137e-01 -6.873518e-03 3.117871e-01 1.757804e-01 4.607351e-02 3.035017e-01 2.680185e-01 -2.818593e-01 -5.471663e-01 6.041062e-02 3.224339e-01 1.154643e-01 7.360913e-02 1.570417e-01 7.334559e-02 1.794473e-02 -1.711091e-01 -4.967739e-02 -2.230098e-01 -2.560408e-01 -2.722481e-01 1.485806e-01 2.753183e-01 2.184530e-01 -1.640153e-01
<VARIANCE> 39
 2.544894e+01 3.109704e+01 4.006330e+01 4.488927e+01 6.399706e+01 8.018927e+01 1.158383e+02 9.029885e+01 8.605047e+01 7.753411e+01 6.285764e+01 7.194757e+01 3.625034e+01 6.206454e-01 1.129139e+00 1.520265e+00 1.715159e+00 2.928576e+00 3.094298e+00 3.930183e+00 4.227574e+00 3.752454e+00 3.551935e+00 3.321908e+00 3.431331e+00 4.878426e-01 1.062006e-01 1.959311e-01 2.578121e-01 3.193501e-01 3.910921e-01 5.934057e-01 7.717564e-01 7.556099e-01 7.183653e-01 6.584979e-01 5.803100e-01 5.501633e-01 8.831172e-02
<GCONST> 1.216934e+02
<MIXTURE> 7 7.652245e-02
<MEAN> 39
 1.344932e+00 -1.971918e+00 2.219049e+00 -2.704891e+00 -6.072615e+00 -4.128471e+00 3.413333e+00 1.735054e+00 5.576792e-01 1.252650e+00 2.529678e-01 9.166846e-01 4.929502e+00 2.516461e-01 -9.916891e-01 1.755633e-01 -9.794484e-01 -6.702918e-01 -2.430329e-01 5.625483e-01 6.747621e-01 -2.607133e-01 -1.640764e-01 -9.758955e-02 -3.732349e-02 2.016051e+00 -2.283100e-01 2.009443e-01 -6.097014e-02 3.033922e-01 4.380689e-01 3.919734e-01 -1.439640e-02 -1.069265e-01 -8.926797e-02 -1.028857e-01 -3.210143e-02 -1.108553e-01 -4.583879e-01
<VARIANCE> 39
 2.967603e+01 4.273587e+01 5.171261e+01 5.665380e+01 6.480314e+01 6.666665e+01 9.011100e+01 7.195250e+01 6.692178e+01 6.271817e+01 6.353712e+01 6.451345e+01 5.426825e+01 2.297639e+00 2.873061e+00 3.277648e+00 4.453785e+00 5.731832e+00 5.264134e+00 5.611824e+00 5.878747e+00 5.555165e+00 4.818686e+00 4.595186e+00 4.366797e+00 5.216769e+00 3.943959e-01 5.141959e-01 5.222735e-01 7.328039e-01 7.695105e-01 8.389555e-01 9.681802e-01 9.531869e-01 8.569823e-01 8.059633e-01 7.495307e-01 6.979747e-01 6.599631e-01
<GCONST> 1.395100e+02
<MIXTURE> 8 1.004219e-01
<MEAN> 39
 1.297807e+00 -3.842181e+00 1.803090e+00 -3.925789e+00 -7.812638e+00 -3.979232e+00 5.190985e+00 7.465674e+00 -1.034482e-01 -6.776926e-01 -7.149758e-01 2.012786e-01 9.094895e+00 -3.177809e-01 -8.363042e-01 -8.424650e-02 -4.816082e-01 3.964370e-01 1.158271e+00 1.234679e+00 6.763365e-01 -3.497680e-01 -1.966032e-01 4.698607e-03 -3.841506e-01 8.257763e-01 -5.565340e-02 4.047069e-01 -4.759237e-02 4.254477e-01 3.859118e-01 5.765502e-02 -3.469383e-01 -6.360015e-01 -7.339126e-02 -1.559207e-02 3.067945e-02 5.323980e-03 -5.236324e-01
<VARIANCE> 39
 1.232318e+01 2.126912e+01 2.692279e+01 2.672550e+01 4.045503e+01 3.943516e+01 4.592374e+01 4.594941e+01 5.374944e+01 4.945064e+01 4.795194e+01 4.884241e+01 1.903319e+01 5.714833e-01 1.065252e+00 1.406515e+00 1.399777e+00 2.210134e+00 2.228858e+00 2.992203e+00 2.980292e+00 3.178290e+00 2.737242e+00 2.537622e+00 2.319140e+00 5.172856e-01 1.822922e-01 1.954250e-01 2.526258e-01 2.677249e-01 3.884768e-01 4.271675e-01 5.321100e-01 5.195016e-01 5.620651e-01 5.410055e-01 4.875270e-01 4.716129e-01 1.316490e-01
<GCONST> 1.108861e+02
<STATE> 3
<NUMMIXES> 8
<MIXTURE> 1 1.106548e-01
<MEAN> 39
 9.541771e-01 -7.767964e+00 -1.225896e+00 -1.936941e+00 -2.267546e-01 3.245028e+00 6.192770e+00 5.803579e+00 -5.283673e+00 -3.974412e+00 1.688634e+00 4.968432e+00 9.009350e+00 -2.681693e-02 -8.234631e-02 -1.169253e-01 -4.037867e-02 1.565440e-02 -9.557095e-02 -1.554309e-01 -3.325794e-02 -4.294467e-02 -1.084648e-01 -3.736305e-02 4.383582e-02 -3.427408e-02 -1.891576e-02 -6.102401e-03 -4.345184e-02 -7.549854e-02 -1.043114e-01 -1.179186e-01 -7.060439e-02 -2.287410e-02 2.872658e-02 -3.001658e-02 -7.712790e-02 -6.923608e-02 -2.594671e-02
<VARIANCE> 39
 8.710519e+00 1.232210e+01 1.717145e+01 2.003180e+01 3.097917e+01 2.991728e+01 4.219613e+01 4.265507e+01 3.372551e+01 3.167915e+01 3.415248e+01 3.870295e+01 1.116930e+01 1.024754e-01 2.297100e-01 3.241103e-01 4.264471e-01 5.757934e-01 5.737657e-01 6.578019e-01 6.674727e-01 7.000918e-01 6.253685e-01 6.141651e-01 5.873445e-01 3.915257e-02 1.146356e-02 2.732817e-02 3.896578e-02 5.292473e-02 7.188216e-02 7.776982e-02 9.186842e-02 9.629782e-02 1.087113e-01 9.925767e-02 9.557732e-02 9.467226e-02 1.000000e-02
<GCONST> 6.234399e+01
<MIXTURE> 2 1.642829e-01
<MEAN> 39
 1.821120e+00 -2.162480e+00 4.324477e+00 -3.779125e+00 -1.009067e+01 -6.596879e-01 5.831175e+00 3.715569e+00 -3.534340e+00 -3.726320e-01 -6.035234e-01 -2.483165e+00 6.445133e+00 6.248718e-02 5.853729e-03 7.799543e-03 1.156920e-01 1.233962e-01 6.169338e-02 7.925263e-02 1.718104e-01 5.784099e-02 -1.444736e-02 7.704338e-02 1.144319e-01 -2.907823e-02 1.181229e-02 3.206180e-03 -5.277342e-02 5.301799e-02 5.448069e-02 -8.743428e-02 -6.302015e-02 9.605539e-03 6.567512e-02 -6.485435e-02 -2.446006e-02 5.956568e-02 -1.555330e-02
<VARIANCE> 39
 7.876028e+00 1.553607e+01 1.676536e+01 2.298494e+01 2.697298e+01 3.728669e+01 3.659982e+01 4.639292e+01 3.897560e+01 4.143112e+01 4.407732e+01 3.686961e+01 9.544185e+00 1.211258e-01 2.993896e-01 4.518487e-01 5.831621e-01 7.903310e-01 9.191992e-01 9.959916e-01 1.124307e+00 1.119653e+00 1.166589e+00 1.059345e+00 9.395796e-01 8.018079e-02 1.515280e-02 3.915652e-02 5.704041e-02 8.160860e-02 1.097743e-01 1.363965e-01 1.562516e-01 1.662754e-01 1.710493e-01 1.725088e-01 1.655720e-01 1.512822e-01 1.000000e-02
<GCONST> 7.424044e+01
<MIXTURE> 3 1.339681e-01
<MEAN> 39
 7.899979e-01 -5.785484e+00 -3.318178e-01 -3.907932e+00 -4.390232e+00 -1.279856e-01 4.462785e+00 6.833044e+00 -5.866364e-01 -3.466437e+00 -2.252798e+00 -8.745188e-01 1.034323e+01 4.532912e-02 3.723396e-02 4.026398e-02 8.183099e-02 1.334982e-01 9.299964e-02 4.767988e-02 1.028434e-01 9.860154e-02 4.858881e-02 5.833391e-02 6.610484e-02 7.862004e-03 2.407289e-02 3.563754e-02 2.655676e-02 5.591412e-02 1.904461e-02 2.723701e-02 2.969055e-02 3.709734e-02 5.570965e-02 2.761975e-02 3.159529e-02 3.005931e-02 -2.722614e-03
<VARIANCE> 39
 1.191746e+01 1.561341e+01 2.179138e+01 1.665930e+01 3.817786e+01 3.935726e+01 5.918410e+01 5.206271e+01 6.056367e+01 4.653756e+01 3.869428e+01 3.304443e+01 1.953661e+01 4.438670e-02 9.533350e-02 1.454109e-01 1.856710e-01 2.590448e-01 2.963047e-01 3.222960e-01 3.573549e-01 3.747752e-01 3.652943e-01 3.314820e-01 2.988636e-01 1.704214e-02 1.000000e-02 1.603998e-02 2.471822e-02 3.165862e-02 4.502710e-02 5.005667e-02 5.705457e-02 6.325716e-02 6.516585e-02 6.408890e-02 5.944454e-02 5.482194e-02 1.000000e-02
<GCONST> 5.061753e+01
<MIXTURE> 4 1.079755e-01
<MEAN> 39
 1.401457e-01 -7.247170e+00 -1.466886e+00 -5.217074e+00 -6.559056e+00 -2.201380e+00 2.743998e+00 3.166435e+00 -5.636669e+00 -5.273490e+00 -2.377649e+00 -7.742530e-01 8.518576e+00 8.944532e-02 6.837755e-02 7.160918e-02 1.933190e-01 2.377813e-01 1.563736e-01 9.202084e-02 1.922121e-01 1.695761e-01 7.783687e-02 1.256323e-01 1.632303e-01 2.207567e-03 1.536355e-01 2.341270e-01 2.538715e-01 2.990686e-01 2.922872e-01 2.768353e-01 2.906161e-01 3.296421e-01 3.523561e-01 2.504908e-01 1.900228e-01 1.585944e-01 3.372843e-02
<VARIANCE> 39
 9.854551e+00 1.882442e+01 2.614995e+01 2.367896e+01 4.746380e+01 3.997631e+01 4.575821e+01 4.857333e+01 5.170991e+01 4.556136e+01 4.711663e+01 5.296664e+01 1.645540e+01 1.200451e-01 2.709076e-01 4.048915e-01 5.217307e-01 7.021404e-01 7.732163e-01 8.341246e-01 8.936334e-01 9.422518e-01 8.938803e-01 7.841612e-01 7.332564e-01 5.023679e-02 1.573619e-02 3.533233e-02 5.498413e-02 7.169452e-02 1.026867e-01 1.143013e-01 1.259954e-01 1.333596e-01 1.432462e-01 1.538784e-01 1.493866e-01 1.423122e-01 1.000000e-02
<GCONST> 7.353686e+01
<MIXTURE> 5 1.485914e-01
<MEAN> 39
 2.427377e+00 -2.186474e+00 2.948204e+00 1.273859e+00 -9.103971e+00 -5.657603e+00 2.737775e+00 5.913564e+00 1.636310e+00 -2.002898e+00 7.575253e-01 1.731936e+00 7.356385e+00 1.439737e-02 -2.741184e-02 -6.011767e-02 -1.773819e-02 1.345871e-02 -3.112040e-02 -4.942796e-02 -1.191709e-02 6.291372e-03 -4.591834e-02 -7.179576e-02 -3.179180e-02 -3.141217e-02 -6.934589e-03 -1.706138e-02 -1.761738e-02 -5.393098e-02 4.965156e-03 -1.935321e-02 -6.079882e-02 -4.383229e-02 -5.218340e-02 -1.250528e-02 -3.800398e-02 -4.096131e-02 -1.028933e-02
<VARIANCE> 39
 8.477790e+00 1.430760e+01 2.137736e+01 1.950985e+01 3.098098e+01 3.854478e+01 3.685432e+01 3.896893e+01 4.020544e+01 3.906988e+01 3.846178e+01 3.409610e+01 1.364901e+01 4.460118e-02 1.071763e-01 1.919263e-01 2.402828e-01 3.330323e-01 3.979759e-01 4.761253e-01 5.029029e-01 5.179427e-01 5.340823e-01 4.999108e-01 4.381712e-01 2.720273e-02 1.000000e-02 1.936850e-02 3.439317e-02 4.609375e-02 6.424028e-02 7.740632e-02 8.938540e-02 9.659825e-02 9.912936e-02 1.024197e-01 9.441864e-02 8.399722e-02 1.000000e-02
<GCONST> 5.665310e+01
<MIXTURE> 6 1.310033e-01
<MEAN> 39
 1.870402e+00 -4.689507e+00 6.261558e-01 -1.977429e+00 -3.963465e+00 3.791176e-01 6.469946e+00 7.898101e+00 -3.571495e-01 -2.847209e+00 -1.275345e+00 -2.371736e-01 9.221304e+00 6.374346e-02 3.355307e-02 3.371457e-02 1.131793e-01 1.653104e-01 1.137867e-01 4.236911e-02 1.176575e-01 1.097591e-01 2.299882e-02 6.605095e-02 8.320346e-02 -1.156183e-02 -1.077823e-01 -1.468783e-01 -2.062874e-01 -2.373081e-01 -2.665336e-01 -2.864878e-01 -3.094143e-01 -2.881107e-01 -2.269855e-01 -1.940895e-01 -1.816803e-01 -1.411958e-01 -5.714151e-02
<VARIANCE> 39
 1.019125e+01 1.575702e+01 2.346575e+01 2.267418e+01 3.810157e+01 3.881835e+01 4.668194e+01 4.740733e+01 6.043097e+01 4.748832e+01 3.946933e+01 3.701416e+01 1.875821e+01 1.206178e-01 2.786833e-01 4.266930e-01 5.343088e-01 7.357838e-01 7.988817e-01 8.829266e-01 9.318188e-01 9.676675e-01 9.294430e-01 8.159156e-01 7.334377e-01 5.201535e-02 1.490591e-02 3.464365e-02 5.305307e-02 7.084707e-02 9.138129e-02 1.138297e-01 1.204976e-01 1.280775e-01 1.392683e-01 1.437408e-01 1.349198e-01 1.321029e-01 1.000000e-02
<GCONST> 7.260816e+01
<MIXTURE> 7 1.438075e-01
<MEAN> 39
 1.868593e+00 -4.963504e+00 -2.245674e+00 -1.865960e+00 -5.270334e+00 -3.079242e+00 3.521142e+00 6.908040e+00 9.518238e-01 -5.985606e+00 -3.450977e+00 -1.000583e+00 8.893372e+00 -1.092038e-01 -2.125902e-01 -3.016101e-01 -2.730162e-01 -1.864139e-01 -2.509624e-01 -3.899997e-01 -3.551342e-01 -2.681653e-01 -3.248285e-01 -3.216654e-01 -2.272363e-01 -8.291209e-02 4.504692e-02 6.211509e-02 9.719041e-02 3.220362e-02 5.891461e-02 6.776020e-02 1.306571e-02 3.069631e-02 5.184929e-02 1.773104e-01 7.264683e-02 5.225806e-02 -9.711916e-03
<VARIANCE> 39
 1.098963e+01 1.560917e+01 1.682316e+01 2.125048e+01 3.459866e+01 4.011334e+01 4.803997e+01 4.251756e+01 6.433029e+01 4.256251e+01 3.667309e+01 3.061293e+01 1.963095e+01 1.113626e-01 2.635273e-01 4.160238e-01 5.215449e-01 7.975251e-01 9.253079e-01 1.038774e+00 1.013970e+00 1.102617e+00 1.054839e+00 9.379491e-01 8.887630e-01 5.732937e-02 1.389436e-02 3.319241e-02 5.351792e-02 7.622522e-02 1.110961e-01 1.318115e-01 1.563861e-01 1.666830e-01 1.716010e-01 1.571647e-01 1.514790e-01 1.350963e-01 1.000000e-02
<GCONST> 7.411422e+01
<MIXTURE> 8 5.971649e-02
<MEAN> 39
 1.166728e+00 -3.928708e+00 8.761615e-01 -1.367032e+00 -3.574952e+00 -1.863941e+00 3.107272e+00 4.045762e+00 -3.061245e-01 -1.068904e+00 7.265365e-01 1.566219e+00 6.589190e+00 2.991510e-02 3.901833e-02 5.575623e-02 1.852791e-01 1.305325e-01 1.507096e-02 -7.202801e-02 -1.078503e-01 -1.477480e-01 -2.227693e-02 1.955034e-01 1.002393e-01 -1.147529e-01 8.198940e-02 2.126907e-01 -2.958051e-02 8.092745e-02 6.713592e-02 -7.821135e-02 -2.407897e-01 -2.010937e-01 7.414678e-02 9.819920e-02 -7.459623e-02 -7.626259e-02 -2.145810e-01
<VARIANCE> 39
 2.373634e+01 3.816320e+01 4.151681e+01 4.326855e+01 6.766078e+01 6.055772e+01 7.009292e+01 6.950871e+01 6.927802e+01 6.821445e+01 7.182758e+01 7.129684e+01 5.027377e+01 4.833562e-01 9.516106e-01 1.465445e+00 1.500065e+00 2.200376e+00 2.220728e+00 2.366034e+00 2.491451e+00 2.627002e+00 2.545008e+00 2.532388e+00 2.166764e+00 4.258349e-01 1.365007e-01 2.255249e-01 2.636614e-01 3.108116e-01 4.515137e-01 4.744378e-01 5.493537e-01 6.118023e-01 5.630313e-01 5.255373e-01 4.826047e-01 4.359750e-01 1.288450e-01
<GCONST> 1.163895e+02
<STATE> 4
<NUMMIXES> 8
<MIXTURE> 1 1.953927e-01
<MEAN> 39
 -1.275007e+00 -6.882741e+00 -1.628327e+00 -6.735308e-01 1.031837e+00 3.539934e+00 4.648955e+00 1.455546e+00 -1.898672e+00 4.804438e+00 1.538614e+01 1.641421e+01 9.143891e+00 1.686412e-02 7.685293e-03 -4.857825e-03 2.507508e-02 2.638138e-02 3.795936e-03 -1.634293e-02 2.551552e-02 1.408619e-02 -1.742008e-02 -8.607207e-03 1.518866e-02 -1.255327e-02 5.701060e-03 1.103583e-02 5.044657e-03 -3.104180e-03 -2.989992e-03 -6.721125e-03 -4.173487e-03 8.816124e-03 6.620922e-03 -2.491847e-03 -1.653465e-02 -2.000476e-02 -2.873383e-03
<VARIANCE> 39
 1.332171e+01 1.892182e+01 2.789308e+01 3.451901e+01 5.523587e+01 5.009636e+01 5.433891e+01 5.768829e+01 4.643237e+01 6.982206e+01 7.524671e+01 4.302087e+01 2.141890e+01 1.068757e-01 2.316763e-01 3.295357e-01 3.885451e-01 4.380921e-01 4.599208e-01 5.075128e-01 5.394422e-01 5.535761e-01 5.755793e-01 6.159088e-01 5.128447e-01 3.291013e-02 2.164303e-02 4.630918e-02 6.529475e-02 7.893319e-02 8.558547e-02 8.901501e-02 9.765360e-02 1.049092e-01 1.034927e-01 1.093407e-01 1.144974e-01 1.001750e-01 1.000000e-02
<GCONST> 6.973536e+01
<MIXTURE> 2 1.036840e-01
<MEAN> 39
 -5.621253e-01 -4.921958e+00 6.158128e-02 -9.567169e-01 -1.923389e+00 -9.088429e-01 2.754515e+00 2.823028e+00 3.244287e+00 5.740605e+00 7.674774e+00 5.577337e+00 6.388470e+00 1.697108e-01 2.465337e-01 1.617518e-02 9.275600e-02 -2.073902e-02 -2.073104e-01 -2.573719e-01 -2.344812e-01 -5.737862e-03 5.513879e-02 -5.218625e-02 -9.724928e-03 -3.359705e-01 5.287998e-02 1.351795e-01 1.620546e-02 9.348050e-02 8.738239e-02 1.361084e-02 -5.891013e-02 -6.556854e-02 -5.986810e-02 -6.586140e-02 -1.098412e-01 -5.043560e-02 -1.024599e-01
<VARIANCE> 39
 2.783526e+01 4.431445e+01 4.550399e+01 5.055891e+01 8.343998e+01 7.296570e+01 8.275924e+01 8.207827e+01 9.724001e+01 1.118491e+02 1.075237e+02 1.446555e+02 6.404597e+01 9.286827e-01 1.505171e+00 1.929247e+00 2.204971e+00 2.956800e+00 3.465957e+00 3.455747e+00 3.755637e+00 3.837429e+00 4.080173e+00 3.712042e+00 3.996073e+00 1.079128e+00 1.629063e-01 2.625892e-01 3.359858e-01 3.917143e-01 4.998429e-01 6.082914e-01 6.111670e-01 6.800848e-01 6.989853e-01 7.073609e-01 6.463174e-01 6.628661e-01 1.729463e-01
<GCONST> 1.288217e+02
<MIXTURE> 3 8.336112e-02
<MEAN> 39
 1.805130e+00 -3.614131e+00 -7.632805e-01 -3.337744e+00 -4.131464e+00 -1.219222e+00 4.416323e+00 2.505174e+00 -7.006739e+00 -6.521684e+00 -1.255755e+00 7.900971e-01 5.029981e+00 1.478705e-01 2.476596e-01 -1.601264e-02 1.615188e-01 -3.395104e-02 -3.489035e-01 -3.620883e-01 7.192056e-02 3.550008e-01 1.259955e-02 -1.405804e-01 2.121650e-02 -2.646655e-01 7.654206e-02 1.231429e-01 1.026969e-01 1.352627e-01 4.316967e-02 -4.430602e-02 -1.271639e-01 5.316567e-02 3.607304e-01 1.984516e-01 -4.910079e-03 3.064736e-02 -6.386428e-02
<VARIANCE> 39
 7.821244e+00 1.714907e+01 2.601594e+01 2.383531e+01 4.239797e+01 4.253008e+01 5.323703e+01 4.734235e+01 3.748294e+01 4.915414e+01 5.295506e+01 6.365627e+01 6.347422e+00 1.923581e-01 4.746326e-01 7.282481e-01 8.845392e-01 1.428002e+00 1.328857e+00 1.643615e+00 1.769259e+00 1.800512e+00 1.782894e+00 1.622076e+00 1.426854e+00 1.172610e-01 3.399152e-02 8.268170e-02 1.171762e-01 1.487547e-01 2.269851e-01 2.594538e-01 2.964625e-01 2.992846e-01 2.560913e-01 3.130041e-01 2.930033e-01 2.731615e-01 2.121708e-02
<GCONST> 9.048180e+01
<MIXTURE> 4 8.870773e-02
<MEAN> 39
 4.012474e+00 -1.114764e+00 1.608579e+00 2.773632e+00 -7.858590e+00 -7.529094e+00 1.353827e+00 5.204417e+00 3.587560e+00 -1.817152e+00 -2.192792e-01 3.498615e+00 5.115081e+00 1.226915e-01 1.323843e-01 -7.835937e-02 1.232498e-01 2.643702e-01 -5.242963e-02 -3.389173e-01 -1.442394e-01 1.282393e-01 7.777806e-02 -9.165933e-02 -7.394762e-03 -2.102173e-01 -1.633973e-02 2.990484e-02 -1.126124e-03 -4.919287e-02 9.566826e-02 7.197564e-02 -9.201235e-02 -1.398765e-01 -1.244935e-01 3.155814e-02 -1.228137e-02 -7.284386e-02 -4.193390e-02
<VARIANCE> 39
 8.180063e+00 2.004819e+01 2.438951e+01 2.052863e+01 3.339321e+01 3.687695e+01 3.647537e+01 4.045369e+01 3.647449e+01 4.378242e+01 3.787370e+01 4.411113e+01 1.652383e+01 1.258647e-01 3.401297e-01 5.403259e-01 6.039888e-01 9.431280e-01 1.020980e+00 1.192704e+00 1.230495e+00 1.284976e+00 1.240681e+00 1.183677e+00 1.047313e+00 1.084944e-01 1.956167e-02 5.649813e-02 8.582001e-02 1.092485e-01 1.524095e-01 1.805022e-01 2.067993e-01 2.249989e-01 2.152815e-01 2.262887e-01 2.101357e-01 1.885748e-01 1.632749e-02
<GCONST> 8.103950e+01
<MIXTURE> 5 2.204470e-01
<MEAN> 39
 -1.362130e+00 -8.181685e+00 -9.136990e-01 -5.082155e-01 1.963010e+00 2.523522e+00 4.583500e+00 3.096911e+00 -1.741258e+00 5.035089e+00 1.434943e+01 1.549399e+01 9.246577e+00 2.800174e-02 -1.923420e-03 -4.477565e-02 2.192119e-02 3.725475e-02 -7.366007e-02 -9.070473e-02 6.994189e-02 8.255111e-02 3.491606e-03 4.735813e-02 7.898976e-02 -7.149819e-02 1.657097e-02 2.050758e-02 -2.392787e-02 -5.586630e-02 -8.026109e-02 -7.047760e-02 -3.828417e-02 2.787325e-02 7.467390e-02 -1.221820e-02 -9.610403e-02 -7.856562e-02 -3.237060e-02
<VARIANCE> 39
 1.408836e+01 2.164554e+01 3.115531e+01 3.721310e+01 6.489294e+01 5.190049e+01 5.942039e+01 5.872145e+01 5.520208e+01 8.571371e+01 8.653769e+01 5.114898e+01 2.078717e+01 3.385099e-01 6.913859e-01 9.117047e-01 1.133173e+00 1.348134e+00 1.393470e+00 1.603819e+00 1.552536e+00 1.635053e+00 1.805194e+00 1.998459e+00 1.511073e+00 1.376729e-01 5.645781e-02 1.151356e-01 1.544294e-01 1.884617e-01 2.120486e-01 2.361346e-01 2.643294e-01 2.536121e-01 2.682420e-01 2.902550e-01 3.145689e-01 2.465330e-01 1.990768e-02
<GCONST> 9.765607e+01
<MIXTURE> 6 8.758092e-02
<MEAN> 39
 -2.290894e+00 -6.368175e+00 4.902365e-01 1.884566e+00 3.251109e+00 2.389197e+00 3.492145e+00 5.692052e+00 1.171806e+01 1.606765e+01 1.084153e+01 -6.144296e+00 7.825823e+00 2.748425e-03 -1.767412e-03 -8.544518e-03 -3.684775e-03 -1.846400e-04 7.715511e-03 -1.019933e-02 3.156506e-03 7.583125e-03 1.081632e-03 2.200956e-03 -7.940761e-03 -1.314478e-02 -1.073093e-04 -3.389071e-03 -1.736798e-02 -2.174294e-02 -2.375677e-02 -9.510444e-03 1.048303e-02 1.038159e-02 -3.008477e-02 -5.123791e-02 -1.266803e-03 6.253201e-02 -4.188081e-03
<VARIANCE> 39
 9.842320e+00 1.799673e+01 2.689881e+01 3.361707e+01 5.229750e+01 3.937809e+01 4.932537e+01 7.975094e+01 4.477040e+01 5.222924e+01 4.505848e+01 8.811264e+01 1.777831e+01 1.935952e-01 3.641257e-01 5.140158e-01 5.530943e-01 5.422836e-01 6.277353e-01 7.675469e-01 7.667966e-01 8.696821e-01 9.456739e-01 7.569748e-01 8.832327e-01 5.220283e-02 3.515090e-02 6.491736e-02 9.170009e-02 9.763312e-02 9.309531e-02 1.142544e-01 1.373781e-01 1.315746e-01 1.611756e-01 1.791918e-01 1.427881e-01 1.484672e-01 1.000000e-02
<GCONST> 7.806339e+01
<MIXTURE> 7 1.058111e-01
<MEAN> 39
 3.501146e+00 -5.310815e+00 -6.723036e+00 -2.891950e+00 4.949846e+00 7.608610e-01 -3.686729e+00 5.503613e+00 4.680066e+00 -3.901913e+00 -3.911467e+00 6.097502e-01 7.945022e+00 1.714247e-01 1.891681e-01 -2.536648e-01 -1.293335e-01 3.353749e-01 2.408217e-01 -4.188768e-01 -3.203113e-01 2.980112e-01 3.571556e-01 3.190065e-03 -3.293934e-01 -1.649126e-01 -1.782989e-04 4.845650e-02 4.542368e-02 -2.501114e-02 -1.452134e-01 -4.573664e-02 6.847011e-02 -8.578160e-02 -9.229416e-02 8.119313e-02 1.049821e-01 -3.347817e-02 -3.519815e-02
<VARIANCE> 39
 1.177053e+01 1.948247e+01 1.848247e+01 2.813555e+01 4.881937e+01 4.981688e+01 4.717868e+01 5.013880e+01 5.707192e+01 4.680164e+01 4.581657e+01 5.843970e+01 1.746818e+01 1.178450e-01 2.972493e-01 4.576603e-01 6.206278e-01 9.456809e-01 9.989133e-01 1.145244e+00 1.182483e+00 1.201329e+00 1.142399e+00 1.156231e+00 1.033407e+00 6.308834e-02 1.836627e-02 4.818215e-02 6.837139e-02 1.019424e-01 1.352594e-01 1.588378e-01 1.813140e-01 1.939002e-01 1.982992e-01 1.969363e-01 1.894713e-01 1.719291e-01 1.000000e-02
<GCONST> 8.048535e+01
<MIXTURE> 8 1.150154e-01
<MEAN> 39
 1.486356e+00 -6.618238e+00 -6.604707e-01 -2.195884e+00 -3.002585e+00 -1.393098e+00 4.632748e+00 9.129892e+00 4.654020e-01 -3.897656e+00 -1.990990e+00 1.361726e+00 9.843071e+00 3.295160e-01 1.774313e-01 -1.615510e-01 8.212217e-02 -1.631754e-02 -4.844500e-01 -8.264008e-01 -1.778848e-02 5.871429e-01 2.319759e-01 -3.228145e-01 -5.232812e-02 -3.498936e-01 1.170486e-01 1.566767e-01 1.407851e-02 3.129438e-02 -8.677381e-02 -2.098469e-01 -4.186819e-01 -3.849977e-01 6.678195e-04 1.564049e-01 -1.644268e-02 -9.746001e-02 -2.414586e-01
<VARIANCE> 39
 1.091140e+01 1.634233e+01 2.453131e+01 2.264946e+01 4.825005e+01 4.123068e+01 4.980926e+01 3.871032e+01 5.721322e+01 4.240548e+01 3.910833e+01 3.660783e+01 1.301112e+01 2.377495e-01 5.046804e-01 8.405514e-01 8.956254e-01 1.644891e+00 1.436865e+00 1.769340e+00 1.911926e+00 1.900615e+00 1.930534e+00 1.549959e+00 1.489485e+00 1.017542e-01 3.926714e-02 8.527825e-02 1.237779e-01 1.670525e-01 2.345879e-01 2.640055e-01 2.749235e-01 3.069301e-01 3.139199e-01 3.139520e-01 2.807451e-01 2.615793e-01 2.477635e-02
<GCONST> 9.203486e+01
<STATE> 5
<NUMMIXES> 8
<MIXTURE> 1 1.021599e-01
<MEAN> 39
 1.123206e+00 -8.012358e+00 -2.419434e+00 -3.198419e+00 1.718590e+00 -1.492521e-01 3.648748e+00 7.843256e+00 -1.464256e+00 -2.986161e+00 1.835300e+00 7.681159e+00 8.690267e+00 6.685141e-01 6.645766e-01 -4.471644e-02 -2.856126e-01 -9.537832e-01 -1.369103e+00 -1.483306e+00 -2.102122e-01 1.107818e+00 4.876696e-01 -5.415077e-01 -3.592164e-01 -9.262258e-01 4.085590e-02 3.535509e-01 1.512186e-01 2.719558e-01 -2.009364e-01 -2.161548e-01 -4.026833e-01 -6.354156e-01 -8.414290e-02 1.615551e-01 2.506272e-02 -3.014076e-01 -3.747824e-01
<VARIANCE> 39
 1.305658e+01 2.027425e+01 2.876198e+01 2.947847e+01 4.786066e+01 4.674588e+01 7.231942e+01 5.308496e+01 5.967272e+01 6.524481e+01 8.238731e+01 8.450627e+01 1.732077e+01 4.574439e-01 1.066418e+00 1.377441e+00 1.613648e+00 2.538256e+00 2.575537e+00 3.359804e+00 3.267752e+00 3.093921e+00 2.844729e+00 2.784886e+00 2.865954e+00 3.210815e-01 9.358541e-02 1.802688e-01 2.434091e-01 3.019960e-01 3.462460e-01 4.414139e-01 5.905380e-01 5.636002e-01 5.695731e-01 5.485116e-01 4.956212e-01 4.801361e-01 7.515786e-02
<GCONST> 1.125439e+02
<MIXTURE> 2 9.858987e-02
<MEAN> 39
 1.575899e+00 3.418344e+00 1.797531e+00 3.768535e+00 -2.049098e+00 -4.130016e+00 -1.467886e+00 -2.169962e+00 -1.732930e+00 -3.014434e+00 -3.040414e+00 -1.894505e+00 -5.282441e-01 -8.612054e-01 1.303932e+00 1.070105e-01 1.096964e+00 8.148763e-01 5.948074e-01 -2.738803e-02 -8.918096e-01 -4.525869e-01 -6.566181e-02 -1.094752e-01 -5.484419e-01 -1.273743e+00 -2.632629e-01 -3.512367e-01 -1.615082e-01 -3.353571e-01 -8.293673e-02 1.548074e-01 3.841676e-01 4.944674e-01 2.430626e-01 2.316991e-01 2.412336e-01 1.870797e-01 2.673912e-01
<VARIANCE> 39
 2.789372e+01 2.984309e+01 4.369111e+01 3.148562e+01 5.009466e+01 4.690857e+01 5.064925e+01 5.080975e+01 4.841013e+01 4.850554e+01 4.717880e+01 4.433071e+01 3.826151e+01 2.946455e+00 2.942931e+00 2.677177e+00 3.126578e+00 3.715050e+00 4.014481e+00 4.057482e+00 4.716785e+00 4.326932e+00 3.769116e+00 3.638485e+00 3.591484e+00 2.222995e+00 3.113891e-01 3.235885e-01 3.830834e-01 4.113073e-01 5.305446e-01 6.403319e-01 6.875970e-01 6.703731e-01 6.829939e-01 6.330276e-01 5.825378e-01 5.376204e-01 2.255867e-01
<GCONST> 1.269087e+02
<MIXTURE> 3 1.394916e-01
<MEAN> 39
 4.779047e+00 -3.844513e+00 -5.776477e+00 -2.363898e+00 1.799508e+00 -9.722744e-01 -5.149605e+00 2.870183e+00 5.818282e+00 -1.034912e-01 -3.665700e+00 -3.496985e+00 6.258190e+00 3.702058e-01 5.986773e-01 -1.642348e-01 -1.745564e-01 2.167059e-01 3.209391e-01 -5.682718e-01 -1.243947e+00 -2.799802e-01 7.770672e-01 5.903879e-01 -4.456161e-01 -6.088589e-01 -5.744267e-02 1.116850e-01 2.426388e-01 6.531823e-02 -1.516814e-01 -5.921131e-02 2.491781e-01 -5.984220e-02 -3.497260e-01 -1.146685e-01 1.658551e-01 2.023696e-01 -8.994145e-02
<VARIANCE> 39
 1.127676e+01 1.990518e+01 2.815415e+01 3.564387e+01 5.282396e+01 5.624544e+01 4.747259e+01 5.594799e+01 5.367703e+01 5.729128e+01 5.466554e+01 4.605319e+01 1.700589e+01 2.460106e-01 5.704834e-01 1.017276e+00 1.280150e+00 1.640166e+00 1.976912e+00 2.263927e+00 2.175501e+00 2.394401e+00 2.217388e+00 2.288901e+00 2.056267e+00 1.833740e-01 4.100876e-02 8.965310e-02 1.524654e-01 2.162661e-01 2.592235e-01 3.075134e-01 3.370711e-01 4.002661e-01 3.550627e-01 3.831895e-01 3.866228e-01 3.141375e-01 3.525265e-02
<GCONST> 1.001742e+02
<MIXTURE> 4 1.222777e-01
<MEAN> 39
 2.068896e+00 -3.053977e+00 2.476974e+00 -3.427557e+00 -9.478446e+00 -3.367981e+00 3.888034e+00 5.291330e+00 -2.874206e+00 -1.821782e+00 -1.107484e+00 -1.634231e+00 7.040928e+00 4.657958e-01 7.833230e-01 4.737034e-01 6.283209e-01 -2.554258e-01 -1.113938e+00 -1.362578e+00 -6.056632e-01 1.506875e-01 2.559066e-02 -5.289046e-02 3.879536e-01 -9.898098e-01 5.907243e-02 2.771394e-01 1.350407e-01 3.944896e-01 4.054150e-01 -8.462282e-03 -2.174250e-01 -4.414717e-01 -5.303155e-02 -1.258188e-01 -1.338445e-01 4.008672e-02 -3.785107e-01
<VARIANCE> 39
 9.165602e+00 1.772006e+01 2.591040e+01 2.657750e+01 2.952053e+01 3.946360e+01 4.278495e+01 4.906778e+01 5.144105e+01 4.825778e+01 4.480320e+01 4.397364e+01 1.364765e+01 3.164357e-01 6.936072e-01 9.848114e-01 1.211530e+00 1.811148e+00 1.869802e+00 2.112580e+00 2.409906e+00 2.450298e+00 2.304326e+00 1.958858e+00 1.769623e+00 2.341183e-01 7.242186e-02 1.163119e-01 1.680422e-01 1.827782e-01 2.631394e-01 3.463459e-01 3.641427e-01 4.306319e-01 4.065197e-01 4.245881e-01 3.765273e-01 3.441613e-01 5.351346e-02
<GCONST> 9.982211e+01
<MIXTURE> 5 1.030450e-01
<MEAN> 39
 3.280479e+00 -4.312304e+00 1.526391e+00 -3.997392e+00 -4.921222e+00 -6.237457e+00 2.688265e-01 3.397090e+00 -4.277904e-01 1.593351e+00 2.441267e+00 4.706758e+00 5.678527e+00 1.948205e-01 1.828720e+00 1.664574e-01 1.396463e+00 -3.151115e-01 -7.841075e-01 -1.619405e+00 -1.787104e+00 -2.996747e-01 -5.431422e-01 -3.533671e-01 -5.997092e-01 -1.924649e+00 -3.611337e-01 3.004721e-01 -1.231941e-01 4.414953e-01 3.088097e-01 5.287191e-01 3.143888e-01 -1.996250e-01 -1.654338e-01 -3.011338e-01 -1.917656e-01 -3.526871e-01 -2.413930e-01
<VARIANCE> 39
 1.664549e+01 2.889104e+01 4.771368e+01 3.685489e+01 6.510353e+01 5.671479e+01 7.135804e+01 6.737959e+01 7.498692e+01 8.025435e+01 9.510589e+01 9.844589e+01 1.975665e+01 1.346964e+00 2.049127e+00 2.596344e+00 3.073863e+00 3.732771e+00 4.240575e+00 4.833691e+00 4.901290e+00 5.305835e+00 4.569996e+00 4.234309e+00 4.603930e+00 1.120494e+00 2.278795e-01 3.307961e-01 3.730356e-01 4.367667e-01 6.056814e-01 6.646979e-01 7.940041e-01 8.334517e-01 8.180521e-01 7.887446e-01 7.954849e-01 7.475225e-01 1.810337e-01
<GCONST> 1.297498e+02
<MIXTURE> 6 1.545576e-01
<MEAN> 39
 3.823630e+00 1.382105e-02 2.870691e+00 1.713406e+00 -6.084465e+00 -6.616729e+00 -1.695049e+00 2.236670e+00 -1.315634e+00 -2.725165e+00 -1.631299e+00 3.206125e-01 2.643547e+00 2.137012e-01 1.024628e+00 4.970301e-01 9.483483e-01 7.667840e-01 -1.514323e-01 -7.061793e-01 -1.467176e+00 -3.887397e-01 5.142315e-02 -4.449945e-01 -3.131185e-01 -1.348666e+00 -1.549861e-01 -5.574057e-02 -6.247112e-02 -1.238003e-01 1.416927e-01 3.169741e-01 2.969273e-01 -1.026839e-02 -4.872645e-02 3.332063e-02 -9.002385e-03 -8.787001e-02 5.216282e-02
<VARIANCE> 39
 8.423317e+00 1.712531e+01 2.344212e+01 2.431652e+01 3.389214e+01 3.330581e+01 4.088084e+01 4.065158e+01 4.608396e+01 4.329451e+01 4.362264e+01 4.030841e+01 1.462659e+01 5.303947e-01 8.879791e-01 1.494671e+00 1.481179e+00 2.304995e+00 2.536344e+00 2.920768e+00 3.280082e+00 3.251425e+00 2.999824e+00 2.703786e+00 2.407860e+00 4.356979e-01 6.411234e-02 1.214515e-01 1.722810e-01 1.997433e-01 2.913686e-01 3.215413e-01 3.750490e-01 4.494758e-01 4.131836e-01 4.210880e-01 3.968045e-01 3.576434e-01 7.286015e-02
<GCONST> 1.038867e+02
<MIXTURE> 7 9.931581e-02
<MEAN> 39
 3.890881e+00 -4.928741e+00 -3.076702e+00 -1.759856e+00 -3.492733e+00 -4.940004e+00 -2.696996e+00 6.675837e+00 6.070384e+00 -2.062953e+00 -4.435394e+00 -4.255412e-01 7.789875e+00 5.617212e-01 1.285710e+00 5.772495e-01 1.044612e+00 4.275903e-01 -5.784497e-01 -1.926087e+00 -2.456321e+00 -5.160016e-01 8.090510e-01 -3.194021e-02 -8.041781e-01 -1.727390e+00 -2.107943e-01 3.572812e-01 3.425779e-01 3.551255e-01 3.017418e-01 2.861820e-01 3.244422e-01 -5.220023e-01 -8.330374e-01 -2.055380e-01 1.723507e-01 -6.984594e-02 -4.141870e-01
<VARIANCE> 39
 1.192913e+01 1.691995e+01 2.307101e+01 2.431778e+01 4.065055e+01 3.913342e+01 5.005332e+01 4.604746e+01 4.496861e+01 4.854361e+01 3.697518e+01 3.876802e+01 1.913047e+01 5.466412e-01 1.115228e+00 1.587013e+00 1.673724e+00 2.793426e+00 2.829743e+00 3.193929e+00 3.388466e+00 3.997449e+00 3.320008e+00 2.932013e+00 2.519474e+00 5.634176e-01 1.139306e-01 1.654743e-01 2.260962e-01 2.721994e-01 3.828749e-01 4.438347e-01 5.334040e-01 6.440997e-01 5.150005e-01 5.908874e-01 4.655350e-01 4.353277e-01 9.747367e-02
<GCONST> 1.105655e+02
<MIXTURE> 8 1.805625e-01
<MEAN> 39
 2.865490e+00 2.269726e+00 3.052850e+00 9.898601e-01 -4.704167e+00 -3.070091e+00 1.265807e+00 -6.355201e-01 -2.128371e+00 -2.067210e+00 -1.706812e+00 -1.109582e+00 1.739241e-01 3.034461e-02 2.044596e-01 5.249785e-02 1.409525e-01 1.610229e-01 -3.075639e-02 -2.091362e-01 -2.195009e-01 -4.332773e-02 5.227735e-02 -4.805163e-02 -3.710077e-02 -2.716491e-01 -2.080552e-02 -4.178746e-02 -1.283190e-02 -4.041452e-03 5.217992e-03 -9.779745e-03 3.356836e-05 5.048456e-02 1.709387e-02 -1.432213e-02 -3.025353e-03 9.260571e-03 1.785284e-02
<VARIANCE> 39
 1.663023e+01 2.271820e+01 3.248565e+01 3.779218e+01 5.024687e+01 4.519730e+01 5.192200e+01 4.910107e+01 4.892562e+01 5.171013e+01 4.416948e+01 4.818102e+01 2.662346e+01 1.532574e-01 3.872449e-01 5.814949e-01 7.770764e-01 9.987339e-01 1.118526e+00 1.310911e+00 1.412914e+00 1.487119e+00 1.442619e+00 1.361842e+00 1.232254e+00 1.492675e-01 2.551692e-02 5.888985e-02 9.819425e-02 1.420357e-01 1.813681e-01 2.040294e-01 2.424834e-01 2.592633e-01 2.735673e-01 2.681113e-01 2.611296e-01 2.272112e-01 1.736897e-02
<GCONST> 8.923757e+01
<TRANSP> 6
 0.000000e+00 1.000000e+00 0.000000e+00 0.000000e+00 0.000000e+00 0.000000e+00
 0.000000e+00 7.962532e-01 2.037468e-01 0.000000e+00 0.000000e+00 0.000000e+00
 0.000000e+00 0.000000e+00 8.990471e-01 1.009529e-01 0.000000e+00 0.000000e+00
 0.000000e+00 0.000000e+00 0.000000e+00 8.353704e-01 1.646296e-01 0.000000e+00
 0.000000e+00 0.000000e+00 0.000000e+00 0.000000e+00 7.152290e-01 2.847710e-01
 0.000000e+00 0.000000e+00 0.000000e+00 0.000000e+00 0.000000e+00 0.000000e+00
<ENDHMM>
