~o
<STREAMINFO> 1 39
<VECSIZE> 39<NULLD><MFCC_D_A_Z_0><DIAGC>
~h "f"
<BEGINHMM>
<NUMSTATES> 6
<STATE> 2
<NUMMIXES> 8
<MIXTURE> 1 1.537238e-01
<MEAN> 39
 -2.303409e+00 -1.379773e+00 -2.791815e-01 6.889572e-01 1.431070e+00 2.904896e-01 1.074107e-01 -1.605658e-01 8.265358e-01 3.517789e+00 4.842224e+00 2.860268e+00 -3.593718e+00 1.679535e-02 -3.127327e-03 7.287648e-03 -1.099242e-03 -1.372501e-02 6.556399e-03 -1.946682e-02 -4.232619e-02 -1.602553e-02 -3.403808e-02 -8.195920e-03 7.751632e-03 -4.464740e-02 2.014365e-02 4.299159e-02 4.295297e-02 4.363631e-02 3.327210e-02 4.675151e-02 6.812279e-02 3.275150e-02 -1.098268e-01 -3.623799e-01 -5.079248e-01 -3.145359e-01 1.638659e-02
<VARIANCE> 39
 7.852337e+00 9.942619e+00 1.160464e+01 1.473608e+01 1.726220e+01 1.661859e+01 1.769295e+01 1.737654e+01 1.921016e+01 1.527048e+01 1.064486e+01 1.457956e+01 1.338371e+01 1.462184e-01 3.008356e-01 4.616741e-01 6.707900e-01 9.067624e-01 1.081725e+00 1.262118e+00 1.376458e+00 1.421463e+00 1.482653e+00 1.389060e+00 1.296782e+00 6.459122e-02 2.686360e-02 5.857701e-02 9.300376e-02 1.366322e-01 1.690053e-01 2.021772e-01 2.269637e-01 2.369118e-01 2.565135e-01 2.255362e-01 1.651861e-01 2.100858e-01 1.027813e-02
<GCONST> 7.280732e+01
<MIXTURE> 2 1.533615e-01
<MEAN> 39
 -1.853868e+00 -1.465206e+00 -2.982717e-01 7.968743e-01 1.465305e+00 1.604068e+00 2.896933e+00 3.971806e+00 2.966558e+00 8.566708e-01 -1.009369e+00 -1.289623e+00 -3.249893e+00 1.704175e-02 -3.485119e-03 1.030140e-02 2.383095e-04 7.662160e-03 -5.152840e-03 -1.444986e-02 -1.196649e-03 -3.764118e-03 -7.608686e-04 -6.262766e-04 -1.093371e-02 -4.045715e-02 2.199896e-04 2.702648e-02 3.236503e-02 4.060400e-02 1.867087e-02 -8.154301e-02 -2.577738e-01 -4.281666e-01 -3.487715e-01 -9.296495e-02 1.316125e-01 1.352366e-01 7.504712e-03
<VARIANCE> 39
 7.629065e+00 1.010899e+01 1.132204e+01 1.332698e+01 1.501645e+01 1.677385e+01 1.561492e+01 1.351801e+01 1.477117e+01 1.708895e+01 1.531698e+01 1.689354e+01 1.177728e+01 1.331105e-01 2.880449e-01 4.601792e-01 6.488172e-01 8.545225e-01 1.051801e+00 1.241453e+00 1.380530e+00 1.406879e+00 1.409121e+00 1.375636e+00 1.276943e+00 5.875502e-02 2.482257e-02 5.517617e-02 8.897185e-02 1.198898e-01 1.588321e-01 1.945948e-01 2.052682e-01 1.780428e-01 2.003487e-01 2.305332e-01 1.991235e-01 2.277592e-01 1.000000e-02
<GCONST> 7.115570e+01
<MIXTURE> 3 1.048460e-01
<MEAN> 39
 -4.006606e+00 -2.396564e-01 -7.268018e-01 2.147758e+00 2.178567e+00 2.339227e+00 2.760595e+00 2.610221e+00 2.769567e+00 2.449544e+00 1.445196e+00 6.373382e-01 -2.975188e+00 -3.046359e-01 -1.257569e-01 -2.305998e-01 -1.257084e-01 -1.184666e-01 -1.867532e-02 5.495758e-02 1.412650e-01 1.992433e-01 2.542337e-01 2.192016e-01 1.630989e-01 -7.594640e-02 1.282949e-01 4.039280e-02 6.102578e-02 -3.245104e-02 -1.249251e-01 -2.198596e-01 -3.264180e-01 -3.645145e-01 -3.536490e-01 -2.829670e-01 -1.943202e-01 -1.022060e-01 5.633998e-02
<VARIANCE> 39
 1.765895e+01 1.826787e+01 2.051461e+01 2.222975e+01 2.359593e+01 2.385368e+01 2.206929e+01 2.153164e+01 2.191392e+01 2.066368e+01 2.009416e+01 2.125031e+01 1.751368e+01 9.053134e-01 9.938723e-01 1.220774e+00 1.437685e+00 1.659132e+00 1.819871e+00 1.904670e+00 2.052700e+00 2.125411e+00 2.001523e+00 1.868428e+00 1.698533e+00 5.717758e-01 1.185475e-01 1.594975e-01 1.976083e-01 2.403968e-01 2.674783e-01 2.942028e-01 3.004770e-01 3.108745e-01 3.255229e-01 3.125213e-01 3.048837e-01 3.049885e-01 7.462265e-02
<GCONST> 9.689323e+01
<MIXTURE> 4 1.590932e-01
<MEAN> 39
 -1.382264e+00 -5.262596e-01 2.577195e-01 6.876268e-01 9.007995e-01 -1.929169e-01 -7.781668e-01 -1.558630e+00 -1.620690e+00 -7.853890e-01 -5.683326e-01 -4.396897e-01 -3.155441e+00 2.518539e-02 -7.800563e-03 1.767403e-03 -7.518323e-03 -7.417977e-03 -6.856219e-03 -2.155749e-02 -1.994959e-02 -9.711087e-03 -1.387799e-02 -1.260312e-06 3.861871e-03 -3.625320e-02 -3.043162e-02 -2.400707e-02 -1.532824e-02 2.822227e-02 6.679092e-02 1.037439e-01 1.565934e-01 2.061062e-01 1.871022e-01 1.492979e-01 1.187665e-01 5.388709e-02 -3.508298e-03
<VARIANCE> 39
 6.050954e+00 7.021556e+00 7.412017e+00 9.138288e+00 1.062438e+01 1.037681e+01 1.123693e+01 1.087867e+01 1.268764e+01 1.253858e+01 1.032715e+01 1.286781e+01 1.044042e+01 9.944087e-02 2.323039e-01 3.902795e-01 5.926859e-01 7.820680e-01 9.629992e-01 1.120485e+00 1.226314e+00 1.304300e+00 1.276061e+00 1.229759e+00 1.156832e+00 3.681457e-02 1.841654e-02 4.433044e-02 7.181600e-02 1.006187e-01 1.242762e-01 1.449526e-01 1.756031e-01 1.718716e-01 1.979517e-01 2.037468e-01 1.694158e-01 1.985539e-01 1.000000e-02
<GCONST> 6.305212e+01
<MIXTURE> 5 1.413647e-01
<MEAN> 39
 -2.166670e+00 -1.185413e-01 -3.807904e-01 4.567102e-01 -1.137678e+00 -2.207602e+00 -2.412524e+00 -2.023707e+00 -1.059426e+00 -7.352181e-01 -1.001367e+00 -7.164971e-01 -2.587704e+00 -7.171275e-02 3.211223e-02 3.206091e-03 4.954598e-02 5.319385e-02 6.903096e-02 2.345840e-02 9.544194e-05 -8.925920e-03 2.428078e-02 3.329548e-03 -6.172779e-03 -6.385808e-02 1.189263e-03 3.879179e-03 6.309628e-02 1.319005e-01 2.631721e-01 3.393879e-01 3.475150e-01 2.713426e-01 1.491608e-01 1.133890e-01 1.317026e-01 6.692730e-02 2.215751e-02
<VARIANCE> 39
 1.323793e+01 1.505796e+01 1.661658e+01 1.905813e+01 1.864899e+01 1.804162e+01 1.942137e+01 2.168777e+01 2.201698e+01 2.107831e+01 1.885473e+01 2.127831e+01 1.439156e+01 3.839430e-01 6.072376e-01 8.001607e-01 9.911467e-01 1.277851e+00 1.444247e+00 1.641036e+00 1.778894e+00 1.784231e+00 1.751247e+00 1.632994e+00 1.528661e+00 2.517347e-01 6.495450e-02 1.102361e-01 1.482612e-01 1.812364e-01 2.043529e-01 2.178396e-01 2.526668e-01 2.927406e-01 3.138347e-01 3.093707e-01 2.682355e-01 2.854055e-01 3.581170e-02
<GCONST> 8.756042e+01
<MIXTURE> 6 1.476902e-01
<MEAN> 39
 -2.403425e+00 -6.936065e-01 1.272907e+00 3.458206e+00 4.403016e+00 3.545368e+00 1.988442e+00 -3.718452e-01 -2.328519e+00 -2.637417e+00 -2.017663e+00 -1.321371e+00 -3.774581e+00 2.678161e-03 -1.987615e-02 4.648626e-04 1.138519e-02 -3.086919e-03 9.214044e-03 2.598017e-02 2.410842e-02 1.085608e-02 -3.018551e-03 -2.428526e-02 -2.863710e-02 -5.588479e-02 -6.649766e-03 -4.442881e-02 -1.164483e-01 -2.144581e-01 -2.953176e-01 -2.900766e-01 -1.405622e-01 9.607629e-02 2.924349e-01 3.248699e-01 2.277976e-01 1.160678e-01 1.221357e-02
<VARIANCE> 39
 8.470085e+00 1.194253e+01 1.386559e+01 1.343875e+01 1.461452e+01 1.660006e+01 1.822047e+01 2.055198e+01 1.890906e+01 1.803539e+01 2.242869e+01 2.270237e+01 1.324227e+01 1.933687e-01 3.767766e-01 5.533336e-01 7.829617e-01 1.009050e+00 1.219472e+00 1.339246e+00 1.493859e+00 1.542549e+00 1.554465e+00 1.512356e+00 1.364456e+00 1.007091e-01 3.444602e-02 6.826466e-02 9.958342e-02 1.336716e-01 1.559481e-01 1.881229e-01 2.334924e-01 2.561081e-01 2.453979e-01 2.506416e-01 2.803060e-01 2.785495e-01 1.587902e-02
<GCONST> 7.813626e+01
<MIXTURE> 7 7.836655e-02
<MEAN> 39
 -4.928856e+00 5.157973e+00 1.988320e+00 7.043715e+00 1.462428e+00 -2.754740e-01 -6.829616e-01 -3.510407e+00 -3.022688e+00 -3.332844e+00 -3.741374e+00 -3.548022e+00 -3.150981e+00 -1.762738e+00 -2.981570e-01 -3.537308e-01 3.072074e-01 2.910298e-01 5.553467e-01 7.785660e-01 6.914540e-01 6.027092e-01 5.337454e-01 5.541593e-01 3.468975e-01 -5.184698e-01 2.393343e-01 -4.276731e-01 -3.177833e-01 -5.281427e-01 -3.121560e-01 -1.462895e-01 -2.626488e-03 2.906089e-01 3.986951e-01 4.340149e-01 3.632793e-01 3.125889e-01 1.767180e-01
<VARIANCE> 39
 2.612501e+01 2.067772e+01 2.513459e+01 2.259107e+01 3.684790e+01 3.267719e+01 3.262200e+01 3.528987e+01 3.078193e+01 2.915295e+01 3.065367e+01 3.359261e+01 2.528602e+01 2.292473e+00 1.574851e+00 1.779867e+00 2.109065e+00 2.088942e+00 2.169626e+00 2.311901e+00 2.408166e+00 2.611226e+00 2.508877e+00 2.405900e+00 2.355120e+00 9.670233e-01 2.747312e-01 2.625211e-01 2.755863e-01 3.153393e-01 4.161500e-01 4.205137e-01 4.641506e-01 5.062838e-01 4.831284e-01 4.345020e-01 4.183452e-01 4.120927e-01 1.454630e-01
<GCONST> 1.113248e+02
<MIXTURE> 8 6.155394e-02
<MEAN> 39
 -2.662123e+00 -6.635532e-01 -1.298657e+00 3.704986e-01 -1.408069e-01 -3.545346e-01 -1.359944e-02 -2.674576e-01 5.406265e-01 8.475714e-01 7.343130e-01 7.189956e-01 -6.890602e-01 -1.959894e-01 1.825339e-01 6.825478e-02 1.856308e-01 -1.161862e-02 -8.606070e-02 -1.227139e-01 -1.996909e-01 -1.923782e-01 -2.182008e-01 -2.326003e-01 -1.546903e-01 2.054481e-01 3.016511e-02 8.322579e-02 1.298624e-01 1.403485e-01 1.200416e-01 1.097862e-01 6.858627e-02 4.282185e-02 8.296061e-03 -2.048791e-02 -5.079917e-02 -6.655862e-02 -4.590342e-02
<VARIANCE> 39
 3.135808e+01 3.067786e+01 3.789248e+01 3.326193e+01 4.571424e+01 4.104334e+01 3.908952e+01 3.932326e+01 3.758747e+01 3.814375e+01 3.819169e+01 3.566434e+01 4.766748e+01 1.798669e+00 2.076181e+00 2.138406e+00 2.245112e+00 2.620578e+00 2.586687e+00 2.790766e+00 3.049047e+00 2.799793e+00 2.659393e+00 2.658686e+00 2.439412e+00 2.728123e+00 3.106926e-01 3.590891e-01 3.915755e-01 4.136111e-01 5.102053e-01 5.139056e-01 5.300586e-01 5.816486e-01 5.391121e-01 5.269488e-01 5.104437e-01 4.573096e-01 4.789625e-01
<GCONST> 1.207530e+02
<STATE> 3
<NUMMIXES> 8
<MIXTURE> 1 1.206440e-01
<MEAN> 39
 -6.853995e+00 -4.494596e+00 -2.708650e+00 5.247086e-03 1.134967e+00 -7.511324e-01 -4.871182e-01 7.517540e-01 -5.250273e-01 -1.248665e+00 -7.386736e-01 7.927467e-01 -6.343256e+00 1.004100e-02 -1.715743e-02 -3.189977e-02 -3.727697e-02 -4.008701e-02 -5.936213e-03 -1.200362e-02 -3.481910e-02 -7.047574e-03 -3.915600e-03 1.287051e-02 8.142975e-03 -8.107869e-02 8.742169e-03 4.896034e-02 1.157000e-01 2.109504e-01 2.453649e-01 2.548758e-01 2.493355e-01 2.043236e-01 2.128907e-01 2.466001e-01 2.430654e-01 1.025960e-01 -1.363661e-03
<VARIANCE> 39
 1.646039e+01 1.820148e+01 1.649128e+01 1.682792e+01 2.217086e+01 2.599958e+01 2.520907e+01 2.434788e+01 2.501616e+01 2.022264e+01 1.760100e+01 2.006177e+01 1.513493e+01 2.041831e-01 3.394714e-01 5.326269e-01 7.699922e-01 9.790432e-01 1.213262e+00 1.348601e+00 1.492098e+00 1.588708e+00 1.504550e+00 1.460575e+00 1.331062e+00 1.505465e-01 3.585411e-02 6.644226e-02 9.286787e-02 1.189624e-01 1.489708e-01 1.906465e-01 2.151543e-01 2.431766e-01 2.594021e-01 2.350444e-01 2.014698e-01 2.326902e-01 1.665711e-02
<GCONST> 8.053646e+01
<MIXTURE> 2 1.783992e-01
<MEAN> 39
 -6.197241e+00 -5.502097e+00 -1.316596e+00 1.923659e+00 3.828016e+00 2.599918e+00 2.298368e+00 4.194396e+00 2.687890e+00 1.663746e+00 2.991325e+00 2.189842e+00 -6.758887e+00 3.806822e-02 -1.174472e-02 -3.957577e-03 1.138653e-02 -1.186415e-02 2.100593e-02 -2.931250e-02 -1.459792e-02 -4.897003e-03 -1.900330e-02 -3.283624e-02 -1.057050e-02 -4.421936e-02 3.775095e-04 2.097665e-02 -1.520143e-02 -2.664475e-02 -7.617478e-02 -1.148463e-01 -1.230122e-01 -1.717984e-01 -1.650660e-01 -1.603206e-01 -1.679809e-01 -9.194093e-02 -4.674972e-03
<VARIANCE> 39
 1.224422e+01 1.263377e+01 1.759404e+01 2.009509e+01 2.203288e+01 3.008704e+01 2.850701e+01 2.601671e+01 2.643528e+01 2.320938e+01 2.141777e+01 2.181679e+01 1.108017e+01 1.376118e-01 2.765444e-01 4.509040e-01 6.630403e-01 9.202981e-01 1.087811e+00 1.277260e+00 1.383871e+00 1.474712e+00 1.451764e+00 1.393710e+00 1.299786e+00 7.981731e-02 2.315259e-02 4.990512e-02 8.089999e-02 1.179914e-01 1.589698e-01 1.944888e-01 2.274217e-01 2.383677e-01 2.590133e-01 2.457211e-01 2.282477e-01 2.354078e-01 1.000000e-02
<GCONST> 7.749583e+01
<MIXTURE> 3 1.252309e-01
<MEAN> 39
 -1.242169e+01 6.526549e-01 -1.464353e+00 6.438407e+00 1.728552e+00 2.122351e+00 3.983818e+00 2.465636e+00 3.474572e+00 2.642740e+00 1.796041e+00 6.633019e-02 -3.479786e+00 -4.468966e-01 -4.421464e-01 -3.833782e-01 -2.489801e-01 -1.258115e-01 4.926062e-02 2.886106e-01 4.693397e-01 5.704417e-01 5.779347e-01 5.426795e-01 3.891774e-01 -9.122818e-02 4.834559e-01 1.261465e-01 1.006145e-01 -1.218305e-01 -1.113093e-01 -2.708498e-01 -3.945280e-01 -3.921328e-01 -3.471571e-01 -2.538999e-01 -1.426322e-01 -3.846966e-02 5.003000e-02
<VARIANCE> 39
 1.315650e+01 2.486844e+01 2.067106e+01 2.254953e+01 2.823106e+01 2.752322e+01 2.868198e+01 2.732471e+01 2.679846e+01 2.271639e+01 2.413016e+01 2.544658e+01 2.228031e+01 8.295921e-01 7.215155e-01 1.008901e+00 1.124888e+00 1.361220e+00 1.507894e+00 1.602132e+00 1.666015e+00 1.738153e+00 1.733678e+00 1.682946e+00 1.592339e+00 5.428139e-01 1.532009e-01 1.462545e-01 1.699273e-01 2.001215e-01 2.366916e-01 2.596203e-01 2.690898e-01 2.770520e-01 3.009437e-01 2.973742e-01 2.804330e-01 2.879818e-01 8.774450e-02
<GCONST> 9.573028e+01
<MIXTURE> 4 1.276385e-01
<MEAN> 39
 -8.708542e+00 -1.550599e+00 -3.622292e+00 1.238599e+00 -1.265747e+00 -1.880615e+00 5.113081e-01 2.211683e+00 3.962647e+00 4.799976e+00 4.634416e+00 3.364232e+00 -4.858522e+00 -1.178373e-01 4.624448e-03 -3.449235e-02 4.779516e-02 4.982626e-03 3.019654e-02 -3.334387e-02 -1.115155e-01 -1.164231e-01 -6.007821e-02 -3.427206e-02 -4.170402e-03 -2.324517e-01 1.398946e-01 1.615112e-01 2.944725e-01 3.221418e-01 3.709207e-01 2.828047e-01 9.037881e-02 -1.522861e-01 -3.444049e-01 -4.310846e-01 -4.185614e-01 -2.944397e-01 2.338573e-02
<VARIANCE> 39
 2.486590e+01 2.796213e+01 2.175776e+01 2.149867e+01 3.174810e+01 2.861961e+01 3.163251e+01 3.188343e+01 3.185474e+01 2.968002e+01 2.684702e+01 2.922970e+01 2.716516e+01 6.255400e-01 6.650435e-01 9.126118e-01 1.116599e+00 1.385304e+00 1.585197e+00 1.694259e+00 1.745762e+00 1.929103e+00 1.896399e+00 1.801259e+00 1.685290e+00 6.291602e-01 1.158004e-01 1.320083e-01 1.595511e-01 1.760708e-01 2.234468e-01 2.530389e-01 3.022967e-01 3.245173e-01 3.327511e-01 3.152021e-01 3.130212e-01 3.245534e-01 8.145431e-02
<GCONST> 9.787659e+01
<MIXTURE> 5 1.137947e-01
<MEAN> 39
 -5.688213e+00 8.849766e-02 -5.287597e-01 4.598661e+00 3.729181e+00 2.390319e+00 1.698372e+00 5.827698e-01 1.073938e+00 8.229164e-01 9.328878e-01 3.037447e-01 -1.021140e+01 -2.454938e-01 2.798389e-01 1.415647e-01 1.105403e-01 5.880451e-03 -1.742760e-02 -1.903312e-02 -1.533724e-01 -1.899205e-01 -2.475595e-03 -6.555571e-02 -1.279595e-01 -6.367208e-02 -6.462821e-02 -1.070951e-01 -5.317450e-02 -9.811563e-02 -1.332467e-01 -1.502260e-01 -1.831079e-02 5.573113e-02 6.292059e-02 1.304217e-02 2.021060e-02 4.121201e-02 3.229158e-01
<VARIANCE> 39
 1.727871e+01 2.387037e+01 1.909781e+01 2.185196e+01 2.393374e+01 2.570045e+01 2.646253e+01 2.421823e+01 2.468486e+01 2.236454e+01 1.963200e+01 2.216431e+01 2.180616e+01 1.110451e+00 1.511445e+00 1.430726e+00 1.540906e+00 1.898567e+00 2.122535e+00 2.193422e+00 2.236141e+00 2.109767e+00 2.051681e+00 1.954412e+00 1.696369e+00 1.576364e+00 1.557911e-01 2.061605e-01 2.172571e-01 2.315189e-01 2.789714e-01 3.232439e-01 3.346865e-01 3.243352e-01 3.274523e-01 3.042027e-01 2.756094e-01 2.777547e-01 1.769475e-01
<GCONST> 1.018377e+02
<MIXTURE> 6 1.271681e-01
<MEAN> 39
 -7.655255e+00 -1.172261e+00 -2.160373e-01 5.442495e+00 3.633266e+00 2.738911e+00 3.490605e+00 2.315698e+00 1.849808e-01 -2.728308e+00 -3.226088e+00 -2.815829e+00 -5.810627e+00 -6.516713e-04 4.107112e-02 4.308212e-02 1.079535e-01 1.077076e-01 1.250632e-01 1.848340e-02 -4.750475e-02 -5.863771e-02 -5.974434e-02 -7.792814e-02 -7.380105e-02 -1.997028e-01 4.803337e-02 -2.620975e-02 -6.977598e-02 -1.763822e-01 -1.877898e-01 -2.242671e-01 -2.106870e-01 -1.155449e-01 1.412721e-01 3.888488e-01 4.974768e-01 3.463145e-01 1.518769e-02
<VARIANCE> 39
 2.049299e+01 2.734805e+01 2.204490e+01 2.433650e+01 2.994761e+01 2.843299e+01 2.887772e+01 3.153748e+01 3.061846e+01 2.774854e+01 2.328560e+01 2.758975e+01 2.119793e+01 3.627320e-01 4.660953e-01 6.497638e-01 8.673392e-01 1.066323e+00 1.316385e+00 1.434737e+00 1.568982e+00 1.623037e+00 1.684880e+00 1.607261e+00 1.457667e+00 3.028021e-01 6.662822e-02 8.868442e-02 1.254743e-01 1.541044e-01 2.042107e-01 2.391724e-01 2.545900e-01 2.795734e-01 3.154380e-01 2.701225e-01 2.182281e-01 2.487386e-01 4.029334e-02
<GCONST> 9.025183e+01
<MIXTURE> 7 1.258259e-01
<MEAN> 39
 -9.361802e+00 1.334582e+00 -2.235564e-01 6.033527e+00 1.286851e+00 -1.882538e-01 -4.115878e-01 -2.683472e+00 -1.191557e+00 1.349000e+00 3.355269e+00 2.011420e+00 -5.164121e+00 -1.601173e-01 -7.083828e-02 -2.480084e-02 7.443082e-02 1.611739e-01 2.463102e-01 1.904073e-01 1.434904e-01 1.063032e-01 1.282648e-01 5.752357e-02 2.843285e-02 -2.002852e-01 9.914765e-02 -8.799846e-02 -7.343910e-02 -1.603639e-01 -3.250347e-02 7.582798e-02 2.639591e-01 4.106299e-01 2.888833e-01 -7.789975e-03 -2.277755e-01 -1.840954e-01 4.865595e-02
<VARIANCE> 39
 2.339060e+01 2.435954e+01 2.245729e+01 2.155444e+01 3.238257e+01 2.844445e+01 2.999951e+01 2.478407e+01 2.699247e+01 2.505725e+01 2.197945e+01 2.487536e+01 2.183238e+01 3.990181e-01 5.051036e-01 6.543940e-01 8.350011e-01 1.109955e+00 1.255592e+00 1.392605e+00 1.530939e+00 1.541585e+00 1.545374e+00 1.446316e+00 1.362842e+00 2.823596e-01 7.261603e-02 8.525444e-02 1.214846e-01 1.423844e-01 1.995981e-01 2.263593e-01 2.393176e-01 2.192167e-01 2.561351e-01 2.556800e-01 2.184395e-01 2.336295e-01 4.151900e-02
<GCONST> 8.864133e+01
<MIXTURE> 8 8.129873e-02
<MEAN> 39
 -6.338467e+00 5.712196e-01 -1.596834e+00 3.682234e+00 2.101178e+00 1.014451e+00 1.890128e+00 4.442431e-01 1.207479e+00 4.941925e-02 -4.714324e-01 -9.211690e-01 -4.970830e+00 -2.678682e-01 -2.314425e-01 -2.199513e-01 -1.674463e-01 -2.537843e-01 -1.991489e-01 3.679172e-02 1.911459e-01 3.980932e-01 3.790344e-01 3.305755e-01 2.885131e-01 5.842378e-01 3.577099e-01 -2.714382e-02 7.436235e-02 -1.383609e-01 -1.380729e-01 -1.280409e-01 -1.777666e-01 -6.305086e-02 -1.600572e-02 4.272838e-02 7.957252e-02 7.480732e-02 1.959161e-01
<VARIANCE> 39
 3.778881e+01 4.702452e+01 4.319771e+01 4.401433e+01 5.295947e+01 5.160088e+01 4.703799e+01 5.047007e+01 4.564033e+01 4.424138e+01 4.085001e+01 4.263495e+01 6.468496e+01 2.682654e+00 2.616441e+00 2.871023e+00 2.736164e+00 3.178498e+00 3.222782e+00 3.120039e+00 3.341864e+00 3.285141e+00 3.113071e+00 2.913646e+00 2.608783e+00 4.183822e+00 5.510401e-01 5.570060e-01 5.765843e-01 6.404091e-01 6.805363e-01 7.256922e-01 7.076529e-01 7.577382e-01 7.291803e-01 6.880821e-01 6.236209e-01 5.677418e-01 7.891210e-01
<GCONST> 1.306326e+02
<STATE> 4
<NUMMIXES> 8
<MIXTURE> 1 1.656896e-01
<MEAN> 39
 -9.674615e+00 3.737116e-01 -4.589683e-01 5.935575e+00 2.574973e+00 1.449417e+00 2.417408e+00 1.570975e+00 2.234517e+00 2.552154e+00 1.702253e+00 1.077682e+00 -3.411250e+00 3.966503e+00 1.002575e+00 3.532208e-01 -1.271968e+00 -1.005630e+00 -1.053960e+00 -1.622537e+00 -1.681823e+00 -1.098216e+00 -7.105299e-01 -5.945700e-01 -5.746005e-01 1.809358e+00 9.863166e-01 -2.596765e-02 -2.276393e-01 -7.731790e-01 -4.980670e-01 -1.826564e-01 -4.741699e-01 -3.345941e-01 -1.519694e-01 -9.976176e-02 -1.913316e-01 -2.512019e-01 5.118604e-01
<VARIANCE> 39
 1.745938e+01 2.037507e+01 2.442081e+01 2.545492e+01 3.200848e+01 2.994419e+01 3.111505e+01 2.791053e+01 2.852328e+01 2.433870e+01 2.509472e+01 2.592231e+01 2.501521e+01 2.313438e+00 2.196002e+00 3.759447e+00 3.918318e+00 3.326054e+00 4.753894e+00 3.624756e+00 3.372702e+00 3.471214e+00 3.159370e+00 3.296744e+00 3.102297e+00 1.610483e+00 3.124363e-01 3.446994e-01 4.255527e-01 5.598471e-01 5.652761e-01 6.909600e-01 6.105874e-01 6.246506e-01 5.967544e-01 5.457523e-01 6.242880e-01 5.215863e-01 2.261486e-01
<GCONST> 1.193345e+02
<MIXTURE> 2 1.599414e-01
<MEAN> 39
 -1.274708e+01 -1.862117e+00 -2.655190e+00 4.505468e+00 1.479583e+00 1.382333e+00 2.841676e+00 2.703979e+00 3.070117e+00 3.011427e+00 1.923126e+00 1.313603e+00 -2.665622e+00 1.388098e+00 4.321182e-01 7.191208e-01 1.770047e-01 2.152729e-01 -3.036072e-01 -3.258041e-01 -4.742348e-01 -4.026807e-01 -3.369618e-01 -2.169419e-01 -1.652134e-01 5.158011e-01 1.267783e+00 5.678433e-01 2.370355e-01 -2.754495e-01 -3.010677e-01 -3.253171e-01 -5.895458e-01 -6.602264e-01 -5.159569e-01 -2.948681e-01 -2.179085e-01 -2.032157e-01 3.394887e-01
<VARIANCE> 39
 1.477708e+01 2.075914e+01 2.296006e+01 2.575567e+01 2.829045e+01 2.794819e+01 3.062953e+01 2.558923e+01 2.905117e+01 2.706459e+01 2.597033e+01 2.735912e+01 2.403562e+01 1.844756e+00 1.500144e+00 1.677269e+00 1.551090e+00 1.809401e+00 1.991909e+00 1.966716e+00 2.130995e+00 2.218017e+00 2.038869e+00 1.825770e+00 1.806653e+00 1.044634e+00 2.002420e-01 2.333814e-01 3.559691e-01 4.263302e-01 3.858672e-01 5.244371e-01 4.989052e-01 4.502999e-01 4.819637e-01 4.916765e-01 5.006448e-01 4.835818e-01 1.736015e-01
<GCONST> 1.083219e+02
<MIXTURE> 3 1.392135e-01
<MEAN> 39
 -9.042287e+00 4.316185e+00 -4.247073e-01 7.696198e+00 1.330886e+00 2.068106e+00 2.019424e+00 -1.895407e+00 -7.780164e-02 -1.713403e+00 -2.457953e+00 -3.791770e+00 -7.325333e+00 1.516504e+00 -2.417970e-01 -1.303837e-01 -7.272093e-01 -3.028333e-01 -5.346535e-01 -4.082417e-01 2.031835e-01 7.829108e-01 9.705893e-01 9.331366e-01 9.219086e-01 1.336402e+00 1.053677e+00 -4.293774e-01 -3.159057e-01 -9.148411e-01 -3.862601e-01 -4.243320e-01 -4.601400e-01 1.082861e-01 2.985491e-01 4.884592e-01 4.163961e-01 5.234557e-01 8.120549e-01
<VARIANCE> 39
 1.632357e+01 2.082791e+01 2.265664e+01 2.441918e+01 3.425676e+01 2.872853e+01 3.053547e+01 3.242173e+01 3.217043e+01 2.900113e+01 3.299105e+01 3.622668e+01 2.821358e+01 2.883547e+00 1.646057e+00 2.009793e+00 2.288677e+00 2.492145e+00 2.708025e+00 2.762036e+00 2.922285e+00 2.772205e+00 2.787418e+00 2.856442e+00 2.991426e+00 1.979422e+00 3.063271e-01 3.803586e-01 4.327781e-01 4.981678e-01 5.917559e-01 6.405959e-01 5.836684e-01 6.912465e-01 6.667220e-01 6.736652e-01 7.859346e-01 7.957717e-01 2.653033e-01
<GCONST> 1.186712e+02
<MIXTURE> 4 9.834787e-02
<MEAN> 39
 -3.294854e+00 3.147832e+00 -7.579442e-01 3.361237e+00 -1.653201e+00 -1.195514e+00 -1.160544e-01 -2.078946e+00 -5.013847e-01 -1.633958e+00 -2.259169e+00 -2.693512e+00 -5.711475e+00 -4.864139e-03 2.268942e-02 1.507371e-02 -2.737790e-02 6.180557e-02 1.058485e-01 3.328967e-02 -1.979164e-02 7.248551e-02 4.381213e-02 -3.651385e-02 -2.530521e-02 -2.464340e-01 3.314039e-02 -4.753127e-02 4.995830e-02 1.015456e-02 9.941445e-02 2.924497e-02 3.249028e-02 5.097373e-02 7.524178e-02 8.619162e-02 1.479482e-01 1.538600e-01 1.461118e-01
<VARIANCE> 39
 3.230054e+01 3.476259e+01 3.935062e+01 3.591055e+01 6.055330e+01 4.123040e+01 4.204467e+01 5.151436e+01 5.014089e+01 5.102856e+01 4.779733e+01 5.875016e+01 5.659031e+01 6.989062e-01 7.565178e-01 9.946730e-01 1.146470e+00 1.478675e+00 1.615395e+00 1.814740e+00 2.015572e+00 2.012649e+00 1.972243e+00 2.057212e+00 1.891722e+00 6.404628e-01 1.223746e-01 1.499508e-01 1.787466e-01 2.121736e-01 2.852656e-01 3.002532e-01 3.490282e-01 4.223659e-01 4.065458e-01 3.928971e-01 3.659028e-01 3.562471e-01 1.006119e-01
<GCONST> 1.074240e+02
<MIXTURE> 5 1.098062e-01
<MEAN> 39
 -9.902490e+00 3.536895e+00 -2.635556e+00 3.388747e+00 -2.058192e+00 -2.851670e+00 -1.123598e+00 -2.389308e+00 4.914733e-01 2.853322e+00 3.619359e+00 2.734605e+00 -6.460215e+00 1.823431e-01 -8.797856e-02 4.694575e-01 3.793737e-01 6.819319e-01 4.767531e-01 4.077681e-01 1.560767e-01 -8.592510e-02 -4.349616e-01 -5.698305e-01 -3.864288e-01 4.950853e-01 8.337557e-01 -1.054641e-01 1.240086e-01 -1.064191e-01 1.665819e-01 2.051167e-01 5.223894e-02 8.811285e-02 3.266216e-02 -1.576635e-01 -3.257725e-01 -3.060745e-01 5.464944e-01
<VARIANCE> 39
 1.939101e+01 1.741340e+01 2.277445e+01 2.179577e+01 3.017491e+01 2.817524e+01 3.017216e+01 2.981852e+01 3.630967e+01 3.002689e+01 2.945529e+01 3.093221e+01 2.534022e+01 1.766423e+00 1.314864e+00 1.419651e+00 1.532377e+00 1.661366e+00 1.969435e+00 2.127338e+00 2.232907e+00 2.409639e+00 2.201863e+00 2.218634e+00 2.215548e+00 1.380182e+00 3.525682e-01 2.823141e-01 3.951207e-01 4.184204e-01 4.102392e-01 4.745302e-01 4.784781e-01 5.016107e-01 5.613754e-01 5.747018e-01 5.460431e-01 4.867975e-01 2.763004e-01
<GCONST> 1.113291e+02
<MIXTURE> 6 1.368153e-01
<MEAN> 39
 -1.964580e+00 5.774963e+00 1.927284e+00 5.065115e+00 5.209160e-01 -2.167643e+00 -2.534459e+00 -5.041966e+00 -3.690309e+00 -1.864938e+00 -1.432616e+00 -1.131451e+00 -7.871634e-01 3.896590e+00 3.362945e-01 2.808761e-02 -1.532339e+00 -1.222836e+00 -8.536382e-01 -1.743884e+00 -1.435887e+00 -6.553099e-01 -4.442171e-01 -3.481509e-01 -7.383996e-01 1.931906e+00 -9.119312e-02 -6.580813e-01 -4.692810e-01 -5.706369e-01 -2.509670e-01 2.078189e-01 2.123677e-01 5.542896e-01 6.373335e-01 4.459093e-01 2.391373e-01 5.545697e-02 1.589889e-01
<VARIANCE> 39
 1.711058e+01 1.961476e+01 2.728923e+01 2.588536e+01 3.405156e+01 3.542062e+01 3.101637e+01 3.485552e+01 3.151819e+01 2.769962e+01 2.625963e+01 3.010885e+01 2.457165e+01 2.725842e+00 3.157581e+00 4.230247e+00 4.729083e+00 3.957975e+00 5.731187e+00 4.295231e+00 4.242392e+00 4.954792e+00 4.181674e+00 4.708995e+00 3.526432e+00 1.466523e+00 3.020195e-01 3.005163e-01 3.163260e-01 3.981540e-01 4.844734e-01 5.448678e-01 5.465954e-01 6.663215e-01 6.285142e-01 5.216067e-01 5.414926e-01 4.981643e-01 1.612687e-01
<GCONST> 1.211137e+02
<MIXTURE> 7 1.206175e-01
<MEAN> 39
 -2.322803e+00 4.449298e+00 -1.086523e+00 4.593797e+00 -8.127339e-01 -8.102524e-01 1.904506e-01 -1.091899e+00 3.617921e+00 3.387238e+00 3.067289e+00 1.427451e+00 -3.224044e+00 3.420961e+00 -1.705044e+00 -6.110294e-01 -2.913411e+00 -9.006146e-01 -1.082906e+00 -1.263332e+00 6.109822e-01 9.012244e-01 1.313179e+00 8.176020e-01 1.343354e+00 3.404959e+00 2.201917e-02 -6.460907e-01 -6.280284e-02 -5.541176e-01 1.125273e-01 1.687694e-01 2.560499e-02 2.309951e-01 -2.231613e-01 -1.877585e-01 -3.314901e-01 -8.263505e-02 3.824039e-01
<VARIANCE> 39
 2.246912e+01 2.052785e+01 2.641271e+01 2.654046e+01 4.156090e+01 3.481977e+01 3.794251e+01 3.861752e+01 3.570778e+01 3.415902e+01 3.596827e+01 3.838201e+01 2.961329e+01 3.704310e+00 3.349066e+00 5.326835e+00 5.487125e+00 6.672454e+00 6.884735e+00 6.382168e+00 7.044055e+00 6.780792e+00 6.886504e+00 8.370759e+00 8.347071e+00 2.935496e+00 3.932297e-01 3.330045e-01 3.758906e-01 5.429633e-01 6.636781e-01 6.250299e-01 7.078616e-01 8.042995e-01 7.580929e-01 7.259936e-01 7.722030e-01 7.479060e-01 3.540254e-01
<GCONST> 1.320992e+02
<MIXTURE> 8 6.956869e-02
<MEAN> 39
 6.254234e+00 -2.784811e-01 -7.921809e+00 -4.657298e+00 1.489273e+00 -4.189807e-01 -7.038043e+00 -2.924121e+00 4.740051e+00 2.626735e+00 -2.310960e+00 -3.741634e+00 4.071794e+00 3.328378e+00 -2.264756e+00 -1.722743e+00 -3.494857e+00 7.615969e-01 3.280756e-01 -1.448927e+00 1.093060e+00 9.973553e-01 9.419326e-02 -1.538056e+00 -8.893042e-01 3.064131e+00 -1.194229e+00 -1.751373e-01 4.721426e-01 6.754277e-01 2.387176e-01 3.577774e-01 8.511370e-01 5.633246e-01 -2.294233e-01 -3.169406e-01 2.866392e-02 2.475817e-01 -4.558295e-01
<VARIANCE> 39
 1.158111e+01 2.011004e+01 1.938457e+01 3.550073e+01 2.770218e+01 3.528792e+01 3.895176e+01 4.001643e+01 3.261019e+01 3.956322e+01 4.115602e+01 3.932089e+01 1.978250e+01 3.066190e+00 2.953098e+00 2.808120e+00 5.038623e+00 5.515318e+00 5.891462e+00 6.190378e+00 6.503226e+00 5.722502e+00 5.718556e+00 5.077510e+00 6.053662e+00 1.964040e+00 3.038844e-01 3.042120e-01 3.281705e-01 6.067951e-01 4.565505e-01 5.584310e-01 6.381136e-01 7.055660e-01 6.316362e-01 6.007497e-01 6.694655e-01 6.094977e-01 2.443722e-01
<GCONST> 1.256187e+02
<STATE> 5
<NUMMIXES> 8
<MIXTURE> 1 9.051973e-02
<MEAN> 39
 -4.652072e+00 1.771027e+00 5.768459e-03 3.523593e+00 7.718201e-01 -2.094931e-01 1.589759e+00 1.157940e-02 -2.708045e-02 4.071985e-02 7.428628e-03 2.252631e-01 -3.571597e+00 3.553392e-01 1.246712e-01 3.539409e-01 -4.006847e-02 8.460295e-02 9.595243e-02 3.326791e-02 -1.514022e-01 -1.425650e-01 -1.419178e-01 -9.545706e-02 -9.212614e-03 3.652846e-03 1.112501e-01 2.366270e-02 7.461516e-02 -1.099545e-01 -1.457220e-01 -8.440544e-02 -7.697754e-02 -8.790153e-02 1.170205e-02 1.049976e-01 6.097856e-02 2.469221e-02 2.313446e-01
<VARIANCE> 39
 3.952256e+01 3.255194e+01 3.713816e+01 3.399260e+01 4.541053e+01 3.799470e+01 3.905042e+01 3.646538e+01 3.494332e+01 3.493861e+01 3.531482e+01 3.525978e+01 6.242593e+01 3.299595e+00 2.199013e+00 2.483057e+00 2.466550e+00 2.988028e+00 2.904167e+00 3.097550e+00 3.212162e+00 3.000567e+00 3.062498e+00 2.827543e+00 2.534926e+00 2.601818e+00 3.811918e-01 3.298297e-01 4.223706e-01 4.294414e-01 4.782290e-01 4.783385e-01 5.203891e-01 5.172877e-01 5.106926e-01 5.163878e-01 4.827358e-01 4.908329e-01 3.552027e-01
<GCONST> 1.220806e+02
<MIXTURE> 2 1.005135e-01
<MEAN> 39
 2.284160e+00 1.635972e+00 -5.823951e-01 -2.024821e-01 -2.137637e+00 -5.611431e-01 -8.636410e-01 -7.937016e-01 2.366966e-01 4.433743e-01 1.412900e-01 -9.797507e-02 1.548588e+00 9.362572e-02 -1.469388e-01 -8.574560e-02 -1.284305e-01 1.935021e-02 1.628470e-01 1.505383e-01 1.396910e-01 1.442384e-01 -1.749597e-02 2.312346e-02 2.596767e-02 7.039713e-02 -1.537131e-01 -1.687908e-02 3.591600e-02 1.219457e-01 1.269291e-01 3.690549e-02 3.180499e-02 2.503549e-02 -1.991864e-02 -4.846187e-02 -1.251804e-02 -5.818599e-03 -9.741433e-02
<VARIANCE> 39
 3.796138e+01 3.077698e+01 3.971111e+01 4.205846e+01 5.413674e+01 5.393783e+01 4.493716e+01 4.658305e+01 4.590364e+01 4.826800e+01 5.215211e+01 5.046221e+01 7.843979e+01 4.279814e-01 6.598782e-01 8.391384e-01 1.070596e+00 1.255426e+00 1.480398e+00 1.622256e+00 1.805279e+00 1.896348e+00 1.731161e+00 1.666910e+00 1.500649e+00 3.554325e-01 1.145075e-01 1.238915e-01 1.536413e-01 2.029482e-01 2.604311e-01 2.926878e-01 2.910154e-01 3.386669e-01 3.512838e-01 3.202984e-01 3.334475e-01 3.016711e-01 7.049944e-02
<GCONST> 1.033740e+02
<MIXTURE> 3 1.196744e-01
<MEAN> 39
 1.369356e+00 8.335553e-01 8.936371e+00 1.247657e+00 -1.188025e+01 -9.055714e+00 -2.308341e-01 -2.154204e+00 -5.572428e+00 1.244838e+00 1.705752e+00 1.575360e+00 5.625523e+00 9.137440e-01 -4.392607e-01 1.446451e+00 -1.473684e+00 -1.885238e+00 -2.696870e-01 2.796397e-01 -5.980339e-01 -9.156095e-01 5.235299e-01 -2.669304e-01 -3.625824e-01 1.551754e+00 -8.619901e-01 1.328591e-01 -5.028485e-01 8.611503e-02 8.606871e-01 9.159141e-01 3.140551e-01 1.465631e-01 4.801766e-01 9.004358e-02 -1.731597e-01 -1.489312e-01 -6.227049e-01
<VARIANCE> 39
 1.131829e+01 2.166238e+01 2.745562e+01 4.202293e+01 2.996288e+01 3.598699e+01 3.533706e+01 4.108311e+01 4.470729e+01 4.584393e+01 4.184135e+01 4.972968e+01 2.258792e+01 2.840458e+00 1.890751e+00 2.534862e+00 3.427513e+00 4.456868e+00 4.859001e+00 4.266096e+00 3.813419e+00 4.020900e+00 3.767683e+00 4.639245e+00 3.587090e+00 1.637141e+00 2.443807e-01 3.524376e-01 3.315224e-01 5.028859e-01 4.600606e-01 5.087892e-01 5.410970e-01 6.061552e-01 5.402848e-01 6.119228e-01 5.359300e-01 5.668906e-01 1.807050e-01
<GCONST> 1.217878e+02
<MIXTURE> 4 1.520100e-01
<MEAN> 39
 7.088863e+00 3.419138e+00 -6.068357e+00 -8.227047e+00 -9.462548e-01 6.126791e+00 -1.804918e+00 -7.078022e+00 -1.548452e+00 2.831336e+00 4.583920e+00 6.402044e-01 3.693366e+00 2.229619e+00 -6.693742e-01 -9.555528e-01 -2.723912e+00 -5.861445e-01 1.223383e+00 -2.290526e-01 -5.419535e-01 8.954412e-01 6.574998e-01 8.641504e-01 -1.280667e-01 1.569477e+00 -1.127069e+00 -3.869579e-01 2.639618e-01 7.939802e-01 3.591018e-01 -2.789735e-01 1.732692e-01 6.800535e-01 3.485458e-01 -6.863731e-02 -3.568631e-01 -1.189897e-01 -3.887897e-01
<VARIANCE> 39
 1.303648e+01 1.878981e+01 1.986541e+01 3.362993e+01 3.150967e+01 3.188848e+01 4.050884e+01 3.658515e+01 3.752120e+01 3.998385e+01 3.879254e+01 4.337895e+01 1.863688e+01 3.354781e+00 2.302171e+00 2.270888e+00 4.837479e+00 4.236578e+00 4.081655e+00 4.445114e+00 4.908053e+00 4.934154e+00 4.138776e+00 4.296453e+00 4.030169e+00 1.432193e+00 2.606472e-01 2.789109e-01 2.862103e-01 4.542263e-01 4.388756e-01 4.725096e-01 5.303071e-01 5.650167e-01 5.843136e-01 5.761220e-01 5.692190e-01 5.150284e-01 1.372751e-01
<GCONST> 1.204226e+02
<MIXTURE> 5 1.325235e-01
<MEAN> 39
 4.026924e+00 -5.157402e+00 -3.189963e+00 -5.550128e+00 -1.436070e+00 -1.831915e+00 -2.103094e+00 2.621820e+00 6.409402e+00 8.253653e+00 6.918110e+00 6.566379e+00 6.850152e+00 6.121458e-01 -1.899146e+00 2.204733e-01 -1.452084e+00 6.522541e-01 2.612410e-01 2.098367e-01 8.987293e-01 -3.191113e-02 5.195903e-01 5.683073e-01 1.310046e+00 1.965242e+00 -9.121241e-01 5.945429e-01 2.250737e-01 8.884271e-01 2.875859e-01 3.957584e-01 3.773284e-01 -3.003266e-01 -6.061156e-01 -7.861155e-01 -5.957635e-01 -6.064733e-01 -7.442212e-01
<VARIANCE> 39
 2.883540e+01 3.081204e+01 5.762180e+01 5.763883e+01 7.734940e+01 7.098922e+01 7.636314e+01 7.898031e+01 8.419942e+01 8.437632e+01 1.086320e+02 1.085961e+02 2.700159e+01 2.342191e+00 3.130173e+00 3.303812e+00 5.127342e+00 5.419373e+00 5.368928e+00 6.024398e+00 6.906771e+00 7.391047e+00 7.144801e+00 7.532058e+00 7.144803e+00 2.554269e+00 4.545158e-01 4.169025e-01 6.164826e-01 7.376868e-01 7.874163e-01 9.130251e-01 1.046057e+00 1.205283e+00 1.146070e+00 1.036052e+00 1.215789e+00 1.155793e+00 2.965360e-01
<GCONST> 1.429878e+02
<MIXTURE> 6 1.363056e-01
<MEAN> 39
 4.543724e+00 4.364949e+00 -2.323472e+00 1.188684e+00 -1.687702e+00 -4.883088e+00 -7.965287e+00 -6.236313e+00 1.740587e-01 -5.194493e-01 -3.089368e+00 -4.010913e+00 1.170779e+00 2.803632e+00 -7.946897e-01 -9.147047e-01 -1.753769e+00 -6.021268e-01 -6.347827e-01 -1.124965e+00 3.635313e-01 7.145556e-01 2.324046e-01 -6.071592e-01 -5.097827e-01 1.474374e+00 -8.823436e-01 -5.797577e-01 1.645471e-02 6.741435e-02 2.232974e-01 5.395973e-01 9.345542e-01 9.010516e-01 3.339171e-01 1.637077e-01 2.008981e-01 2.815730e-01 -9.440366e-02
<VARIANCE> 39
 1.237891e+01 2.201562e+01 3.172225e+01 3.006831e+01 3.412506e+01 3.190359e+01 3.312738e+01 3.957070e+01 4.302699e+01 4.536526e+01 4.184246e+01 4.271815e+01 1.823788e+01 2.706585e+00 2.981206e+00 2.512886e+00 3.717286e+00 3.738526e+00 4.569537e+00 4.702614e+00 5.764071e+00 5.091235e+00 4.267267e+00 4.441614e+00 4.021499e+00 9.063777e-01 2.217689e-01 2.586993e-01 3.765723e-01 4.024859e-01 4.550816e-01 4.627051e-01 5.647253e-01 6.339487e-01 7.280281e-01 6.738294e-01 5.855417e-01 5.532171e-01 9.032752e-02
<GCONST> 1.210346e+02
<MIXTURE> 7 1.644584e-01
<MEAN> 39
 5.865808e+00 -3.800026e+00 -7.478214e+00 -7.127628e+00 3.475367e+00 3.158510e+00 -3.722598e+00 1.195115e+00 5.524327e+00 8.424883e-01 -4.270349e+00 -4.398561e+00 7.551851e+00 -2.146261e-01 -1.020512e+00 -1.578507e-01 -1.356526e-01 1.076634e+00 9.121029e-01 7.349821e-01 1.147025e+00 -1.450429e-02 -8.284680e-01 -5.376361e-01 1.094872e-01 8.889174e-01 -6.997521e-01 4.407318e-01 4.127561e-01 8.982477e-01 1.085788e-02 -1.262350e-01 2.727456e-01 -2.588649e-01 -4.527091e-01 -1.344355e-01 3.824002e-01 3.535526e-01 -6.490574e-01
<VARIANCE> 39
 1.259593e+01 2.298548e+01 2.234282e+01 3.775974e+01 4.386198e+01 5.415052e+01 5.721452e+01 5.588546e+01 4.504969e+01 6.311784e+01 5.989059e+01 5.807182e+01 1.952990e+01 6.263806e-01 1.175152e+00 1.230059e+00 2.108219e+00 2.317198e+00 2.567457e+00 2.859491e+00 3.027464e+00 3.434498e+00 2.843432e+00 2.826746e+00 2.655799e+00 5.902774e-01 2.526039e-01 2.297930e-01 2.701727e-01 4.436404e-01 5.143719e-01 5.396370e-01 6.830342e-01 7.639127e-01 6.454259e-01 6.828903e-01 6.708349e-01 6.227597e-01 1.426743e-01
<GCONST> 1.168214e+02
<MIXTURE> 8 1.039950e-01
<MEAN> 39
 4.757295e+00 -2.938490e+00 -1.030239e+00 5.989534e-01 -5.385735e+00 -7.947121e+00 -3.301608e+00 3.458682e+00 2.915308e+00 -7.652351e-01 -2.527332e+00 -2.988472e-01 5.950258e+00 1.449536e+00 -2.193141e+00 1.388291e-01 -1.473764e+00 -1.318933e+00 -5.291123e-01 8.400924e-01 2.077133e+00 1.341741e-01 -4.839455e-01 -5.445060e-01 7.580438e-02 2.205117e+00 -1.101974e+00 2.654570e-01 1.743047e-01 2.438416e-01 4.966340e-01 9.346060e-01 7.489135e-01 -1.415017e-01 -3.638411e-01 2.200060e-02 2.645881e-01 3.708112e-02 -6.226900e-01
<VARIANCE> 39
 1.397935e+01 1.947543e+01 2.755844e+01 3.126201e+01 3.264014e+01 3.281473e+01 4.310647e+01 3.313004e+01 4.062455e+01 3.937116e+01 4.290495e+01 4.353934e+01 2.025029e+01 2.395545e+00 2.321733e+00 2.478641e+00 3.316969e+00 4.083227e+00 4.874443e+00 5.234222e+00 4.405591e+00 5.719295e+00 4.422278e+00 4.289867e+00 4.079708e+00 1.725753e+00 3.061532e-01 3.180129e-01 3.277393e-01 4.249291e-01 4.827850e-01 5.228072e-01 5.833089e-01 5.840108e-01 6.069134e-01 5.613584e-01 5.966332e-01 6.105546e-01 1.857901e-01
<GCONST> 1.222675e+02
<TRANSP> 6
 0.000000e+00 1.000000e+00 0.000000e+00 0.000000e+00 0.000000e+00 0.000000e+00
 0.000000e+00 9.202043e-01 7.979570e-02 0.000000e+00 0.000000e+00 0.000000e+00
 0.000000e+00 0.000000e+00 8.902941e-01 1.097059e-01 0.000000e+00 0.000000e+00
 0.000000e+00 0.000000e+00 0.000000e+00 6.981804e-01 3.018196e-01 0.000000e+00
 0.000000e+00 0.000000e+00 0.000000e+00 0.000000e+00 6.028303e-01 3.971697e-01
 0.000000e+00 0.000000e+00 0.000000e+00 0.000000e+00 0.000000e+00 0.000000e+00
<ENDHMM>
