~o
<STREAMINFO> 1 39
<VECSIZE> 39<NULLD><MFCC_D_A_Z_0><DIAGC>
~h "k"
<BEGINHMM>
<NUMSTATES> 6
<STATE> 2
<NUMMIXES> 8
<MIXTURE> 1 1.664347e-01
<MEAN> 39
 -3.307995e+00 -1.901162e+00 -3.448587e-02 2.101471e+00 4.359404e-01 6.208578e-03 2.639610e+00 1.241711e+00 1.253188e+00 1.713161e+00 1.481529e+00 4.578500e-01 -7.913383e+00 -6.924158e-02 2.544280e-01 -1.447448e-01 1.577754e-01 1.859644e-01 1.605539e-01 -7.970425e-03 -1.129115e-01 7.083880e-02 4.649469e-02 1.508203e-02 -8.140811e-02 -7.619390e-01 2.193239e-02 1.239489e-01 1.261232e-01 7.963166e-02 6.951563e-02 3.255923e-02 -5.250756e-02 -1.369482e-01 -1.564541e-01 -1.625761e-01 -1.447594e-01 -8.937594e-02 1.338466e-01
<VARIANCE> 39
 2.023850e+01 1.985698e+01 2.590329e+01 2.622689e+01 3.560698e+01 3.699312e+01 3.872304e+01 3.564034e+01 3.687286e+01 3.627209e+01 3.287627e+01 3.305523e+01 3.892783e+01 5.359435e-01 8.734390e-01 1.028702e+00 1.265421e+00 1.562899e+00 1.740817e+00 1.889030e+00 2.102617e+00 2.164989e+00 2.050219e+00 1.907747e+00 1.744073e+00 7.807460e-01 7.278887e-02 1.079254e-01 1.587253e-01 1.888847e-01 2.437842e-01 3.023277e-01 3.330707e-01 3.538246e-01 3.567742e-01 3.363259e-01 3.233560e-01 2.976242e-01 7.016640e-02
<GCONST> 1.005707e+02
<MIXTURE> 2 1.458676e-01
<MEAN> 39
 -5.028333e+00 1.307919e+00 1.613890e+00 6.042284e+00 4.148839e+00 2.456623e+00 3.638122e+00 -2.621575e-01 1.310434e+00 2.343842e+00 7.917628e-01 -3.333593e-01 -1.244833e+01 -9.572416e-01 -2.358457e+00 -8.207420e-01 -6.456509e-01 -3.236236e-01 -8.287483e-01 1.553707e-01 4.570117e-01 7.158350e-01 1.057351e+00 3.206287e-01 8.901985e-01 3.134810e+00 1.484441e-01 3.251475e-02 -3.513086e-02 -4.648485e-01 -5.897301e-01 -5.699465e-01 -2.884803e-01 -1.751035e-01 -1.200041e-01 1.700857e-02 -8.823920e-02 5.336709e-02 1.118667e+00
<VARIANCE> 39
 1.696273e+01 2.032893e+01 2.885455e+01 2.975991e+01 3.680071e+01 3.475593e+01 3.330125e+01 3.281246e+01 3.599044e+01 2.793035e+01 2.763568e+01 2.949417e+01 3.074551e+01 3.578765e+00 3.907353e+00 6.064241e+00 4.835124e+00 5.952115e+00 5.775224e+00 5.639485e+00 5.103164e+00 4.977223e+00 4.380018e+00 3.989200e+00 3.612080e+00 5.327900e+00 2.917477e-01 4.018629e-01 4.170322e-01 4.387732e-01 5.357432e-01 5.301077e-01 5.270417e-01 5.478168e-01 5.332287e-01 5.015811e-01 4.647700e-01 4.320823e-01 4.971272e-01
<GCONST> 1.258379e+02
<MIXTURE> 3 8.564819e-02
<MEAN> 39
 -9.244568e-01 6.960914e-01 5.172260e+00 2.870899e+00 -6.314536e+00 -6.090428e+00 1.926981e+00 -5.130202e-01 -2.762907e+00 3.197801e+00 4.034925e+00 7.874912e-01 -2.960617e+00 -1.127702e-01 5.925910e-01 4.585747e-02 4.281209e-01 5.899004e-01 3.736233e-01 -3.022590e-02 -3.985464e-01 -2.051674e-01 -3.054613e-01 -5.454420e-01 -5.028317e-01 -1.445938e+00 -1.397754e-01 -1.241637e-01 -2.426034e-01 -7.231966e-02 5.080516e-01 5.158370e-01 6.552911e-02 1.401628e-02 2.171449e-01 -1.716351e-01 -3.685503e-01 -7.585095e-02 4.500168e-02
<VARIANCE> 39
 2.392307e+01 2.959015e+01 4.314577e+01 3.827790e+01 5.719294e+01 4.485312e+01 5.093500e+01 5.186159e+01 8.469982e+01 7.801564e+01 5.332741e+01 6.038854e+01 7.382690e+01 1.570800e+00 2.109662e+00 2.569323e+00 2.527135e+00 4.269109e+00 3.642919e+00 3.101212e+00 3.661288e+00 4.088832e+00 3.713794e+00 3.550097e+00 3.457468e+00 3.661061e+00 2.762432e-01 3.780005e-01 4.326580e-01 5.267957e-01 6.886459e-01 6.488258e-01 6.670323e-01 6.684544e-01 8.805594e-01 8.263392e-01 6.635842e-01 6.257789e-01 8.695818e-01
<GCONST> 1.306332e+02
<MIXTURE> 4 1.128301e-01
<MEAN> 39
 -5.968527e-01 -2.763072e+00 -4.688051e+00 3.109322e-01 2.746015e+00 4.164953e-01 1.165718e+00 1.613114e+00 1.946995e+00 1.743275e+00 -4.114971e-01 -7.098702e-01 -7.771578e+00 -9.793136e-01 -4.627026e-01 -1.132304e-01 5.812072e-02 -9.992826e-02 9.917686e-03 3.935070e-01 1.815584e-01 3.635474e-01 4.010758e-01 2.408310e-01 2.658927e-01 -3.615122e-03 -2.134500e-01 1.821014e-01 5.760258e-01 1.282291e-01 -2.798976e-01 -1.922344e-01 -9.798830e-03 -3.181157e-01 -1.923302e-01 6.551188e-02 6.936514e-03 1.138980e-01 7.153186e-01
<VARIANCE> 39
 1.500536e+01 2.126419e+01 2.566693e+01 3.362815e+01 5.077988e+01 5.325551e+01 5.898225e+01 5.017920e+01 5.181811e+01 5.348999e+01 5.274885e+01 4.885427e+01 3.913272e+01 1.712255e+00 1.797624e+00 3.014392e+00 2.864521e+00 3.103740e+00 4.010028e+00 3.943971e+00 3.779206e+00 3.861284e+00 3.731217e+00 3.555289e+00 3.269693e+00 3.730288e+00 3.059896e-01 3.418653e-01 4.067058e-01 5.524603e-01 6.341112e-01 7.908373e-01 8.152975e-01 7.420755e-01 7.753810e-01 7.588475e-01 7.076482e-01 6.798837e-01 6.299211e-01
<GCONST> 1.278203e+02
<MIXTURE> 5 1.597116e-01
<MEAN> 39
 -3.522241e+00 2.076563e+00 1.956045e+00 5.244971e+00 2.524274e+00 1.730197e+00 2.237264e+00 -2.163466e+00 -1.030212e+00 -9.592887e-01 -1.348755e+00 -2.476590e+00 -1.180032e+01 -1.320473e-01 1.612622e-01 -8.152173e-02 1.575933e-01 2.907673e-01 2.835373e-01 8.307978e-02 -3.015609e-02 1.010353e-01 5.069985e-02 -1.795577e-03 -6.945360e-02 -5.336302e-01 -4.598090e-02 -2.304804e-01 -4.457413e-02 -1.658181e-01 -1.585822e-01 -1.737692e-01 3.777821e-02 1.725432e-01 1.900692e-01 2.564434e-01 1.501261e-01 1.892007e-01 4.261085e-01
<VARIANCE> 39
 1.809958e+01 1.647058e+01 2.230423e+01 2.483781e+01 3.211232e+01 3.001268e+01 3.248182e+01 2.913664e+01 3.035284e+01 2.973097e+01 2.989791e+01 3.121741e+01 3.430971e+01 4.421882e-01 6.974116e-01 8.832064e-01 1.053126e+00 1.315562e+00 1.526344e+00 1.599035e+00 1.734751e+00 1.768647e+00 1.805598e+00 1.644723e+00 1.511253e+00 4.880247e-01 1.321629e-01 1.836383e-01 2.418903e-01 2.665460e-01 3.270538e-01 3.834332e-01 3.884342e-01 3.796170e-01 3.851507e-01 3.617387e-01 3.525542e-01 3.308091e-01 2.017053e-01
<GCONST> 1.002463e+02
<MIXTURE> 6 1.568199e-01
<MEAN> 39
 -7.598074e-01 5.521178e+00 4.450381e+00 4.970700e+00 -1.686122e-01 -2.899485e-01 6.373394e-01 -4.947286e+00 -2.988286e+00 -1.355093e+00 -3.201983e+00 -3.660281e+00 -1.149941e+01 -1.390922e+00 -1.449607e+00 -8.288954e-01 4.198016e-01 1.069423e+00 4.657016e-01 6.003658e-01 8.823477e-01 9.882802e-01 5.125804e-01 5.727036e-01 5.433878e-01 -4.957523e-03 -3.122281e-01 -7.353652e-01 -3.317127e-01 -4.451320e-01 -2.779339e-01 -2.998701e-01 1.060504e-01 2.779037e-01 3.856278e-01 4.954199e-01 2.585103e-01 4.161465e-01 1.321495e+00
<VARIANCE> 39
 2.083022e+01 2.244254e+01 3.898134e+01 3.320971e+01 4.948024e+01 3.996630e+01 4.258540e+01 4.375447e+01 4.379426e+01 3.950060e+01 3.789342e+01 3.851863e+01 3.387819e+01 2.145536e+00 2.902546e+00 3.789418e+00 3.574053e+00 4.142442e+00 4.082837e+00 3.905926e+00 3.806303e+00 3.863219e+00 3.694090e+00 3.692622e+00 3.292058e+00 5.717071e+00 3.864796e-01 4.728388e-01 6.276374e-01 6.654834e-01 8.049742e-01 7.460003e-01 7.821639e-01 7.364799e-01 7.470661e-01 6.975598e-01 6.259949e-01 5.854471e-01 5.449116e-01
<GCONST> 1.293394e+02
<MIXTURE> 7 8.265710e-02
<MEAN> 39
 1.333477e+00 4.023633e+00 9.282907e+00 -1.288665e+00 -1.003521e+01 -3.160802e+00 1.836716e+00 -9.048781e+00 -4.811439e+00 2.804957e+00 -5.105101e+00 -1.612471e+00 -1.951141e-02 -6.459472e-02 1.051219e+00 -1.206183e-01 1.742430e+00 1.497029e+00 4.574047e-01 -2.718861e-01 -2.298782e-01 -8.887359e-02 -9.963996e-01 -3.561383e-01 -8.823647e-01 -2.647438e+00 -2.992381e-01 -5.207415e-01 -6.272445e-01 1.016067e-01 5.786378e-01 2.642154e-01 2.810833e-01 8.775398e-01 3.772445e-01 -1.742364e-01 4.997169e-01 1.043380e-01 -1.292026e-01
<VARIANCE> 39
 1.343292e+01 2.438277e+01 3.830865e+01 4.180505e+01 3.901692e+01 4.134263e+01 4.622677e+01 4.769199e+01 6.524689e+01 6.128561e+01 6.063577e+01 6.095830e+01 2.652373e+01 1.369347e+00 1.846289e+00 2.585754e+00 3.081136e+00 3.982885e+00 3.621397e+00 3.753341e+00 4.675705e+00 4.167703e+00 4.715055e+00 4.474253e+00 4.242860e+00 1.998625e+00 2.241861e-01 3.274575e-01 3.882242e-01 5.700762e-01 6.197302e-01 6.273650e-01 6.562703e-01 6.382897e-01 8.025414e-01 8.796167e-01 6.564066e-01 7.277268e-01 3.131880e-01
<GCONST> 1.266867e+02
<MIXTURE> 8 9.003091e-02
<MEAN> 39
 -9.374369e+00 -4.918962e+00 4.587967e+00 9.412307e-01 -3.837858e-01 1.772009e+00 3.528331e+00 -2.067468e+00 2.178268e+00 3.865097e+00 -8.221713e-02 1.451426e+00 -9.042237e-01 -1.637318e+00 -8.964334e-01 1.878227e-01 -1.441373e+00 -8.181449e-01 -5.579360e-03 7.253996e-02 -1.856793e-01 9.484596e-01 9.083087e-01 3.386593e-01 8.256649e-01 3.335974e+00 7.514743e-01 1.094238e+00 2.269768e-02 8.364998e-02 -2.156337e-01 -3.509605e-01 -2.641518e-01 -1.508637e-01 -4.094732e-01 -3.067782e-01 -2.402826e-02 -2.476976e-01 -3.657635e-01
<VARIANCE> 39
 2.045245e+01 2.898843e+01 3.527588e+01 3.806809e+01 4.445767e+01 4.362090e+01 4.652354e+01 5.085344e+01 5.680059e+01 4.159891e+01 3.661403e+01 3.360689e+01 3.243711e+01 3.262489e+00 3.354453e+00 3.741647e+00 3.768799e+00 4.546848e+00 4.056961e+00 4.340032e+00 4.226595e+00 4.772782e+00 4.206362e+00 3.684014e+00 3.359827e+00 5.278336e+00 4.000474e-01 4.889462e-01 5.703468e-01 6.106770e-01 7.586610e-01 7.297250e-01 6.965562e-01 7.247449e-01 7.800362e-01 6.844906e-01 6.568996e-01 6.144632e-01 5.879825e-01
<GCONST> 1.309811e+02
<STATE> 3
<NUMMIXES> 8
<MIXTURE> 1 1.246413e-01
<MEAN> 39
 -1.199977e+01 7.122748e-02 2.774808e+00 -4.698087e+00 -7.822415e-01 1.330367e+00 9.520820e-01 -3.088460e+00 4.406891e+00 3.531487e+00 1.237833e+00 3.037036e+00 1.875854e+00 -3.801098e-01 1.738446e+00 7.322956e-01 -1.956783e-01 -6.076725e-02 1.764496e-01 1.598766e-01 -4.493224e-02 1.204849e-01 -1.735936e-02 2.573223e-01 -6.894068e-02 5.352624e-01 1.065065e+00 3.536142e-01 4.431596e-01 7.769945e-01 -2.096208e-01 -1.602178e-01 1.402125e-01 -1.116168e-01 -7.410103e-01 -2.715096e-01 -2.313585e-01 -4.510602e-01 -6.906074e-01
<VARIANCE> 39
 1.316076e+01 2.189973e+01 2.238771e+01 2.197245e+01 3.272531e+01 3.167919e+01 3.732077e+01 3.808229e+01 5.103619e+01 3.477663e+01 3.403569e+01 3.242681e+01 2.072604e+01 2.088406e+00 1.923333e+00 2.095766e+00 2.429576e+00 2.188112e+00 2.166706e+00 2.531672e+00 2.493630e+00 2.566552e+00 2.263281e+00 2.189852e+00 2.034685e+00 1.989920e+00 3.762479e-01 4.352911e-01 4.597519e-01 4.308348e-01 7.029349e-01 6.055143e-01 6.350684e-01 6.830325e-01 7.145011e-01 6.556838e-01 7.169404e-01 5.983342e-01 4.137600e-01
<GCONST> 1.180154e+02
<MIXTURE> 2 1.573688e-01
<MEAN> 39
 -1.087859e+01 2.015666e+00 -6.313778e-02 2.926517e+00 1.326428e+00 1.587617e+00 4.214629e+00 -8.461832e-01 3.763411e+00 3.539010e+00 2.107760e+00 -5.206390e-02 -1.028317e+00 -2.453719e-01 8.944081e-02 3.375846e-01 1.092410e-01 -3.097515e-02 2.533664e-01 3.031251e-01 3.417960e-02 1.613924e-02 -1.787415e-02 1.034129e-01 -5.569555e-03 -3.589067e-02 6.124710e-01 -1.217810e-02 1.416993e-01 -9.225938e-02 -1.935351e-01 -2.240048e-01 -3.211545e-01 -1.882729e-01 -2.950396e-01 -2.059916e-01 -1.693840e-01 6.939644e-03 -1.907534e-02
<VARIANCE> 39
 3.026089e+01 4.907208e+01 5.069282e+01 4.264844e+01 4.591305e+01 4.324041e+01 4.223386e+01 4.196353e+01 4.345292e+01 3.482524e+01 3.415002e+01 3.245037e+01 2.718993e+01 1.525530e+00 1.534502e+00 1.596849e+00 1.608693e+00 1.808268e+00 2.014937e+00 2.188596e+00 2.207530e+00 2.163649e+00 2.063413e+00 1.937435e+00 1.820670e+00 8.461990e-01 2.238642e-01 3.512342e-01 3.247863e-01 3.137493e-01 3.932189e-01 4.113351e-01 4.342428e-01 4.494275e-01 4.389082e-01 4.288416e-01 4.215627e-01 3.884063e-01 1.666360e-01
<GCONST> 1.130658e+02
<MIXTURE> 3 1.221474e-01
<MEAN> 39
 -2.749085e+00 -6.317763e+00 -1.166684e+01 9.957491e-01 9.090496e+00 -1.928850e+00 -4.271204e+00 7.618347e-01 2.740644e+00 7.115495e+00 -5.349058e-02 1.284627e+00 5.946124e-01 -6.355336e-02 -1.277263e-02 -5.159345e-01 -2.270784e-01 3.070266e-02 -5.077161e-01 -5.982690e-01 7.554024e-02 7.479352e-01 6.360489e-01 -2.571086e-02 -7.344238e-02 1.837959e+00 1.428686e-01 9.179388e-01 1.332998e+00 2.445586e-01 -7.178661e-01 1.464594e-01 4.355982e-01 -2.680010e-01 -2.587799e-01 -6.124576e-01 1.850158e-03 -2.880333e-01 -6.981011e-01
<VARIANCE> 39
 1.552750e+01 2.666253e+01 3.114376e+01 4.798483e+01 4.316725e+01 6.775408e+01 4.648032e+01 5.383166e+01 6.120304e+01 4.812662e+01 4.678316e+01 3.700822e+01 3.566718e+01 2.533137e+00 3.558978e+00 5.900163e+00 3.888944e+00 4.755385e+00 4.409398e+00 4.365287e+00 3.974694e+00 4.156780e+00 4.266952e+00 3.694436e+00 3.047890e+00 4.428785e+00 4.580745e-01 5.260050e-01 6.028712e-01 8.078955e-01 8.746639e-01 1.077959e+00 8.631449e-01 8.689706e-01 9.423590e-01 8.415997e-01 8.333664e-01 7.170541e-01 5.637403e-01
<GCONST> 1.340422e+02
<MIXTURE> 4 1.195682e-01
<MEAN> 39
 -6.206916e+00 -7.785046e+00 -4.087279e+00 8.729747e+00 2.809967e+00 -7.997374e+00 4.502441e+00 3.095497e+00 1.831620e+00 2.530243e+00 1.154241e+00 2.862440e+00 -3.627042e-01 -5.878229e-01 -1.332095e+00 -1.170241e+00 4.470839e-02 -6.605560e-01 -2.232892e+00 5.228966e-01 1.333637e+00 5.423348e-01 4.952867e-01 4.135164e-01 1.063474e+00 3.481658e+00 5.316180e-01 1.318322e+00 6.770213e-01 -7.293949e-01 -4.203840e-01 6.144254e-01 -4.379708e-01 -5.479453e-01 -1.749895e-01 -2.047983e-01 -3.030784e-01 -4.401576e-01 -5.217276e-01
<VARIANCE> 39
 1.335542e+01 2.202190e+01 3.216911e+01 3.060133e+01 5.552776e+01 4.052435e+01 5.259062e+01 4.860183e+01 5.267495e+01 3.893338e+01 4.138282e+01 3.909745e+01 2.844002e+01 2.924565e+00 3.733238e+00 3.963682e+00 4.076170e+00 5.017570e+00 4.516238e+00 5.160161e+00 4.192200e+00 4.642554e+00 4.020175e+00 3.926726e+00 3.637087e+00 3.840544e+00 4.438099e-01 4.651850e-01 5.437352e-01 6.839573e-01 8.638179e-01 7.739573e-01 9.061180e-01 8.078012e-01 8.147090e-01 7.523055e-01 8.096311e-01 7.988337e-01 5.352019e-01
<GCONST> 1.316478e+02
<MIXTURE> 5 1.184408e-01
<MEAN> 39
 -8.813513e+00 -7.931987e+00 1.790648e-01 -2.631607e-01 -3.480733e+00 -3.360920e+00 3.917744e+00 -1.223684e+00 -6.203758e-01 7.045787e+00 1.118450e+00 2.997126e+00 4.735510e+00 2.149702e-01 1.269696e+00 6.977829e-01 -1.037853e+00 -1.690268e+00 -1.186654e+00 -4.339030e-01 -7.016383e-01 -4.231966e-01 7.749090e-02 -7.535466e-02 3.748004e-02 2.630836e+00 9.206709e-01 1.415546e+00 4.556427e-01 3.574854e-01 2.199830e-01 1.083465e-01 -3.586856e-01 -9.284740e-02 -1.791168e-01 -8.840556e-01 -2.676375e-01 -5.208905e-01 -1.221816e+00
<VARIANCE> 39
 1.475747e+01 2.144791e+01 2.795591e+01 3.543406e+01 3.433395e+01 4.731237e+01 5.032424e+01 5.276026e+01 5.984622e+01 3.733302e+01 3.603828e+01 3.305909e+01 2.331633e+01 2.743768e+00 2.900079e+00 2.893293e+00 3.024620e+00 3.111135e+00 3.268681e+00 3.457591e+00 3.487046e+00 3.563490e+00 3.411866e+00 2.689644e+00 2.755568e+00 3.650314e+00 4.778057e-01 5.514756e-01 6.314277e-01 7.684787e-01 9.109255e-01 1.058450e+00 9.857600e-01 1.042160e+00 1.184385e+00 8.648784e-01 9.158475e-01 8.063481e-01 4.952972e-01
<GCONST> 1.293538e+02
<MIXTURE> 6 1.362907e-01
<MEAN> 39
 3.540203e-02 2.729419e+00 3.789555e+00 2.497355e+00 -3.367871e+00 -2.954427e+00 4.181124e-01 -4.432045e+00 -3.372868e+00 -4.518940e-01 -2.302572e+00 -1.727351e+00 -4.506743e+00 -6.889541e-01 -7.055122e-02 -5.692951e-01 4.519031e-01 8.128454e-01 3.574370e-01 2.435398e-01 3.684941e-01 3.120992e-01 -3.834831e-01 6.647260e-02 -2.606978e-01 -6.303317e-01 -2.244590e-01 -1.777780e-01 -1.801120e-01 -2.452595e-01 -1.902554e-02 1.219234e-01 1.688860e-01 2.760328e-01 2.779675e-01 2.028108e-01 1.869495e-01 1.841593e-01 3.899105e-01
<VARIANCE> 39
 1.859588e+01 2.334098e+01 3.153349e+01 2.969440e+01 4.509326e+01 3.795066e+01 3.876663e+01 4.705354e+01 4.457458e+01 4.513487e+01 4.649302e+01 4.386877e+01 3.079777e+01 1.796320e+00 2.025282e+00 2.396358e+00 2.977981e+00 3.549495e+00 3.132629e+00 3.235365e+00 3.636311e+00 3.399116e+00 3.308500e+00 3.431874e+00 3.244586e+00 2.735662e+00 1.915951e-01 2.496483e-01 2.838436e-01 3.551008e-01 4.308715e-01 4.361419e-01 4.478359e-01 4.971234e-01 4.977622e-01 5.349306e-01 5.128841e-01 4.790359e-01 1.586605e-01
<GCONST> 1.190913e+02
<MIXTURE> 7 8.996652e-02
<MEAN> 39
 -1.601560e+00 -2.163637e-01 -3.015556e-01 5.860470e-01 -2.339379e-01 -2.943221e-01 1.090405e-01 -2.934500e-01 9.317920e-01 1.216166e+00 -2.286934e-01 -3.694266e-03 -1.218127e+00 2.596899e-02 2.844960e-02 6.226381e-02 8.681597e-03 -5.692427e-03 1.003278e-01 2.744959e-02 -2.625540e-02 -4.876937e-02 -8.798318e-02 -4.531402e-03 -4.201822e-02 -1.706473e-01 1.078215e-02 -2.263733e-03 7.084643e-03 -4.056543e-04 1.696288e-02 1.240378e-02 3.691380e-02 1.906762e-02 -5.866216e-03 -3.361123e-03 2.029429e-02 2.315197e-02 3.062020e-02
<VARIANCE> 39
 3.340644e+01 3.254244e+01 3.841986e+01 3.613564e+01 4.910058e+01 4.343224e+01 4.049727e+01 4.650524e+01 4.990116e+01 5.071545e+01 4.252382e+01 4.466045e+01 3.941917e+01 2.690607e-01 4.702437e-01 6.984836e-01 8.888617e-01 1.186166e+00 1.371217e+00 1.543675e+00 1.676494e+00 1.692781e+00 1.789370e+00 1.614271e+00 1.578500e+00 2.098885e-01 4.474898e-02 8.275615e-02 1.283986e-01 1.673447e-01 2.174432e-01 2.630501e-01 2.966065e-01 3.264301e-01 3.284092e-01 3.566063e-01 3.045662e-01 2.875783e-01 2.915931e-02
<GCONST> 9.679594e+01
<MIXTURE> 8 1.315763e-01
<MEAN> 39
 -6.557978e+00 1.117534e+00 1.562262e+00 4.617677e+00 -2.239877e+00 -8.847846e-01 4.301046e+00 -3.424225e+00 3.694240e+00 1.166129e+00 -1.359861e+00 -3.067897e+00 -5.678744e-01 9.913387e-01 6.546133e-01 6.128080e-01 -1.684746e+00 -1.744990e+00 -9.740890e-01 -6.803104e-01 -3.521990e-01 1.718166e-01 1.008833e+00 9.065356e-01 1.372292e+00 2.066026e+00 7.271669e-01 -1.710994e-02 -2.323722e-02 -6.777560e-01 -2.040210e-01 -1.131176e-01 -4.057705e-01 1.150679e-01 -3.613372e-01 2.478353e-01 2.971791e-01 6.625866e-01 -8.505663e-02
<VARIANCE> 39
 2.252819e+01 3.481319e+01 4.323899e+01 4.483303e+01 5.938072e+01 5.087834e+01 5.816626e+01 5.888672e+01 5.824733e+01 5.066402e+01 5.497311e+01 5.052415e+01 3.317844e+01 3.980273e+00 3.381219e+00 4.167480e+00 5.195243e+00 5.553574e+00 5.002449e+00 5.508003e+00 5.579192e+00 5.910097e+00 6.663863e+00 6.809933e+00 7.337976e+00 3.741272e+00 4.046721e-01 5.967240e-01 6.582378e-01 7.354093e-01 9.485331e-01 9.030045e-01 1.058939e+00 1.060887e+00 1.200996e+00 1.223832e+00 1.432508e+00 1.324230e+00 6.059945e-01
<GCONST> 1.411531e+02
<STATE> 4
<NUMMIXES> 8
<MIXTURE> 1 9.657258e-02
<MEAN> 39
 -5.028471e-04 1.803789e+00 2.354158e+00 -4.596691e+00 -8.614110e+00 -5.110130e+00 -5.108165e-01 -3.683978e+00 4.090590e+00 8.360987e+00 5.561709e+00 8.977150e+00 4.197169e+00 1.505678e+00 -7.207905e-01 -3.805690e-02 -2.293591e+00 -1.037912e+00 -3.399391e-01 -4.546697e-01 4.007116e-01 -4.533296e-01 1.185703e+00 1.296934e+00 2.734666e+00 1.730375e+00 -3.807022e-01 -4.724874e-01 -2.092841e-01 6.042894e-01 9.242137e-01 6.078492e-01 4.213930e-01 3.811919e-01 -2.910628e-01 -7.197385e-01 -5.166932e-01 -7.622062e-01 -3.818634e-01
<VARIANCE> 39
 1.772405e+01 2.642159e+01 5.242855e+01 4.254944e+01 6.203445e+01 4.874399e+01 5.361552e+01 5.760299e+01 6.228810e+01 6.550310e+01 6.232909e+01 6.161131e+01 2.503429e+01 2.287961e+00 3.225809e+00 3.726762e+00 4.551619e+00 5.768058e+00 5.167933e+00 5.768538e+00 5.844969e+00 6.926931e+00 7.627450e+00 8.737700e+00 8.124621e+00 1.813773e+00 3.049341e-01 4.118505e-01 4.891064e-01 6.432379e-01 7.392805e-01 7.050722e-01 7.576715e-01 8.307363e-01 9.081112e-01 9.724829e-01 8.657241e-01 8.595620e-01 3.823048e-01
<GCONST> 1.362143e+02
<MIXTURE> 2 1.217238e-01
<MEAN> 39
 -3.547447e+00 7.246389e+00 1.054400e+01 1.674021e+00 -4.075877e+00 -1.854065e+00 -3.704637e-03 -8.126526e+00 -4.209619e+00 -2.157345e-01 -2.230403e+00 -1.694293e+00 1.658288e+00 2.905580e+00 1.291225e+00 1.275439e+00 -1.096093e-01 -2.628433e+00 -1.518766e+00 -9.827169e-01 -9.597734e-01 -2.073365e+00 -1.130381e+00 -6.242822e-01 -1.061356e+00 1.129515e+00 -6.341201e-02 -9.109745e-01 -7.908511e-01 -3.609281e-01 -1.578647e-01 4.080948e-02 2.504238e-01 7.336298e-01 4.608505e-01 3.145154e-01 2.740447e-01 1.959980e-01 8.543372e-02
<VARIANCE> 39
 1.495222e+01 2.349205e+01 2.921206e+01 2.747008e+01 3.206904e+01 3.845769e+01 4.213552e+01 3.579847e+01 4.382680e+01 3.458964e+01 3.147723e+01 3.305526e+01 2.133506e+01 1.320562e+00 2.233025e+00 2.844426e+00 3.791947e+00 3.646068e+00 3.915033e+00 4.191331e+00 4.001649e+00 3.849810e+00 4.426446e+00 5.532920e+00 4.141342e+00 7.899040e-01 2.256048e-01 3.271241e-01 3.362791e-01 3.302182e-01 4.181708e-01 4.480340e-01 5.125231e-01 4.771482e-01 5.681564e-01 5.939954e-01 5.084555e-01 4.822558e-01 1.618128e-01
<GCONST> 1.184631e+02
<MIXTURE> 3 1.624160e-01
<MEAN> 39
 -1.507671e+00 1.045577e+00 1.597460e+00 2.505926e+00 -8.752951e-01 -1.197238e+00 1.600964e+00 -1.630846e+00 -1.548083e+00 -5.771883e-01 -1.558965e+00 -1.624405e+00 -4.153503e+00 -4.613596e-01 -5.399399e-02 -4.650707e-01 1.097362e-01 4.868437e-01 3.698789e-01 1.783323e-01 4.191570e-01 3.296901e-01 -1.318663e-01 2.031039e-01 3.907701e-02 -4.101879e-01 -2.529542e-02 -4.640511e-03 -1.659033e-02 -1.308852e-01 -1.356821e-01 -6.725098e-02 -3.626954e-02 1.121056e-02 1.093898e-01 1.764231e-01 1.253326e-01 1.655113e-01 2.722608e-01
<VARIANCE> 39
 2.727478e+01 3.259683e+01 3.785165e+01 3.806346e+01 5.102735e+01 4.519169e+01 4.813280e+01 5.151707e+01 5.104708e+01 4.799315e+01 4.685685e+01 4.829272e+01 4.959229e+01 1.586473e+00 1.466650e+00 1.831791e+00 2.039017e+00 2.567449e+00 2.436160e+00 2.585314e+00 2.694116e+00 2.838598e+00 2.662878e+00 2.537681e+00 2.346666e+00 1.482564e+00 1.999342e-01 2.467157e-01 2.786644e-01 3.475603e-01 3.972498e-01 4.211033e-01 4.535775e-01 4.659771e-01 4.951046e-01 4.715873e-01 4.526148e-01 4.161930e-01 2.291328e-01
<GCONST> 1.175852e+02
<MIXTURE> 4 1.240255e-01
<MEAN> 39
 -4.352798e+00 -1.660733e+00 -4.477123e-01 6.235673e+00 5.892772e+00 -1.460378e+00 1.198972e+00 8.887978e-01 2.148886e+00 1.793253e+00 -1.090863e+00 6.992732e-03 -9.006513e-01 2.587078e+00 1.928934e+00 1.015850e+00 -5.928749e-01 -7.065463e-01 -3.192562e-01 -1.361312e+00 -1.515061e+00 -1.421773e+00 -1.727848e+00 -1.218075e+00 -8.942462e-01 7.232479e-01 5.873944e-01 -6.431070e-02 -4.367717e-01 -7.174851e-01 -5.463355e-01 -2.055660e-01 -2.665570e-01 -1.121389e-01 -1.160428e-01 -2.576407e-02 -3.382185e-02 -6.658044e-02 3.552057e-01
<VARIANCE> 39
 1.323805e+01 2.282711e+01 3.486517e+01 2.820122e+01 4.278251e+01 4.617263e+01 4.769692e+01 4.401265e+01 4.359027e+01 4.674939e+01 3.894338e+01 3.564233e+01 2.553551e+01 1.501908e+00 1.760650e+00 2.290457e+00 3.243726e+00 3.434808e+00 4.077073e+00 4.281630e+00 3.657352e+00 4.127879e+00 3.847399e+00 3.814095e+00 3.570101e+00 8.498981e-01 2.154652e-01 3.277830e-01 3.600880e-01 3.744614e-01 4.497693e-01 5.606031e-01 5.690719e-01 6.303216e-01 6.258303e-01 6.137508e-01 5.667822e-01 5.479167e-01 1.772749e-01
<GCONST> 1.202810e+02
<MIXTURE> 5 1.181284e-01
<MEAN> 39
 -1.071593e+01 2.486155e+00 6.109260e+00 -1.294316e+00 -7.950770e-01 2.895387e+00 3.785321e+00 -3.375788e+00 3.192537e+00 4.156827e+00 1.032219e+00 1.852943e+00 3.299909e-01 2.518902e+00 2.142978e+00 2.088015e+00 3.845204e-01 -1.753125e+00 -1.046943e+00 -7.939854e-01 -1.333016e+00 -2.112408e+00 -1.115236e+00 -9.184042e-01 -9.405674e-01 5.841392e-01 9.699731e-01 -1.751677e-01 -4.349861e-02 2.625129e-02 -6.443921e-01 -5.037337e-01 -2.542754e-01 -3.893774e-02 -6.025241e-01 -3.350279e-01 -2.694041e-01 -3.448096e-01 8.717614e-02
<VARIANCE> 39
 1.537730e+01 2.452637e+01 2.618329e+01 2.427811e+01 3.275696e+01 3.206246e+01 3.952102e+01 3.429604e+01 4.856220e+01 3.222168e+01 3.067503e+01 3.093001e+01 2.211688e+01 1.415413e+00 2.579325e+00 2.031890e+00 3.605360e+00 3.283395e+00 3.214325e+00 3.426009e+00 3.529487e+00 3.092733e+00 3.367815e+00 3.805328e+00 3.149739e+00 1.041397e+00 2.399143e-01 4.200251e-01 4.717289e-01 4.533518e-01 5.844702e-01 5.601234e-01 6.360227e-01 5.984186e-01 6.820490e-01 6.727611e-01 6.893470e-01 5.948339e-01 3.565151e-01
<GCONST> 1.199213e+02
<MIXTURE> 6 1.288475e-01
<MEAN> 39
 1.970183e+00 3.277873e+00 2.302874e+00 4.592068e+00 -7.130173e-01 -7.639298e+00 -1.412685e+00 -8.137215e-01 -2.317065e+00 1.591368e-01 -1.283082e+00 4.919643e-01 2.510261e+00 3.023784e+00 1.007048e+00 2.387583e-01 -1.449577e+00 -1.583596e+00 -7.085525e-01 -1.366660e+00 -6.760509e-01 -2.387739e-01 -1.106272e+00 -7.761306e-01 -8.813450e-01 1.574471e+00 -3.602224e-01 -8.415796e-01 -6.365776e-01 -4.843033e-01 1.849470e-01 5.626286e-01 1.744296e-01 2.515961e-01 4.681993e-01 2.603856e-01 1.152863e-01 -4.983475e-02 -5.591183e-02
<VARIANCE> 39
 1.431826e+01 1.671658e+01 3.097875e+01 2.579103e+01 4.731174e+01 4.744600e+01 4.353067e+01 3.817849e+01 4.083758e+01 3.729485e+01 3.746873e+01 3.057543e+01 2.614920e+01 1.368765e+00 2.867646e+00 3.557118e+00 4.414665e+00 4.321671e+00 5.564667e+00 5.295556e+00 5.571522e+00 6.230180e+00 5.400764e+00 6.026279e+00 5.315055e+00 1.344655e+00 2.362648e-01 3.087196e-01 3.813185e-01 3.668567e-01 5.426668e-01 6.721984e-01 6.055058e-01 6.183380e-01 6.488781e-01 5.771229e-01 5.454940e-01 4.880755e-01 2.728752e-01
<GCONST> 1.243910e+02
<MIXTURE> 7 1.086862e-01
<MEAN> 39
 -5.339347e-01 6.722689e+00 1.014583e+01 -5.479340e+00 -1.286487e+01 -2.483740e+00 -2.031473e+00 -1.090001e+01 -3.024670e+00 1.748615e+00 -4.842967e+00 -2.461946e+00 3.864915e+00 2.001957e+00 -6.029165e-01 4.197802e-01 -1.563815e+00 -2.331367e+00 -5.010045e-01 4.603123e-02 4.023913e-01 -1.490097e+00 2.311814e-01 -8.288995e-01 -5.679553e-01 1.383687e+00 -5.839829e-01 -8.963852e-01 -7.032734e-01 3.609617e-01 9.611052e-01 4.429380e-01 7.116989e-01 1.048854e+00 5.860701e-01 1.252456e-01 4.995412e-01 1.958976e-01 -2.010678e-01
<VARIANCE> 39
 1.029380e+01 2.173397e+01 2.489609e+01 2.972934e+01 2.628198e+01 3.604361e+01 4.119093e+01 3.401848e+01 5.032837e+01 4.051298e+01 4.125845e+01 4.150309e+01 1.597211e+01 1.493787e+00 2.771627e+00 2.970154e+00 2.908743e+00 3.571882e+00 3.978218e+00 4.407323e+00 4.494486e+00 4.658037e+00 4.945911e+00 4.737499e+00 4.772804e+00 8.149289e-01 1.972807e-01 3.151441e-01 3.163828e-01 3.825459e-01 3.842975e-01 4.363895e-01 5.379541e-01 5.196695e-01 6.533576e-01 6.392749e-01 5.625914e-01 6.508389e-01 1.644230e-01
<GCONST> 1.192652e+02
<MIXTURE> 8 1.396001e-01
<MEAN> 39
 -7.533210e+00 -3.885468e+00 -3.299612e+00 4.932570e+00 8.595073e-01 -6.201537e+00 4.010135e+00 4.079469e+00 4.738082e+00 5.288749e+00 2.651434e+00 2.510700e+00 8.314775e-01 4.056630e-01 1.532190e+00 1.441072e+00 3.653409e-01 2.392270e-01 5.748563e-01 -2.174436e-01 -3.180021e-01 -2.527360e-01 -1.051296e+00 -6.992861e-01 -5.366884e-01 -1.621507e-01 7.641866e-01 4.493584e-01 3.085045e-01 -1.425674e-01 1.766564e-01 4.403342e-01 -4.776372e-01 -6.592451e-01 -6.079875e-01 -6.178114e-01 -5.505114e-01 -3.781363e-01 -3.018765e-01
<VARIANCE> 39
 1.693077e+01 2.246013e+01 3.186403e+01 3.170153e+01 5.048256e+01 4.461557e+01 5.777261e+01 4.312439e+01 5.380438e+01 4.099135e+01 3.860089e+01 3.585509e+01 2.654528e+01 2.861090e+00 2.644298e+00 2.224986e+00 2.626208e+00 2.991891e+00 3.080857e+00 3.487648e+00 3.509043e+00 3.478792e+00 3.201417e+00 2.968868e+00 2.605879e+00 1.254369e+00 3.008129e-01 3.530927e-01 4.457004e-01 4.853210e-01 6.007365e-01 7.233898e-01 7.537022e-01 6.367971e-01 7.632733e-01 6.931061e-01 6.162570e-01 5.892368e-01 4.064890e-01
<GCONST> 1.235933e+02
<STATE> 5
<NUMMIXES> 8
<MIXTURE> 1 1.182896e-01
<MEAN> 39
 -4.699659e-01 -1.060926e+00 1.205198e+00 -7.100311e-01 -2.630949e+00 -7.105325e-01 2.406487e+00 1.581216e+00 2.819415e+00 3.699781e+00 2.675170e+00 -5.533258e-01 2.402354e+00 5.094426e-02 -3.247166e-02 -1.192781e-01 2.653336e-02 1.067603e-01 4.650388e-02 -8.429970e-02 8.284247e-03 -2.725437e-02 -1.479410e-01 -5.250061e-02 5.927115e-03 -1.314468e-01 3.216951e-03 2.405011e-02 8.333359e-03 -2.696429e-03 -2.956937e-02 -4.616537e-02 -2.649756e-02 -3.093507e-02 -1.664181e-02 2.375107e-03 -3.832755e-02 1.403467e-02 -1.969388e-02
<VARIANCE> 39
 2.633594e+01 3.096739e+01 4.916002e+01 5.438436e+01 6.490115e+01 5.864964e+01 7.771934e+01 7.837769e+01 9.345274e+01 9.674371e+01 7.741196e+01 1.154716e+02 5.954955e+01 2.316733e-01 4.607088e-01 6.863321e-01 9.116284e-01 1.149511e+00 1.300081e+00 1.578355e+00 1.682333e+00 1.788665e+00 1.924340e+00 1.820656e+00 1.727558e+00 1.576868e-01 4.016887e-02 7.328046e-02 1.182372e-01 1.595544e-01 2.066857e-01 2.405955e-01 2.722672e-01 2.901732e-01 3.166106e-01 3.352633e-01 3.066031e-01 3.078600e-01 2.498931e-02
<GCONST> 1.011021e+02
<MIXTURE> 2 1.229617e-01
<MEAN> 39
 2.460968e-01 2.921634e+00 9.030878e+00 -6.736626e+00 -1.219768e+01 4.788083e-01 1.682693e+00 -5.549836e+00 -2.685236e+00 2.933889e+00 -4.865134e+00 -2.768579e+00 5.446229e+00 2.592097e-01 -1.183504e+00 -5.088507e-01 -1.790573e-01 1.159193e-01 4.598986e-01 1.013646e+00 1.494786e+00 -1.632886e-01 6.434184e-02 2.501355e-01 -1.741023e-01 5.316542e-01 -3.151529e-01 4.811284e-02 -1.963584e-01 4.561027e-01 6.198661e-01 -4.264987e-02 -4.848031e-03 3.956702e-02 2.078484e-01 -1.974421e-01 3.051953e-01 1.528346e-01 -2.867703e-01
<VARIANCE> 39
 9.833139e+00 2.195614e+01 2.681239e+01 3.139702e+01 2.945973e+01 3.885770e+01 4.606805e+01 4.247384e+01 5.004995e+01 4.369995e+01 4.923503e+01 4.941930e+01 1.386799e+01 4.306560e-01 1.006545e+00 1.258475e+00 1.501123e+00 1.937929e+00 2.047794e+00 2.496515e+00 2.666880e+00 2.560222e+00 2.956472e+00 2.387290e+00 2.378333e+00 2.932262e-01 1.249133e-01 2.056260e-01 2.540852e-01 2.820020e-01 3.881273e-01 3.883229e-01 4.710356e-01 4.704806e-01 5.045972e-01 4.856113e-01 4.752555e-01 4.696982e-01 6.142088e-02
<GCONST> 1.067418e+02
<MIXTURE> 3 1.356632e-01
<MEAN> 39
 4.430053e+00 2.838900e+00 -2.472812e+00 -1.108928e+00 -3.243547e-01 -4.643820e+00 -4.221095e+00 -4.029591e+00 -1.293730e+00 -2.609738e+00 -5.516860e+00 -3.011838e+00 3.767484e+00 1.669579e+00 -4.790126e-01 -1.194235e+00 -1.859965e+00 -6.928803e-01 4.756164e-01 -5.496645e-01 1.929852e-01 1.391123e-01 -3.411570e-01 -4.455163e-01 -3.532353e-01 1.156887e+00 -6.938797e-01 -7.345367e-01 -1.688365e-01 2.708465e-01 3.855964e-01 3.577405e-01 5.472265e-01 6.391980e-01 5.178546e-01 5.635034e-01 5.302077e-01 2.931082e-01 -1.199068e-01
<VARIANCE> 39
 1.232946e+01 2.169791e+01 2.849313e+01 3.366141e+01 4.513664e+01 4.659379e+01 4.289981e+01 4.242154e+01 4.036752e+01 5.582178e+01 4.744613e+01 4.238791e+01 2.030685e+01 1.078310e+00 1.867337e+00 2.087159e+00 2.324571e+00 3.218385e+00 3.721760e+00 3.998540e+00 4.117559e+00 4.297615e+00 4.081536e+00 3.748189e+00 3.474404e+00 6.796311e-01 1.541842e-01 2.017283e-01 3.061259e-01 3.674866e-01 4.298025e-01 4.777841e-01 5.538496e-01 5.598485e-01 5.838932e-01 6.127422e-01 5.581939e-01 5.383662e-01 8.436906e-02
<GCONST> 1.171244e+02
<MIXTURE> 4 1.445280e-01
<MEAN> 39
 -3.935735e+00 3.011215e+00 9.422834e-01 4.547941e+00 -3.189062e-01 -9.025887e-01 2.283988e+00 -1.433873e+00 -6.589535e-01 -1.035289e-01 -3.381160e-01 -1.250271e+00 -5.327121e+00 -6.805208e-01 3.312586e-01 -2.644470e-01 1.478957e-01 3.892667e-01 3.748417e-01 9.584326e-02 2.137572e-01 2.559060e-01 -6.082660e-03 2.545225e-01 1.029506e-01 -2.156950e-01 1.278292e-01 -5.612346e-02 4.569251e-02 -2.018099e-01 -2.069193e-01 -1.399272e-01 -9.999868e-02 -7.265465e-02 2.532771e-02 1.764872e-01 5.035626e-02 1.127480e-01 3.320824e-01
<VARIANCE> 39
 4.654107e+01 3.760572e+01 3.932201e+01 3.875891e+01 5.062739e+01 4.395949e+01 4.743956e+01 5.133231e+01 4.772827e+01 4.302884e+01 4.251721e+01 4.371128e+01 5.054335e+01 2.822413e+00 2.451692e+00 2.293736e+00 2.405692e+00 2.748395e+00 2.920810e+00 2.950659e+00 3.059554e+00 3.117968e+00 2.975607e+00 2.788458e+00 2.523521e+00 1.975540e+00 4.029396e-01 4.380435e-01 4.106803e-01 4.386486e-01 5.316112e-01 5.555004e-01 5.823731e-01 6.089984e-01 5.847514e-01 5.637916e-01 5.427157e-01 4.953371e-01 3.851093e-01
<GCONST> 1.247600e+02
<MIXTURE> 5 1.119929e-01
<MEAN> 39
 6.799976e-01 1.886400e+00 8.931506e+00 2.636190e+00 -1.216087e+01 -8.329182e+00 1.849169e+00 -1.213274e+00 -6.843925e+00 5.364579e-02 3.115148e+00 -1.182930e+00 6.899560e+00 9.210013e-01 -1.052917e+00 -9.681786e-01 -2.706826e-01 -9.876880e-01 -5.455030e-01 1.979357e-01 1.431287e+00 9.379973e-01 -4.940029e-01 5.410107e-01 -1.502901e-01 1.004376e+00 -6.014873e-01 -3.494766e-01 -5.104691e-01 -2.465125e-01 1.024809e+00 7.289470e-01 8.789014e-02 1.775723e-01 6.268163e-01 2.290114e-01 -3.408833e-01 2.799251e-01 -4.216459e-01
<VARIANCE> 39
 1.099625e+01 1.861388e+01 3.171546e+01 2.429494e+01 2.763062e+01 3.595265e+01 4.063781e+01 4.419422e+01 4.182388e+01 4.417681e+01 3.684930e+01 3.627404e+01 2.184966e+01 1.018762e+00 1.592964e+00 2.037713e+00 1.860300e+00 3.592258e+00 3.262535e+00 3.498704e+00 3.734407e+00 4.082378e+00 3.507359e+00 3.369747e+00 2.628671e+00 8.691248e-01 1.752737e-01 3.187393e-01 3.897855e-01 3.376852e-01 4.770932e-01 5.243460e-01 5.791573e-01 6.291078e-01 6.865076e-01 6.157125e-01 5.629765e-01 5.150584e-01 1.311493e-01
<GCONST> 1.159561e+02
<MIXTURE> 6 9.579504e-02
<MEAN> 39
 5.450260e+00 -1.274833e+00 1.713200e-01 -4.482690e+00 -3.570033e+00 -5.538571e+00 -1.541968e+00 -1.294316e+00 8.873805e-01 1.787678e+00 -1.592000e+00 -6.865879e-01 6.034559e+00 1.011305e+00 -1.292039e+00 -4.530243e-01 -1.467007e+00 2.625752e-01 6.133503e-01 2.229432e-01 8.211420e-01 4.380800e-01 -8.971801e-02 -1.437508e-01 -4.271111e-01 1.196871e+00 -8.425078e-01 -1.354884e-01 -1.636709e-01 6.755871e-01 5.870810e-01 5.388862e-01 3.382020e-01 2.041763e-01 1.139369e-01 9.782562e-03 1.911437e-01 4.995931e-02 -4.121243e-01
<VARIANCE> 39
 2.381835e+01 3.410645e+01 6.253716e+01 6.045554e+01 6.912480e+01 7.887526e+01 8.674884e+01 7.800635e+01 7.987515e+01 7.860973e+01 8.444472e+01 7.099586e+01 3.433612e+01 2.259356e+00 3.519166e+00 3.743743e+00 4.923281e+00 6.095269e+00 6.063688e+00 6.480777e+00 7.049145e+00 7.021015e+00 6.260160e+00 5.993979e+00 5.509412e+00 2.190678e+00 3.209259e-01 5.246219e-01 6.366539e-01 8.135583e-01 8.878207e-01 1.016791e+00 1.059586e+00 1.093069e+00 1.179279e+00 1.143095e+00 1.081776e+00 9.798492e-01 2.868832e-01
<GCONST> 1.422150e+02
<MIXTURE> 7 1.536712e-01
<MEAN> 39
 3.762179e+00 -2.790709e+00 -3.527887e+00 -2.270568e+00 -1.352307e+00 -3.617148e+00 4.476109e-01 2.622096e+00 1.993472e+00 -2.396562e+00 -4.622712e+00 -1.533544e+00 7.676909e+00 1.916371e-01 -1.120996e+00 -9.616609e-01 -4.811847e-01 1.136526e+00 1.326200e+00 1.704979e-02 8.147268e-01 8.640492e-01 -1.046974e-01 -1.759066e-02 -1.995355e-01 5.528207e-01 -3.513590e-01 1.874109e-01 3.260840e-01 3.455452e-01 1.958574e-01 5.200394e-02 -4.685543e-02 -2.658248e-01 -2.010956e-01 1.930608e-01 2.590346e-01 9.282812e-02 -3.602171e-01
<VARIANCE> 39
 9.730356e+00 1.804151e+01 2.605250e+01 2.868000e+01 4.535135e+01 4.305487e+01 5.842888e+01 4.393908e+01 4.963803e+01 5.489754e+01 4.701102e+01 4.481509e+01 1.911985e+01 4.567484e-01 1.071087e+00 1.513755e+00 1.902586e+00 2.570785e+00 2.729823e+00 2.927508e+00 3.281085e+00 3.477582e+00 3.161749e+00 2.831682e+00 2.601750e+00 3.994631e-01 1.144075e-01 1.819456e-01 2.386039e-01 3.062882e-01 4.046856e-01 4.435859e-01 5.217478e-01 5.536387e-01 5.739971e-01 5.336218e-01 4.696028e-01 4.677128e-01 7.405183e-02
<GCONST> 1.106839e+02
<MIXTURE> 8 1.170983e-01
<MEAN> 39
 -8.222709e-01 -4.524404e+00 8.756171e-01 -4.363356e+00 -4.295723e+00 -5.701729e-01 3.494642e+00 4.942197e-01 1.107937e+00 6.715326e+00 9.117026e+00 1.134422e+01 8.283877e+00 1.090137e-02 -1.029468e+00 -4.800332e-01 4.335192e-01 1.449275e+00 6.428310e-01 2.305738e-01 9.462301e-01 -4.656903e-01 -7.798005e-01 1.568755e-01 3.568138e-01 3.932625e-01 -1.197951e-01 2.594096e-01 4.848928e-02 3.472562e-01 1.413505e-01 -6.723106e-02 -1.100803e-01 -1.241321e-01 1.073631e-01 -3.357648e-01 -5.561349e-01 -7.189676e-01 -3.135888e-01
<VARIANCE> 39
 1.395894e+01 2.368051e+01 4.424603e+01 3.927864e+01 7.568764e+01 5.534683e+01 5.748541e+01 5.982175e+01 7.645049e+01 9.699252e+01 8.251220e+01 8.774879e+01 1.966442e+01 7.138246e-01 1.505149e+00 1.860317e+00 2.444350e+00 3.297971e+00 3.484034e+00 3.750856e+00 3.996615e+00 4.632711e+00 5.276643e+00 5.525008e+00 4.847320e+00 6.501300e-01 1.769280e-01 2.234610e-01 3.472682e-01 5.154523e-01 6.160328e-01 5.708849e-01 6.361231e-01 6.878458e-01 8.640844e-01 9.931819e-01 8.016093e-01 8.595063e-01 1.076131e-01
<GCONST> 1.254107e+02
<TRANSP> 6
 0.000000e+00 1.000000e+00 0.000000e+00 0.000000e+00 0.000000e+00 0.000000e+00
 0.000000e+00 7.700204e-01 2.299796e-01 0.000000e+00 0.000000e+00 0.000000e+00
 0.000000e+00 0.000000e+00 5.652843e-01 4.347158e-01 0.000000e+00 0.000000e+00
 0.000000e+00 0.000000e+00 0.000000e+00 5.724126e-01 4.275874e-01 0.000000e+00
 0.000000e+00 0.000000e+00 0.000000e+00 0.000000e+00 6.062688e-01 3.937312e-01
 0.000000e+00 0.000000e+00 0.000000e+00 0.000000e+00 0.000000e+00 0.000000e+00
<ENDHMM>
