~o
<STREAMINFO> 1 39
<VECSIZE> 39<NULLD><MFCC_D_A_Z_0><DIAGC>
~h "pau"
<BEGINHMM>
<NUMSTATES> 4
<STATE> 2
<NUMMIXES> 2
<MIXTURE> 1 3.129728e-01
<MEAN> 39
 -3.277186e+00 1.431049e+00 1.014141e+00 3.520817e+00 2.264355e+00 -4.429704e-03 1.651112e+00 -5.779762e-01 -3.957151e-01 -6.673649e-01 -4.950738e-01 -6.904995e-01 -7.754769e+00 -2.635778e-01 -1.562600e-02 -2.821204e-02 1.059639e-01 1.721358e-01 1.096110e-01 1.644846e-01 6.202251e-02 6.935354e-02 6.568891e-02 7.773226e-02 1.259535e-02 -2.374811e-01 1.430498e-02 -2.028301e-02 -9.061546e-03 -6.054104e-02 -5.231810e-02 -2.100465e-02 -1.384531e-02 1.321090e-02 2.162563e-02 3.369795e-02 3.262050e-02 2.449232e-02 1.150020e-01
<VARIANCE> 39
 3.340018e+01 3.879831e+01 3.547238e+01 3.484451e+01 4.753042e+01 4.351491e+01 4.495095e+01 4.570407e+01 4.374591e+01 4.408788e+01 4.318411e+01 4.326645e+01 5.392541e+01 1.231135e+00 1.624503e+00 1.614255e+00 1.820568e+00 2.206479e+00 2.364065e+00 2.467194e+00 2.650309e+00 2.578770e+00 2.519958e+00 2.347695e+00 2.136262e+00 1.490652e+00 1.866235e-01 2.652035e-01 2.854511e-01 3.379633e-01 4.041740e-01 4.388843e-01 4.640329e-01 4.951045e-01 4.892537e-01 4.824517e-01 4.479057e-01 4.053379e-01 2.178978e-01
<GCONST> 1.162767e+02
<MIXTURE> 2 6.870272e-01
<MEAN> 39
 -4.842379e+00 -6.494585e-02 8.319628e-01 3.709271e+00 3.584782e+00 9.743214e-01 2.815230e+00 2.854567e-01 4.949734e-01 2.454299e-01 6.268885e-01 -3.507995e-01 -1.061375e+01 -2.092789e-03 -1.304263e-02 -6.756228e-03 3.972049e-03 5.292164e-03 1.563755e-02 -3.884185e-04 9.892016e-05 4.631381e-03 2.752891e-03 4.246376e-03 4.347436e-03 -4.851640e-02 6.704076e-03 6.158143e-03 7.328395e-04 -9.482035e-04 -1.612978e-03 -2.019485e-03 -4.382349e-03 -6.469619e-03 -5.050765e-03 -4.281137e-03 -6.303096e-03 -1.775847e-03 5.984346e-03
<VARIANCE> 39
 1.655289e+01 2.502968e+01 1.921041e+01 2.277083e+01 2.554440e+01 2.900858e+01 2.884033e+01 3.036836e+01 3.030357e+01 2.816550e+01 2.612558e+01 2.969850e+01 3.595428e+01 1.709064e-01 3.253415e-01 5.022823e-01 7.002237e-01 9.306722e-01 1.124171e+00 1.277971e+00 1.411203e+00 1.477352e+00 1.463073e+00 1.396688e+00 1.275939e+00 1.109144e-01 2.992031e-02 6.124851e-02 9.816465e-02 1.393541e-01 1.845482e-01 2.245321e-01 2.570204e-01 2.831923e-01 2.972040e-01 2.945238e-01 2.816663e-01 2.583974e-01 1.426448e-02
<GCONST> 8.429993e+01
<STATE> 3
<NUMMIXES> 2
<MIXTURE> 1 5.803079e-01
<MEAN> 39
 -1.752937e+00 2.640254e+00 9.751781e-01 2.161582e+00 1.030643e-01 -1.541770e+00 4.936249e-01 -1.359424e+00 5.055879e-02 4.430739e-01 -5.559151e-02 -1.350993e-01 -2.662261e+00 1.614114e-01 -1.845945e-01 -5.422870e-02 -4.497642e-01 -3.555364e-01 -2.397309e-01 -1.232621e-01 3.959861e-02 5.562667e-02 8.791430e-02 7.109900e-02 1.110733e-01 1.279616e+00 6.957557e-02 -1.304408e-01 -2.535088e-02 -1.433805e-01 -1.104373e-01 -3.021481e-02 -4.577198e-02 8.460889e-02 1.998807e-02 5.074226e-03 2.159934e-02 3.717240e-02 3.111704e-01
<VARIANCE> 39
 5.581615e+01 5.384430e+01 5.496322e+01 5.031672e+01 6.606886e+01 5.752174e+01 5.718704e+01 5.927223e+01 5.736474e+01 5.635541e+01 5.735752e+01 5.598375e+01 6.917468e+01 4.579668e+00 3.761153e+00 3.645773e+00 4.037377e+00 4.757846e+00 4.593460e+00 4.552059e+00 4.844602e+00 4.557114e+00 4.363685e+00 4.170469e+00 4.038371e+00 4.876147e+00 5.759428e-01 6.025002e-01 5.519873e-01 6.673900e-01 7.855360e-01 7.895021e-01 7.841970e-01 8.378808e-01 8.026549e-01 7.634304e-01 7.152446e-01 6.879560e-01 7.262455e-01
<GCONST> 1.390119e+02
<MIXTURE> 2 4.196921e-01
<MEAN> 39
 -1.359954e+00 -1.916506e+00 -5.569807e-01 2.965922e-01 3.808299e-02 -1.328449e+00 5.280830e-02 1.444744e+00 8.883709e-01 7.224224e-01 2.886322e+00 3.035326e+00 2.840082e+00 3.263171e-02 3.675256e-02 -3.495260e-03 -5.231991e-03 5.350835e-02 1.044389e-01 -5.084943e-03 -7.443558e-02 -3.519771e-02 7.092950e-03 -3.279551e-02 -6.539989e-02 -1.013401e-01 3.320674e-02 1.091533e-02 1.758049e-03 -5.736245e-03 2.547122e-04 -8.196358e-03 -2.569738e-02 -7.650468e-03 7.244171e-03 1.223250e-02 -2.010424e-02 -2.113763e-02 -1.045134e-02
<VARIANCE> 39
 5.090730e+01 5.181160e+01 4.973444e+01 4.412202e+01 7.076981e+01 5.590842e+01 6.663796e+01 7.202212e+01 6.787204e+01 8.182450e+01 1.121103e+02 9.509068e+01 4.476013e+01 3.381718e-01 6.042114e-01 8.878914e-01 1.065900e+00 1.488691e+00 1.596884e+00 1.794071e+00 1.944507e+00 2.001410e+00 1.993471e+00 1.936131e+00 1.753537e+00 3.469532e-01 5.624950e-02 1.047191e-01 1.491597e-01 1.907660e-01 2.483898e-01 2.845813e-01 3.273799e-01 3.647406e-01 3.694596e-01 3.667629e-01 3.570528e-01 3.223457e-01 4.683514e-02
<GCONST> 1.070351e+02
<TRANSP> 4
 0.000000e+00 1.000000e+00 0.000000e+00 0.000000e+00
 0.000000e+00 9.495168e-01 5.048317e-02 0.000000e+00
 0.000000e+00 0.000000e+00 8.255981e-01 1.744019e-01
 0.000000e+00 0.000000e+00 0.000000e+00 0.000000e+00
<ENDHMM>
