~o
<STREAMINFO> 1 39
<VECSIZE> 39<NULLD><MFCC_D_A_Z_0><DIAGC>
~h "proto_4s_8m"
<BEGINHMM>
<NUMSTATES> 6
<STATE> 2
<NUMMIXES> 8
<MIXTURE> 1 3.116147e-02
<MEAN> 39
 -8.991600e+00 5.416343e+00 4.161811e-01 5.175152e+00 4.161892e-02 1.159810e+01 3.404216e+00 4.070633e+00 1.500058e+00 -1.881796e+00 3.606302e-01 2.021991e+00 -9.173172e-01 -1.332032e+00 -6.091463e-01 -3.553254e-01 -3.762898e-01 -8.040168e-01 1.093334e+00 8.037050e-01 9.287320e-02 1.756127e+00 1.538893e+00 1.642390e+00 -7.724763e-01 1.051392e+00 3.732630e-01 -5.900252e-01 -8.077697e-02 -5.510693e-01 -3.937296e-01 -1.096628e+00 -2.130903e-01 -2.412860e-01 -1.662930e-01 1.153316e-01 5.490103e-02 -3.899136e-01 4.717257e-01
<VARIANCE> 39
 9.030047e+00 1.168480e+02 5.215366e+01 7.540304e+01 5.090182e+01 1.337595e+02 6.061535e+01 5.325055e+01 5.114252e+01 1.365816e+02 4.134947e+01 1.517955e+01 6.262765e+01 5.828937e+00 3.424847e+00 1.946939e+00 1.161034e+00 6.045639e+00 2.869623e+00 4.270930e+00 2.368546e+00 2.213140e+00 8.040861e+00 2.696195e+00 2.975816e+00 3.362940e+00 1.059570e-01 2.443933e-01 3.942496e-01 4.639572e-01 9.273028e-01 1.837273e+00 8.619362e-01 4.996735e-01 2.334566e-01 4.955874e-01 5.367033e-01 1.609713e-01 5.259359e-01
<GCONST> 1.274929e+02
<MIXTURE> 2 1.614731e-01
<MEAN> 39
 -6.316084e+00 1.005929e+01 1.969449e-01 1.600996e+00 -1.264815e+00 -1.148840e+01 -5.398572e-01 -3.950133e+00 -5.235873e+00 -1.184001e+01 1.069359e+00 -1.625932e+00 4.154077e+00 -3.009834e+00 4.350684e+00 -1.207439e+00 3.890139e-01 1.450427e+00 -7.919320e-01 9.986663e-01 -9.984695e-01 -6.107188e-01 -2.043197e-01 -1.672916e+00 -1.961650e+00 -5.012763e-01 6.016782e-02 -4.842028e-01 2.973303e-01 -4.155173e-01 -1.016751e-01 7.476551e-01 2.613549e-01 8.960311e-01 1.721317e-01 7.282266e-01 -6.776076e-02 7.994257e-02 9.982979e-03
<VARIANCE> 39
 1.082149e+01 1.887260e+01 1.325950e+01 1.273755e+01 2.151717e+01 1.633180e+01 2.346243e+01 1.343600e+01 2.893448e+01 2.162177e+01 3.584468e+01 4.367369e+01 4.997440e+00 1.247862e+00 2.277545e+00 1.568764e+00 1.096082e+00 1.990829e+00 2.078922e+00 1.882825e+00 2.834434e+00 2.677530e+00 2.432953e+00 3.232788e+00 1.830263e+00 2.759470e-01 1.542497e-01 2.670512e-01 2.717456e-01 2.524726e-01 2.591921e-01 2.808885e-01 4.510911e-01 3.419996e-01 6.079109e-01 2.718380e-01 4.917822e-01 5.473422e-01 2.284579e-02
<GCONST> 9.894096e+01
<MIXTURE> 3 2.322946e-01
<MEAN> 39
 1.394635e+00 -7.444760e-01 4.216140e+00 -9.987709e-01 -7.016175e+00 -7.662052e+00 -8.210946e-01 2.517525e+00 -3.107558e+00 -8.674625e+00 3.880144e+00 1.172481e+00 4.586861e+00 -1.804655e+00 3.361570e+00 -3.523706e-01 9.852321e-01 1.017181e+00 -1.563866e+00 -8.000499e-01 -2.619108e+00 -4.274574e-01 -1.152003e+00 -3.100397e-01 -1.326795e-01 -6.831954e-01 -8.010935e-01 7.692145e-01 -3.943371e-01 8.569229e-02 5.815119e-01 2.864763e-01 3.882920e-01 1.705184e-01 5.584728e-03 2.516758e-01 -6.314766e-01 -3.860807e-01 8.296566e-02
<VARIANCE> 39
 8.724849e+00 1.428893e+01 1.771977e+01 1.383878e+01 2.487394e+01 2.333275e+01 3.126067e+01 2.432808e+01 4.628779e+01 3.057550e+01 4.032649e+01 3.635123e+01 5.637442e+00 1.162582e+00 1.972399e+00 2.000339e+00 1.348188e+00 2.167965e+00 3.885517e+00 2.442458e+00 3.434514e+00 3.275232e+00 2.318950e+00 2.869199e+00 2.839663e+00 1.466897e-01 1.114931e-01 1.793953e-01 2.244331e-01 2.115712e-01 2.910383e-01 4.170949e-01 2.953047e-01 4.330108e-01 5.679929e-01 3.811179e-01 4.377956e-01 4.636006e-01 2.877432e-02
<GCONST> 1.017650e+02
<MIXTURE> 4 2.464589e-01
<MEAN> 39
 -2.801785e+00 7.742109e+00 7.493384e+00 1.221588e+00 -1.916545e+00 -8.674501e+00 -2.769583e+00 1.685277e-01 -2.807843e+00 1.109318e+00 -1.363166e-01 1.167646e+00 1.930223e+00 -2.057138e+00 2.116472e+00 -2.409638e-01 4.477386e-03 2.220664e+00 2.540021e-01 5.531638e-01 1.299088e-01 -4.551771e-01 6.645223e-01 -5.853303e-01 -1.814481e-01 -3.334317e-01 -2.747678e-01 -1.199763e-01 -1.153750e-01 -1.323903e-01 -7.662220e-02 2.767791e-01 1.998811e-01 9.180641e-02 2.227909e-01 9.935471e-02 1.335942e-01 2.019570e-02 1.067394e-01
<VARIANCE> 39
 9.470672e+00 1.741882e+01 2.079570e+01 2.352058e+01 3.563000e+01 2.471400e+01 4.126456e+01 2.292025e+01 5.105221e+01 3.175847e+01 2.375687e+01 2.609311e+01 5.682756e+00 1.459664e+00 1.048477e+00 1.162870e+00 2.284202e+00 2.081847e+00 2.424875e+00 1.721175e+00 1.220106e+00 2.706620e+00 2.787564e+00 1.913732e+00 1.957261e+00 1.871787e-01 9.095211e-02 2.536783e-01 1.023254e-01 2.847969e-01 2.887005e-01 3.458485e-01 2.631747e-01 3.504743e-01 3.563735e-01 4.819974e-01 2.606394e-01 2.949879e-01 1.725089e-02
<GCONST> 9.721622e+01
<MIXTURE> 5 9.631728e-02
<MEAN> 39
 -7.599685e-01 7.563471e+00 1.041204e+01 -5.862097e-01 -1.094041e+01 -4.201849e+00 -5.331378e+00 -2.210274e+00 -1.880357e+00 -5.129074e+00 -3.504773e+00 -5.681836e+00 9.829181e-02 -2.344874e+00 1.806752e+00 1.729447e-01 6.694299e-01 8.890450e-01 6.670492e-01 5.552126e-01 -8.349118e-01 1.759114e-01 4.058281e-02 1.141093e+00 -7.501765e-01 3.871158e-01 -2.042270e-01 -9.417653e-02 -5.223928e-01 1.132104e-02 9.992176e-01 6.157201e-01 2.376518e-01 6.562059e-02 9.952792e-03 2.561979e-01 6.664964e-02 -2.017080e-01 1.323039e-01
<VARIANCE> 39
 2.024397e+01 4.296016e+01 3.801467e+01 1.899462e+01 2.308647e+01 5.245450e+01 3.220369e+01 4.095607e+01 4.126817e+01 2.965538e+01 2.437649e+01 5.461224e+01 1.915949e+01 6.266162e+00 3.267348e+00 5.586506e+00 2.374742e+00 6.254446e+00 4.250062e+00 5.025710e+00 5.190999e+00 5.134404e+00 3.623308e+00 4.126449e+00 1.748987e+00 6.374581e-01 4.005344e-01 5.094069e-01 7.189341e-01 3.170618e-01 4.164739e-01 7.711581e-01 8.208646e-01 9.557623e-01 3.972991e-01 6.468940e-01 7.159369e-01 3.552331e-01 2.945862e-01
<GCONST> 1.247668e+02
<MIXTURE> 6 1.359773e-01
<MEAN> 39
 3.859643e+00 1.043082e+00 3.490774e+00 -4.756514e+00 -6.320656e+00 -3.433474e+00 1.760595e+00 -2.362639e+00 -1.599000e+00 -8.070636e-01 6.663568e-01 -3.548980e+00 1.473549e+00 -3.477328e-01 8.584856e-01 4.208698e-01 2.353317e-01 1.924019e-01 -3.531106e-03 -2.419609e-02 -5.553456e-01 -7.751209e-01 -2.035283e-01 3.108296e-02 -1.680242e-03 -2.206776e-01 -3.441707e-01 2.222971e-01 -1.636428e-01 2.074830e-01 2.067674e-01 1.245304e-01 -6.749628e-02 9.023494e-02 -7.263245e-02 -2.804715e-01 -1.241840e-01 7.637052e-02 1.056401e-02
<VARIANCE> 39
 1.602760e+01 1.704243e+01 5.118795e+01 1.487433e+01 3.397567e+01 5.615919e+01 4.273939e+01 6.135015e+01 2.295434e+01 3.022952e+01 2.892187e+01 2.338598e+01 9.787198e+00 5.601832e-01 7.809519e-01 8.146632e-01 9.695504e-01 1.110296e+00 1.212371e+00 3.558565e+00 2.062276e+00 2.466614e+00 2.735678e+00 1.159480e+00 1.338811e+00 2.630572e-01 1.027154e-01 1.480558e-01 1.741434e-01 1.487796e-01 1.897596e-01 2.295816e-01 3.002781e-01 4.696538e-01 1.706791e-01 3.223116e-01 1.781859e-01 2.334119e-01 2.127011e-02
<GCONST> 9.406744e+01
<MIXTURE> 7 2.832861e-02
<MEAN> 39
 -5.833727e+00 6.517341e+00 -7.166618e-01 -4.865732e+00 -3.467436e+00 4.363437e+00 -1.296097e+01 5.664363e+00 -1.522582e+01 -3.793405e+00 -5.074603e+00 -3.828519e+00 4.225591e+00 -5.065132e-01 1.379685e+00 7.045724e-01 5.051050e-03 -3.833327e-01 -1.027420e-01 3.249293e-01 -2.274351e-01 3.178499e-01 1.409830e+00 -6.262662e-01 -5.234120e-01 1.058387e-01 2.470546e-03 3.505583e-02 3.239910e-01 5.530585e-02 3.620346e-01 -3.336128e-01 1.438580e+00 -4.516360e-02 8.955540e-01 7.199146e-02 -3.671238e-01 3.245426e-02 1.406731e-01
<VARIANCE> 39
 1.486415e+01 3.574281e+01 6.096795e+00 1.978156e+01 1.749140e+01 1.753867e+01 6.107536e+01 2.697162e+01 6.831259e+00 2.108326e+01 7.868619e+00 2.975927e+01 1.907404e+00 4.373756e+00 4.021520e+00 1.094302e+00 1.083937e+00 1.944150e+00 4.493592e+00 1.216340e+01 7.765288e+00 8.148947e+00 4.975626e+00 3.579417e+00 1.810577e+00 2.474514e-01 3.933845e-01 2.263689e-01 1.342202e-01 9.269474e-02 4.237029e-01 7.680780e-01 6.896400e-01 3.426944e-01 2.105580e-01 6.367288e-01 3.496595e-01 3.145266e-01 1.040380e-02
<GCONST> 1.027253e+02
<MIXTURE> 8 6.798867e-02
<MEAN> 39
 -1.258603e+01 1.423808e+01 1.070879e+01 1.972713e+00 -1.746482e+00 -2.248126e+00 -7.130196e-01 -4.772269e+00 -5.389765e-02 -4.635081e+00 -3.933856e+00 -9.495088e+00 1.441645e+00 -3.439934e+00 5.647393e-01 -1.540609e-01 -4.156228e-01 2.661052e+00 2.643840e+00 1.365214e+00 3.272572e-01 7.564871e-01 1.337127e+00 1.267646e+00 1.950141e-02 -3.695834e-01 5.671169e-01 -9.177154e-01 -4.908418e-01 -2.188391e-01 -1.227512e-01 -4.928707e-02 3.818060e-01 8.408566e-01 8.841228e-02 3.774924e-01 1.576874e-01 5.628452e-01 -6.324925e-02
<VARIANCE> 39
 9.988565e+00 1.718700e+01 3.925065e+01 1.762430e+01 1.907856e+01 2.163921e+01 5.029410e+01 1.222034e+01 2.731227e+01 1.991636e+01 2.653649e+01 9.795114e+00 1.180540e+01 1.200047e+00 2.334975e+00 2.165411e+00 1.116956e+00 2.255242e+00 2.133642e+00 3.315995e+00 3.520395e+00 1.799094e+00 2.152146e+00 2.518202e+00 1.652882e+00 1.781482e-01 1.214455e-01 2.172623e-01 4.247924e-01 2.837954e-01 3.093958e-01 6.987510e-01 6.219211e-01 4.171557e-01 5.157592e-01 5.274985e-01 3.484258e-01 2.504047e-01 3.677663e-02
<GCONST> 1.014556e+02
<STATE> 3
<NUMMIXES> 8
<MIXTURE> 1 5.063291e-02
<MEAN> 39
 4.936965e+00 2.333832e+00 2.529273e+00 -1.204277e+01 -3.185535e+00 1.866449e+01 7.647377e-01 -4.499485e+00 1.636349e+00 -1.190875e+01 -1.384908e+00 -1.921735e+00 -2.202204e-01 3.403255e-01 -1.220972e-01 -1.569576e-01 -4.889948e-02 -1.668203e-01 6.176764e-01 1.621267e-01 4.920076e-01 2.056922e-01 -2.945982e-01 -9.954499e-02 2.685403e-01 -1.268927e-01 1.458274e-02 -4.705888e-02 -2.389696e-02 1.308942e-01 5.226125e-03 -7.877122e-02 7.148591e-02 -2.421296e-02 1.500797e-03 5.644952e-02 -1.138445e-02 7.089752e-03 -5.149101e-03
<VARIANCE> 39
 4.068850e+00 1.375312e+00 3.485923e+00 1.187318e+01 2.878776e+01 1.895904e+01 3.213831e+00 1.737027e+01 7.009347e+00 1.727967e+01 3.997257e+00 8.620255e+00 1.419578e+00 1.219860e-01 2.654100e-01 4.056281e-01 1.081536e+00 2.005481e+00 7.098897e-01 3.188273e-01 1.137582e+00 1.216860e+00 1.114079e+00 5.148567e-01 8.247949e-01 3.476610e-02 3.252799e-02 3.420233e-02 8.731251e-02 5.270852e-02 3.534041e-01 1.079749e-01 8.014920e-02 2.361824e-01 2.391535e-01 1.843889e-01 1.109253e-01 1.293011e-01 1.000000e-02
<GCONST> 5.592064e+01
<MIXTURE> 2 2.151899e-01
<MEAN> 39
 -1.329347e+01 2.000962e+01 2.082733e-01 1.132379e-04 1.253459e+00 -1.093232e+01 2.233688e+00 -2.828845e+00 -5.357540e+00 -1.037098e+01 -2.286182e+00 -4.617120e+00 2.315536e+00 -1.245754e+00 1.105503e+00 2.619823e-01 -3.434543e-02 5.823844e-01 2.366153e-01 -3.319575e-03 -2.196118e-01 5.459605e-01 9.991624e-01 -5.042238e-02 -8.254340e-02 -2.159463e-01 8.176562e-01 -1.359977e+00 1.936418e-01 2.990223e-02 -3.866318e-01 1.186653e-01 -3.581716e-01 1.530020e-01 2.687960e-01 1.672699e-02 5.978115e-01 6.784782e-01 2.152433e-01
<VARIANCE> 39
 1.448584e+01 2.832242e+01 8.710479e+00 1.108174e+01 1.727193e+01 1.419627e+01 1.884639e+01 1.617797e+01 2.051588e+01 2.059969e+01 2.172117e+01 3.387552e+01 4.131466e+00 1.485991e+00 3.230432e+00 8.951189e-01 9.416379e-01 1.278238e+00 1.730124e+00 1.868885e+00 1.981157e+00 1.720217e+00 1.931526e+00 2.420630e+00 2.859327e+00 2.647984e-01 9.011015e-02 2.549353e-01 3.259408e-01 1.857629e-01 2.843930e-01 2.890901e-01 3.464203e-01 4.051036e-01 5.176240e-01 6.027560e-01 5.569324e-01 6.015226e-01 5.171111e-02
<GCONST> 9.659866e+01
<MIXTURE> 3 1.189873e-01
<MEAN> 39
 -1.401864e+01 1.241421e+01 9.311634e+00 1.284681e+00 7.964565e+00 -4.100458e+00 -4.321278e+00 5.924539e+00 4.079068e+00 1.163327e-01 1.655377e+00 2.975711e+00 1.817291e+00 -1.212454e+00 -2.260571e-01 3.705632e-01 4.677460e-02 1.596099e-01 1.327833e+00 -8.665130e-02 -1.082243e-01 2.908364e-02 -4.547422e-01 1.941646e-01 7.050925e-02 1.846583e-01 1.130325e+00 -7.821589e-01 -1.924202e-01 1.268582e-01 -8.246276e-01 -3.286481e-01 -1.349552e-01 -6.156853e-01 -5.868295e-02 -4.553226e-03 -4.042647e-01 -1.780292e-01 1.158405e-01
<VARIANCE> 39
 1.510166e+01 2.017500e+01 3.111108e+01 2.041017e+01 2.990847e+01 4.626502e+01 2.071659e+01 2.202594e+01 1.984632e+01 3.189909e+01 3.350533e+01 1.889754e+01 2.207403e+00 2.940023e+00 1.263852e+00 7.619133e-01 1.229886e+00 2.282967e+00 2.839819e+00 1.477720e+00 3.942810e+00 2.849954e+00 3.275535e+00 2.376701e+00 1.959344e+00 2.448664e-01 4.650183e-01 2.314664e-01 2.151824e-01 2.497040e-01 4.587688e-01 5.579265e-01 3.694603e-01 4.429516e-01 4.319506e-01 6.084049e-01 3.500549e-01 3.470903e-01 4.915719e-02
<GCONST> 1.033607e+02
<MIXTURE> 4 1.797468e-01
<MEAN> 39
 -8.138476e+00 1.219282e+01 3.504184e+00 -3.459587e-02 1.123705e+00 -8.572391e+00 2.391695e+00 -2.567492e+00 -8.476616e+00 5.372574e+00 -1.389904e-01 1.005305e+00 1.228848e+00 -4.051421e-01 -1.492846e-01 2.811776e-02 1.826859e-01 2.820089e-01 4.594224e-01 -1.091671e-01 -6.615552e-02 2.418218e-01 6.608969e-01 3.912094e-01 2.062350e-01 -2.398057e-02 4.788554e-01 -5.549802e-01 2.307406e-01 -1.389314e-01 -5.212142e-01 5.324498e-03 -1.514645e-01 1.840761e-01 1.377334e-01 -4.543315e-01 1.379311e-01 8.349679e-02 1.535789e-01
<VARIANCE> 39
 9.679379e+00 7.371220e+00 1.222184e+01 1.491606e+01 2.813318e+01 1.123860e+01 2.399835e+01 1.950810e+01 2.815445e+01 2.730336e+01 2.672742e+01 1.092909e+01 3.607670e+00 1.685400e+00 9.230146e-01 5.599223e-01 7.379282e-01 2.207248e+00 9.255286e-01 9.528299e-01 1.414542e+00 1.810535e+00 2.372583e+00 9.407578e-01 6.906049e-01 1.270610e-01 9.440947e-02 1.400856e-01 1.243849e-01 2.076820e-01 2.385135e-01 2.410530e-01 2.219343e-01 3.097112e-01 3.380229e-01 2.579867e-01 2.588327e-01 1.414399e-01 1.844780e-02
<GCONST> 8.293957e+01
<MIXTURE> 5 5.569620e-02
<MEAN> 39
 -6.495552e+00 -1.287079e+00 4.765421e-01 3.162589e+00 -4.183342e+00 -7.917756e-02 1.032515e+01 -9.839472e-01 2.148299e+00 -5.378460e-02 9.576675e-01 -1.749420e+00 4.173975e+00 1.353937e-01 -3.322456e-02 -3.752479e-01 -7.885897e-01 3.449314e-02 -1.146612e+00 3.202935e-01 -2.797278e-01 -1.392342e-02 -1.496782e-01 1.762095e-02 -1.501323e-01 6.102975e-01 4.173642e-01 -2.369961e-02 2.172370e-01 -1.485290e-01 2.638142e-01 -4.314345e-01 -5.153990e-01 2.546986e-02 -5.432984e-01 -3.974980e-01 3.048773e-01 3.449644e-01 1.550411e-02
<VARIANCE> 39
 1.673063e+01 3.044783e+01 4.019380e+01 4.607702e+01 3.946819e+01 7.181998e+01 1.466951e+01 1.787875e+01 4.967339e+01 1.029464e+02 1.897221e+01 2.934359e+01 1.914980e+01 1.652193e+00 1.361125e+00 5.789295e+00 1.181162e+00 4.473181e+00 6.156659e+00 1.796388e+00 1.970530e+00 2.526771e+00 3.176902e+00 1.679524e+00 1.917774e+00 3.161303e+00 1.605546e-01 5.423596e-01 4.738610e-01 7.899911e-02 6.626118e-01 9.403440e-01 1.885813e-01 4.478039e-01 2.715034e-01 5.800957e-01 2.509573e-01 2.574193e-01 3.327710e-01
<GCONST> 1.141247e+02
<MIXTURE> 6 3.797468e-02
<MEAN> 39
 4.894176e+00 9.235976e-01 -3.680965e+00 -2.546307e+00 1.908324e+00 1.217487e+00 2.492840e+00 -3.655072e+00 8.294524e-02 -2.690487e+00 2.886560e+00 1.661994e+00 1.633278e+00 3.680602e-01 2.971625e-01 -2.935036e-01 1.692743e-01 4.157828e-01 8.896070e-01 5.783818e-01 -6.083261e-01 -7.124302e-01 -2.568464e-01 8.659156e-02 -8.206969e-02 5.895087e-01 -1.285881e-01 -1.898991e-01 1.698955e-01 -1.937869e-01 -3.373943e-01 -1.605681e-01 -6.084444e-01 1.647088e-01 -1.446783e-01 -3.570429e-02 -2.191684e-01 -1.480691e-02 -4.221049e-02
<VARIANCE> 39
 1.022695e+01 2.349297e+01 4.047269e+01 1.762850e+01 3.389288e+01 1.809266e+01 1.822088e+01 8.352331e+01 4.167088e+01 4.048940e+01 1.541401e+01 1.928854e+01 9.390521e+00 2.338946e+00 1.377622e+00 1.847259e+00 2.284593e+00 1.764150e+00 1.878844e+00 2.975319e+00 5.161246e+00 1.793469e+00 1.199808e+00 2.590849e+00 2.843060e+00 3.980472e-01 4.784562e-02 2.319796e-01 6.758109e-01 3.105625e-01 9.906790e-01 4.182140e-01 5.223458e-01 4.518186e-01 4.556148e-01 4.984514e-01 3.500738e-01 4.318218e-01 3.909584e-02
<GCONST> 1.062220e+02
<MIXTURE> 7 2.050633e-01
<MEAN> 39
 -1.863337e+01 1.268416e+01 5.206442e+00 -3.418494e-01 4.663882e+00 2.221556e+00 3.434938e+00 9.893406e-01 2.706278e+00 3.480808e+00 6.202607e-01 -4.979496e+00 7.394069e-01 -7.972633e-01 -4.503912e-01 -2.602022e-01 -1.022846e-01 4.601075e-01 7.485812e-01 6.737759e-01 9.161115e-01 1.109561e+00 1.004028e+00 6.984414e-01 6.757752e-01 -9.384974e-02 5.440909e-01 -4.440087e-02 1.895067e-01 5.790906e-02 -4.854115e-01 -3.199765e-01 -2.601711e-01 -2.280949e-01 -2.499864e-01 -3.925818e-01 -9.225018e-02 -9.660742e-02 8.494654e-03
<VARIANCE> 39
 9.032059e+00 1.856699e+01 2.083354e+01 1.570434e+01 3.168878e+01 2.129318e+01 3.187925e+01 2.556597e+01 2.788631e+01 3.277307e+01 2.654869e+01 2.186369e+01 1.196337e+01 1.313750e+00 1.031499e+00 1.049093e+00 7.372717e-01 1.534850e+00 1.388897e+00 2.855441e+00 2.257266e+00 2.082855e+00 2.572158e+00 1.960295e+00 1.324006e+00 5.778579e-01 1.322328e-01 1.895185e-01 1.624990e-01 1.091004e-01 2.048354e-01 2.150266e-01 3.764811e-01 3.973225e-01 2.881788e-01 4.438331e-01 4.000623e-01 3.165903e-01 2.559411e-02
<GCONST> 9.569239e+01
<MIXTURE> 8 1.367089e-01
<MEAN> 39
 -1.005797e+01 1.344679e+01 7.488776e+00 1.565287e+00 -5.068507e+00 3.300152e+00 -6.630899e+00 -1.392180e+00 -2.268180e+00 -1.462641e+00 -1.472522e+00 -5.753324e+00 1.332971e+00 -1.339662e+00 5.263644e-01 -6.482933e-02 8.465104e-02 6.914992e-01 4.773872e-01 3.318180e-01 -4.788872e-01 1.073791e-01 1.989682e-01 -1.062380e-01 -1.859102e-03 1.609859e-03 7.248627e-01 -7.112696e-01 -1.212803e-01 -2.151222e-01 -2.367592e-01 -3.660283e-01 2.277249e-01 2.808062e-01 2.105292e-01 1.026835e-02 1.446150e-01 1.730648e-01 1.172846e-01
<VARIANCE> 39
 1.865594e+01 3.957898e+01 2.148099e+01 2.557891e+01 3.590529e+01 4.373570e+01 1.739188e+01 4.597373e+01 6.728004e+01 4.817710e+01 4.050683e+01 6.720519e+01 1.351397e+01 3.115111e+00 2.050289e+00 6.658520e-01 2.350055e+00 3.504109e+00 4.669721e+00 4.345358e+00 1.714524e+00 2.369403e+00 4.071954e+00 1.779347e+00 3.333704e+00 3.159907e-01 3.076472e-01 2.425273e-01 1.008908e-01 3.905302e-01 2.872638e-01 4.764018e-01 4.520149e-01 4.860365e-01 3.550960e-01 8.408403e-01 4.842575e-01 5.318533e-01 3.555845e-02
<GCONST> 1.119952e+02
<STATE> 4
<NUMMIXES> 8
<MIXTURE> 1 1.946903e-01
<MEAN> 39
 -1.091893e+01 1.553186e+01 8.196414e-01 3.745347e-01 -6.996127e-01 -1.097962e+01 -4.326907e-01 -3.484221e+00 -3.889674e+00 -1.056632e+01 -7.365268e-01 -1.909750e+00 3.912587e+00 2.657828e+00 -3.640283e+00 4.242071e-01 -1.237027e-01 -1.442576e+00 6.599515e-02 -5.528141e-01 1.045245e+00 7.771047e-01 -3.572623e-01 5.828627e-01 1.399873e+00 7.839724e-01 6.284543e-01 -9.024057e-01 2.667366e-01 -6.682902e-02 -3.691197e-01 2.278126e-01 -9.940749e-02 6.618226e-01 2.025269e-01 2.561497e-01 8.475959e-02 2.445762e-01 1.086328e-01
<VARIANCE> 39
 2.470859e+01 2.645352e+01 8.816941e+00 1.236908e+01 1.897252e+01 2.266871e+01 2.581700e+01 2.147580e+01 1.832176e+01 2.382799e+01 2.516419e+01 2.318919e+01 3.049790e+00 1.459886e+00 2.782830e+00 1.655269e+00 1.294700e+00 1.277876e+00 1.598310e+00 2.731392e+00 2.779875e+00 2.337492e+00 2.051418e+00 3.677799e+00 3.787030e+00 2.690948e-01 2.137160e-01 3.445266e-01 1.899669e-01 2.468367e-01 3.475629e-01 3.625386e-01 5.012969e-01 4.894607e-01 4.639518e-01 4.131035e-01 5.626235e-01 4.698438e-01 4.848026e-02
<GCONST> 1.014368e+02
<MIXTURE> 2 2.271386e-01
<MEAN> 39
 -2.874759e+00 2.457221e+00 5.682074e+00 -6.932729e-01 -6.059055e+00 -8.832439e+00 -2.078149e+00 -2.269846e-01 -4.267422e+00 -6.020900e+00 2.981332e+00 3.597514e+00 4.985542e+00 1.895754e+00 -3.094674e+00 9.181526e-01 -4.786401e-01 -1.599278e+00 6.170903e-01 -5.139999e-01 1.739365e+00 5.488583e-01 -2.307752e-02 5.899247e-01 3.675518e-01 6.462798e-01 -3.914181e-01 4.954914e-01 -3.224161e-01 -5.244306e-02 4.047417e-01 2.299394e-01 4.418940e-01 2.453012e-01 -7.022315e-03 3.106465e-01 -3.400351e-01 -3.927284e-01 -5.727471e-02
<VARIANCE> 39
 8.195333e+00 1.618628e+01 1.969164e+01 1.205292e+01 1.355330e+01 1.385923e+01 2.811736e+01 1.980456e+01 2.883524e+01 4.434991e+01 3.387379e+01 2.703642e+01 5.900258e+00 1.018396e+00 1.972464e+00 1.225966e+00 1.144571e+00 2.071069e+00 2.173681e+00 2.756203e+00 1.864057e+00 2.174737e+00 3.039333e+00 2.647018e+00 1.817362e+00 2.488316e-01 7.575887e-02 3.213561e-01 2.206397e-01 1.501307e-01 1.944270e-01 2.068447e-01 4.378622e-01 4.231378e-01 3.785715e-01 3.113892e-01 5.267245e-01 3.676819e-01 2.622882e-02
<GCONST> 9.614377e+01
<MIXTURE> 3 1.091445e-01
<MEAN> 39
 -7.985899e+00 1.203527e+01 5.230883e+00 2.330081e+00 3.782112e-01 -4.274688e+00 -4.112104e+00 -1.151262e+00 -3.942954e+00 4.949008e+00 6.386878e-01 -8.775294e-01 9.178137e-01 1.952490e+00 -1.435640e+00 1.248134e-01 -1.011949e+00 -2.013319e+00 -6.538048e-01 -5.853201e-02 2.059349e-01 -1.914431e-01 -1.217967e+00 -4.498331e-02 2.072804e-01 5.501046e-01 5.452143e-01 -5.692618e-01 8.201762e-02 -3.438352e-01 -4.471700e-01 2.526441e-03 2.270228e-01 2.957962e-01 2.841624e-01 -3.975075e-01 -1.790466e-01 7.329980e-02 1.706565e-01
<VARIANCE> 39
 1.888753e+01 2.318907e+01 2.653439e+01 3.508178e+01 6.626628e+01 3.732197e+01 2.724915e+01 2.395120e+01 9.808190e+00 1.928372e+01 2.990026e+01 3.261414e+01 8.509622e+00 1.935516e+00 1.293525e+00 9.808171e-01 2.072932e+00 3.604179e+00 1.259173e+00 1.435032e+00 1.678681e+00 1.627466e+00 2.733291e+00 1.495363e+00 9.813430e-01 1.665239e-01 3.462654e-01 2.198148e-01 9.736989e-02 4.064017e-01 3.706797e-01 1.944228e-01 2.574459e-01 3.364700e-01 1.874979e-01 3.741617e-01 3.502582e-01 1.773310e-01 3.257154e-02
<GCONST> 9.751694e+01
<MIXTURE> 4 1.297935e-01
<MEAN> 39
 -2.016728e+01 1.084731e+01 7.873452e+00 1.575772e+00 7.489386e+00 4.856030e+00 4.515321e+00 4.072246e+00 2.972582e+00 2.684655e+00 1.900682e+00 -4.530342e+00 1.310273e+00 1.848056e+00 -7.849660e-01 4.237986e-01 -1.427591e-01 -2.048467e+00 -9.193962e-01 -8.306824e-01 -1.042797e+00 2.392038e-02 -4.192481e-02 3.648246e-01 5.866560e-01 4.713396e-01 1.572114e+00 -2.594538e-01 -2.721764e-01 -3.540668e-01 -1.204125e+00 -1.044755e+00 -6.343986e-01 -5.413011e-01 -3.776166e-01 -5.630616e-01 -5.076881e-01 1.430640e-01 3.070180e-01
<VARIANCE> 39
 1.548567e+01 2.900620e+01 2.652100e+01 2.349592e+01 1.901813e+01 4.048999e+01 3.790054e+01 2.285957e+01 3.934142e+01 5.079991e+01 2.776241e+01 3.256514e+01 1.292715e+01 4.060691e+00 1.529503e+00 8.267769e-01 1.154743e+00 3.937221e+00 3.724436e+00 4.383070e+00 3.304456e+00 1.216127e+00 1.967468e+00 2.351526e+00 3.000027e+00 5.876625e-01 1.931449e-01 4.062705e-01 2.388828e-01 2.520969e-01 3.745068e-01 4.075932e-01 6.508871e-01 5.845939e-01 4.369304e-01 5.817917e-01 3.794335e-01 3.740549e-01 2.160102e-01
<GCONST> 1.109743e+02
<MIXTURE> 5 1.858407e-01
<MEAN> 39
 -9.072901e+00 6.061414e+00 8.189788e+00 9.624113e-01 -1.515463e+00 -7.598671e-01 -4.200704e+00 -2.079556e+00 7.157849e+00 -8.197405e-01 -1.299268e+00 -1.224201e+00 3.377218e+00 3.137048e+00 -1.554148e+00 -1.218132e+00 7.882633e-02 -2.029326e+00 -1.176909e+00 -7.106737e-01 -1.179852e+00 -3.228996e-01 -4.814236e-01 -4.488390e-01 -9.485620e-02 3.394354e-01 3.291691e-01 -1.161280e-01 -2.148016e-01 -1.854519e-02 1.602859e-01 1.541476e-01 4.226782e-02 1.482959e-01 -2.895977e-01 -1.769937e-02 2.867071e-02 -1.468748e-01 -7.589785e-02
<VARIANCE> 39
 2.896757e+01 3.383378e+01 1.433936e+01 2.963198e+01 4.257642e+01 3.873600e+01 2.581209e+01 2.750048e+01 2.993266e+01 2.724961e+01 1.997311e+01 3.676247e+01 1.150379e+01 3.733068e+00 2.866996e+00 1.441803e+00 1.858765e+00 1.712204e+00 1.791458e+00 2.314503e+00 2.707539e+00 4.225787e+00 1.679381e+00 1.547821e+00 3.368836e+00 4.115117e-01 4.753296e-01 3.664474e-01 2.690686e-01 2.307876e-01 4.731628e-01 5.188729e-01 3.844047e-01 5.184030e-01 8.211214e-01 5.715038e-01 3.649994e-01 4.085721e-01 9.328740e-02
<GCONST> 1.107951e+02
<MIXTURE> 6 5.604720e-02
<MEAN> 39
 9.933644e+00 -2.514131e+00 9.136788e-01 -1.795433e-01 -1.008884e+01 1.431795e+01 1.058770e+01 -2.204374e+00 -3.060728e+00 -8.807753e+00 -4.380212e+00 3.208553e-01 -3.440378e+00 1.665158e-01 -3.433353e-01 1.835647e-03 3.268014e-01 -1.546942e-01 -8.586977e-01 5.327765e-01 1.150988e-01 -5.231990e-01 -3.162468e-02 3.490461e-02 2.966221e-01 -8.578367e-03 -6.437255e-02 1.418583e-02 -4.368859e-02 -7.536586e-02 -6.529049e-02 -2.802237e-02 -1.675710e-01 9.219023e-02 -8.720119e-02 -9.549583e-02 1.295164e-02 1.586194e-02 2.189513e-02
<VARIANCE> 39
 2.098629e+00 8.449622e+00 4.379207e+00 1.112904e+01 8.588687e+00 1.991265e+01 2.200153e+01 1.277810e+01 2.895211e+01 1.471096e+01 1.003968e+01 4.617453e+00 1.887984e+00 1.129126e-01 2.324025e-01 4.718280e-01 7.390373e-01 8.460383e-01 5.090706e-01 1.372090e+00 1.006485e+00 1.558554e+00 1.930839e+00 1.387102e+00 2.126492e-01 2.502710e-02 2.098025e-02 5.826226e-02 7.654957e-02 3.147829e-02 1.388695e-01 2.018013e-01 2.369812e-01 2.103162e-01 2.502963e-01 2.509091e-01 2.869020e-01 4.583295e-02 1.000000e-02
<GCONST> 5.971214e+01
<MIXTURE> 7 5.309734e-02
<MEAN> 39
 1.609365e+00 -2.447893e+00 -2.077964e+00 1.324493e-01 1.067141e+00 -1.795937e+00 5.456964e+00 8.368141e-01 -3.779824e-01 1.994476e+00 1.803636e+00 1.056040e+00 3.607154e+00 4.764289e-01 -4.683774e-01 2.522476e-02 -9.783645e-01 6.045483e-01 -2.307673e-01 6.499078e-02 -2.998736e-01 -4.315031e-01 -1.554436e+00 4.779796e-01 5.511033e-01 5.032805e-01 -2.831454e-01 -1.992231e-01 2.688187e-03 -1.443672e-01 -2.382746e-01 1.226801e-01 -8.152226e-01 -9.463581e-02 1.974925e-02 -5.666708e-01 2.129540e-02 -6.626480e-02 -1.502920e-01
<VARIANCE> 39
 1.887170e+01 3.179057e+01 3.882817e+01 3.178875e+01 3.106706e+01 7.636638e+01 7.699301e+01 3.716067e+01 3.962133e+01 7.863949e+01 6.735474e+01 2.720781e+01 1.899718e+01 9.338102e-01 2.590883e+00 1.547103e+00 3.752046e+00 3.366706e+00 3.419972e+00 3.010540e+00 2.513413e+00 2.154822e+00 3.776599e+00 1.307092e+00 2.572576e+00 5.213247e-01 1.331990e-01 1.681276e-01 3.658005e-01 4.752345e-01 4.551460e-01 1.164406e+00 1.220932e+00 3.437134e-01 4.073791e-01 4.838126e-01 8.055698e-01 4.620738e-01 6.342813e-02
<GCONST> 1.167704e+02
<MIXTURE> 8 4.424779e-02
<MEAN> 39
 2.430175e+00 4.178194e+00 -4.835225e+00 -5.743292e+00 -1.286364e+01 5.256926e+00 2.035227e-02 -4.215678e+00 -7.916059e-01 -8.848189e+00 1.095824e+00 -1.527527e+00 1.697894e+00 1.389687e+00 -2.405276e-01 1.027951e+00 -1.355248e+00 -7.313481e-01 -1.178593e+00 4.440265e-01 3.765474e-01 2.345342e-01 5.935984e-01 7.090946e-01 -2.649786e-01 6.070597e-01 -9.276881e-02 -4.080911e-03 8.172590e-01 -7.110622e-03 7.372676e-01 -2.044471e-01 3.750068e-01 -3.878176e-02 1.790867e-02 3.134583e-01 1.866243e-01 1.045036e-01 -9.206450e-02
<VARIANCE> 39
 1.257823e+01 3.052432e+01 3.517527e+01 9.017988e+00 5.304067e+01 3.583821e+01 2.448408e+01 3.927806e+01 2.066278e+01 3.200222e+01 2.679501e+01 3.581312e+01 2.069088e+00 2.708022e+00 3.670994e+00 7.589856e+00 3.348975e+00 2.789726e+00 2.192730e+00 3.745446e+00 1.673454e+00 2.207644e+00 4.133593e+00 3.091894e+00 2.692311e+00 7.520000e-01 1.387185e-01 3.099706e-01 2.077390e+00 5.353081e-01 1.150017e+00 5.776533e-01 4.689366e-01 1.791407e-01 2.703424e-01 1.764726e-01 3.615613e-01 3.016027e-01 2.146937e-01
<GCONST> 1.123943e+02
<STATE> 5
<NUMMIXES> 8
<MIXTURE> 1 3.724928e-02
<MEAN> 39
 -1.014435e+01 1.365013e+01 4.895578e+00 5.255972e-01 -8.770233e-01 -1.693585e+00 2.197762e+00 -1.807626e+00 2.950229e-01 3.958410e+00 1.270251e+00 -9.532452e-01 -1.022475e+00 5.396378e+00 -2.766446e+00 3.220979e-01 -1.303125e+00 -3.876772e+00 -2.354852e+00 -1.732451e+00 9.898377e-01 -6.188946e-01 -3.336176e+00 -1.413541e+00 6.650778e-01 1.886146e+00 2.498200e-01 -1.265610e+00 -1.672292e-01 -2.243679e-01 1.603296e-02 4.522170e-01 2.291868e-01 7.233295e-01 1.693255e-01 -4.169495e-01 -5.428509e-01 -3.619725e-01 5.449360e-01
<VARIANCE> 39
 3.581798e+01 1.676783e+01 3.429238e+01 3.849122e+01 3.344728e+01 3.285518e+01 3.411930e+01 2.504576e+01 2.297988e+01 5.252296e+01 6.806828e+00 2.916002e+01 1.304015e+01 4.884259e-01 1.983839e+00 6.607748e-01 2.543461e+00 6.421691e+00 2.001842e+00 1.449211e+00 4.870461e+00 2.671623e+00 2.515452e+00 2.021176e+00 4.122398e+00 8.010061e-01 7.530527e-01 1.366524e-01 1.788130e-01 4.408561e-01 5.042113e-01 4.010277e-01 7.463998e-01 7.351023e-01 1.409395e-01 1.047247e+00 2.242510e-01 1.454131e-01 1.142847e-01
<GCONST> 1.082481e+02
<MIXTURE> 2 3.123209e-01
<MEAN> 39
 -2.423674e-02 -2.973412e+00 5.208505e+00 -3.552242e+00 -7.127889e+00 -5.387017e+00 2.109467e+00 5.878713e+00 -4.833103e+00 -6.152597e+00 3.989981e+00 2.946385e+00 6.793921e+00 4.964818e-01 -8.431361e-01 -7.798387e-01 -2.580364e-01 4.800212e-01 6.315517e-01 6.030952e-01 9.032883e-01 4.999262e-01 -5.040941e-01 -4.240987e-01 -2.020123e-02 2.329294e-01 -1.347128e-01 2.880955e-01 -1.296105e-01 2.232634e-01 2.435013e-01 -6.189451e-03 -1.472335e-01 -3.216170e-01 7.893541e-02 7.279649e-02 -7.949413e-02 -1.380088e-02 -1.304148e-01
<VARIANCE> 39
 6.344425e+00 1.467811e+01 1.482344e+01 9.710205e+00 1.870236e+01 2.432533e+01 1.760894e+01 2.578872e+01 2.317376e+01 1.657614e+01 1.650921e+01 2.337888e+01 6.776344e+00 1.568394e-01 4.198121e-01 5.990250e-01 8.181691e-01 1.097138e+00 1.383360e+00 2.036722e+00 1.397125e+00 1.577817e+00 1.609619e+00 1.549528e+00 1.119898e+00 1.489636e-01 3.651028e-02 1.182843e-01 1.461412e-01 1.463060e-01 1.950170e-01 1.867810e-01 4.060696e-01 2.110026e-01 1.850200e-01 2.437637e-01 2.965641e-01 1.857162e-01 2.025941e-02
<GCONST> 7.989109e+01
<MIXTURE> 3 2.063037e-01
<MEAN> 39
 3.313010e-01 1.735213e+00 5.820083e+00 -4.661117e+00 -9.912968e+00 -4.791865e+00 -8.146065e-01 4.391770e+00 3.988855e-01 -5.430244e+00 -1.973974e+00 -2.747908e+00 6.084167e+00 2.104236e+00 -2.699768e+00 -4.454269e-02 -8.268549e-01 -4.983279e-01 1.327298e-02 6.834423e-01 1.745031e+00 -3.458463e-01 -8.206046e-02 -7.823699e-01 7.031338e-01 8.417992e-01 -8.959070e-01 4.308733e-01 -2.007142e-01 4.776917e-01 1.225689e+00 4.572001e-01 1.864278e-01 -5.198634e-02 -1.810353e-01 1.259727e-01 2.967523e-01 -1.456613e-02 -2.590910e-01
<VARIANCE> 39
 9.257151e+00 2.688625e+01 2.761953e+01 1.429643e+01 2.824327e+01 3.126429e+01 3.542909e+01 5.201324e+01 3.519695e+01 3.491004e+01 2.749819e+01 6.286310e+01 9.202734e+00 2.839467e+00 2.599098e+00 2.122665e+00 2.703079e+00 5.165317e+00 5.027213e+00 5.354330e+00 4.562913e+00 3.388069e+00 7.223193e+00 2.937384e+00 2.626915e+00 1.041493e+00 2.223824e-01 3.876528e-01 1.548073e-01 2.764191e-01 7.155025e-01 7.643399e-01 6.258850e-01 8.987550e-01 6.509086e-01 6.852981e-01 5.151256e-01 6.834722e-01 6.900042e-02
<GCONST> 1.184374e+02
<MIXTURE> 4 8.882522e-02
<MEAN> 39
 5.467414e-01 3.215708e-01 5.551237e-01 2.896009e+00 -2.020106e-01 -4.447402e+00 -6.523768e+00 -1.963490e+00 8.363241e+00 2.939360e+00 -3.635876e+00 -6.391971e+00 5.051228e+00 1.376930e+00 -8.982003e-01 -1.990835e+00 -1.093297e+00 5.482081e-01 9.106240e-01 2.759795e-01 1.193516e-01 -4.818147e-01 1.082307e+00 8.064513e-01 -1.485317e+00 2.184277e-01 -5.654810e-01 3.883533e-01 4.573373e-01 -3.851140e-01 4.474770e-01 2.886887e-01 5.974222e-01 1.342271e-01 -6.345761e-01 4.969022e-02 2.818192e-01 3.402866e-01 -9.274767e-02
<VARIANCE> 39
 4.083224e+00 7.445532e+00 1.558209e+01 1.084078e+01 6.745667e+00 2.191296e+01 1.868237e+01 2.289772e+01 3.146624e+01 1.412791e+01 1.411321e+01 3.319675e+01 1.291186e+00 7.053788e-01 5.323066e-01 9.802053e-01 8.790566e-01 1.178848e+00 1.435178e+00 2.333819e+00 1.189341e+00 5.944966e+00 1.761104e+00 2.007261e+00 1.692858e+00 1.032117e-01 1.223663e-01 6.626728e-02 9.579121e-02 1.018107e-01 1.558897e-01 2.934807e-01 2.057444e-01 3.470486e-01 9.093732e-01 3.425520e-01 3.094045e-01 2.329224e-01 1.331993e-02
<GCONST> 8.221294e+01
<MIXTURE> 5 3.151862e-02
<MEAN> 39
 -1.557794e+01 3.830341e+00 1.124438e+01 4.885814e+00 -6.587194e+00 8.577404e+00 4.331936e+00 -2.105478e-01 1.744293e+00 4.166753e+00 -1.644453e+00 -1.360854e+00 3.403972e+00 1.691711e+00 -1.175746e-01 2.596300e-01 -5.859420e-03 6.313185e-02 -4.274547e-01 2.743938e-01 -7.173424e-01 -4.803385e-01 -4.956081e-03 -5.288078e-01 1.478355e-01 -1.138887e+00 7.001558e-01 3.793313e-01 -3.049892e-01 -1.286927e-01 2.227369e-01 -4.232095e-01 -3.483301e-01 -1.326251e-02 8.502766e-02 -3.373255e-01 2.594730e-02 2.659797e-01 -3.529223e-01
<VARIANCE> 39
 1.858423e+01 1.852892e+01 3.015346e+01 4.573749e+01 9.155618e+00 6.244632e+00 4.263140e+01 1.629917e+01 9.666755e+00 8.542909e+01 2.214752e+00 9.460295e+00 1.985293e+01 3.642167e+00 2.173749e+00 2.263921e+00 2.440986e+00 3.293382e+00 5.094519e+00 3.672320e+00 2.028729e+00 6.641623e-01 8.420480e-01 2.211804e+00 1.161854e+00 3.670593e+00 3.313275e-01 1.916003e-01 5.502702e-01 2.588573e-01 4.360036e-01 3.875369e-01 1.173568e+00 2.218386e-01 2.859138e-01 3.902412e-01 3.469041e-01 1.180167e-01 1.227542e+00
<GCONST> 1.053414e+02
<MIXTURE> 6 5.730659e-02
<MEAN> 39
 3.986881e+00 -1.417536e+00 -1.910907e+00 -1.423133e+00 -3.544785e+00 2.741660e+00 8.121572e+00 1.035639e+00 -8.358094e-01 -9.765712e+00 -3.444017e+00 4.025950e+00 4.754564e+00 7.192637e-02 -1.304378e+00 -6.067883e-01 1.171503e+00 2.480766e+00 1.261087e+00 -3.342810e-01 -3.795506e-03 3.815382e-01 -9.438131e-01 1.628178e+00 7.733648e-01 6.375670e-01 -3.721827e-01 2.053427e-01 1.033437e-01 -2.935891e-02 4.172831e-01 8.863588e-02 -1.203948e+00 -4.959112e-02 -3.816924e-01 4.835474e-01 4.997843e-01 -5.471924e-01 -1.117081e-01
<VARIANCE> 39
 2.256038e+01 2.486109e+01 1.182680e+01 2.445232e+01 3.967870e+01 3.792045e+01 2.443852e+01 3.868467e+01 3.036648e+01 3.092487e+01 3.477345e+01 3.540842e+01 1.978137e+01 7.522882e-01 2.281657e+00 1.047042e+00 1.322862e+00 6.323767e+00 3.502476e+00 5.030418e+00 2.778733e+00 2.956823e+00 2.018469e+00 2.781413e+00 2.524974e+00 2.511511e-01 1.334003e-01 1.628278e-01 6.732602e-02 3.068154e-01 5.463795e-01 4.968818e-01 1.386230e+00 8.213803e-01 2.566324e-01 1.919461e-01 9.478701e-01 3.768643e-01 4.850812e-02
<GCONST> 1.077931e+02
<MIXTURE> 7 1.432665e-01
<MEAN> 39
 2.338926e+00 8.000525e-01 7.153101e+00 1.864648e+00 -1.067762e+01 -6.784974e+00 -3.320919e+00 1.877215e+00 2.432008e+00 -6.756817e-02 2.612833e+00 4.512241e+00 4.148705e+00 1.185328e+00 -1.363068e+00 -2.224595e-01 6.724681e-02 -5.083055e-01 5.903586e-01 2.709084e-01 1.176668e+00 6.836166e-01 1.766349e-01 7.323699e-02 -1.223110e-01 2.458157e-01 -5.178621e-01 4.093386e-01 -2.466389e-01 -2.067028e-01 6.273743e-01 2.819093e-02 1.156475e-01 -1.260740e-01 -1.704283e-01 -1.212973e-01 -1.717850e-01 -1.976634e-01 -6.955361e-02
<VARIANCE> 39
 7.784801e+00 1.460959e+01 1.148621e+01 8.451010e+00 1.871443e+01 1.293891e+01 2.628160e+01 1.721012e+01 2.877153e+01 3.706965e+01 3.019892e+01 1.386758e+01 6.504560e+00 6.465097e-01 8.501220e-01 6.655813e-01 1.186766e+00 1.371262e+00 1.232464e+00 1.629121e+00 1.702452e+00 2.191952e+00 2.548708e+00 1.759914e+00 7.055076e-01 2.351834e-01 8.096330e-02 1.213762e-01 1.415267e-01 1.740846e-01 2.407742e-01 2.271083e-01 5.326534e-01 2.999570e-01 4.329977e-01 4.533015e-01 4.781385e-01 2.477918e-01 3.357060e-02
<GCONST> 8.845063e+01
<MIXTURE> 8 1.232092e-01
<MEAN> 39
 4.027563e+00 -7.959441e-01 -1.113451e+00 -2.482339e+00 -2.176010e+00 -3.971477e+00 -4.939849e-02 -3.055581e+00 -1.483001e-01 -5.479691e+00 -2.340152e-01 -4.727342e-01 2.870136e+00 9.857075e-01 -1.487455e+00 8.535799e-02 -7.469493e-01 3.464858e-01 3.487231e-01 -3.217155e-02 -1.053178e-01 9.570056e-02 -7.666690e-01 -4.560803e-01 7.083666e-01 1.766678e-01 -4.109352e-01 2.083643e-01 3.581358e-03 2.299003e-01 1.833555e-01 2.642110e-01 1.544740e-01 -3.276149e-02 5.964131e-02 2.687492e-01 2.285022e-01 2.804856e-02 -1.497948e-01
<VARIANCE> 39
 1.726138e+01 4.224387e+01 3.137883e+01 3.439333e+01 5.487986e+01 7.222189e+01 4.375014e+01 6.166175e+01 2.545292e+01 6.727915e+01 3.020220e+01 2.560158e+01 1.441683e+01 2.489586e+00 3.119919e+00 1.306976e+00 2.910555e+00 1.782978e+00 1.125661e+00 1.727673e+00 1.611253e+00 1.601070e+00 3.147489e+00 1.790952e+00 4.538182e+00 5.274886e-01 3.348212e-01 4.778477e-01 1.518903e-01 4.544637e-01 4.565589e-01 3.999665e-01 2.736567e-01 2.798260e-01 4.428671e-01 3.297777e-01 1.638741e-01 7.506770e-01 6.420021e-02
<GCONST> 1.108415e+02
<TRANSP> 6
 0.000000e+00 1.000000e+00 0.000000e+00 0.000000e+00 0.000000e+00 0.000000e+00
 0.000000e+00 7.138810e-01 2.861190e-01 0.000000e+00 0.000000e+00 0.000000e+00
 0.000000e+00 0.000000e+00 7.443038e-01 2.556962e-01 0.000000e+00 0.000000e+00
 0.000000e+00 0.000000e+00 0.000000e+00 7.020649e-01 2.979351e-01 0.000000e+00
 0.000000e+00 0.000000e+00 0.000000e+00 0.000000e+00 7.106017e-01 2.893983e-01
 0.000000e+00 0.000000e+00 0.000000e+00 0.000000e+00 0.000000e+00 0.000000e+00
<ENDHMM>
