~o
<STREAMINFO> 1 39
<VECSIZE> 39<NULLD><MFCC_D_A_Z_0><DIAGC>
~h "t"
<BEGINHMM>
<NUMSTATES> 6
<STATE> 2
<NUMMIXES> 8
<MIXTURE> 1 7.818158e-02
<MEAN> 39
 1.933519e+00 -4.152960e+00 -1.319749e+00 -2.911727e+00 -2.462546e+00 -1.164733e+00 1.011112e+00 3.691079e+00 1.238683e+00 -4.463523e-01 3.479367e-01 1.605840e+00 5.101940e+00 1.485246e-01 1.806366e-01 2.636821e-01 6.232968e-02 -5.055726e-01 -3.590890e-01 -3.287882e-01 -1.613638e-01 8.669240e-02 6.372324e-02 -4.088194e-02 -6.526849e-02 -5.478140e-01 -4.166199e-02 1.819649e-01 8.773541e-02 1.741587e-01 1.088874e-01 -4.552020e-02 -1.417864e-01 -2.334779e-01 -7.827407e-02 4.824678e-02 -7.062527e-03 -2.061501e-02 -1.362923e-01
<VARIANCE> 39
 2.335732e+01 2.937397e+01 4.722598e+01 4.351731e+01 7.167952e+01 6.412987e+01 8.501030e+01 7.507218e+01 8.228938e+01 8.720819e+01 8.249320e+01 9.398585e+01 4.185451e+01 8.865130e-01 1.495749e+00 1.922561e+00 2.311306e+00 3.379544e+00 3.562032e+00 4.587020e+00 4.214947e+00 4.051781e+00 3.989960e+00 3.626992e+00 3.554977e+00 1.303269e+00 1.392926e-01 2.297590e-01 2.717397e-01 3.784356e-01 5.116503e-01 5.683369e-01 7.243761e-01 7.286161e-01 7.237996e-01 6.944691e-01 6.218443e-01 6.409085e-01 1.764694e-01
<GCONST> 1.264942e+02
<MIXTURE> 2 1.327167e-01
<MEAN> 39
 -1.235697e+01 1.102807e+01 -4.863106e+00 7.635212e+00 -2.390572e-01 -4.110005e-01 2.657775e+00 -3.508146e+00 1.156857e+00 -6.581088e-02 5.605815e-01 -2.002495e+00 -2.337924e+00 -2.282488e+00 1.209852e+00 -7.337919e-01 6.363044e-01 4.263672e-01 5.895016e-01 1.089885e+00 4.821207e-01 6.274748e-01 6.454852e-01 7.401028e-01 2.102510e-01 9.600730e-01 6.702858e-01 -4.818332e-01 4.933606e-01 -3.518223e-01 -5.417291e-02 -1.708428e-01 -2.579296e-02 1.972611e-01 -6.354380e-02 3.595361e-02 6.676815e-02 1.491223e-01 -8.640096e-02
<VARIANCE> 39
 1.902709e+01 2.721481e+01 3.299677e+01 3.466167e+01 4.890524e+01 4.033714e+01 3.848976e+01 3.963278e+01 3.655294e+01 3.407918e+01 3.601923e+01 3.962485e+01 2.283012e+01 2.445486e+00 2.649817e+00 2.468385e+00 2.218495e+00 2.320229e+00 2.718272e+00 2.521933e+00 2.575716e+00 2.498774e+00 2.562646e+00 2.510836e+00 2.425711e+00 1.693908e+00 2.799320e-01 3.663544e-01 3.830956e-01 3.743967e-01 4.786854e-01 4.866840e-01 5.104273e-01 5.036167e-01 4.879240e-01 4.645664e-01 4.741210e-01 4.609626e-01 2.140466e-01
<GCONST> 1.172966e+02
<MIXTURE> 3 1.641429e-01
<MEAN> 39
 -5.252475e+00 3.295734e+00 8.745896e-01 5.148166e+00 4.248442e+00 2.516169e+00 3.350129e+00 -4.665996e-02 8.657495e-01 1.186164e+00 5.153917e-02 -8.849642e-01 -1.184035e+01 -1.453550e+00 -5.802912e-01 -8.032910e-01 -7.878786e-01 -2.895546e-01 -1.658873e-01 2.262564e-01 2.737262e-01 4.918838e-01 6.963084e-01 7.068110e-01 5.773734e-01 1.719220e+00 -2.387109e-01 2.037958e-01 -1.026653e-01 -2.293938e-01 -4.591759e-01 -5.028021e-01 -1.976587e-01 -3.756123e-02 -6.005276e-02 -1.423104e-02 1.437445e-01 1.676506e-01 1.103994e+00
<VARIANCE> 39
 2.606876e+01 2.664216e+01 2.843859e+01 2.862245e+01 3.270358e+01 3.301617e+01 3.233926e+01 3.115896e+01 3.220161e+01 2.802324e+01 2.737160e+01 2.880228e+01 3.201845e+01 4.472863e+00 3.615416e+00 3.597605e+00 3.280627e+00 3.513035e+00 3.877768e+00 3.656401e+00 3.346359e+00 3.339538e+00 3.047971e+00 2.956894e+00 2.652367e+00 5.619529e+00 4.855223e-01 4.558419e-01 4.202980e-01 4.482142e-01 5.310298e-01 5.311717e-01 5.564172e-01 5.122888e-01 5.059834e-01 4.670593e-01 4.534748e-01 4.256532e-01 4.214177e-01
<GCONST> 1.225876e+02
<MIXTURE> 4 1.119560e-01
<MEAN> 39
 3.577724e+00 -7.472236e-01 1.481491e+00 -7.566058e-01 -6.883333e+00 -7.043458e+00 -2.355969e+00 1.800408e+00 5.234556e-01 -7.264500e-01 -8.652893e-01 1.514739e+00 3.995496e+00 2.006638e-01 1.566385e+00 8.831903e-01 1.523949e+00 5.731891e-01 -3.344633e-01 -1.059428e+00 -1.683862e+00 -6.146821e-01 -5.384403e-01 -4.407905e-01 -5.948805e-01 -2.119377e+00 -2.595460e-01 2.127846e-02 -6.367725e-02 1.169701e-01 5.523582e-01 6.057336e-01 4.328733e-01 -2.868363e-02 -1.317657e-01 -1.201630e-01 -1.142530e-01 -2.434369e-01 -2.881845e-01
<VARIANCE> 39
 1.156015e+01 2.262858e+01 3.606158e+01 3.183971e+01 4.571352e+01 4.342826e+01 4.856072e+01 5.226065e+01 5.922706e+01 5.634513e+01 5.711251e+01 5.621619e+01 2.163415e+01 9.169287e-01 1.393933e+00 1.979918e+00 2.048476e+00 3.561143e+00 3.683684e+00 3.938219e+00 3.896834e+00 4.233448e+00 4.034305e+00 3.489143e+00 3.698825e+00 1.196337e+00 1.398113e-01 2.637548e-01 2.965604e-01 3.372991e-01 4.724075e-01 5.143219e-01 5.534738e-01 6.403754e-01 6.361880e-01 6.238718e-01 5.798682e-01 5.407898e-01 1.985768e-01
<GCONST> 1.197542e+02
<MIXTURE> 5 1.302752e-01
<MEAN> 39
 -1.000570e+00 8.576123e-01 -1.063427e-01 1.314007e+00 -6.930896e-01 -8.234886e-01 1.075605e+00 2.032669e-01 4.666727e-01 3.147438e-01 1.889864e-01 -2.463249e-01 -2.521052e+00 -5.276835e-02 1.345235e-01 8.783788e-02 1.205555e-01 4.246966e-02 -1.474992e-02 -9.375361e-02 -1.534979e-01 -4.836692e-02 2.045318e-02 -2.206921e-02 -4.707671e-02 -3.686630e-01 -4.569968e-03 1.003062e-02 2.692999e-02 3.611585e-03 1.812329e-02 3.794383e-03 -1.366822e-02 -2.354711e-04 -3.803290e-02 -3.988047e-02 -1.453661e-02 1.138405e-03 4.040765e-02
<VARIANCE> 39
 4.058140e+01 3.249655e+01 3.734648e+01 4.197602e+01 5.358191e+01 4.921185e+01 4.814729e+01 4.668076e+01 4.649955e+01 4.467614e+01 4.667715e+01 4.375365e+01 7.835889e+01 2.850094e-01 4.793362e-01 7.005681e-01 8.565994e-01 1.066806e+00 1.268788e+00 1.464337e+00 1.646886e+00 1.665115e+00 1.616635e+00 1.496509e+00 1.389496e+00 2.910864e-01 4.474468e-02 7.730474e-02 1.122339e-01 1.489728e-01 1.921976e-01 2.347918e-01 2.702802e-01 2.909436e-01 3.089980e-01 2.924300e-01 2.827589e-01 2.597026e-01 2.936131e-02
<GCONST> 9.666332e+01
<MIXTURE> 6 1.247284e-01
<MEAN> 39
 2.517143e-01 7.376013e+00 5.162319e+00 5.782466e+00 -4.085145e-01 -3.198498e+00 -1.286211e+00 -4.436362e+00 -3.767833e+00 -3.520694e+00 -3.681882e+00 -3.439003e+00 -6.868762e+00 -1.889924e+00 2.065024e-01 -5.573207e-01 4.814438e-01 1.248819e+00 1.179711e+00 8.257676e-01 3.532006e-01 5.311906e-01 4.407250e-01 4.574778e-01 -1.608513e-02 -8.868517e-01 -5.052874e-01 -4.679315e-01 -5.323535e-01 -4.750665e-01 -2.138228e-01 8.160920e-02 2.741977e-01 4.590892e-01 4.334400e-01 4.764716e-01 4.306768e-01 3.656410e-01 6.817164e-01
<VARIANCE> 39
 2.561493e+01 2.989092e+01 3.729376e+01 3.314918e+01 5.214543e+01 4.331241e+01 4.059961e+01 4.548190e+01 3.875705e+01 3.890842e+01 3.725878e+01 4.073441e+01 4.236929e+01 3.570971e+00 3.357423e+00 3.280669e+00 3.345499e+00 4.069198e+00 3.811708e+00 3.722997e+00 3.802908e+00 3.778497e+00 3.580759e+00 3.512299e+00 3.316063e+00 4.812453e+00 4.434336e-01 5.900258e-01 4.544505e-01 5.952154e-01 7.421683e-01 6.860493e-01 6.693000e-01 6.630231e-01 6.246012e-01 6.152948e-01 6.008161e-01 5.645799e-01 5.445732e-01
<GCONST> 1.291930e+02
<MIXTURE> 7 1.401288e-01
<MEAN> 39
 -1.238166e+01 1.679213e+00 -1.604767e+00 -3.330640e-01 2.104894e+00 1.697396e-01 1.950672e+00 5.939082e-01 1.272427e+00 3.324930e+00 3.040459e+00 1.821208e+00 3.163309e-01 -1.816716e+00 6.356201e-01 -4.236158e-01 -4.940270e-01 -3.729711e-01 -2.970957e-01 3.302631e-01 4.253012e-01 2.527085e-01 3.919724e-01 7.028246e-01 5.300435e-01 2.486982e+00 6.751360e-01 4.032795e-01 4.546893e-01 4.504484e-01 -7.873953e-02 -1.364374e-01 -2.725667e-02 -4.717949e-02 -1.571034e-01 -3.273382e-01 -2.663053e-01 -1.756176e-01 -4.512810e-01
<VARIANCE> 39
 2.767218e+01 3.688231e+01 4.530107e+01 3.668599e+01 4.306396e+01 4.587960e+01 4.385533e+01 3.882454e+01 3.950766e+01 3.176612e+01 2.973787e+01 2.923845e+01 3.436325e+01 6.236543e+00 3.228331e+00 3.705187e+00 3.131685e+00 3.544152e+00 4.062542e+00 3.774008e+00 3.496921e+00 3.325729e+00 3.064629e+00 2.924088e+00 2.494477e+00 4.594093e+00 5.432779e-01 5.852129e-01 6.574190e-01 5.473173e-01 7.182738e-01 7.778955e-01 7.590123e-01 6.462111e-01 6.798258e-01 5.910269e-01 5.410738e-01 4.802028e-01 6.282623e-01
<GCONST> 1.288369e+02
<MIXTURE> 8 1.178704e-01
<MEAN> 39
 -4.723028e-01 3.836595e+00 2.869960e+00 3.621576e+00 -1.334629e+00 -2.945572e+00 -5.607751e-02 -2.273289e+00 -1.897886e+00 -5.642117e-01 -3.226030e-02 -1.709119e-01 -6.578928e+00 -6.951449e-01 1.076328e-01 -2.735292e-01 3.960031e-01 8.332311e-01 7.392600e-01 3.389212e-01 6.749205e-02 2.561109e-01 1.461135e-01 2.070776e-03 -2.188260e-01 -1.110224e+00 -2.037528e-01 -1.781376e-01 -1.839654e-01 -1.909385e-01 -4.909267e-02 9.055082e-02 1.431138e-01 2.190605e-01 1.712828e-01 9.736717e-02 2.565388e-02 2.999329e-02 3.655986e-01
<VARIANCE> 39
 1.908794e+01 2.113847e+01 2.763081e+01 2.401460e+01 3.807238e+01 3.480422e+01 3.213495e+01 3.461515e+01 3.136919e+01 3.134123e+01 3.064554e+01 3.360225e+01 3.216644e+01 1.230247e+00 1.339276e+00 1.541736e+00 1.662154e+00 2.229621e+00 2.268854e+00 2.263752e+00 2.391541e+00 2.301938e+00 2.317176e+00 2.246355e+00 2.148597e+00 1.370931e+00 1.732577e-01 2.473057e-01 2.512812e-01 2.934665e-01 3.858002e-01 3.842496e-01 4.066679e-01 4.069072e-01 3.947176e-01 4.103861e-01 3.883334e-01 3.689692e-01 1.525188e-01
<GCONST> 1.088826e+02
<STATE> 3
<NUMMIXES> 8
<MIXTURE> 1 8.868980e-02
<MEAN> 39
 5.484957e-01 -6.328916e-01 3.414376e-01 -2.498944e-01 -3.502516e+00 -3.492594e+00 -7.697910e-01 9.112279e-01 3.150581e+00 3.541180e+00 4.023576e+00 3.250002e+00 -5.196862e-01 -3.091365e-01 5.266345e-02 -7.526051e-02 8.704647e-02 -1.052612e-01 8.167554e-02 1.348190e-02 -4.033404e-02 1.142531e-01 -1.937114e-01 -1.974957e-01 -2.884833e-01 -2.929051e-01 -1.703690e-01 3.457259e-02 -1.670004e-02 3.880694e-02 2.209677e-01 2.275837e-01 1.981593e-01 1.532301e-02 -2.129703e-01 -1.985525e-01 -2.476842e-01 -1.402016e-01 1.722800e-01
<VARIANCE> 39
 3.209035e+01 4.436097e+01 5.272891e+01 4.822057e+01 6.645687e+01 6.204106e+01 7.419621e+01 8.053902e+01 8.180912e+01 8.611292e+01 9.040728e+01 8.963864e+01 6.321512e+01 2.668785e+00 3.253449e+00 2.979968e+00 3.740875e+00 4.623757e+00 4.386168e+00 4.800665e+00 5.540218e+00 5.146430e+00 5.252740e+00 5.258489e+00 4.951371e+00 4.633859e+00 3.131283e-01 4.599674e-01 4.762923e-01 6.038370e-01 7.158049e-01 8.025895e-01 9.442353e-01 1.017842e+00 9.528685e-01 9.154030e-01 8.958468e-01 8.217653e-01 4.269606e-01
<GCONST> 1.396867e+02
<MIXTURE> 2 1.224741e-01
<MEAN> 39
 -1.706977e+01 1.196114e+01 -6.295136e+00 1.091552e+01 1.268863e+00 3.091589e+00 8.232823e+00 -1.158029e+00 5.572025e+00 3.441807e+00 4.464942e+00 -1.404639e+00 -7.790613e-01 -2.514737e-01 -1.518254e-01 3.729992e-01 -4.424683e-01 2.853921e-02 -3.401103e-01 6.711823e-01 2.846994e-01 -1.976853e-02 2.012259e-01 4.328927e-01 1.941276e-01 6.464652e-01 1.006300e+00 -4.252732e-01 4.614709e-01 -5.522723e-01 -4.356174e-01 -6.561026e-01 -6.646690e-01 -2.344683e-01 -4.852474e-01 -4.244180e-01 -2.854078e-01 7.169624e-02 -1.235298e-01
<VARIANCE> 39
 1.309028e+01 2.461872e+01 2.338128e+01 2.822696e+01 3.965733e+01 3.423409e+01 3.424124e+01 3.126777e+01 2.949132e+01 2.958253e+01 3.337112e+01 3.776912e+01 1.926834e+01 1.490552e+00 1.891676e+00 1.704236e+00 1.747921e+00 1.951396e+00 2.236559e+00 2.247417e+00 2.279609e+00 2.143370e+00 2.077582e+00 1.957897e+00 1.818247e+00 1.134250e+00 3.940180e-01 3.993589e-01 3.550516e-01 3.193147e-01 4.589634e-01 4.700933e-01 4.753219e-01 4.399185e-01 4.285351e-01 4.618311e-01 4.979132e-01 4.907080e-01 1.834134e-01
<GCONST> 1.112779e+02
<MIXTURE> 3 1.318304e-01
<MEAN> 39
 4.211900e+00 1.113599e+00 2.573033e+00 1.869547e+00 -4.087288e+00 -5.364108e+00 -4.235550e+00 -1.294465e+00 -6.702613e-01 -2.780670e+00 -3.061275e+00 -6.553189e-01 7.383337e-01 -6.363411e-02 1.077811e+00 6.450424e-01 1.098727e+00 6.910897e-01 1.505259e-01 -3.488045e-01 -1.252831e+00 -6.208493e-01 -4.491209e-01 -4.464712e-01 -6.349305e-01 -1.627174e+00 -2.670032e-01 -2.885607e-01 -2.564947e-01 -3.440425e-01 8.621100e-02 3.602779e-01 5.728881e-01 4.580419e-01 6.291553e-02 1.466772e-01 1.249785e-01 5.228282e-02 2.987125e-01
<VARIANCE> 39
 1.062748e+01 2.445462e+01 3.016994e+01 2.836498e+01 4.401274e+01 3.624496e+01 4.245198e+01 4.996359e+01 5.292747e+01 4.709351e+01 4.454072e+01 4.690698e+01 2.102625e+01 8.779659e-01 1.620613e+00 1.985908e+00 2.223332e+00 3.347475e+00 3.528252e+00 3.846306e+00 4.211642e+00 4.196242e+00 3.892084e+00 3.499470e+00 3.568281e+00 1.342261e+00 1.157284e-01 1.931141e-01 2.376766e-01 2.998092e-01 4.079183e-01 4.631622e-01 5.420730e-01 6.024503e-01 6.079138e-01 5.724240e-01 5.245851e-01 4.998021e-01 1.116684e-01
<GCONST> 1.164248e+02
<MIXTURE> 4 1.206855e-01
<MEAN> 39
 -3.571236e+00 3.622701e+00 1.460486e+00 4.680892e+00 1.829901e+00 3.444689e-01 1.943254e+00 -7.524951e-01 -8.748910e-01 -6.147599e-01 -1.116568e+00 -1.413615e+00 -6.871270e+00 -9.106945e-01 -6.407533e-01 -7.338468e-01 -2.949108e-01 2.744420e-01 5.006892e-01 5.510676e-01 6.222282e-01 6.749707e-01 6.173720e-01 5.173302e-01 2.772064e-01 -6.624486e-01 1.092026e-01 -7.785273e-02 -6.127867e-02 -2.199268e-01 -3.343296e-01 -2.723963e-01 -1.812340e-01 -1.555816e-02 1.951901e-02 1.349222e-02 6.133856e-02 1.112357e-01 3.653404e-01
<VARIANCE> 39
 2.786011e+01 2.818384e+01 3.106837e+01 2.595862e+01 3.802853e+01 3.208229e+01 3.074699e+01 3.574874e+01 3.007019e+01 2.920085e+01 2.766048e+01 3.114718e+01 3.088180e+01 1.859051e+00 1.476306e+00 1.762237e+00 1.678273e+00 2.164537e+00 2.296927e+00 2.305007e+00 2.301565e+00 2.341544e+00 2.395529e+00 2.137939e+00 2.119852e+00 1.623323e+00 1.703672e-01 2.243237e-01 2.489256e-01 2.801193e-01 3.592800e-01 3.658382e-01 3.845288e-01 3.748245e-01 3.815502e-01 3.939153e-01 3.826878e-01 3.711299e-01 1.319280e-01
<GCONST> 1.094317e+02
<MIXTURE> 5 9.101894e-02
<MEAN> 39
 1.843556e+00 1.326166e-01 1.744181e-01 -3.093533e-01 -1.637719e+00 -2.241041e+00 -1.456877e+00 -5.445430e-02 -9.792165e-02 -3.816598e-02 3.034038e-01 5.836030e-01 6.982225e-01 -1.777046e-02 1.280475e-01 1.445961e-01 1.503323e-01 7.238544e-02 3.929108e-02 -4.782764e-02 -1.583214e-01 -9.192554e-02 -3.971070e-02 -7.466533e-02 -9.443549e-02 -2.556525e-01 -1.081312e-02 -1.836501e-02 -1.352617e-02 -1.241112e-02 4.403665e-02 6.715668e-02 5.755315e-02 5.409792e-02 1.170290e-02 -2.446165e-02 -2.733617e-02 1.388203e-02 4.504607e-02
<VARIANCE> 39
 2.393060e+01 3.286137e+01 4.081874e+01 4.104054e+01 5.650996e+01 5.075470e+01 5.294853e+01 5.973215e+01 5.754509e+01 5.952975e+01 6.253480e+01 6.712085e+01 4.563773e+01 2.592727e-01 4.902120e-01 7.382026e-01 9.407218e-01 1.282444e+00 1.378224e+00 1.554969e+00 1.693155e+00 1.724519e+00 1.687746e+00 1.642982e+00 1.511815e+00 2.365699e-01 3.748765e-02 7.748258e-02 1.225307e-01 1.541508e-01 2.090208e-01 2.452648e-01 2.971334e-01 3.159312e-01 2.969989e-01 3.120695e-01 2.906927e-01 2.732973e-01 2.720380e-02
<GCONST> 9.807492e+01
<MIXTURE> 6 1.862192e-01
<MEAN> 39
 -1.864305e+01 7.790451e+00 6.574168e-01 2.588130e+00 4.223136e+00 2.076006e+00 4.527464e+00 2.299351e+00 2.009687e+00 3.012477e+00 3.667895e+00 1.514818e+00 1.508638e+00 -1.207065e-01 -4.762600e-01 3.118244e-01 2.311365e-02 -1.457460e-01 1.041311e-01 2.622887e-01 1.822553e-01 1.231852e-01 7.414044e-02 1.405843e-01 5.245668e-02 9.293605e-02 4.818074e-01 -1.359112e-01 2.147272e-02 3.018781e-02 -1.298648e-01 -1.639064e-01 -1.214615e-01 -1.073286e-01 -7.795878e-02 -8.973316e-02 -1.096457e-01 -6.238157e-02 -1.454941e-01
<VARIANCE> 39
 1.942384e+01 3.112164e+01 4.910258e+01 3.819771e+01 4.280043e+01 4.698707e+01 3.996552e+01 3.728725e+01 3.611446e+01 3.228161e+01 2.981509e+01 3.329521e+01 2.031303e+01 1.023667e+00 1.027004e+00 1.123143e+00 1.289837e+00 1.615795e+00 1.776296e+00 1.752234e+00 1.728582e+00 1.771073e+00 1.634557e+00 1.597821e+00 1.446500e+00 5.180286e-01 1.823172e-01 2.018105e-01 2.087794e-01 2.176535e-01 2.864217e-01 3.189022e-01 3.287102e-01 3.262841e-01 3.391266e-01 3.202077e-01 3.051114e-01 2.876478e-01 6.433970e-02
<GCONST> 1.029142e+02
<MIXTURE> 7 1.211625e-01
<MEAN> 39
 -1.048232e+01 9.092134e+00 -1.872296e+00 6.015090e+00 -8.972049e-01 -1.027638e+00 3.264436e+00 -2.341481e+00 1.542735e+00 9.245234e-01 1.528475e+00 -1.542667e+00 -3.547361e-01 2.740640e+00 -6.418371e-01 8.134137e-01 -1.744400e+00 -2.293898e+00 -2.768577e+00 -1.427178e+00 2.659651e-01 9.025369e-03 8.288677e-02 1.001270e+00 1.641960e+00 2.327520e+00 8.318304e-01 -7.105289e-01 1.742477e-01 -5.071943e-01 -2.985201e-01 -2.249687e-01 -3.268083e-01 3.557405e-01 -2.159670e-02 -5.806028e-03 6.029432e-02 4.625709e-01 5.051959e-02
<VARIANCE> 39
 2.972437e+01 3.901123e+01 3.729907e+01 3.418139e+01 4.666142e+01 4.398987e+01 4.382607e+01 4.157381e+01 3.917854e+01 3.942626e+01 4.291122e+01 4.626522e+01 2.574768e+01 3.257026e+00 3.551022e+00 3.330848e+00 3.677451e+00 3.959255e+00 4.073714e+00 4.468015e+00 4.998063e+00 4.970877e+00 4.912205e+00 6.143690e+00 6.137972e+00 3.725521e+00 5.081093e-01 6.071327e-01 5.720648e-01 5.566424e-01 7.617704e-01 8.195203e-01 8.232153e-01 7.982476e-01 8.310375e-01 8.259612e-01 9.917444e-01 1.076965e+00 4.109202e-01
<GCONST> 1.337720e+02
<MIXTURE> 8 1.379195e-01
<MEAN> 39
 -1.762894e+01 6.213298e+00 -1.331287e+00 -8.573597e-02 3.876308e+00 -8.151315e-01 5.755468e+00 3.028204e+00 1.404474e+00 4.431102e+00 4.712891e+00 3.370618e+00 2.421640e+00 4.989637e-01 3.203337e-02 1.284081e+00 2.274310e-01 -4.903105e-01 -6.199940e-01 -9.564814e-02 3.579454e-01 -3.474768e-01 -6.109214e-01 -1.079104e-01 6.674018e-02 6.152997e-01 1.528136e+00 -2.323039e-01 4.804573e-01 3.518102e-01 -4.214516e-01 -3.300105e-01 -6.926230e-01 -4.953483e-01 -3.126476e-01 -6.086711e-01 -6.345254e-01 -3.693451e-01 -4.173170e-01
<VARIANCE> 39
 1.894137e+01 3.188909e+01 4.271509e+01 2.640078e+01 4.309628e+01 4.695546e+01 4.126780e+01 3.955473e+01 3.924369e+01 3.260596e+01 3.191226e+01 3.188140e+01 2.067786e+01 3.564017e+00 3.017958e+00 2.275245e+00 2.343729e+00 2.767353e+00 3.150726e+00 3.134010e+00 2.904829e+00 2.788575e+00 2.521504e+00 2.342568e+00 2.016820e+00 1.688257e+00 4.204960e-01 5.794786e-01 5.596054e-01 4.253309e-01 6.535575e-01 7.409452e-01 6.183218e-01 6.077389e-01 6.563984e-01 6.046461e-01 5.537621e-01 5.001894e-01 3.424007e-01
<GCONST> 1.218470e+02
<STATE> 4
<NUMMIXES> 8
<MIXTURE> 1 1.636816e-01
<MEAN> 39
 -6.906932e+00 2.121719e+00 -9.752328e-01 3.176236e+00 9.133761e-01 -2.031830e-02 3.420275e+00 1.430755e+00 2.069680e+00 2.050050e+00 2.022992e+00 4.696268e-01 -6.167999e+00 -2.637172e-01 -4.979789e-01 -3.405522e-01 -1.639045e-01 3.059627e-02 1.528371e-01 7.836550e-02 2.001555e-01 2.319889e-01 1.002910e-01 8.979467e-02 1.142714e-01 -4.504294e-01 2.247849e-01 1.741980e-01 1.944878e-01 6.814268e-02 -4.100607e-02 -1.137814e-01 -2.346014e-01 -2.525450e-01 -2.655835e-01 -2.623569e-01 -2.188816e-01 -9.102198e-02 2.370341e-01
<VARIANCE> 39
 3.834157e+01 3.798420e+01 3.199509e+01 3.068070e+01 4.155797e+01 3.595126e+01 3.537242e+01 3.774315e+01 3.398317e+01 3.310007e+01 3.170162e+01 3.394358e+01 4.199248e+01 2.064606e+00 1.374130e+00 1.592055e+00 1.597362e+00 1.900309e+00 2.087383e+00 2.184136e+00 2.170209e+00 2.254160e+00 2.236037e+00 2.139676e+00 2.014086e+00 1.567515e+00 1.836672e-01 2.458431e-01 2.483162e-01 2.750815e-01 3.573639e-01 3.797710e-01 3.772974e-01 3.908513e-01 4.124356e-01 4.117722e-01 3.682736e-01 3.653449e-01 1.846379e-01
<GCONST> 1.113770e+02
<MIXTURE> 2 9.144098e-02
<MEAN> 39
 -1.189711e+01 9.403205e+00 2.114289e+00 5.740665e+00 1.389740e+00 -2.151824e+00 4.520346e+00 -1.980845e+00 -6.109208e-01 8.534051e-01 2.823215e+00 8.035314e-01 1.089752e+00 4.262208e+00 -1.200251e-01 1.567210e+00 -7.806023e-01 -2.455885e+00 -2.859312e+00 -2.553762e+00 -1.138857e+00 -1.557152e+00 -1.990297e+00 -1.572001e+00 -2.985367e-01 1.190458e+00 6.840900e-01 -6.160882e-01 -2.748761e-01 -3.937569e-01 -4.732880e-01 -7.051266e-02 -3.475396e-01 2.475584e-01 1.640069e-01 -1.062128e-01 -3.091382e-01 -7.675537e-02 1.763201e-01
<VARIANCE> 39
 2.188932e+01 2.748794e+01 4.042419e+01 2.716526e+01 4.097980e+01 3.864191e+01 4.076596e+01 3.741537e+01 3.713925e+01 3.069988e+01 3.187481e+01 3.298277e+01 1.983828e+01 1.841677e+00 2.487871e+00 3.014915e+00 3.458009e+00 3.649324e+00 3.387896e+00 3.442393e+00 3.786610e+00 3.768505e+00 3.181526e+00 3.217808e+00 3.623982e+00 7.616963e-01 3.601997e-01 3.534290e-01 3.894750e-01 3.555214e-01 5.243135e-01 5.317332e-01 5.736471e-01 5.224060e-01 5.486535e-01 5.032218e-01 5.383619e-01 4.718917e-01 1.802829e-01
<GCONST> 1.194858e+02
<MIXTURE> 3 9.712536e-02
<MEAN> 39
 1.215342e+00 -2.448734e+00 1.236626e+00 -7.543962e-01 -3.102296e+00 -2.934725e+00 -1.294436e+00 1.698958e+00 1.751014e+00 9.430723e-01 4.454772e-01 9.121622e-01 4.011989e+00 1.725961e-01 -1.015962e-01 1.241337e-02 -1.496707e-01 8.624034e-02 1.218754e-01 3.708750e-04 -2.854867e-02 -2.289153e-01 -8.785409e-02 -1.433337e-01 -1.480595e-01 2.964652e-01 -1.786059e-01 2.739407e-01 -8.324244e-02 1.253093e-01 2.583612e-01 1.828695e-01 1.810851e-01 -1.387206e-01 -1.417235e-01 -2.887073e-02 9.875624e-03 -3.535592e-02 -1.679142e-01
<VARIANCE> 39
 5.754132e+01 4.533361e+01 6.568575e+01 6.491962e+01 8.413557e+01 7.471023e+01 9.145142e+01 8.799467e+01 8.483022e+01 8.028619e+01 8.502792e+01 8.134973e+01 5.645818e+01 3.698013e+00 3.818194e+00 3.783462e+00 4.757863e+00 5.528431e+00 5.840790e+00 6.211674e+00 6.622957e+00 6.107565e+00 5.835130e+00 5.168734e+00 4.893109e+00 4.002555e+00 5.050994e-01 5.567534e-01 6.756999e-01 8.678886e-01 9.777412e-01 1.069199e+00 1.238926e+00 1.229077e+00 1.159701e+00 1.102607e+00 9.824167e-01 9.199036e-01 6.012874e-01
<GCONST> 1.465615e+02
<MIXTURE> 4 1.248231e-01
<MEAN> 39
 3.068833e+00 4.635019e+00 3.503022e+00 3.817740e+00 -2.042312e+00 -4.370930e+00 -2.687536e+00 -4.428148e+00 -3.577042e+00 -4.799792e+00 -5.172172e+00 -3.932431e+00 -3.361791e+00 -6.221150e-01 6.726366e-01 1.384486e-01 6.651992e-01 7.961519e-01 6.297081e-01 4.852858e-01 -3.982663e-01 -2.830499e-01 -2.455644e-01 -2.112127e-01 -5.151311e-01 -1.290832e+00 -2.678620e-01 -4.975039e-01 -3.190064e-01 -4.898045e-01 -2.295180e-01 1.111586e-01 3.075222e-01 6.380394e-01 3.948707e-01 4.736128e-01 4.178017e-01 4.143177e-01 5.603886e-01
<VARIANCE> 39
 1.772969e+01 2.964304e+01 3.253239e+01 3.100800e+01 4.694800e+01 3.940842e+01 4.293473e+01 4.733473e+01 4.733272e+01 4.958848e+01 4.627271e+01 4.643814e+01 2.971721e+01 1.488013e+00 1.969537e+00 2.005384e+00 2.153429e+00 2.651840e+00 3.111227e+00 3.181202e+00 3.736235e+00 3.567079e+00 3.458935e+00 3.370153e+00 3.284586e+00 1.534795e+00 2.298667e-01 2.915414e-01 3.573513e-01 4.385069e-01 5.594504e-01 5.999818e-01 6.984001e-01 7.423848e-01 7.190530e-01 7.141776e-01 6.541591e-01 6.020858e-01 2.038036e-01
<GCONST> 1.217989e+02
<MIXTURE> 5 1.407277e-01
<MEAN> 39
 2.573446e+00 3.471151e-03 1.279728e+00 1.295526e-01 -2.845922e+00 -2.983541e+00 -2.332114e+00 -6.282128e-01 -6.702699e-01 -1.144098e+00 -1.058147e+00 2.564739e-01 8.171179e-01 -3.733281e-02 6.337147e-02 4.319192e-02 1.508074e-02 5.817173e-02 1.646091e-01 1.112329e-01 1.863544e-02 -5.584555e-02 3.264895e-03 -6.070000e-02 -5.508026e-02 -1.791018e-01 -3.887922e-02 -6.663221e-02 -1.036148e-01 -1.027935e-01 3.291158e-02 1.018758e-01 1.731509e-01 1.529140e-01 3.635627e-02 4.316314e-02 1.932919e-02 1.607170e-02 1.516680e-01
<VARIANCE> 39
 1.920082e+01 3.110935e+01 3.803762e+01 3.954114e+01 5.655867e+01 4.797549e+01 5.202509e+01 5.966935e+01 5.590733e+01 5.539977e+01 5.721165e+01 6.289726e+01 4.262999e+01 3.063846e-01 6.279467e-01 9.337532e-01 1.080951e+00 1.525022e+00 1.632269e+00 1.918271e+00 2.067832e+00 2.048750e+00 2.047230e+00 1.980627e+00 1.836771e+00 3.332921e-01 5.899989e-02 1.075846e-01 1.801485e-01 2.339731e-01 3.038841e-01 3.376462e-01 4.284500e-01 4.428565e-01 4.136765e-01 3.972709e-01 3.786223e-01 3.552987e-01 6.601757e-02
<GCONST> 1.048938e+02
<MIXTURE> 6 1.572482e-01
<MEAN> 39
 -2.834964e+00 8.111255e+00 5.082333e+00 3.378366e+00 -3.494292e+00 -7.973505e+00 -2.613408e+00 -3.791659e+00 -4.110159e+00 -3.376018e+00 -1.954938e+00 -5.017244e-01 4.031063e+00 4.027240e+00 -5.877765e-01 6.527332e-01 -5.126073e-01 -2.323661e+00 -1.956416e+00 -1.931992e+00 -7.585663e-01 -5.588458e-01 -1.165177e+00 -1.225862e+00 -5.702875e-01 1.183493e+00 -5.524434e-01 -6.613465e-01 -6.018702e-01 -2.675732e-01 2.200203e-01 7.233531e-01 5.668337e-01 6.099472e-01 6.262251e-01 5.763082e-01 4.122246e-01 1.547891e-01 -1.140125e-01
<VARIANCE> 39
 2.077604e+01 2.627122e+01 3.484726e+01 2.794549e+01 4.497618e+01 3.692406e+01 4.054548e+01 4.225743e+01 3.584105e+01 3.286736e+01 3.160189e+01 3.432099e+01 2.173125e+01 1.804546e+00 2.952537e+00 3.473638e+00 3.431676e+00 3.708197e+00 4.034476e+00 3.956783e+00 4.233198e+00 4.630141e+00 3.964763e+00 3.891114e+00 3.556398e+00 8.667803e-01 3.256575e-01 2.691335e-01 2.862200e-01 3.568575e-01 4.965764e-01 5.040023e-01 5.317715e-01 5.733791e-01 5.142193e-01 4.990962e-01 4.827594e-01 4.405486e-01 1.284935e-01
<GCONST> 1.196820e+02
<MIXTURE> 7 1.044243e-01
<MEAN> 39
 -1.478902e+01 2.161689e+00 1.937289e+00 2.627240e+00 1.641294e+00 9.338984e-01 5.338035e+00 3.899334e+00 2.077404e+00 2.348363e+00 3.786314e+00 2.286222e+00 1.482631e+00 3.237326e+00 4.977244e-01 1.513618e+00 7.090063e-01 -9.561163e-01 -1.522536e+00 -1.617716e+00 -1.357256e+00 -1.366794e+00 -1.597531e+00 -1.409867e+00 -7.109255e-01 2.435745e-01 1.030230e+00 3.259923e-01 -4.298220e-02 -1.207841e-01 -4.282370e-01 -5.224063e-01 -6.909145e-01 -5.845718e-01 -3.347375e-01 -3.017334e-01 -3.917479e-01 -2.416109e-01 2.350478e-01
<VARIANCE> 39
 2.705891e+01 2.886282e+01 3.827963e+01 2.978381e+01 4.052265e+01 4.271571e+01 4.209988e+01 3.601095e+01 3.659723e+01 3.456680e+01 3.221751e+01 3.251653e+01 2.237311e+01 2.135868e+00 2.017767e+00 2.453460e+00 2.542280e+00 2.998657e+00 3.145406e+00 2.969726e+00 2.836560e+00 3.020589e+00 2.948136e+00 2.541987e+00 2.383814e+00 8.072793e-01 3.227323e-01 2.999461e-01 3.655083e-01 3.990591e-01 4.847178e-01 5.586964e-01 5.378762e-01 4.815484e-01 5.232788e-01 5.676661e-01 5.202873e-01 4.635428e-01 1.383510e-01
<GCONST> 1.172713e+02
<MIXTURE> 8 1.205287e-01
<MEAN> 39
 -6.546627e-01 5.910738e+00 -2.007407e-01 5.062221e-01 -8.537415e+00 -9.991376e+00 -2.569386e+00 -1.072860e+00 1.701423e+00 2.488428e-01 3.898060e+00 4.633521e+00 4.896608e+00 3.321925e+00 -2.636957e+00 6.314604e-01 -2.346145e+00 -1.769808e+00 -1.650727e+00 -1.201492e+00 1.351581e+00 1.169376e-02 -1.954674e-01 1.062092e-01 1.540893e+00 2.072625e+00 -7.349146e-01 -4.592741e-01 -1.550474e-01 1.889734e-01 9.614643e-01 1.255675e+00 7.204750e-01 3.468723e-01 -1.835434e-02 7.962149e-02 -3.598003e-01 -4.686441e-01 -4.162957e-01
<VARIANCE> 39
 1.632820e+01 2.879653e+01 3.224386e+01 3.077712e+01 4.388652e+01 3.607786e+01 4.002565e+01 4.122280e+01 4.220964e+01 5.031498e+01 5.797173e+01 4.676385e+01 1.963983e+01 2.199863e+00 3.039074e+00 4.139099e+00 3.601776e+00 5.234028e+00 5.040875e+00 5.985823e+00 5.768402e+00 6.627283e+00 6.077141e+00 7.925924e+00 8.608362e+00 1.602717e+00 3.547470e-01 3.746196e-01 3.847108e-01 4.604583e-01 5.509449e-01 5.971958e-01 6.431283e-01 6.884271e-01 6.658234e-01 7.152357e-01 7.680832e-01 6.502732e-01 2.663156e-01
<GCONST> 1.294220e+02
<STATE> 5
<NUMMIXES> 8
<MIXTURE> 1 1.344291e-01
<MEAN> 39
 -6.020690e+00 1.711750e+00 -1.098379e+00 2.881097e+00 1.483678e+00 4.077870e-01 2.907128e+00 1.476649e+00 1.599379e+00 8.373997e-01 7.603649e-01 -4.220458e-04 -6.128953e+00 -2.067378e-01 9.233604e-03 6.174354e-02 1.824341e-01 1.593996e-01 1.430148e-01 -1.041164e-01 -2.946860e-01 -2.849671e-01 -2.628117e-01 -2.253785e-01 -1.118393e-01 -1.839129e-01 1.586865e-01 1.714731e-01 1.778548e-01 4.324754e-02 -9.837668e-02 -1.591115e-01 -1.712596e-01 -2.032547e-01 -1.591962e-01 -7.049766e-02 -3.908401e-02 -1.537828e-02 2.842946e-01
<VARIANCE> 39
 4.439558e+01 4.051650e+01 3.535540e+01 3.484884e+01 4.358165e+01 3.866702e+01 3.786251e+01 3.695879e+01 3.690635e+01 3.613855e+01 3.455157e+01 3.735893e+01 4.697025e+01 2.234701e+00 1.673370e+00 1.732615e+00 1.787445e+00 2.166709e+00 2.348473e+00 2.453852e+00 2.499650e+00 2.514095e+00 2.466908e+00 2.398163e+00 2.094656e+00 1.735215e+00 3.068941e-01 3.083973e-01 3.191139e-01 3.584150e-01 4.386238e-01 4.548976e-01 4.665232e-01 4.685076e-01 4.699258e-01 4.625479e-01 4.350815e-01 4.131131e-01 3.153481e-01
<GCONST> 1.169956e+02
<MIXTURE> 2 7.376533e-02
<MEAN> 39
 3.077316e-01 -1.283065e+00 2.094656e+00 -3.298659e+00 -7.428232e+00 -7.529274e+00 -8.774300e-01 2.928391e+00 1.246189e+00 4.801725e+00 9.456742e+00 1.133837e+01 7.151703e+00 4.722766e-01 -1.927387e+00 4.282828e-01 -9.275018e-01 8.523644e-01 7.888044e-01 5.013914e-01 9.239233e-01 -6.110333e-01 2.060293e-01 -8.010708e-02 9.288402e-01 7.960548e-01 -6.293081e-01 5.194571e-01 -2.395793e-01 6.057171e-01 6.577164e-01 7.021005e-01 3.817996e-01 -3.355355e-01 -1.006566e-01 -3.746153e-01 -7.925624e-01 -1.036066e+00 -4.886570e-01
<VARIANCE> 39
 1.390773e+01 2.377548e+01 4.410490e+01 3.304608e+01 4.716895e+01 4.543083e+01 5.216465e+01 5.726880e+01 7.164402e+01 8.081563e+01 7.168272e+01 6.084176e+01 1.954997e+01 1.343425e+00 2.724876e+00 2.583850e+00 3.059710e+00 4.013745e+00 4.050017e+00 4.348126e+00 4.545616e+00 4.747006e+00 5.272855e+00 5.633017e+00 5.427295e+00 1.087436e+00 2.758520e-01 3.305935e-01 4.734471e-01 4.711380e-01 6.663625e-01 7.377473e-01 7.211523e-01 7.957037e-01 9.094888e-01 9.109761e-01 7.544262e-01 7.413918e-01 1.961694e-01
<GCONST> 1.287553e+02
<MIXTURE> 3 1.814333e-01
<MEAN> 39
 6.730235e-01 4.955861e+00 2.713403e+00 4.082468e+00 -9.451010e-01 -1.864652e+00 -7.303678e-01 -3.856792e+00 -2.895600e+00 -3.332283e+00 -3.743331e+00 -3.763558e+00 -6.380615e+00 -1.079598e-01 4.924719e-02 -4.016947e-02 1.323673e-01 2.585710e-01 1.965096e-01 1.058851e-01 3.402154e-02 9.163678e-02 7.800033e-02 8.854963e-02 1.455554e-02 -3.419375e-01 -1.049430e-02 -5.868346e-02 -8.761699e-03 -5.461983e-02 -5.202234e-02 -3.444477e-02 1.401547e-02 9.301115e-02 7.071013e-02 8.507323e-02 9.200841e-02 8.841592e-02 1.023960e-01
<VARIANCE> 39
 2.653702e+01 2.605562e+01 3.276970e+01 2.857024e+01 4.403330e+01 3.842234e+01 4.081161e+01 4.287062e+01 4.028132e+01 4.734204e+01 4.115767e+01 4.106532e+01 3.946965e+01 3.320388e-01 4.892725e-01 6.814163e-01 9.041266e-01 1.160107e+00 1.328257e+00 1.554928e+00 1.661781e+00 1.598949e+00 1.691277e+00 1.608273e+00 1.467964e+00 2.662681e-01 4.912717e-02 8.269294e-02 1.225828e-01 1.660337e-01 2.087156e-01 2.465423e-01 2.843833e-01 3.148141e-01 3.076733e-01 3.184621e-01 3.017868e-01 2.863493e-01 3.582902e-02
<GCONST> 9.534933e+01
<MIXTURE> 4 1.138774e-01
<MEAN> 39
 3.324348e+00 -1.445458e+00 -1.992382e+00 -1.909415e+00 -4.236537e+00 -5.828907e+00 -2.464816e+00 4.091819e+00 2.482530e+00 -3.617837e+00 -4.677667e+00 -1.340949e+00 7.765429e+00 1.034407e+00 -2.045133e+00 -7.892060e-01 -1.032587e+00 5.450808e-01 1.234005e+00 5.410413e-01 1.327688e+00 5.438108e-01 -1.327757e-01 -5.474914e-01 -5.936189e-01 1.029873e+00 -8.845633e-01 2.903419e-01 1.841967e-02 3.851418e-01 6.184083e-01 6.231999e-01 4.852530e-01 -3.131721e-01 -1.698095e-01 3.358117e-01 5.192792e-01 1.395903e-01 -4.464267e-01
<VARIANCE> 39
 1.167889e+01 2.334826e+01 2.756156e+01 2.940797e+01 4.158498e+01 4.378593e+01 6.110386e+01 4.693711e+01 5.597969e+01 4.897696e+01 3.560064e+01 3.730613e+01 2.157173e+01 1.804449e+00 2.259184e+00 2.285032e+00 2.432528e+00 3.919247e+00 3.823449e+00 4.620589e+00 4.738475e+00 4.562161e+00 3.809907e+00 3.579897e+00 3.332907e+00 8.784991e-01 3.145865e-01 3.694310e-01 3.589593e-01 4.897371e-01 5.469497e-01 7.019097e-01 7.903003e-01 7.798465e-01 7.978069e-01 6.770971e-01 5.438908e-01 5.428480e-01 1.843473e-01
<GCONST> 1.228910e+02
<MIXTURE> 5 1.081931e-01
<MEAN> 39
 3.384593e-01 4.260113e+00 6.406691e+00 1.497898e+00 -9.317943e+00 -8.428757e+00 -1.970093e+00 -2.829595e+00 -3.637227e+00 -2.377312e+00 -5.242428e-01 2.995873e-02 5.129394e+00 1.356723e+00 -1.533400e+00 2.286866e-01 -6.428672e-01 -1.081388e+00 2.933960e-01 -4.626048e-02 7.487646e-01 3.461970e-01 1.691924e-01 -1.763313e-01 -1.586856e-01 4.933862e-01 -8.907496e-01 7.849282e-02 -3.901958e-01 9.224110e-02 9.170139e-01 7.109972e-01 5.011505e-01 3.221363e-01 2.944576e-01 3.653932e-01 1.739459e-01 -8.939101e-03 -3.442117e-01
<VARIANCE> 39
 1.175890e+01 2.200022e+01 3.191507e+01 3.429927e+01 3.615260e+01 3.506879e+01 3.845800e+01 3.927796e+01 3.935241e+01 3.876043e+01 3.622877e+01 4.252108e+01 1.780403e+01 1.070967e+00 1.624764e+00 1.840937e+00 2.087907e+00 2.936849e+00 2.832297e+00 3.004783e+00 3.146208e+00 2.949348e+00 2.721178e+00 3.011248e+00 2.636231e+00 5.348650e-01 1.726746e-01 2.970418e-01 2.760313e-01 3.804589e-01 3.680468e-01 4.562381e-01 4.500332e-01 4.972327e-01 5.104941e-01 4.749039e-01 4.608628e-01 4.640374e-01 7.917071e-02
<GCONST> 1.120385e+02
<MIXTURE> 6 1.395752e-01
<MEAN> 39
 1.746571e+00 5.104450e+00 3.427412e+00 3.694104e+00 -1.609632e+00 -3.588554e+00 -2.572773e+00 -4.710220e+00 -2.727397e+00 -3.023952e+00 -3.459288e+00 -3.040790e+00 -3.048571e+00 -5.476797e-01 -4.386159e-02 -3.371495e-01 -1.343001e-01 1.987459e-01 3.987549e-01 3.582360e-01 3.484577e-01 3.328886e-01 4.534823e-01 4.139681e-01 2.118696e-01 -1.107679e-01 -1.818162e-01 -3.526438e-01 -2.234108e-01 -3.342540e-01 -1.941186e-01 2.347750e-02 1.831694e-01 4.586045e-01 2.697992e-01 2.820155e-01 2.389771e-01 2.620361e-01 4.508567e-01
<VARIANCE> 39
 2.931541e+01 3.697757e+01 3.919800e+01 3.981925e+01 5.258144e+01 4.596638e+01 4.741327e+01 5.074212e+01 4.918745e+01 5.089724e+01 4.836175e+01 5.125795e+01 4.224442e+01 2.982812e+00 2.591859e+00 2.516223e+00 2.951640e+00 3.390393e+00 3.473628e+00 3.633868e+00 4.278424e+00 3.838710e+00 3.652918e+00 3.385248e+00 3.242102e+00 2.006639e+00 2.989339e-01 3.815724e-01 4.143158e-01 5.084624e-01 6.287314e-01 6.546881e-01 6.918594e-01 7.361718e-01 7.093937e-01 6.980274e-01 6.350912e-01 5.981153e-01 3.015856e-01
<GCONST> 1.278119e+02
<MIXTURE> 7 1.259813e-01
<MEAN> 39
 1.994751e+00 2.207270e+00 5.112139e+00 3.344502e-01 -8.102334e+00 -5.922234e+00 -8.536930e-01 -5.310671e-01 -2.122171e+00 -1.397420e+00 -9.442793e-01 -3.031984e-01 4.091619e+00 3.050719e-01 -5.499948e-01 -1.766672e-01 -2.559529e-01 2.574494e-02 3.874146e-01 1.330922e-01 5.024087e-01 2.149119e-01 1.721547e-01 -1.371656e-01 -7.980765e-02 8.915099e-02 -2.156828e-01 1.734918e-01 -1.063150e-01 1.098142e-01 3.399188e-01 7.244459e-02 -1.421262e-02 -9.575117e-02 2.224283e-03 -5.277107e-03 -4.622879e-03 -1.404047e-02 -1.285271e-01
<VARIANCE> 39
 1.239969e+01 2.160280e+01 3.982384e+01 3.887826e+01 3.838090e+01 4.027575e+01 4.243902e+01 4.126397e+01 4.843519e+01 4.316189e+01 4.036311e+01 4.271318e+01 1.860522e+01 3.659711e-01 7.622702e-01 1.083670e+00 1.159276e+00 1.617516e+00 1.787423e+00 1.960541e+00 2.046925e+00 1.915906e+00 1.941645e+00 1.841987e+00 1.681198e+00 2.619852e-01 8.899187e-02 1.428600e-01 1.694690e-01 2.216661e-01 2.653104e-01 3.062264e-01 3.195336e-01 3.323112e-01 3.412514e-01 3.306497e-01 3.173552e-01 2.955035e-01 4.880347e-02
<GCONST> 9.998410e+01
<MIXTURE> 8 1.227453e-01
<MEAN> 39
 7.895741e-01 -5.051352e+00 6.775826e-01 -2.205637e+00 -2.399617e+00 -1.801203e+00 1.175441e-01 4.114795e+00 1.102814e+00 3.361489e+00 5.710154e+00 6.709076e+00 7.749700e+00 -9.913632e-02 -1.483121e-01 -2.777253e-01 -5.172556e-02 5.277284e-01 3.806441e-01 3.499272e-01 -6.237664e-02 -1.659785e-01 -1.468143e-01 -2.397840e-01 -1.512587e-01 6.988546e-02 -7.969891e-03 1.825159e-01 -2.999977e-02 4.514007e-02 -4.273025e-02 -1.245763e-01 -6.186213e-02 -1.580405e-01 3.126642e-02 -4.931524e-02 -8.289813e-02 -1.057046e-01 -9.322914e-02
<VARIANCE> 39
 2.521417e+01 2.458617e+01 4.505653e+01 4.243521e+01 7.155629e+01 6.125977e+01 7.460254e+01 7.170470e+01 8.237675e+01 1.053197e+02 1.297867e+02 1.099053e+02 2.505642e+01 5.475749e-01 1.108573e+00 1.548912e+00 1.746716e+00 2.772373e+00 2.849515e+00 3.379436e+00 3.333792e+00 3.470663e+00 3.495637e+00 3.407647e+00 2.966141e+00 4.462249e-01 8.251566e-02 1.672156e-01 2.296356e-01 2.898965e-01 3.770510e-01 4.261336e-01 5.347010e-01 5.931622e-01 6.132153e-01 5.992596e-01 5.741132e-01 5.213894e-01 6.434629e-02
<GCONST> 1.185548e+02
<TRANSP> 6
 0.000000e+00 1.000000e+00 0.000000e+00 0.000000e+00 0.000000e+00 0.000000e+00
 0.000000e+00 6.268297e-01 3.731703e-01 0.000000e+00 0.000000e+00 0.000000e+00
 0.000000e+00 0.000000e+00 4.593157e-01 5.406843e-01 0.000000e+00 0.000000e+00
 0.000000e+00 0.000000e+00 0.000000e+00 4.339181e-01 5.660819e-01 0.000000e+00
 0.000000e+00 0.000000e+00 0.000000e+00 0.000000e+00 5.535419e-01 4.464581e-01
 0.000000e+00 0.000000e+00 0.000000e+00 0.000000e+00 0.000000e+00 0.000000e+00
<ENDHMM>
