~o
<STREAMINFO> 1 39
<VECSIZE> 39<NULLD><MFCC_D_A_Z_0><DIAGC>
~h "uw"
<BEGINHMM>
<NUMSTATES> 6
<STATE> 2
<NUMMIXES> 8
<MIXTURE> 1 7.209800e-02
<MEAN> 39
 1.891181e+00 -4.630366e+00 -8.289419e-01 -4.681286e+00 7.519037e-01 -4.547891e+00 -4.542703e+00 2.900563e+00 2.990374e+00 5.459862e+00 6.379288e+00 1.508603e+01 7.790984e+00 1.310595e-01 8.389319e-02 -3.104672e-01 -5.180641e-02 4.067742e-01 1.972031e-01 -3.663442e-01 -1.008182e-01 2.338585e-01 1.766380e-01 6.402856e-02 -2.622394e-02 -1.146578e-01 1.227160e-02 1.020048e-01 3.941556e-02 5.322396e-02 -9.045666e-02 3.410654e-02 4.746683e-02 -4.928372e-02 2.433768e-03 -6.185011e-04 -3.796590e-02 -2.289266e-01 -2.377336e-02
<VARIANCE> 39
 1.695709e+01 2.055476e+01 3.728510e+01 4.857070e+01 7.438889e+01 6.261320e+01 7.376665e+01 5.705077e+01 7.314586e+01 8.960554e+01 1.149119e+02 7.240973e+01 1.857971e+01 2.865913e-01 5.753277e-01 9.845963e-01 1.197545e+00 1.582111e+00 1.582819e+00 1.705588e+00 1.852276e+00 2.142949e+00 2.147641e+00 2.324597e+00 2.037510e+00 1.241776e-01 4.981248e-02 1.000738e-01 1.661043e-01 2.200431e-01 2.586345e-01 2.695749e-01 2.859239e-01 3.195910e-01 3.317774e-01 3.588203e-01 3.552913e-01 3.159908e-01 2.062188e-02
<GCONST> 1.021236e+02
<MIXTURE> 2 2.017791e-01
<MEAN> 39
 3.866677e+00 2.682536e+00 5.568687e+00 5.057604e+00 -6.620181e+00 -8.609067e+00 -5.207736e+00 8.366171e-01 -1.593385e+00 -1.879852e+00 -1.384002e+00 1.365216e+00 2.515917e+00 1.177919e-01 3.979261e-02 -2.938511e-01 -5.693112e-02 3.247602e-01 7.529336e-02 -3.409475e-01 -7.349509e-02 3.284614e-01 1.123584e-01 -2.328284e-01 -1.138044e-01 -8.336999e-02 -1.535930e-02 -8.725230e-03 -9.354755e-03 -5.015373e-02 -7.486336e-03 2.591695e-02 -1.271919e-02 -7.668743e-02 -3.390975e-02 1.428165e-02 -1.201360e-03 -5.041266e-02 -3.412700e-03
<VARIANCE> 39
 9.880651e+00 1.412449e+01 1.791785e+01 3.263278e+01 2.467482e+01 2.999437e+01 4.421516e+01 3.550636e+01 4.103519e+01 4.318535e+01 5.133702e+01 4.460744e+01 1.097178e+01 7.296194e-02 1.794892e-01 3.485700e-01 4.215796e-01 6.085889e-01 6.920347e-01 8.084720e-01 8.827123e-01 9.362426e-01 9.185968e-01 8.928360e-01 8.274166e-01 4.310908e-02 1.137275e-02 2.985379e-02 5.065866e-02 7.166363e-02 9.425017e-02 1.179151e-01 1.330112e-01 1.467402e-01 1.512553e-01 1.537158e-01 1.505128e-01 1.345642e-01 1.000000e-02
<GCONST> 6.920271e+01
<MIXTURE> 3 1.169540e-01
<MEAN> 39
 4.330344e+00 1.948368e+00 2.072137e+00 -9.875113e-01 -5.827926e+00 1.277289e-01 -5.774055e+00 -7.405667e+00 -1.154247e+00 1.362406e+00 2.878507e-01 -1.935506e+00 5.277128e+00 5.405579e-02 8.076262e-02 -6.711745e-02 -1.253622e-01 -1.579282e-02 1.521891e-01 1.428119e-01 -1.301858e-01 -1.548169e-01 4.863870e-02 1.289257e-01 1.009786e-01 -8.176959e-02 -2.107478e-03 -2.282165e-02 7.121930e-03 5.073968e-02 7.850119e-02 -1.553660e-01 -1.013520e-03 2.393166e-01 2.829505e-02 -8.136803e-02 -1.078340e-01 1.023180e-01 3.643468e-03
<VARIANCE> 39
 2.062850e+01 2.492744e+01 5.022242e+01 6.431525e+01 5.141646e+01 5.323856e+01 7.330599e+01 4.860406e+01 6.098344e+01 6.492542e+01 6.293697e+01 5.461011e+01 3.775436e+01 1.813831e-01 4.098404e-01 6.277357e-01 9.692652e-01 1.073974e+00 1.414279e+00 1.480791e+00 1.722811e+00 1.686802e+00 1.652634e+00 1.578420e+00 1.315172e+00 1.275323e-01 2.950675e-02 6.311010e-02 1.090806e-01 1.598438e-01 1.919285e-01 2.298415e-01 2.656355e-01 2.577881e-01 2.942508e-01 2.927543e-01 2.694544e-01 2.250817e-01 1.634631e-02
<GCONST> 9.459959e+01
<MIXTURE> 4 1.495552e-01
<MEAN> 39
 2.162596e+00 -8.752637e-01 5.191005e+00 3.775553e-01 -8.220870e+00 -8.328209e+00 -2.644855e+00 2.622926e+00 -3.894890e+00 -2.542667e+00 -3.291067e+00 2.463481e+00 4.735128e+00 2.210434e-01 1.998834e-02 -4.286507e-01 1.458959e-01 5.120272e-01 -1.041654e-01 -5.012804e-01 1.452537e-01 4.985655e-01 -6.211951e-02 -4.380343e-01 3.310068e-02 -1.727521e-01 1.599629e-02 1.404513e-01 -1.645578e-03 4.604691e-02 1.759244e-01 1.742926e-01 -4.747484e-02 -1.969309e-01 1.310502e-01 1.652137e-01 6.763995e-02 -9.296061e-02 -5.135764e-02
<VARIANCE> 39
 1.262347e+01 2.091041e+01 3.196882e+01 3.662539e+01 3.234909e+01 3.535925e+01 4.631278e+01 4.345222e+01 4.980331e+01 4.897857e+01 5.757268e+01 6.618888e+01 1.523372e+01 2.433244e-01 4.869084e-01 8.597235e-01 9.293661e-01 1.340873e+00 1.386117e+00 1.702772e+00 1.825602e+00 1.851931e+00 1.799725e+00 1.706700e+00 1.691103e+00 1.586244e-01 4.268467e-02 8.382675e-02 1.387118e-01 1.710473e-01 2.167606e-01 2.440298e-01 2.815244e-01 3.287268e-01 3.030258e-01 3.023372e-01 2.937601e-01 2.915142e-01 2.956486e-02
<GCONST> 9.449285e+01
<MIXTURE> 5 7.962918e-02
<MEAN> 39
 3.256414e+00 -5.519730e-01 2.794925e+00 -1.491934e+00 -2.957187e+00 -4.599264e+00 -4.012423e+00 -7.418399e-01 3.082204e-01 1.854985e+00 -6.127595e-01 1.555002e+00 4.134814e+00 2.812207e-01 1.431921e-01 -4.654531e-01 -9.772032e-02 3.754134e-01 2.184128e-01 -4.166859e-01 -2.947045e-01 1.690789e-01 2.353939e-01 3.951356e-02 -8.588505e-02 -1.371352e-01 -1.308088e-01 2.355452e-01 1.286467e-02 1.415403e-01 3.863570e-02 1.667616e-01 1.538235e-01 -1.433986e-01 -1.117763e-01 -4.508180e-02 4.638993e-02 -6.615464e-02 -1.982303e-01
<VARIANCE> 39
 3.417791e+01 3.852283e+01 6.352032e+01 7.234210e+01 7.587125e+01 7.191901e+01 8.262617e+01 8.665348e+01 1.006319e+02 9.159649e+01 9.710165e+01 1.081292e+02 4.669077e+01 1.113710e+00 1.437941e+00 2.370569e+00 2.924797e+00 3.550065e+00 3.634480e+00 3.758189e+00 4.244164e+00 4.102933e+00 4.255363e+00 4.166536e+00 4.116576e+00 1.337575e+00 2.184469e-01 2.990637e-01 3.859410e-01 5.004114e-01 6.194669e-01 6.287445e-01 7.471186e-01 7.512442e-01 8.297892e-01 7.520742e-01 7.515033e-01 7.154951e-01 1.944355e-01
<GCONST> 1.321093e+02
<MIXTURE> 6 1.121907e-01
<MEAN> 39
 4.652994e+00 1.196907e+00 8.782495e-01 2.594616e+00 -1.680372e+00 -6.492645e+00 -1.057328e+01 -1.213657e+00 1.767245e+00 1.524467e+00 -5.642543e+00 -1.689027e+00 3.483016e+00 4.014128e-01 3.853644e-01 -8.929935e-01 -6.230311e-01 9.910056e-01 1.099413e+00 -6.566350e-01 -1.282967e+00 1.686085e-01 1.113073e+00 2.574444e-01 -7.967409e-01 -3.125977e-01 -3.945759e-02 5.115123e-02 1.374470e-01 -1.085277e-01 -1.942308e-01 1.274391e-01 3.572642e-01 -8.093441e-02 -4.010579e-01 -1.045718e-01 3.517126e-01 1.551515e-01 -1.693253e-02
<VARIANCE> 39
 1.154458e+01 2.042126e+01 2.753163e+01 3.976588e+01 3.214440e+01 4.120409e+01 4.145961e+01 4.754095e+01 4.836871e+01 5.336057e+01 6.290374e+01 6.329217e+01 1.664779e+01 1.792586e-01 4.117435e-01 7.175534e-01 9.762316e-01 1.144802e+00 1.570404e+00 1.676336e+00 1.718891e+00 2.175830e+00 1.702147e+00 2.100730e+00 1.698522e+00 1.220139e-01 2.722772e-02 6.336095e-02 1.103222e-01 1.433988e-01 1.983112e-01 2.305625e-01 2.774541e-01 2.849583e-01 3.311132e-01 3.373187e-01 2.878488e-01 3.196387e-01 1.493969e-02
<GCONST> 9.211813e+01
<MIXTURE> 7 9.588787e-02
<MEAN> 39
 3.129728e+00 -2.584270e+00 -2.156632e+00 -3.585626e+00 1.253494e+00 -4.326754e-01 -1.114688e+00 6.302470e+00 5.763397e+00 -1.045959e+00 -6.773266e+00 -3.804608e+00 7.247025e+00 2.419778e-02 1.827840e-02 -1.112372e-01 -5.686684e-02 9.620507e-02 3.815256e-02 -1.284081e-01 -6.131148e-02 2.843855e-02 -4.956895e-03 -4.804300e-02 -9.117629e-02 -4.630410e-02 -4.406545e-02 -4.280813e-02 -5.372133e-02 -8.350965e-02 -1.679725e-01 -1.118511e-01 -1.133320e-01 -2.020932e-01 -1.773948e-01 -3.301061e-02 3.642770e-02 1.417466e-02 -3.819778e-02
<VARIANCE> 39
 1.482109e+01 1.516095e+01 2.631408e+01 2.819813e+01 5.520814e+01 5.935765e+01 1.115213e+02 7.649174e+01 8.198923e+01 9.533876e+01 6.890069e+01 9.731676e+01 1.248283e+01 1.711087e-01 3.797956e-01 6.106920e-01 7.457435e-01 1.047520e+00 1.177044e+00 1.360137e+00 1.483211e+00 1.447240e+00 1.433640e+00 1.359700e+00 1.327873e+00 8.251933e-02 2.728087e-02 6.154076e-02 9.893487e-02 1.250538e-01 1.533196e-01 1.939633e-01 2.249021e-01 2.432820e-01 2.441313e-01 2.421034e-01 2.315772e-01 2.210897e-01 1.095737e-02
<GCONST> 8.984647e+01
<MIXTURE> 8 1.719060e-01
<MEAN> 39
 3.307240e+00 -2.449533e+00 -4.517471e-01 -2.962966e+00 -3.683457e+00 -2.396465e+00 -4.717632e+00 5.676244e-01 1.752985e+00 -7.136974e-01 -3.359720e+00 6.994584e-02 8.898428e+00 4.253472e-02 1.751211e-02 -9.992561e-02 -2.757702e-02 1.104153e-01 4.750563e-02 -9.536017e-02 -3.702063e-02 1.015982e-01 2.928812e-02 -3.054632e-02 -4.692532e-02 -2.562423e-02 9.503905e-03 2.343207e-02 2.258486e-02 2.166178e-02 1.606743e-02 8.763152e-03 1.930819e-02 1.275583e-02 1.289587e-02 2.394185e-02 2.093027e-02 7.793543e-03 -4.005366e-03
<VARIANCE> 39
 1.606060e+01 1.709471e+01 3.386005e+01 3.272392e+01 5.258432e+01 6.385597e+01 7.884095e+01 7.330341e+01 6.797794e+01 6.363476e+01 5.349427e+01 9.226479e+01 1.524865e+01 6.281351e-02 1.496205e-01 2.549319e-01 3.342343e-01 4.630526e-01 5.276970e-01 5.601145e-01 5.966429e-01 6.322513e-01 6.014649e-01 5.557169e-01 5.121252e-01 2.590776e-02 1.095697e-02 2.600895e-02 4.093829e-02 5.980321e-02 7.600738e-02 9.138460e-02 9.627444e-02 1.035829e-01 1.083344e-01 1.051677e-01 9.733199e-02 9.092262e-02 1.000000e-02
<GCONST> 6.761269e+01
<STATE> 3
<NUMMIXES> 8
<MIXTURE> 1 1.525231e-01
<MEAN> 39
 3.615977e+00 1.451131e-01 -5.504807e+00 -4.440241e+00 1.539154e+00 -2.144849e+00 -5.907629e+00 1.691528e+00 9.185874e+00 1.487578e+01 1.535591e+01 1.440096e+01 3.323452e+00 9.776880e-03 2.293811e-02 -4.251068e-02 -9.769800e-03 4.323085e-02 2.305061e-02 -3.221216e-02 -1.339527e-03 2.329634e-02 4.103076e-02 2.650185e-02 -3.935458e-02 -3.550836e-02 1.661781e-02 2.824523e-02 5.399141e-02 4.348639e-02 -1.379315e-03 1.505297e-02 4.008573e-02 3.593935e-02 -1.307048e-02 -6.434398e-02 -6.925054e-02 -3.120110e-02 7.649168e-03
<VARIANCE> 39
 1.230130e+01 1.776053e+01 2.733785e+01 2.823335e+01 4.911160e+01 4.482398e+01 6.194926e+01 5.312086e+01 6.655915e+01 6.402969e+01 5.686199e+01 4.811020e+01 1.497123e+01 1.909431e-01 4.519416e-01 7.144751e-01 8.921201e-01 1.017468e+00 1.044535e+00 1.180180e+00 1.326649e+00 1.396201e+00 1.410583e+00 1.279656e+00 1.317135e+00 8.210377e-02 3.529150e-02 8.692491e-02 1.367534e-01 1.767735e-01 1.952626e-01 1.952120e-01 2.184358e-01 2.330500e-01 2.383575e-01 2.471325e-01 2.242730e-01 2.216739e-01 1.164589e-02
<GCONST> 8.875481e+01
<MIXTURE> 2 8.949961e-02
<MEAN> 39
 3.618888e+00 1.202663e+00 -3.923205e-01 -1.424549e+00 -1.221284e+00 -2.883077e+00 -5.969647e+00 -1.684718e+00 2.251983e+00 4.618857e+00 7.941673e-01 8.207136e-01 2.206646e+00 1.496816e-01 5.488732e-01 -3.350658e-01 -3.383249e-03 4.372679e-01 4.959615e-01 1.431366e-02 -7.168330e-01 -3.709470e-01 -7.514565e-02 3.121132e-01 -4.776294e-02 -4.731716e-01 -1.100283e-01 1.086809e-01 1.297735e-01 1.253229e-01 -5.572757e-02 -7.949090e-03 2.503432e-01 6.927802e-02 -1.085614e-01 -1.824345e-01 3.151452e-02 6.574909e-02 -1.111497e-01
<VARIANCE> 39
 2.394739e+01 2.666786e+01 5.304242e+01 4.469283e+01 5.372854e+01 5.270143e+01 7.474704e+01 7.359999e+01 1.009904e+02 8.702773e+01 9.601256e+01 1.026294e+02 2.886343e+01 7.661439e-01 1.168757e+00 1.480239e+00 2.273333e+00 2.437781e+00 2.969326e+00 2.888398e+00 3.254541e+00 3.466225e+00 3.399741e+00 3.525083e+00 3.620790e+00 9.061388e-01 1.373972e-01 1.777888e-01 2.733165e-01 3.056039e-01 4.336293e-01 4.401210e-01 5.268276e-01 5.393928e-01 5.283621e-01 6.014949e-01 5.248805e-01 5.679288e-01 1.020194e-01
<GCONST> 1.205979e+02
<MIXTURE> 3 1.134894e-01
<MEAN> 39
 5.179522e+00 1.795897e+00 -4.101982e+00 -5.067071e+00 7.567790e-01 3.905719e+00 -8.806235e+00 -6.164393e+00 3.259169e+00 4.684118e+00 -1.148201e-01 -1.464484e+00 4.564686e+00 1.708973e-02 1.914150e-02 -1.570619e-02 -3.896255e-02 8.477385e-03 5.482398e-02 3.326578e-02 -3.108546e-02 -4.639225e-02 -4.362958e-03 6.874728e-02 2.456183e-02 -2.350527e-02 -1.699903e-02 -2.296411e-02 -2.100053e-02 2.161765e-04 -2.943045e-02 -1.020849e-01 -1.874180e-02 1.195552e-02 -3.255313e-02 -4.547834e-02 -4.064430e-02 1.032915e-03 -6.022631e-03
<VARIANCE> 39
 1.147924e+01 1.168728e+01 1.427542e+01 1.790001e+01 2.904756e+01 1.829856e+01 3.764202e+01 4.361673e+01 3.931602e+01 3.601708e+01 4.779969e+01 4.871689e+01 1.026935e+01 5.233698e-02 1.402612e-01 1.954922e-01 3.212218e-01 3.836023e-01 4.919111e-01 5.001267e-01 5.938312e-01 5.996289e-01 5.800050e-01 5.724258e-01 5.235532e-01 2.534189e-02 1.000000e-02 2.511464e-02 3.467524e-02 5.776731e-02 7.168789e-02 8.774778e-02 9.360175e-02 1.097546e-01 1.112887e-01 1.097775e-01 1.030290e-01 9.794139e-02 1.000000e-02
<GCONST> 5.888079e+01
<MIXTURE> 4 1.460499e-01
<MEAN> 39
 3.070020e+00 7.772145e-01 -1.563417e+00 -1.705663e+00 -2.326465e+00 -3.199737e+00 -2.909100e+00 1.210591e+00 1.553006e+00 1.902605e+00 3.873468e+00 9.136368e+00 1.980321e+00 2.197181e-02 1.669143e-02 -5.430071e-02 -9.539284e-03 7.297099e-02 1.235272e-02 -6.452943e-02 -2.537506e-02 3.472309e-02 1.022688e-02 -1.441095e-02 -2.510383e-02 -5.178399e-02 -2.391657e-02 -3.360087e-02 -3.764658e-02 -5.240069e-02 -4.665347e-03 -1.245385e-02 -8.714978e-02 -8.507385e-02 9.848667e-03 5.316094e-02 -2.996065e-02 -9.556394e-02 -7.180532e-03
<VARIANCE> 39
 6.543373e+00 1.247369e+01 1.446183e+01 1.583459e+01 2.259935e+01 2.471529e+01 3.099679e+01 3.409042e+01 3.037268e+01 4.014484e+01 4.446038e+01 7.982325e+01 9.002828e+00 1.393737e-01 3.214780e-01 5.347471e-01 6.923637e-01 9.092832e-01 8.953090e-01 1.065235e+00 1.230165e+00 1.151918e+00 1.236188e+00 1.279050e+00 1.143418e+00 6.864025e-02 2.196156e-02 5.277309e-02 8.601903e-02 1.169966e-01 1.519253e-01 1.563380e-01 1.805772e-01 2.122373e-01 2.030372e-01 2.099424e-01 2.120423e-01 2.032440e-01 1.000000e-02
<GCONST> 7.703404e+01
<MIXTURE> 5 1.491365e-01
<MEAN> 39
 3.870646e+00 4.076197e-01 -4.004257e+00 -3.507577e+00 9.705281e-02 -2.491460e+00 -5.050907e+00 3.119675e+00 8.336040e+00 1.326104e+01 1.369899e+01 1.473162e+01 3.851777e+00 9.696779e-03 3.925058e-03 -1.976155e-02 -2.882882e-03 1.906421e-02 1.535496e-02 -1.550751e-02 -8.439418e-03 9.985521e-03 1.114060e-02 -7.156817e-03 -8.315887e-03 -1.427990e-02 -6.750770e-03 -5.728181e-03 -1.582209e-02 -1.699640e-02 -1.453852e-02 -7.262025e-03 -1.384108e-03 -1.200606e-02 -1.607419e-03 -6.443764e-03 -1.212609e-02 -1.455561e-02 -3.473170e-03
<VARIANCE> 39
 1.116048e+01 1.512329e+01 2.566014e+01 2.060950e+01 4.098551e+01 3.167240e+01 5.646767e+01 4.705819e+01 7.175952e+01 6.711794e+01 4.988436e+01 5.274150e+01 1.470251e+01 5.260983e-02 1.425385e-01 2.306189e-01 3.100765e-01 3.630120e-01 3.648358e-01 4.362306e-01 5.072010e-01 4.787393e-01 4.977491e-01 4.713367e-01 4.770241e-01 1.911907e-02 1.000000e-02 2.610425e-02 4.246932e-02 5.890085e-02 6.918234e-02 6.894618e-02 8.627172e-02 1.001462e-01 9.313001e-02 9.774065e-02 9.319378e-02 9.392065e-02 1.000000e-02
<GCONST> 6.084717e+01
<MIXTURE> 6 1.555619e-01
<MEAN> 39
 5.256861e+00 1.757146e+00 -3.675645e+00 -2.849709e+00 1.012786e+00 -2.911124e+00 -1.066683e+01 -3.259108e+00 3.289615e+00 1.677346e+00 -6.970367e+00 -4.104946e+00 2.740108e+00 6.342773e-02 1.254393e-01 -1.423785e-01 -1.545714e-01 1.191552e-01 2.532100e-01 -2.068977e-02 -2.713990e-01 -1.238241e-01 1.488075e-01 1.825712e-01 -9.644615e-02 -8.692235e-02 8.494142e-03 3.299775e-02 8.613201e-02 6.223652e-02 -2.416225e-02 4.518777e-02 1.536896e-01 7.926627e-02 -3.960200e-02 -1.692418e-02 1.288881e-01 1.121814e-01 4.865438e-03
<VARIANCE> 39
 1.180752e+01 1.220470e+01 2.131038e+01 2.588165e+01 3.209856e+01 3.580399e+01 3.960802e+01 3.942941e+01 4.581900e+01 5.149290e+01 4.687987e+01 4.549484e+01 8.819984e+00 1.089165e-01 2.832755e-01 4.406692e-01 6.412792e-01 7.955712e-01 1.034878e+00 1.070572e+00 1.183657e+00 1.281437e+00 1.149032e+00 1.150242e+00 1.044573e+00 6.196932e-02 1.862179e-02 4.736834e-02 7.468507e-02 1.090857e-01 1.523837e-01 1.734749e-01 1.844655e-01 2.019741e-01 2.302004e-01 2.147636e-01 1.880042e-01 1.774412e-01 1.000000e-02
<GCONST> 7.827986e+01
<MIXTURE> 7 7.401571e-02
<MEAN> 39
 3.780140e+00 9.063786e-01 -5.408823e+00 -3.461018e+00 -1.169493e-01 1.143664e+00 4.094419e+00 1.487821e+01 2.188521e+01 1.782681e+01 4.215085e+00 -1.084773e+01 3.964933e+00 4.922946e-03 5.974938e-03 -2.433208e-02 6.024495e-03 8.982508e-03 -7.950170e-04 -2.329583e-03 -2.454124e-03 5.969007e-03 -1.773494e-02 -9.874980e-03 8.746516e-05 -2.177100e-02 -4.876370e-03 -4.816192e-03 -4.111590e-03 -6.787362e-03 -3.056037e-03 -7.567140e-03 -1.882495e-02 -3.803306e-02 -4.394453e-02 -2.331695e-02 3.505566e-02 8.006448e-02 -3.190344e-03
<VARIANCE> 39
 1.362991e+01 1.678950e+01 3.085047e+01 2.717520e+01 4.422366e+01 4.577931e+01 5.154550e+01 5.340179e+01 4.613022e+01 5.870857e+01 9.411713e+01 1.123821e+02 2.123983e+01 1.347172e-01 3.413256e-01 4.780014e-01 5.426090e-01 6.343519e-01 6.941535e-01 8.654991e-01 8.569552e-01 9.427480e-01 9.822960e-01 1.163931e+00 1.409188e+00 6.216942e-02 2.325254e-02 6.138568e-02 8.658166e-02 9.828934e-02 1.153132e-01 1.268058e-01 1.549611e-01 1.554415e-01 1.707784e-01 1.740871e-01 1.941221e-01 2.047028e-01 1.000000e-02
<GCONST> 8.107761e+01
<MIXTURE> 8 1.197239e-01
<MEAN> 39
 4.510463e+00 1.764348e+00 -7.416965e-01 5.419574e-01 -1.654569e+00 -5.096367e+00 -5.404109e+00 -1.243644e+00 2.103929e+00 1.557316e+00 -3.000005e+00 -9.409251e-01 3.342877e+00 1.840432e-02 2.035903e-02 -4.624312e-02 -3.810072e-02 5.565992e-02 6.041127e-02 -3.874793e-02 -5.968791e-02 5.397239e-03 6.811914e-02 7.130709e-03 -5.010975e-02 -2.123308e-02 -1.609798e-03 -1.737977e-03 -1.725341e-04 -2.235305e-02 -5.571015e-03 2.698497e-02 -1.562553e-02 -1.764551e-02 -8.536174e-03 -2.143830e-03 9.061728e-03 2.553204e-03 -3.607505e-03
<VARIANCE> 39
 1.028598e+01 1.056597e+01 1.592051e+01 1.686180e+01 1.856823e+01 2.278078e+01 4.575297e+01 3.461231e+01 3.866303e+01 4.565620e+01 4.306295e+01 3.954818e+01 8.206828e+00 3.450016e-02 8.849216e-02 1.607426e-01 2.207754e-01 2.972228e-01 3.803008e-01 4.090354e-01 4.680189e-01 4.676074e-01 4.751319e-01 4.709888e-01 4.223196e-01 1.670634e-02 1.000000e-02 1.605417e-02 2.954604e-02 4.049634e-02 5.404164e-02 6.643355e-02 7.623141e-02 8.504212e-02 8.862050e-02 8.983424e-02 8.655278e-02 7.815534e-02 1.000000e-02
<GCONST> 5.165181e+01
<STATE> 4
<NUMMIXES> 8
<MIXTURE> 1 1.481286e-01
<MEAN> 39
 7.026318e+00 6.510995e+00 -4.019149e+00 -7.070660e+00 5.387789e-02 6.540288e+00 -4.251513e+00 -7.728463e+00 -5.262377e+00 9.151945e-01 3.062275e+00 1.175335e+00 1.209265e+00 1.794752e-02 3.311992e-02 2.546751e-03 -3.453701e-02 -3.090009e-02 5.592969e-03 9.145252e-02 6.174979e-02 -5.410131e-02 -1.098922e-01 -1.865834e-02 4.303952e-02 -5.312802e-02 -3.972730e-02 -7.443946e-02 -5.612699e-02 1.600398e-02 -5.600196e-02 -1.858186e-01 -1.229234e-01 -4.008113e-02 1.787938e-03 -2.645859e-02 -1.241456e-01 -9.630431e-02 -6.783203e-03
<VARIANCE> 39
 1.016810e+01 1.731625e+01 2.192353e+01 2.649281e+01 3.427539e+01 2.861089e+01 4.646413e+01 4.835811e+01 4.974847e+01 5.924421e+01 5.020672e+01 5.912852e+01 1.380999e+01 9.255464e-02 2.481442e-01 3.688741e-01 5.529684e-01 7.000556e-01 8.379253e-01 9.457087e-01 9.835371e-01 1.078710e+00 1.060550e+00 9.973420e-01 9.237486e-01 5.688168e-02 1.340456e-02 3.812257e-02 5.949738e-02 9.409953e-02 1.195885e-01 1.297944e-01 1.544183e-01 1.766229e-01 1.915576e-01 1.821089e-01 1.662169e-01 1.574911e-01 1.000000e-02
<GCONST> 7.550905e+01
<MIXTURE> 2 5.152516e-02
<MEAN> 39
 2.899677e+00 3.799671e+00 2.562727e+00 1.807549e+00 -2.400838e+00 -3.912260e+00 -4.266361e+00 -3.874112e+00 -1.719627e+00 3.461423e-01 -6.999189e-01 -6.032859e-02 -8.762823e-01 -2.066981e-01 6.911889e-01 -7.570696e-02 5.453833e-01 5.876908e-01 2.050578e-01 2.727250e-01 -4.050307e-01 -9.462688e-02 -3.446654e-01 -4.037662e-02 -3.297630e-01 -7.088866e-01 -1.667051e-01 -3.741159e-02 4.277128e-02 4.862580e-03 1.120946e-02 6.115156e-02 1.442675e-01 1.278882e-01 1.768667e-02 2.724515e-02 2.594911e-02 2.196175e-02 -2.552671e-02
<VARIANCE> 39
 2.464037e+01 3.108670e+01 4.539014e+01 3.834223e+01 5.013659e+01 4.653322e+01 5.481348e+01 5.285716e+01 5.040962e+01 4.989162e+01 5.955921e+01 5.968859e+01 3.872668e+01 1.063446e+00 1.607214e+00 1.691284e+00 2.300109e+00 2.898765e+00 2.821317e+00 3.058596e+00 3.078389e+00 3.072438e+00 3.013347e+00 2.866821e+00 2.885416e+00 1.585341e+00 1.856251e-01 2.024195e-01 2.686844e-01 3.220053e-01 3.912849e-01 4.520890e-01 4.839953e-01 4.955297e-01 4.517707e-01 4.754151e-01 4.438117e-01 4.161235e-01 1.308719e-01
<GCONST> 1.180572e+02
<MIXTURE> 3 1.954471e-01
<MEAN> 39
 7.212722e+00 7.271456e+00 -1.181232e+00 -1.010342e+00 -2.093305e-02 2.197683e+00 -5.585985e+00 -7.749317e+00 -3.898971e+00 2.747390e+00 2.062604e+00 3.861044e-01 -1.025099e+00 9.787134e-03 8.169415e-04 -8.479344e-03 -1.936971e-02 7.727121e-04 3.215413e-02 1.680445e-02 -1.594935e-02 -1.935034e-02 -1.679173e-03 1.022549e-02 1.299835e-02 -1.889320e-02 -8.108411e-03 -3.166873e-03 1.504961e-03 -1.080511e-02 -1.505738e-02 -1.919579e-02 -6.038289e-03 -1.057381e-03 -1.177931e-03 -1.340610e-02 -1.075534e-02 -7.941312e-03 -3.531847e-03
<VARIANCE> 39
 6.322569e+00 1.157330e+01 2.021206e+01 2.904953e+01 2.443530e+01 3.153767e+01 3.978679e+01 3.648443e+01 4.453659e+01 4.582611e+01 5.415866e+01 5.020902e+01 1.080745e+01 3.241878e-02 9.929392e-02 1.588673e-01 2.440177e-01 3.183157e-01 3.944130e-01 4.518738e-01 4.821285e-01 5.198257e-01 5.250493e-01 4.948404e-01 4.676890e-01 1.917848e-02 1.000000e-02 1.926904e-02 3.065979e-02 4.804341e-02 6.480628e-02 7.699032e-02 8.876631e-02 9.750617e-02 1.035500e-01 1.051086e-01 9.757860e-02 9.326494e-02 1.000000e-02
<GCONST> 5.592870e+01
<MIXTURE> 4 1.735116e-01
<MEAN> 39
 4.283135e+00 5.452033e+00 2.912603e+00 2.267855e+00 -2.218463e+00 -2.915802e+00 -3.157406e+00 -3.766886e+00 -2.554149e+00 3.000891e-01 8.226763e-01 9.680142e-01 -1.799026e+00 -8.812601e-03 3.269899e-03 1.275038e-02 1.397269e-02 2.003670e-02 1.030117e-02 3.358377e-03 -1.226361e-02 -1.099806e-02 -1.622471e-02 4.219776e-03 -2.766990e-02 -5.050559e-02 -3.287902e-03 -1.131841e-02 -5.664980e-02 -4.232439e-02 2.724289e-02 2.937566e-02 -5.631366e-02 -7.235821e-02 7.619150e-06 3.162468e-02 -1.713554e-02 -4.064578e-02 -5.143335e-04
<VARIANCE> 39
 4.929389e+00 8.824656e+00 1.486379e+01 1.964478e+01 2.238051e+01 2.414763e+01 3.227786e+01 2.214860e+01 2.700629e+01 2.981496e+01 3.377050e+01 3.422992e+01 6.085379e+00 8.721358e-02 2.044484e-01 3.735253e-01 5.154454e-01 6.742006e-01 8.112462e-01 9.194408e-01 9.969169e-01 1.053395e+00 1.024588e+00 9.998536e-01 9.230927e-01 5.206655e-02 1.437750e-02 3.690036e-02 6.352265e-02 9.119708e-02 1.255852e-01 1.471241e-01 1.683335e-01 1.812237e-01 1.950785e-01 1.876004e-01 1.860698e-01 1.686144e-01 1.000000e-02
<GCONST> 6.866845e+01
<MIXTURE> 5 7.639897e-02
<MEAN> 39
 8.095052e+00 6.685310e+00 -6.517182e+00 -4.462983e+00 -1.037933e+00 -9.491808e-01 -7.738269e+00 -2.614280e+00 7.447594e+00 1.417709e+01 1.360738e+01 1.355294e+01 -2.785029e+00 -5.036747e-03 -1.271383e-02 -8.871892e-03 9.978171e-03 -6.535403e-03 -9.944285e-03 -1.491040e-02 -1.048174e-02 2.056499e-02 6.042196e-03 -1.402296e-02 -3.043666e-02 -2.878235e-02 -1.216222e-02 -4.557753e-03 1.332697e-02 -1.185176e-02 -4.910355e-03 1.737030e-02 1.563154e-03 -1.983783e-02 -2.870569e-02 -2.077730e-02 -2.232548e-02 -4.280783e-02 -2.827559e-04
<VARIANCE> 39
 7.016938e+00 9.991967e+00 1.921032e+01 1.633760e+01 2.699546e+01 3.346928e+01 4.355861e+01 6.624150e+01 7.674395e+01 5.937896e+01 6.366041e+01 4.848431e+01 1.186914e+01 1.113860e-01 3.041377e-01 4.454672e-01 5.800917e-01 6.918911e-01 7.146395e-01 7.544156e-01 9.102726e-01 9.245102e-01 8.707083e-01 9.166915e-01 8.718467e-01 5.407755e-02 1.945590e-02 5.593532e-02 8.464684e-02 1.083049e-01 1.302015e-01 1.351797e-01 1.482009e-01 1.725243e-01 1.766125e-01 1.678497e-01 1.743586e-01 1.609414e-01 1.000000e-02
<GCONST> 7.528786e+01
<MIXTURE> 6 1.475177e-01
<MEAN> 39
 7.799686e+00 8.824925e+00 -1.155551e+00 1.847376e+00 1.087150e+00 -1.940385e+00 -8.506714e+00 -8.614645e+00 -1.695518e+00 4.228412e+00 -1.654820e+00 -3.503263e+00 -3.012657e+00 1.002831e-02 8.836268e-02 -1.918256e-02 -4.597238e-02 2.037255e-02 1.232331e-01 9.898406e-02 -8.787369e-02 -1.367393e-01 -2.512481e-02 9.831214e-02 3.969102e-02 -9.922784e-02 -3.935634e-02 -5.259093e-02 2.925208e-02 -5.323329e-02 -8.795548e-02 -1.610843e-02 3.786250e-02 5.584238e-02 -7.756037e-02 -1.427638e-01 -4.294614e-03 5.941431e-02 1.184744e-02
<VARIANCE> 39
 5.742588e+00 1.242025e+01 2.166549e+01 2.428541e+01 2.614685e+01 3.066237e+01 4.025961e+01 3.895545e+01 4.996435e+01 4.340911e+01 6.023486e+01 4.524434e+01 1.341405e+01 1.007067e-01 2.658099e-01 4.554958e-01 6.521984e-01 7.850564e-01 9.684212e-01 1.111365e+00 1.236969e+00 1.264846e+00 1.261206e+00 1.230681e+00 1.091698e+00 8.320159e-02 1.422994e-02 4.032569e-02 7.210079e-02 1.018772e-01 1.279827e-01 1.576027e-01 1.915052e-01 2.134274e-01 2.135291e-01 2.120303e-01 2.137525e-01 1.854568e-01 1.000000e-02
<GCONST> 7.752313e+01
<MIXTURE> 7 1.075887e-01
<MEAN> 39
 6.388866e+00 3.803340e+00 -5.436236e+00 -6.527238e+00 2.401495e+00 3.635694e+00 -8.108912e+00 -7.011456e+00 -1.613654e+00 5.974038e+00 3.944373e+00 2.123414e+00 1.565282e+00 1.208912e-01 2.849513e-01 -1.044919e-01 -2.723923e-01 -1.276341e-01 3.332798e-01 4.150479e-01 -1.871108e-01 -5.378044e-01 -3.446955e-01 2.864577e-01 2.317598e-01 -2.070654e-01 -4.057166e-02 -2.411610e-02 9.127555e-02 1.385569e-01 -1.287607e-01 -2.160199e-01 5.553146e-02 1.563730e-01 7.774647e-02 -1.553431e-01 -1.787165e-01 -3.728069e-02 -2.235698e-02
<VARIANCE> 39
 1.295187e+01 2.111898e+01 2.587026e+01 3.739529e+01 4.074747e+01 4.906115e+01 5.498345e+01 6.742615e+01 8.184035e+01 7.288707e+01 9.011275e+01 9.553027e+01 1.635723e+01 2.986704e-01 6.381663e-01 8.943588e-01 1.334391e+00 1.462010e+00 1.942473e+00 2.055295e+00 2.191274e+00 2.482757e+00 2.449731e+00 2.496396e+00 2.331776e+00 2.227980e-01 4.797341e-02 9.864251e-02 1.578565e-01 2.194254e-01 2.626691e-01 3.385894e-01 3.407202e-01 4.235573e-01 4.158858e-01 4.313818e-01 4.238828e-01 3.748022e-01 2.976348e-02
<GCONST> 1.035199e+02
<MIXTURE> 8 9.988218e-02
<MEAN> 39
 5.483798e+00 4.604008e+00 -4.954312e+00 -5.941984e+00 -1.864952e+00 -2.164759e-01 -7.683457e+00 -7.802557e+00 -4.940116e+00 -1.007055e+00 -2.988147e+00 -3.608905e+00 -2.733535e-01 5.874472e-03 2.386396e-02 1.120648e-02 -2.123502e-02 -5.734050e-03 2.612553e-02 4.583761e-02 1.040311e-02 -3.000898e-02 -5.295086e-02 2.055482e-02 1.196921e-02 -4.074309e-02 9.046359e-02 1.384064e-01 1.964972e-01 2.221362e-01 2.196857e-01 2.258586e-01 2.398004e-01 2.136172e-01 2.177458e-01 2.078162e-01 2.025551e-01 1.825957e-01 2.411912e-02
<VARIANCE> 39
 8.262210e+00 1.403025e+01 2.194109e+01 3.007108e+01 3.167731e+01 4.036164e+01 3.912028e+01 4.353659e+01 4.261515e+01 4.947537e+01 4.914303e+01 6.297178e+01 1.287296e+01 9.062230e-02 2.314966e-01 3.902740e-01 5.320954e-01 6.865089e-01 8.238880e-01 8.994232e-01 9.771890e-01 1.016235e+00 1.045835e+00 9.647694e-01 9.222696e-01 4.959524e-02 1.227402e-02 3.426397e-02 5.911125e-02 8.309189e-02 1.103491e-01 1.283921e-01 1.412330e-01 1.658795e-01 1.719797e-01 1.717094e-01 1.642791e-01 1.552397e-01 1.000000e-02
<GCONST> 7.367010e+01
<STATE> 5
<NUMMIXES> 8
<MIXTURE> 1 7.232565e-02
<MEAN> 39
 6.526115e-01 -3.904722e+00 -2.952188e+00 -2.880780e+00 3.094317e+00 8.928548e-01 -1.107357e+00 1.192164e+00 3.655247e+00 8.171530e+00 1.363075e+01 1.194046e+01 5.124505e+00 -1.616715e-02 -3.560772e-02 3.738977e-03 6.203802e-02 -1.227401e-02 -5.602735e-02 3.551067e-02 6.861512e-02 1.019163e-02 -4.215473e-02 -5.257665e-02 -4.813971e-02 -2.425439e-02 1.317783e-02 2.352924e-02 -8.370409e-03 -1.794423e-02 -2.694198e-02 -2.835813e-02 -3.127749e-02 -1.164975e-02 4.382654e-03 -1.143304e-02 -4.809076e-02 -2.755599e-02 -2.139029e-02
<VARIANCE> 39
 1.389301e+01 2.766012e+01 3.414056e+01 3.627693e+01 7.181396e+01 7.148090e+01 7.410624e+01 5.285913e+01 6.774421e+01 8.742040e+01 1.103197e+02 7.661861e+01 1.910481e+01 2.012485e-01 4.707926e-01 6.747808e-01 8.270609e-01 9.653996e-01 9.646581e-01 1.116566e+00 1.207315e+00 1.225929e+00 1.269762e+00 1.359810e+00 1.166565e+00 9.357697e-02 3.511282e-02 8.225620e-02 1.207225e-01 1.528112e-01 1.606588e-01 1.694186e-01 1.988405e-01 2.067417e-01 2.178897e-01 2.111537e-01 2.216566e-01 1.974066e-01 1.336802e-02
<GCONST> 9.090990e+01
<MIXTURE> 2 1.610212e-01
<MEAN> 39
 5.068628e-01 6.320760e+00 3.647517e+00 5.995030e+00 2.037504e+00 -1.123170e+00 -1.923076e+00 -5.212789e+00 -3.314497e+00 -1.937157e+00 -2.349831e+00 -2.970895e+00 -7.287202e+00 -1.140991e+00 -4.230430e-01 -1.078049e-01 4.256729e-01 7.301710e-01 5.438612e-01 8.315627e-01 5.826879e-01 4.535365e-01 2.282059e-01 2.785269e-01 1.098302e-01 -8.692089e-01 1.636122e-03 -2.450932e-01 -2.428947e-01 -3.664318e-01 -2.297628e-01 -4.984817e-02 -5.197006e-02 1.331009e-01 1.533098e-01 1.633344e-01 1.175745e-01 1.495157e-01 2.330385e-01
<VARIANCE> 39
 2.439248e+01 2.637523e+01 3.177396e+01 2.615634e+01 4.344605e+01 4.169523e+01 4.078977e+01 3.991950e+01 3.837616e+01 3.976778e+01 3.726642e+01 3.975267e+01 3.452354e+01 1.242650e+00 1.552678e+00 1.605557e+00 1.903260e+00 2.252262e+00 2.392039e+00 2.480457e+00 2.571530e+00 2.552691e+00 2.532029e+00 2.416376e+00 2.259769e+00 1.067849e+00 1.654979e-01 2.203177e-01 2.348236e-01 2.785759e-01 3.963290e-01 4.064857e-01 4.426398e-01 4.486389e-01 4.501438e-01 4.542011e-01 4.114276e-01 3.951998e-01 1.369283e-01
<GCONST> 1.120045e+02
<MIXTURE> 3 1.541933e-01
<MEAN> 39
 7.966111e+00 8.535930e+00 -2.544180e+00 -5.076853e+00 -2.775306e+00 3.516856e+00 -1.024157e+00 -7.657704e+00 -8.509191e+00 -3.528355e+00 1.212825e+00 1.315163e+00 -2.318769e+00 -6.540805e-02 2.729449e-02 1.230961e-01 1.837391e-01 6.721081e-02 -8.009492e-02 1.024250e-01 6.804761e-02 1.199268e-01 -5.794496e-02 -1.828383e-01 -1.752044e-01 -2.461876e-01 -9.833831e-02 -1.466735e-01 5.500687e-02 2.007448e-01 1.899378e-01 -1.302397e-01 -2.467351e-01 3.151203e-02 2.907470e-01 2.397745e-01 -7.356907e-02 -1.781018e-01 2.736151e-02
<VARIANCE> 39
 1.142418e+01 2.264515e+01 2.784314e+01 4.404734e+01 4.028650e+01 4.365198e+01 4.442129e+01 5.394881e+01 5.034256e+01 5.805491e+01 5.906318e+01 5.803227e+01 2.191105e+01 2.963364e-01 6.410298e-01 9.708675e-01 1.465444e+00 1.704864e+00 1.790988e+00 2.182111e+00 2.177697e+00 2.315182e+00 2.519993e+00 2.213773e+00 2.057690e+00 3.559576e-01 4.973331e-02 1.025621e-01 1.535611e-01 2.131756e-01 2.691087e-01 3.171381e-01 3.470013e-01 3.836787e-01 4.155896e-01 3.774994e-01 3.920698e-01 3.575111e-01 4.384575e-02
<GCONST> 1.022998e+02
<MIXTURE> 4 2.240350e-01
<MEAN> 39
 2.615692e+00 7.375624e+00 3.404355e+00 5.491467e+00 1.642635e+00 1.901873e-01 -8.881215e-01 -6.216659e+00 -4.431411e+00 -3.345502e+00 -2.685670e+00 -2.479580e+00 -9.411536e+00 -1.583544e-01 -5.999117e-02 6.027613e-02 1.326617e-01 1.464567e-01 9.218462e-02 1.082932e-01 8.367703e-02 6.019291e-02 4.708666e-03 -2.041527e-02 -2.054550e-02 -1.924037e-01 -4.635698e-03 -2.351862e-02 -3.245667e-02 -4.338589e-02 -1.399915e-02 6.239428e-03 2.823072e-03 3.336170e-02 2.688680e-02 2.655861e-02 2.545689e-02 2.391641e-02 2.150369e-02
<VARIANCE> 39
 2.176350e+01 2.689796e+01 2.517312e+01 2.545942e+01 4.218137e+01 4.643328e+01 4.530173e+01 4.177909e+01 4.136143e+01 3.921773e+01 4.759955e+01 4.543510e+01 3.909324e+01 2.148286e-01 3.349355e-01 5.040865e-01 7.098157e-01 9.571581e-01 1.096873e+00 1.259707e+00 1.345770e+00 1.348258e+00 1.374768e+00 1.328450e+00 1.211772e+00 1.324741e-01 3.070242e-02 5.688002e-02 8.863951e-02 1.281913e-01 1.795087e-01 2.139358e-01 2.431349e-01 2.571996e-01 2.596633e-01 2.605278e-01 2.559893e-01 2.340493e-01 1.515125e-02
<GCONST> 8.780627e+01
<MIXTURE> 5 1.054593e-01
<MEAN> 39
 3.707757e+00 1.625507e+00 -4.804087e-03 1.157147e+00 -1.483364e+00 -5.460301e+00 -6.523953e+00 -2.922483e-02 1.467363e+00 -2.432756e+00 -5.307825e+00 -1.336953e+00 1.105772e+00 -4.435816e-01 -1.357820e-01 7.745117e-01 5.506069e-01 -5.457455e-01 -3.903294e-01 9.381310e-01 4.593171e-01 -6.165734e-01 -8.351739e-01 1.875977e-01 4.647729e-01 -8.874212e-02 -1.947533e-02 1.233762e-01 2.858232e-02 -9.222347e-02 5.112940e-02 3.261583e-01 1.754341e-01 -3.543583e-01 -3.066611e-01 2.439965e-01 3.338291e-01 -4.603497e-02 -7.711118e-02
<VARIANCE> 39
 1.258067e+01 2.202792e+01 3.322040e+01 3.633841e+01 4.730490e+01 4.030787e+01 4.635527e+01 4.398404e+01 4.908578e+01 5.204863e+01 5.019187e+01 5.419991e+01 2.583353e+01 3.492492e-01 7.076259e-01 1.218032e+00 1.316994e+00 2.250807e+00 2.170310e+00 2.473197e+00 2.744325e+00 2.612926e+00 2.620592e+00 2.445377e+00 2.152629e+00 3.689106e-01 5.554964e-02 1.067401e-01 1.585688e-01 2.196980e-01 3.048173e-01 3.066984e-01 3.742324e-01 3.852119e-01 4.293159e-01 3.956391e-01 3.728949e-01 3.762104e-01 4.284180e-02
<GCONST> 1.040617e+02
<MIXTURE> 6 8.809577e-02
<MEAN> 39
 2.479242e+00 6.853222e-01 -5.119214e+00 -3.986264e+00 7.975246e-01 -1.280295e+00 -4.121226e+00 -4.107777e-03 6.774564e+00 1.060488e+01 1.140756e+01 8.965422e+00 1.885716e-02 -3.816013e-01 -8.935297e-02 1.621387e-01 3.624775e-01 -1.862725e-01 -2.224505e-01 3.460024e-01 2.489201e-02 -2.538855e-01 -6.540427e-01 -6.623600e-01 -6.328067e-01 -4.665923e-01 -5.851340e-02 2.716119e-02 1.026246e-01 1.472502e-01 5.890808e-02 5.751899e-02 5.031468e-02 -8.064104e-02 -1.629434e-01 -2.578102e-01 -3.344523e-01 -2.661244e-01 -3.949526e-02
<VARIANCE> 39
 2.097024e+01 2.702910e+01 3.478573e+01 4.098693e+01 5.510016e+01 5.761948e+01 6.302285e+01 7.012801e+01 8.731856e+01 7.580096e+01 7.715648e+01 8.740015e+01 4.749271e+01 1.109140e+00 1.412275e+00 1.807990e+00 2.256057e+00 2.708107e+00 3.259173e+00 3.269784e+00 3.564056e+00 4.540281e+00 4.736290e+00 4.486283e+00 4.738057e+00 1.217356e+00 1.651074e-01 2.148832e-01 3.010553e-01 3.677431e-01 4.207015e-01 5.192612e-01 5.257244e-01 5.878975e-01 7.073529e-01 7.243814e-01 6.701913e-01 7.320788e-01 1.649480e-01
<GCONST> 1.246028e+02
<MIXTURE> 7 9.109470e-02
<MEAN> 39
 6.197755e+00 3.572783e+00 -4.733808e+00 -3.307927e+00 2.324551e+00 1.985671e+00 -8.879267e+00 -7.322831e+00 -3.678855e-01 4.877526e+00 1.727712e-01 -3.286226e+00 6.373967e-01 -4.639532e-01 -6.745884e-01 3.532130e-01 8.398533e-01 1.602357e-01 -9.341459e-01 -2.506315e-01 1.006483e+00 1.096081e+00 -4.070984e-01 -1.099022e+00 -4.511581e-01 1.534363e-01 -1.323193e-01 -3.574672e-02 2.434130e-01 1.686484e-01 -1.886737e-01 -2.145368e-01 3.617425e-01 3.486362e-01 -1.144728e-01 -4.644983e-01 -1.352889e-01 2.993383e-01 -2.014293e-02
<VARIANCE> 39
 1.135921e+01 2.057658e+01 2.923461e+01 4.051557e+01 3.604004e+01 3.971305e+01 4.249538e+01 4.639493e+01 5.269883e+01 4.510876e+01 5.780263e+01 5.191768e+01 2.659521e+01 3.359240e-01 8.453515e-01 1.123242e+00 1.604240e+00 1.985602e+00 2.314235e+00 2.468425e+00 2.915348e+00 3.080580e+00 3.183443e+00 2.567885e+00 2.629943e+00 5.672905e-01 5.358467e-02 1.121321e-01 1.538881e-01 2.143702e-01 2.987649e-01 3.260138e-01 3.652013e-01 4.051732e-01 4.800340e-01 3.817257e-01 4.406213e-01 3.600251e-01 4.904775e-02
<GCONST> 1.052583e+02
<MIXTURE> 8 1.037750e-01
<MEAN> 39
 4.497333e+00 4.837578e+00 9.130047e-02 -6.520641e-01 -4.402072e-01 -1.697900e+00 -4.908227e+00 -6.202729e+00 -3.067945e+00 -8.490620e-01 -2.288174e+00 -1.771309e+00 -2.084245e+00 -7.864738e-01 3.919145e-01 3.030862e-01 1.005052e+00 4.513087e-01 -1.082817e-01 7.800630e-01 1.230508e-01 2.009078e-01 -5.666398e-01 -1.621553e-01 -4.167926e-01 -8.742386e-01 -2.855412e-01 -1.715538e-01 2.708078e-03 1.999176e-02 5.603671e-02 7.148355e-02 9.156421e-02 2.756044e-01 2.038828e-01 2.409807e-01 1.624842e-01 1.440265e-01 6.685264e-02
<VARIANCE> 39
 3.026371e+01 3.456259e+01 5.750700e+01 6.370252e+01 6.077232e+01 7.124268e+01 6.737188e+01 6.873884e+01 7.742732e+01 6.765697e+01 6.940498e+01 6.935378e+01 3.784286e+01 2.436751e+00 2.823672e+00 3.021158e+00 3.973634e+00 4.497024e+00 4.584121e+00 4.832160e+00 5.207980e+00 5.177492e+00 5.560624e+00 5.003254e+00 5.060849e+00 2.787064e+00 2.828258e-01 4.349396e-01 4.145406e-01 6.495945e-01 6.815807e-01 8.029394e-01 8.144174e-01 8.747274e-01 9.329230e-01 8.592141e-01 8.203170e-01 7.872348e-01 3.282478e-01
<GCONST> 1.364866e+02
<TRANSP> 6
 0.000000e+00 1.000000e+00 0.000000e+00 0.000000e+00 0.000000e+00 0.000000e+00
 0.000000e+00 8.843924e-01 1.156076e-01 0.000000e+00 0.000000e+00 0.000000e+00
 0.000000e+00 0.000000e+00 9.106846e-01 8.931543e-02 0.000000e+00 0.000000e+00
 0.000000e+00 0.000000e+00 0.000000e+00 9.238134e-01 7.618660e-02 0.000000e+00
 0.000000e+00 0.000000e+00 0.000000e+00 0.000000e+00 8.413416e-01 1.586584e-01
 0.000000e+00 0.000000e+00 0.000000e+00 0.000000e+00 0.000000e+00 0.000000e+00
<ENDHMM>
