~o
<STREAMINFO> 1 39
<VECSIZE> 39<NULLD><MFCC_D_A_Z_0><DIAGC>
~h "aa"
<BEGINHMM>
<NUMSTATES> 6
<STATE> 2
<NUMMIXES> 4
<MIXTURE> 1 1.852479e-01
<MEAN> 39
 1.634370e+00 -5.648807e+00 -3.440688e+00 7.152960e-01 -6.526961e-01 5.785002e+00 -1.748658e+00 -6.314274e+00 2.871240e+00 5.169672e+00 1.316261e+01 1.305376e+01 1.037942e+01 -7.400288e-02 -2.286405e-01 7.228473e-03 4.903360e-01 2.210484e-01 1.985514e-01 -5.555629e-02 3.931649e-02 -4.845520e-02 -1.225305e-02 9.758454e-02 -1.299793e-02 1.525232e-01 5.853391e-02 1.288191e-01 2.334741e-02 -7.269860e-02 -1.186316e-01 -2.007331e-01 9.256446e-02 1.688057e-01 -3.081902e-02 -9.730317e-02 -2.718796e-01 -2.510693e-01 -1.363020e-01
<VARIANCE> 39
 1.523463e+01 3.426286e+01 2.503730e+01 7.183318e+01 6.182957e+01 6.912898e+01 6.584601e+01 6.325774e+01 6.573021e+01 9.071154e+01 7.655770e+01 1.121757e+02 2.029346e+01 5.264283e-01 1.008407e+00 1.226075e+00 2.070494e+00 2.007903e+00 2.581484e+00 2.531384e+00 2.512518e+00 2.651344e+00 2.813554e+00 2.988105e+00 3.876739e+00 3.096832e-01 7.755448e-02 1.547196e-01 2.067161e-01 2.775395e-01 3.444997e-01 4.485714e-01 4.280528e-01 4.013671e-01 4.296694e-01 4.662879e-01 4.742056e-01 6.289788e-01 6.290713e-02
<GCONST> 1.134735e+02
<MIXTURE> 2 1.939793e-01
<MEAN> 39
 3.450291e+00 -3.025516e+00 -2.915002e+00 -3.554603e+00 -5.499845e-01 3.104561e+00 3.836087e-01 -6.243962e+00 -3.570073e+00 -7.148961e+00 -5.630547e+00 -3.090491e+00 8.080573e+00 -1.092600e-01 -2.620591e-01 -1.319132e-01 2.324918e-01 3.688104e-01 2.622179e-01 -1.200874e-01 -3.090658e-01 4.833334e-02 1.523755e-01 9.508644e-02 -1.328190e-01 2.426529e-01 -1.092789e-02 1.405352e-01 1.288016e-01 1.336991e-01 -4.623845e-02 -1.188905e-01 2.346145e-02 1.581307e-01 8.224939e-02 1.317565e-01 1.624828e-01 1.081211e-01 -1.718465e-01
<VARIANCE> 39
 2.241893e+01 4.961008e+01 2.951441e+01 6.388939e+01 7.101205e+01 6.458623e+01 6.982650e+01 6.515419e+01 5.318001e+01 4.883786e+01 4.194745e+01 5.320381e+01 3.852917e+01 4.872270e-01 9.547859e-01 1.023333e+00 1.883281e+00 2.150663e+00 2.650305e+00 2.717671e+00 2.631280e+00 2.290757e+00 2.603635e+00 2.324813e+00 2.512714e+00 4.913573e-01 9.736863e-02 1.421728e-01 1.992866e-01 2.994227e-01 4.145105e-01 4.538841e-01 4.763948e-01 4.983637e-01 4.260130e-01 4.635801e-01 3.990628e-01 4.106473e-01 1.035360e-01
<GCONST> 1.128438e+02
<MIXTURE> 3 4.976217e-01
<MEAN> 39
 1.778593e+00 -7.336602e+00 -1.452136e+00 2.880840e+00 7.441764e-01 6.668461e+00 -3.023285e+00 -9.240891e+00 1.439402e+00 -9.452538e-01 2.974864e+00 4.797477e+00 1.057833e+01 1.937692e-02 4.997872e-03 -5.142009e-03 2.987899e-02 1.038588e-02 -1.692482e-02 -2.151407e-02 -5.421375e-03 2.663404e-03 3.355450e-02 4.190440e-02 -7.817212e-03 -4.015893e-02 5.366910e-03 9.093065e-03 -3.925687e-02 -7.273611e-02 -3.872259e-02 -2.973464e-02 1.582881e-03 3.311833e-03 -3.546127e-02 -2.129963e-02 8.717554e-03 1.450563e-02 -2.706506e-02
<VARIANCE> 39
 1.321166e+01 1.761479e+01 1.541970e+01 4.551262e+01 6.067894e+01 4.245316e+01 5.795060e+01 4.534166e+01 4.349060e+01 5.624707e+01 9.372738e+01 1.430643e+02 2.012941e+01 1.786861e-01 3.525677e-01 4.587701e-01 7.553189e-01 8.385962e-01 9.235290e-01 9.999440e-01 9.869426e-01 1.030898e+00 1.014209e+00 1.082585e+00 1.052848e+00 6.914905e-02 3.057641e-02 5.804698e-02 8.158603e-02 1.158620e-01 1.399094e-01 1.588591e-01 1.732412e-01 1.749248e-01 1.748425e-01 1.694945e-01 1.882186e-01 1.869285e-01 1.074880e-02
<GCONST> 8.342994e+01
<MIXTURE> 4 1.231511e-01
<MEAN> 39
 2.923861e+00 -3.158088e+00 -3.969161e+00 -3.827867e+00 -2.253804e+00 3.696134e+00 3.571668e+00 1.835005e+00 5.397601e+00 1.877668e+00 1.491706e+00 -3.161448e+00 8.456614e+00 -1.968773e-01 -9.546991e-01 -4.934649e-01 4.204858e-01 7.830874e-01 1.055874e+00 -1.431973e-01 -5.695496e-01 5.395070e-01 5.060710e-01 7.312791e-01 -3.112498e-02 1.234803e+00 -2.827412e-01 2.287403e-01 3.526130e-01 4.134533e-01 2.601646e-01 -2.988516e-01 -2.476519e-01 -4.363031e-02 -3.282568e-01 -6.063905e-02 -1.222535e-01 1.521715e-01 -4.740871e-01
<VARIANCE> 39
 2.382515e+01 4.066543e+01 3.295147e+01 7.802514e+01 5.872397e+01 7.114317e+01 7.962315e+01 1.363551e+02 1.508966e+02 1.709817e+02 2.064322e+02 2.223982e+02 2.228715e+01 1.610308e+00 2.114647e+00 2.510446e+00 4.608478e+00 3.939556e+00 4.831836e+00 5.387159e+00 5.734953e+00 6.218321e+00 7.322624e+00 8.920036e+00 9.672828e+00 1.810663e+00 3.286563e-01 3.441045e-01 4.618744e-01 6.959168e-01 6.621662e-01 9.493462e-01 9.273691e-01 1.029005e+00 1.193042e+00 1.390853e+00 1.492093e+00 1.347613e+00 2.627697e-01
<GCONST> 1.429953e+02
<STATE> 3
<NUMMIXES> 4
<MIXTURE> 1 2.504413e-01
<MEAN> 39
 4.466869e-01 -1.825109e+00 -6.178926e+00 1.731569e+00 4.384972e+00 3.161934e+00 3.522629e+00 -3.575952e+00 2.863971e+00 1.119945e+01 1.862353e+01 1.381656e+01 1.149002e+01 4.335484e-03 6.667678e-03 2.484357e-03 2.500793e-02 -1.807449e-02 -1.415718e-02 4.909202e-02 3.570993e-03 2.537568e-02 3.494150e-02 1.460931e-02 -2.637931e-02 -1.143043e-02 -1.058641e-04 -5.091195e-03 -8.255632e-03 -1.814004e-02 -1.247324e-02 -2.785201e-03 -6.479399e-03 5.054224e-04 6.685975e-03 -5.274531e-03 -7.383382e-03 -1.380911e-02 -5.124185e-03
<VARIANCE> 39
 1.078629e+01 5.139388e+01 2.711138e+01 7.643961e+01 5.982607e+01 7.912676e+01 6.110410e+01 5.359542e+01 8.871246e+01 6.041935e+01 3.441828e+01 6.411123e+01 1.639657e+01 9.840144e-02 2.102724e-01 2.627607e-01 3.227703e-01 3.412473e-01 3.727587e-01 4.269396e-01 3.640248e-01 3.834367e-01 5.239939e-01 4.960996e-01 4.327202e-01 3.168316e-02 1.760240e-02 3.734216e-02 4.617108e-02 5.825393e-02 5.827679e-02 6.680710e-02 7.665721e-02 6.753756e-02 6.506885e-02 9.234235e-02 8.922693e-02 7.473803e-02 1.000000e-02
<GCONST> 6.561875e+01
<MIXTURE> 2 3.200828e-01
<MEAN> 39
 2.336388e+00 2.405713e+00 -5.860367e+00 -7.999387e+00 6.709939e+00 -2.085048e-01 -3.808076e-01 -4.249378e+00 -5.598392e+00 -7.337147e+00 -2.872025e+00 -2.166757e+00 8.236208e+00 2.340935e-02 1.249960e-02 3.772480e-03 3.044380e-02 -2.571706e-02 -2.747365e-02 -1.548077e-02 -2.585834e-02 2.256977e-02 -1.524734e-03 -1.318403e-02 1.171377e-03 -5.580097e-02 1.244299e-02 2.440755e-04 1.938005e-02 -1.764053e-03 -4.886434e-02 -5.458549e-03 1.037279e-02 -1.074229e-03 1.015419e-02 -9.258093e-04 2.485750e-03 1.880941e-02 -1.860799e-02
<VARIANCE> 39
 1.608302e+01 3.199592e+01 2.188194e+01 4.678897e+01 4.510229e+01 5.537228e+01 6.148943e+01 4.465431e+01 3.714475e+01 4.466157e+01 4.990844e+01 7.425936e+01 2.106760e+01 1.198400e-01 2.886117e-01 3.769374e-01 5.537401e-01 6.593603e-01 8.414174e-01 8.706325e-01 9.123583e-01 8.111584e-01 7.436959e-01 8.467562e-01 8.892180e-01 5.903820e-02 1.978219e-02 4.507036e-02 6.811424e-02 9.781910e-02 1.282936e-01 1.439234e-01 1.548934e-01 1.618180e-01 1.527093e-01 1.321652e-01 1.507102e-01 1.471978e-01 1.000000e-02
<GCONST> 7.787457e+01
<MIXTURE> 3 2.382663e-01
<MEAN> 39
 -1.653764e-01 -4.905118e+00 -3.226964e+00 2.906287e+00 3.971578e+00 7.099027e+00 -3.169660e-01 1.493988e+00 1.389423e+01 2.324482e+01 1.447796e+01 -1.001870e+01 1.237116e+01 -8.644952e-03 -2.055214e-02 -1.193858e-02 3.144344e-02 -3.704673e-02 3.353788e-02 -4.255692e-03 3.104299e-02 -3.266560e-02 5.135988e-02 -3.629614e-02 -4.812168e-02 -2.624951e-02 1.371833e-03 2.846725e-03 -9.839050e-03 -2.527638e-02 -1.049389e-02 -8.439368e-03 -4.604410e-04 5.995680e-03 -2.352473e-04 -3.606983e-02 -2.114192e-02 3.083982e-02 -9.143595e-03
<VARIANCE> 39
 1.131047e+01 2.274852e+01 2.481981e+01 7.601614e+01 6.792606e+01 5.044183e+01 3.292387e+01 9.373985e+01 4.862511e+01 4.835187e+01 1.053871e+02 1.627993e+02 1.957711e+01 1.832850e-01 3.932369e-01 4.637821e-01 5.980657e-01 5.523357e-01 7.685940e-01 7.977808e-01 9.235290e-01 1.023741e+00 9.550836e-01 1.184596e+00 1.441667e+00 6.457974e-02 3.190893e-02 7.041425e-02 8.132149e-02 1.011618e-01 9.993063e-02 1.319597e-01 1.455315e-01 1.509749e-01 1.695020e-01 1.753832e-01 1.903251e-01 2.098057e-01 1.000000e-02
<GCONST> 8.374270e+01
<MIXTURE> 4 1.912096e-01
<MEAN> 39
 9.043069e-01 -2.899065e+00 -3.604064e+00 -1.622542e+00 2.540373e+00 3.374951e+00 4.581251e-01 -6.794780e-01 3.869574e+00 4.014720e+00 5.810493e+00 6.830080e-01 9.023449e+00 6.275625e-02 5.076464e-02 -8.635765e-02 1.283537e-01 7.784761e-02 -2.142959e-01 -1.821430e-02 1.268789e-01 1.043616e-02 -5.459682e-02 1.006621e-01 -3.643051e-02 -1.237091e-01 3.239068e-02 1.407628e-01 7.934897e-02 -1.582838e-02 -1.852016e-01 -2.301622e-01 -1.098322e-03 5.301160e-02 -7.131901e-02 -5.426659e-02 -9.013667e-02 1.135329e-01 -1.798177e-01
<VARIANCE> 39
 2.121138e+01 4.157578e+01 3.314882e+01 8.458288e+01 6.718260e+01 6.591948e+01 8.061112e+01 1.008220e+02 1.376250e+02 1.925015e+02 1.809234e+02 2.279043e+02 3.924011e+01 5.967057e-01 9.669123e-01 1.243859e+00 2.157477e+00 1.997483e+00 2.409170e+00 2.859059e+00 2.999924e+00 2.977887e+00 3.367755e+00 3.583727e+00 4.235795e+00 3.298810e-01 1.024775e-01 1.726824e-01 2.204440e-01 3.415802e-01 3.656351e-01 4.552692e-01 5.105499e-01 5.287867e-01 5.642323e-01 6.115298e-01 6.377186e-01 7.126731e-01 8.899611e-02
<GCONST> 1.223571e+02
<STATE> 4
<NUMMIXES> 4
<MIXTURE> 1 3.339288e-01
<MEAN> 39
 5.047246e+00 -8.432768e+00 -7.862321e+00 1.234461e+01 -3.755534e+00 3.059546e+00 4.280224e+00 -4.767635e+00 -5.765533e+00 2.594794e+00 9.852974e+00 8.589157e+00 9.146789e+00 1.992909e-02 1.761068e-02 -7.501050e-04 1.992338e-02 -7.656536e-04 -2.002220e-02 -1.034130e-02 6.648540e-02 1.177268e-02 -8.347031e-03 1.795470e-02 3.250550e-02 -3.234979e-02 -1.393074e-02 -5.603289e-03 -2.780147e-02 -7.187898e-02 -2.393818e-02 -4.179531e-02 -4.138778e-02 -3.137991e-02 -5.212353e-04 -3.560463e-02 -2.864652e-02 -2.212387e-02 -1.773624e-02
<VARIANCE> 39
 1.363455e+01 9.910221e+00 1.545402e+01 3.419058e+01 3.012980e+01 3.367310e+01 6.609456e+01 5.495712e+01 4.223752e+01 8.449187e+01 7.633009e+01 1.026402e+02 1.322174e+01 1.861492e-01 3.081425e-01 5.035205e-01 6.396879e-01 7.294735e-01 8.085504e-01 8.628141e-01 9.160635e-01 9.083879e-01 1.054592e+00 8.773544e-01 1.009044e+00 6.284319e-02 3.073058e-02 5.622179e-02 8.765934e-02 1.143049e-01 1.298527e-01 1.467323e-01 1.576847e-01 1.713120e-01 1.522222e-01 1.847647e-01 1.627385e-01 1.798532e-01 1.000000e-02
<GCONST> 7.977129e+01
<MIXTURE> 2 3.068868e-01
<MEAN> 39
 7.417814e+00 -4.768222e+00 -9.774330e+00 6.236406e+00 -1.507146e+00 -5.534972e-01 1.954210e+00 -2.670931e+00 -5.922551e+00 -7.718617e+00 -2.262719e+00 -2.053707e+00 6.246055e+00 8.769108e-02 7.205936e-02 -5.109713e-02 -3.569222e-02 -9.680045e-02 -2.348116e-01 -1.370577e-01 1.634138e-01 -7.490866e-02 -9.133025e-02 -4.724965e-02 -3.946672e-03 -1.653450e-01 4.922752e-03 5.663676e-02 9.956941e-02 -1.279044e-02 -4.431686e-03 2.105716e-02 4.625953e-02 2.694676e-02 3.772862e-02 7.170254e-02 1.239420e-02 5.065143e-02 -1.322443e-02
<VARIANCE> 39
 2.179853e+01 2.643695e+01 3.692170e+01 6.546355e+01 4.531401e+01 4.637006e+01 8.917228e+01 9.032121e+01 4.588467e+01 4.670403e+01 6.048491e+01 7.915783e+01 1.621888e+01 2.264636e-01 4.550801e-01 7.040992e-01 1.091645e+00 1.231689e+00 1.550934e+00 1.888767e+00 1.900154e+00 1.783212e+00 1.778904e+00 1.692666e+00 1.605692e+00 1.299811e-01 3.680058e-02 8.099651e-02 1.219060e-01 1.729063e-01 2.161711e-01 2.658893e-01 3.282013e-01 3.077108e-01 3.290709e-01 3.167446e-01 2.903031e-01 2.834982e-01 1.805134e-02
<GCONST> 9.730447e+01
<MIXTURE> 3 1.825798e-01
<MEAN> 39
 1.395903e+00 -4.709845e+00 -3.947342e+00 2.327682e+00 -1.103786e-01 3.499825e+00 1.554692e+00 6.340101e-01 6.382362e+00 6.745355e+00 6.528415e+00 -2.411226e+00 8.350065e+00 1.652459e-01 2.073487e-01 1.692667e-02 -2.122909e-01 -2.897942e-01 -4.638169e-01 -4.170661e-02 1.880119e-01 8.107280e-03 -2.277151e-01 -1.480003e-01 2.942873e-01 -3.956576e-01 2.559163e-02 1.487944e-01 8.737547e-02 -8.189661e-02 -1.344229e-01 -2.043041e-01 -3.500483e-02 -7.113962e-03 -7.535619e-02 -6.864477e-02 -2.013855e-01 5.926662e-02 -1.694912e-01
<VARIANCE> 39
 2.279648e+01 4.785262e+01 3.967430e+01 1.118197e+02 6.308106e+01 6.806569e+01 7.652481e+01 1.034077e+02 1.676360e+02 1.902153e+02 1.697639e+02 2.522577e+02 3.396293e+01 7.688294e-01 1.153447e+00 1.432945e+00 2.567819e+00 2.552569e+00 2.784345e+00 2.877803e+00 3.452732e+00 3.308522e+00 3.999089e+00 4.235678e+00 5.138699e+00 5.558776e-01 1.080468e-01 1.691893e-01 2.296795e-01 3.818208e-01 4.160708e-01 5.107996e-01 4.924302e-01 5.758438e-01 5.681118e-01 6.465815e-01 6.976855e-01 7.807888e-01 9.647298e-02
<GCONST> 1.262942e+02
<MIXTURE> 4 1.766047e-01
<MEAN> 39
 1.226899e+00 -3.239527e+00 -4.473027e+00 2.013505e+00 2.848900e+00 3.298964e+00 7.963091e+00 1.441271e+01 2.179099e+01 1.030306e+01 -9.352353e+00 -2.769071e+01 7.499351e+00 3.445780e-02 4.067180e-02 -2.910485e-02 1.765189e-03 -4.288952e-02 3.583568e-02 -7.574733e-03 6.453088e-02 6.566605e-02 -8.171747e-02 -9.141119e-02 -1.119610e-01 -7.504650e-02 7.486353e-03 -6.937242e-03 1.204745e-02 -1.743281e-02 -4.422713e-02 1.860267e-02 -8.580796e-03 -2.504764e-02 -4.465684e-02 -2.656313e-02 6.838305e-02 1.088412e-01 -5.180607e-03
<VARIANCE> 39
 3.240119e+01 4.115148e+01 2.651246e+01 1.216271e+02 5.785545e+01 7.032333e+01 7.095979e+01 9.228725e+01 7.445574e+01 1.307193e+02 2.035587e+02 7.583223e+01 2.012118e+01 2.659476e-01 5.057077e-01 6.765285e-01 8.474954e-01 9.333584e-01 1.076640e+00 1.286503e+00 1.394559e+00 1.473301e+00 1.563220e+00 1.894133e+00 1.725709e+00 1.012592e-01 4.492484e-02 8.647648e-02 1.206732e-01 1.271072e-01 1.525325e-01 1.891528e-01 2.113050e-01 2.496455e-01 2.535773e-01 2.747196e-01 2.758843e-01 2.995712e-01 1.374659e-02
<GCONST> 9.797428e+01
<STATE> 5
<NUMMIXES> 4
<MIXTURE> 1 3.487336e-01
<MEAN> 39
 1.827330e+00 -1.909156e+00 -5.050563e+00 -1.909837e+00 1.681877e+00 1.192148e+00 -2.205075e+00 -3.260240e+00 1.958988e+00 5.724395e+00 1.544659e+01 1.585818e+01 8.029731e+00 3.527906e-02 1.694594e-01 5.229821e-02 -1.609922e-01 -1.926452e-01 -3.283288e-01 -9.061868e-02 1.361933e-01 6.496565e-03 1.596609e-01 1.672261e-02 1.668609e-01 -2.411225e-01 2.004187e-02 2.356559e-02 4.221207e-02 -2.874332e-02 -8.614235e-02 -1.436060e-02 1.986963e-02 -1.425169e-02 -1.174845e-02 8.658273e-03 -1.050864e-01 -1.614319e-01 -3.513058e-02
<VARIANCE> 39
 1.876172e+01 4.505776e+01 3.438130e+01 7.674314e+01 6.687784e+01 6.645737e+01 6.345726e+01 5.634056e+01 8.696139e+01 8.018658e+01 7.144825e+01 6.722498e+01 1.948324e+01 2.867483e-01 6.923757e-01 8.967083e-01 1.442698e+00 1.522153e+00 1.707226e+00 1.987835e+00 1.748697e+00 2.119149e+00 1.974559e+00 2.028747e+00 2.281543e+00 1.602260e-01 4.788258e-02 1.018942e-01 1.501524e-01 1.994570e-01 2.548825e-01 2.934986e-01 3.002491e-01 2.967429e-01 3.272624e-01 3.107021e-01 3.437115e-01 3.528717e-01 2.105732e-02
<GCONST> 1.030487e+02
<MIXTURE> 2 2.842402e-01
<MEAN> 39
 4.530542e+00 1.831561e+00 -2.501054e+00 -4.774255e+00 -5.389773e-01 -1.355474e+00 -7.866094e-01 -3.032779e+00 -4.485761e+00 -8.595763e+00 -5.858951e+00 -4.479874e+00 3.335692e+00 5.364952e-02 6.405338e-01 6.595646e-01 6.651834e-02 -5.855124e-01 -7.726185e-01 -7.498995e-02 3.021763e-02 -1.935597e-01 2.690204e-02 -3.182159e-01 1.873541e-01 -8.212257e-01 -8.028449e-02 -2.946605e-02 9.195003e-02 1.309160e-01 1.769238e-02 2.282632e-02 -2.248819e-02 -1.190929e-01 1.014237e-02 1.342667e-01 1.067090e-01 1.231112e-01 -5.690597e-02
<VARIANCE> 39
 3.088031e+01 3.670560e+01 3.726405e+01 7.067929e+01 5.625245e+01 5.548128e+01 7.087141e+01 5.916996e+01 4.699911e+01 5.170445e+01 4.171193e+01 5.060042e+01 3.755708e+01 8.049744e-01 1.095583e+00 1.323555e+00 1.982171e+00 2.316149e+00 2.561465e+00 2.986660e+00 2.869702e+00 2.583514e+00 2.586098e+00 2.352194e+00 2.451475e+00 6.464000e-01 9.410521e-02 1.534575e-01 2.373494e-01 3.067008e-01 3.558968e-01 4.350009e-01 4.916494e-01 5.075608e-01 4.752341e-01 4.783713e-01 4.407858e-01 4.038771e-01 8.343352e-02
<GCONST> 1.142303e+02
<MIXTURE> 3 2.142355e-01
<MEAN> 39
 3.998726e+00 -2.478456e+00 -3.454501e+00 -2.533104e+00 -3.561889e+00 5.992678e-01 -6.402965e-01 -2.581260e+00 1.078685e+00 1.424144e+00 7.229107e+00 7.582967e+00 5.321975e+00 8.687025e-02 9.533270e-01 8.100713e-01 -3.308027e-01 -6.521035e-01 -1.336589e+00 -3.030178e-01 -2.320361e-01 -6.446657e-01 -4.118520e-01 -1.097029e+00 -2.794169e-01 -1.411827e+00 -2.161011e-01 7.690365e-02 1.644568e-01 1.655637e-01 2.652759e-01 5.223488e-03 -6.955458e-02 -2.350995e-02 -8.681368e-02 -5.945172e-04 -2.555517e-01 -3.167140e-01 -1.328207e-01
<VARIANCE> 39
 1.899013e+01 3.868508e+01 3.716478e+01 6.867393e+01 6.079924e+01 7.730072e+01 6.920097e+01 7.439989e+01 8.420084e+01 1.197958e+02 1.150615e+02 1.236857e+02 3.192693e+01 1.690857e+00 1.872452e+00 2.199590e+00 3.676808e+00 3.968457e+00 5.162520e+00 4.439692e+00 4.612607e+00 5.591149e+00 5.378118e+00 5.067867e+00 5.781383e+00 1.958101e+00 2.073129e-01 3.267954e-01 4.290354e-01 5.994776e-01 5.887824e-01 9.197331e-01 8.391990e-01 8.225099e-01 8.818002e-01 8.310773e-01 8.136365e-01 8.588364e-01 2.662938e-01
<GCONST> 1.350774e+02
<MIXTURE> 4 1.527908e-01
<MEAN> 39
 2.760313e-01 -3.572055e+00 -3.132665e+00 1.325449e-01 -2.752110e-01 5.444529e+00 8.085470e+00 1.681369e+01 1.844767e+01 5.730018e+00 -1.255567e+01 -2.035036e+01 6.104263e+00 1.002734e-01 2.636854e-01 1.752304e-01 -2.521023e-01 -4.271164e-01 -5.686354e-01 -1.935179e-01 -2.699169e-01 -7.031924e-01 1.296192e-01 7.045346e-01 1.379447e+00 -5.916860e-01 -4.581282e-02 1.838998e-02 7.354784e-02 3.915227e-02 1.534428e-03 -1.055641e-01 -7.483374e-02 -3.207265e-01 -3.639658e-01 -4.283104e-02 1.748676e-01 3.941266e-01 -6.645542e-02
<VARIANCE> 39
 2.080826e+01 3.605323e+01 3.090252e+01 9.852924e+01 6.572748e+01 6.115516e+01 1.053321e+02 8.246384e+01 7.581142e+01 1.996263e+02 2.568000e+02 1.444801e+02 2.758287e+01 8.843270e-01 1.266496e+00 1.517859e+00 2.931956e+00 2.765483e+00 3.311722e+00 3.533209e+00 4.346681e+00 5.483037e+00 5.550049e+00 7.468672e+00 8.838035e+00 1.069004e+00 1.537052e-01 1.995393e-01 2.743342e-01 4.405793e-01 4.745387e-01 5.576825e-01 6.284412e-01 7.230952e-01 9.027390e-01 1.021203e+00 1.117017e+00 1.307305e+00 1.571631e-01
<GCONST> 1.321062e+02
<TRANSP> 6
 0.000000e+00 1.000000e+00 0.000000e+00 0.000000e+00 0.000000e+00 0.000000e+00
 0.000000e+00 8.120806e-01 1.879195e-01 0.000000e+00 0.000000e+00 0.000000e+00
 0.000000e+00 0.000000e+00 8.244354e-01 1.755646e-01 0.000000e+00 0.000000e+00
 0.000000e+00 0.000000e+00 0.000000e+00 8.223482e-01 1.776518e-01 0.000000e+00
 0.000000e+00 0.000000e+00 0.000000e+00 0.000000e+00 6.618199e-01 3.381801e-01
 0.000000e+00 0.000000e+00 0.000000e+00 0.000000e+00 0.000000e+00 0.000000e+00
<ENDHMM>
