~o
<STREAMINFO> 1 39
<VECSIZE> 39<NULLD><MFCC_D_A_Z_0><DIAGC>
~h "ah"
<BEGINHMM>
<NUMSTATES> 6
<STATE> 2
<NUMMIXES> 4
<MIXTURE> 1 2.823383e-01
<MEAN> 39
 -1.743807e+00 -6.626740e+00 4.873394e-01 2.991495e+00 3.346326e+00 6.301274e+00 -1.757394e+00 4.742877e+00 1.827714e+01 1.861097e+01 8.030683e+00 -1.305976e+01 1.229168e+01 -9.473780e-03 -8.022352e-02 8.040425e-02 1.261960e-01 -7.053928e-02 5.496581e-02 -1.608742e-02 4.422085e-02 9.641708e-02 6.443742e-02 -1.092262e-01 -2.245027e-01 -3.673130e-02 2.271186e-02 2.301041e-02 -4.293434e-02 -8.716968e-02 -6.643755e-02 -2.561998e-02 8.772825e-02 9.263039e-02 -1.017171e-02 -1.103060e-01 -1.733762e-01 -7.369928e-03 -3.911748e-02
<VARIANCE> 39
 1.137521e+01 2.113263e+01 2.060037e+01 5.754258e+01 6.892178e+01 4.299402e+01 3.907865e+01 6.240561e+01 7.753481e+01 6.771024e+01 1.150115e+02 1.957375e+02 2.067156e+01 3.643356e-01 6.624011e-01 8.779790e-01 1.361920e+00 1.801181e+00 1.553138e+00 1.688847e+00 2.130552e+00 2.209952e+00 2.365183e+00 4.228721e+00 3.734510e+00 1.554264e-01 6.343192e-02 1.097993e-01 1.447205e-01 2.021122e-01 3.067560e-01 2.732044e-01 2.945296e-01 3.566152e-01 3.749789e-01 4.148963e-01 5.427282e-01 5.365187e-01 2.619760e-02
<GCONST> 1.052972e+02
<MIXTURE> 2 1.699691e-01
<MEAN> 39
 2.513662e+00 -2.663193e+00 -2.236032e+00 -4.233994e+00 -1.087472e+00 3.068801e+00 -1.152760e+00 -4.580851e+00 -1.642250e+00 -4.489476e+00 7.303820e-01 3.126754e+00 8.323169e+00 -1.846260e-01 -6.626014e-01 -9.913433e-02 3.153370e-01 5.134125e-01 5.502110e-01 -3.703539e-01 -3.629729e-01 2.090058e-01 9.811175e-02 1.862343e-01 1.704945e-01 7.452613e-01 -1.218476e-01 2.381883e-01 1.836474e-01 2.179766e-01 7.547899e-02 -2.424164e-01 1.503777e-02 2.049408e-01 -2.669050e-02 1.585376e-01 -8.865453e-02 -1.730303e-01 -3.822426e-01
<VARIANCE> 39
 2.356891e+01 4.321326e+01 2.897052e+01 6.568883e+01 6.191337e+01 7.574936e+01 7.335037e+01 6.527987e+01 6.035418e+01 1.054721e+02 1.311334e+02 1.199115e+02 3.736162e+01 1.102370e+00 1.704061e+00 1.687858e+00 3.275605e+00 3.186338e+00 3.536177e+00 3.921185e+00 3.717626e+00 3.498090e+00 4.142597e+00 4.293312e+00 4.347910e+00 1.412013e+00 2.662077e-01 2.574039e-01 3.135132e-01 5.489208e-01 6.165913e-01 7.120048e-01 7.024027e-01 7.202038e-01 7.011792e-01 7.627279e-01 8.117280e-01 8.455262e-01 2.235012e-01
<GCONST> 1.300655e+02
<MIXTURE> 3 3.565792e-01
<MEAN> 39
 -1.930611e+00 -4.732310e+00 -7.790238e-02 2.448509e+00 3.302217e+00 6.401618e+00 6.510160e+00 2.116464e+01 2.149917e+01 -5.339008e-01 -2.417064e+01 -2.327642e+01 1.093833e+01 2.148453e-02 1.054304e-04 7.129335e-03 4.377358e-02 -1.314050e-04 5.273023e-03 -1.858099e-02 3.217535e-02 1.730062e-02 1.941540e-02 -8.808970e-02 -4.323371e-02 -2.125560e-02 1.181652e-02 -7.460786e-03 -1.625944e-02 -2.400562e-02 -2.040285e-02 1.368622e-02 -3.522575e-03 -7.633764e-02 -3.732325e-02 4.794840e-02 1.401083e-01 6.781766e-02 -6.105484e-03
<VARIANCE> 39
 1.237556e+01 2.818489e+01 2.655881e+01 7.795064e+01 6.199060e+01 5.417971e+01 9.782507e+01 6.988794e+01 8.781788e+01 2.002389e+02 1.159597e+02 1.634669e+02 1.675182e+01 3.292317e-01 6.401280e-01 7.941031e-01 8.710521e-01 1.058732e+00 1.198644e+00 1.447058e+00 1.630763e+00 1.681144e+00 2.517715e+00 2.248448e+00 2.086352e+00 1.164882e-01 5.925494e-02 1.119239e-01 1.407834e-01 1.479956e-01 1.852656e-01 2.130127e-01 2.490281e-01 2.913417e-01 2.978534e-01 3.585547e-01 3.770622e-01 3.399888e-01 1.825105e-02
<GCONST> 1.015320e+02
<MIXTURE> 4 1.911134e-01
<MEAN> 39
 -6.073548e-02 -3.105541e+00 -2.013006e+00 -3.212769e+00 -4.891897e-01 5.542115e+00 6.322429e+00 1.543021e+01 1.978835e+01 8.692163e+00 -8.123519e+00 -2.040809e+01 8.746035e+00 -1.583727e-01 -3.339253e-01 2.717709e-02 2.849104e-01 3.004084e-01 3.057376e-01 -3.995089e-01 3.136194e-02 7.064527e-01 6.068804e-01 9.077981e-02 -7.071860e-01 4.819812e-01 -9.037904e-02 9.778396e-02 1.320208e-01 2.178423e-01 9.801912e-02 -1.336606e-01 -1.741505e-01 -2.881068e-01 -4.923070e-01 -1.788910e-01 1.090774e-01 4.242342e-01 -1.890869e-01
<VARIANCE> 39
 1.943285e+01 3.608905e+01 2.998683e+01 7.389587e+01 6.370892e+01 6.036935e+01 8.954059e+01 9.248292e+01 8.259563e+01 1.608785e+02 2.720790e+02 1.568310e+02 2.577123e+01 1.497278e+00 1.964038e+00 2.171048e+00 3.966888e+00 4.228375e+00 4.408775e+00 5.486657e+00 6.921236e+00 8.306220e+00 9.012947e+00 1.276521e+01 1.291593e+01 2.086452e+00 2.773207e-01 3.052281e-01 3.914534e-01 6.196653e-01 7.001235e-01 7.615245e-01 9.646061e-01 1.084294e+00 1.355408e+00 1.357512e+00 1.697508e+00 1.741973e+00 3.025073e-01
<GCONST> 1.425942e+02
<STATE> 3
<NUMMIXES> 4
<MIXTURE> 1 2.498394e-01
<MEAN> 39
 -8.486142e-01 -7.154652e+00 2.298739e-01 7.570421e+00 -1.466622e+00 7.450874e+00 -8.605925e-01 7.049169e+00 1.742512e+01 2.212581e+01 9.539358e+00 -1.681424e+01 9.961053e+00 1.398544e-02 2.445544e-02 -8.496036e-03 -2.001030e-03 1.316827e-02 1.338233e-02 -1.032665e-02 1.743157e-02 -2.919696e-02 1.865262e-02 -4.876629e-03 -1.001954e-02 -2.092631e-02 -1.388385e-02 -9.813001e-03 -3.297454e-02 -3.289162e-02 -1.862338e-04 -1.892979e-02 4.707763e-03 1.955619e-02 2.536107e-02 -2.225221e-02 -4.038973e-02 -1.161695e-02 -1.139322e-02
<VARIANCE> 39
 1.763762e+01 1.425725e+01 2.612325e+01 5.398010e+01 5.986363e+01 3.527761e+01 3.597742e+01 6.032824e+01 3.614344e+01 4.315301e+01 7.709883e+01 8.061781e+01 1.731316e+01 2.471458e-01 4.279954e-01 5.323201e-01 5.969382e-01 5.731438e-01 6.635290e-01 6.833401e-01 7.421317e-01 9.003384e-01 9.680431e-01 1.017780e+00 1.059017e+00 7.102377e-02 4.272172e-02 7.544307e-02 9.517349e-02 1.059942e-01 9.478910e-02 1.227584e-01 1.253812e-01 1.312496e-01 1.556991e-01 1.721476e-01 1.617262e-01 1.724642e-01 1.064773e-02
<GCONST> 8.035101e+01
<MIXTURE> 2 3.146183e-01
<MEAN> 39
 2.760093e+00 -8.250712e+00 -1.700853e+00 5.947631e+00 -2.311451e+00 5.344383e+00 -2.940995e+00 -6.716765e+00 8.110567e-01 -1.089617e+00 8.546457e-01 4.039848e+00 9.826082e+00 2.312180e-02 4.161823e-03 -1.257599e-02 3.501990e-02 -1.361339e-02 -2.196159e-02 -6.161834e-02 5.027843e-02 -1.053335e-02 3.587653e-03 3.342338e-03 3.888946e-03 -4.969781e-02 4.413479e-03 2.034673e-02 -1.667655e-02 -4.902332e-02 -1.546096e-02 -1.882176e-02 1.573263e-02 8.905315e-03 -1.592366e-02 -4.083382e-03 1.165844e-02 2.296652e-03 -1.784921e-02
<VARIANCE> 39
 1.545626e+01 1.658657e+01 2.982839e+01 5.088306e+01 3.964030e+01 4.669572e+01 6.461292e+01 5.077433e+01 5.047705e+01 7.331255e+01 9.140968e+01 1.236057e+02 2.050831e+01 1.771542e-01 3.244786e-01 4.798932e-01 7.323576e-01 7.687807e-01 8.821160e-01 1.002211e+00 1.008646e+00 9.378945e-01 1.006318e+00 9.595038e-01 9.609614e-01 6.615284e-02 2.891496e-02 5.593080e-02 8.360764e-02 1.169698e-01 1.315986e-01 1.562599e-01 1.748232e-01 1.747401e-01 1.613789e-01 1.765173e-01 1.717271e-01 1.724176e-01 1.000000e-02
<GCONST> 8.349300e+01
<MIXTURE> 3 2.537965e-01
<MEAN> 39
 -1.632383e+00 -2.906446e+00 -1.639163e+00 7.694923e-01 3.118626e+00 5.408415e+00 3.923876e+00 1.703721e+01 2.381342e+01 1.322028e+01 -1.247966e+01 -3.107622e+01 8.930373e+00 3.099970e-03 1.376264e-03 -1.863961e-02 -4.293650e-03 -1.118265e-02 -1.385449e-02 1.113681e-02 4.609094e-03 1.184595e-02 2.166973e-02 5.695049e-03 -1.054821e-02 -2.340901e-02 1.164398e-02 6.626643e-03 1.128002e-03 6.045212e-03 -6.593756e-03 1.044674e-02 -8.462872e-03 -2.011329e-02 -2.913538e-02 3.527355e-03 4.722369e-02 4.393226e-02 2.522321e-03
<VARIANCE> 39
 1.581718e+01 4.424702e+01 2.876123e+01 9.891631e+01 8.086125e+01 6.196610e+01 6.239862e+01 4.824005e+01 4.450524e+01 6.112474e+01 1.073798e+02 3.437693e+01 1.408322e+01 1.953008e-01 3.988410e-01 4.490570e-01 4.771457e-01 5.363234e-01 6.951696e-01 6.999081e-01 8.149124e-01 8.664777e-01 7.996804e-01 1.194626e+00 8.557587e-01 5.301962e-02 3.643743e-02 7.247864e-02 8.220907e-02 8.335491e-02 9.728407e-02 1.262105e-01 1.263734e-01 1.431263e-01 1.614350e-01 1.396767e-01 1.901650e-01 1.567698e-01 1.000000e-02
<GCONST> 8.131245e+01
<MIXTURE> 4 1.817458e-01
<MEAN> 39
 1.463200e+00 -5.334746e+00 -2.373566e+00 1.930377e+00 -1.670349e+00 3.790972e+00 1.417302e-01 3.157707e+00 9.323843e+00 9.570593e+00 4.039693e+00 -5.924637e+00 8.036335e+00 6.054773e-03 6.111859e-02 2.104861e-02 3.333688e-03 1.285823e-01 -1.065208e-01 -6.678180e-02 4.282495e-02 -1.328274e-01 -6.439250e-02 -2.569846e-02 5.967076e-02 -6.770122e-02 2.042095e-02 1.010450e-01 7.207056e-02 2.343788e-02 1.223830e-02 -3.951500e-02 4.331543e-02 7.875618e-03 -5.090750e-02 -3.026135e-02 -3.763849e-02 2.320278e-03 -7.682487e-02
<VARIANCE> 39
 2.456260e+01 4.339682e+01 3.480698e+01 9.607583e+01 6.511884e+01 7.229165e+01 7.385261e+01 1.308366e+02 1.580624e+02 2.081743e+02 1.759105e+02 2.644707e+02 3.163198e+01 7.127381e-01 1.115146e+00 1.387134e+00 2.153199e+00 2.378030e+00 2.938348e+00 2.800489e+00 3.247133e+00 3.619347e+00 3.900766e+00 4.754423e+00 5.138504e+00 6.780151e-01 1.147523e-01 1.912501e-01 2.431106e-01 3.507953e-01 4.020989e-01 5.087435e-01 4.761313e-01 5.520752e-01 6.112028e-01 6.481558e-01 7.039186e-01 7.633686e-01 1.135635e-01
<GCONST> 1.265445e+02
<STATE> 4
<NUMMIXES> 4
<MIXTURE> 1 1.571015e-01
<MEAN> 39
 -1.007786e+00 2.489803e+00 -3.992234e+00 -6.991237e+00 7.164395e+00 -3.148811e+00 2.602036e+00 9.888651e+00 1.713509e+01 2.149715e+01 9.558351e+00 -1.387875e+01 6.837643e+00 5.396567e-02 6.870650e-02 -2.757572e-02 -4.640362e-02 -1.805224e-02 -7.565685e-02 7.820917e-02 1.000144e-02 8.932184e-03 -1.369929e-02 -1.580145e-02 5.419723e-02 -9.748403e-02 1.489352e-02 -7.215636e-03 1.258876e-02 -3.200083e-04 -4.634390e-02 2.663922e-02 4.484745e-03 -1.286157e-02 -1.775071e-02 -6.197420e-02 -2.967353e-02 4.051479e-02 -8.921347e-03
<VARIANCE> 39
 1.815116e+01 3.482076e+01 2.151510e+01 5.513873e+01 6.621281e+01 6.293835e+01 7.398399e+01 6.398820e+01 4.769614e+01 5.734813e+01 1.160595e+02 1.575193e+02 1.894525e+01 1.997048e-01 5.195786e-01 6.267475e-01 8.213378e-01 8.736513e-01 1.164535e+00 1.126565e+00 1.265696e+00 1.267726e+00 1.480876e+00 1.842345e+00 1.929864e+00 8.673009e-02 3.801500e-02 8.514874e-02 1.094963e-01 1.366044e-01 1.617504e-01 2.011676e-01 1.962034e-01 2.212201e-01 2.369734e-01 2.674863e-01 2.926797e-01 3.023166e-01 1.160843e-02
<GCONST> 9.342963e+01
<MIXTURE> 2 3.470116e-01
<MEAN> 39
 -1.559594e+00 -1.974490e+00 -1.300646e+00 -3.534689e+00 6.533509e+00 3.754293e+00 -4.594230e+00 -9.528322e-01 2.469023e+00 2.101572e+00 1.098823e+01 9.725992e+00 1.080163e+01 -5.830148e-03 -4.167735e-03 4.059402e-03 2.501534e-03 -1.747948e-02 -2.211134e-02 -1.077343e-02 -1.664941e-02 2.682173e-02 8.410043e-03 2.490518e-03 9.648480e-03 -1.304035e-02 1.972733e-03 -7.333329e-03 -9.945735e-03 -2.213002e-02 -2.800246e-02 -6.463472e-03 -4.488469e-03 -1.066915e-02 -4.127841e-03 -4.624216e-03 -1.070226e-02 -1.001588e-02 -1.007784e-02
<VARIANCE> 39
 8.845460e+00 3.218178e+01 1.942303e+01 5.721323e+01 4.456529e+01 5.481944e+01 4.567212e+01 4.141512e+01 5.059007e+01 9.598520e+01 1.341151e+02 1.448958e+02 1.548064e+01 1.145897e-01 2.501417e-01 3.048926e-01 4.028327e-01 4.806468e-01 5.092315e-01 5.273986e-01 5.077053e-01 5.051033e-01 6.225556e-01 5.924670e-01 6.290739e-01 3.502439e-02 1.940966e-02 4.109981e-02 5.304293e-02 6.977341e-02 8.193570e-02 8.701099e-02 9.191858e-02 9.148265e-02 8.903400e-02 1.069151e-01 1.047268e-01 1.107337e-01 1.000000e-02
<GCONST> 7.074872e+01
<MIXTURE> 3 1.503856e-01
<MEAN> 39
 7.111726e+00 -3.931584e+00 -6.312746e+00 5.155323e+00 -4.680352e+00 4.177835e+00 1.424258e+01 2.174627e+01 1.764170e+01 4.114457e+00 -2.265106e+01 -2.550279e+01 2.168288e+00 1.681176e-02 1.598409e-02 7.701819e-03 -2.446404e-02 -1.261023e-02 -7.241292e-03 3.123760e-02 7.337477e-03 -1.340593e-03 -2.610926e-03 -4.204553e-02 -1.744238e-02 -3.927041e-02 -5.603831e-03 2.263105e-04 1.248315e-04 -1.248403e-02 3.477514e-03 -9.603377e-03 1.868135e-03 -1.784703e-02 -8.811655e-04 1.025852e-03 2.923318e-02 2.407775e-02 -2.113163e-03
<VARIANCE> 39
 1.361524e+01 1.506969e+01 2.340876e+01 5.570694e+01 3.316612e+01 6.361745e+01 8.392908e+01 7.418334e+01 8.187375e+01 2.304586e+02 1.741841e+02 1.396127e+02 1.269642e+01 1.973319e-01 4.307233e-01 6.952741e-01 7.111022e-01 6.553712e-01 9.583609e-01 9.077814e-01 1.044386e+00 1.078035e+00 1.386280e+00 1.502852e+00 1.393636e+00 5.755929e-02 3.682195e-02 8.349310e-02 1.323338e-01 1.360786e-01 1.216884e-01 1.817173e-01 1.677440e-01 1.984808e-01 1.990685e-01 2.392360e-01 2.395704e-01 2.395236e-01 1.000000e-02
<GCONST> 9.012574e+01
<MIXTURE> 4 3.455013e-01
<MEAN> 39
 3.081805e+00 -3.284663e-02 -3.169410e+00 -6.478648e+00 3.129692e+00 4.377237e-01 -1.379479e+00 -1.687340e+00 -2.885977e+00 -6.091540e+00 -3.196121e+00 -1.775681e+00 7.358471e+00 5.867080e-02 1.796461e-01 4.870798e-02 -1.326266e-02 -5.402791e-02 -1.508010e-01 9.488005e-03 -3.723387e-02 -1.063007e-01 1.677913e-02 2.349474e-02 8.163847e-02 -2.027495e-01 1.318593e-02 4.856826e-02 3.826768e-02 2.301346e-02 -6.617901e-02 -4.147572e-02 3.378203e-02 -9.809819e-03 6.489432e-05 3.587367e-02 -2.173339e-03 1.506609e-02 -5.959589e-02
<VARIANCE> 39
 2.595446e+01 3.692790e+01 3.275441e+01 6.567601e+01 5.998084e+01 6.578848e+01 6.698951e+01 5.888904e+01 4.769165e+01 6.701434e+01 8.201784e+01 9.269860e+01 2.407623e+01 3.327205e-01 6.596717e-01 8.073738e-01 1.296908e+00 1.585017e+00 1.893614e+00 1.905396e+00 1.995401e+00 2.015370e+00 1.859988e+00 1.925413e+00 2.042328e+00 3.138379e-01 5.320899e-02 9.629226e-02 1.366276e-01 1.924789e-01 2.694932e-01 3.210940e-01 3.375737e-01 3.501004e-01 3.347196e-01 3.066505e-01 3.314837e-01 3.233264e-01 4.204479e-02
<GCONST> 1.042863e+02
<STATE> 5
<NUMMIXES> 4
<MIXTURE> 1 2.045315e-01
<MEAN> 39
 1.301972e+00 -2.515262e+00 -2.130906e+00 -3.381399e+00 -2.366388e+00 1.422207e+00 -1.500729e-01 5.632309e+00 1.207033e+01 1.478967e+01 1.134864e+01 -1.110876e+00 5.747682e+00 4.799277e-02 3.960304e-01 8.978146e-02 -2.956293e-01 -2.992051e-01 -7.343137e-01 -3.203683e-01 -9.007136e-01 -1.426431e+00 -1.085048e+00 6.144007e-02 1.650216e+00 -8.504044e-01 -1.217628e-01 4.493019e-02 8.804518e-02 1.538698e-01 1.671322e-01 -5.495469e-03 -3.948368e-02 -7.664683e-02 -2.041838e-01 -3.320486e-01 -4.906959e-01 -3.296970e-01 -7.094128e-02
<VARIANCE> 39
 1.935822e+01 3.574030e+01 2.550625e+01 6.904556e+01 5.919308e+01 8.177408e+01 7.008566e+01 9.174261e+01 8.496214e+01 1.182987e+02 1.736413e+02 2.027416e+02 4.353980e+01 1.458887e+00 1.624448e+00 1.883756e+00 3.309858e+00 3.802902e+00 5.031075e+00 4.440862e+00 5.460483e+00 7.045003e+00 6.760014e+00 8.453643e+00 1.101177e+01 2.010634e+00 2.100590e-01 2.587039e-01 3.152603e-01 4.680895e-01 5.687024e-01 8.245127e-01 6.996745e-01 8.611799e-01 1.039556e+00 1.034338e+00 1.101228e+00 1.448735e+00 2.285487e-01
<GCONST> 1.373038e+02
<MIXTURE> 2 3.687487e-01
<MEAN> 39
 -1.830570e-01 -5.517706e+00 -1.109212e+00 -3.698772e-01 6.977358e-01 5.143447e+00 -5.911897e+00 -2.209911e+00 5.376318e+00 7.801917e+00 1.545195e+01 1.653173e+01 1.038976e+01 6.877924e-02 7.886216e-02 -4.932120e-02 -7.659496e-02 -1.698286e-01 -3.867781e-02 1.125382e-01 -5.606376e-02 -5.451853e-02 6.181118e-02 1.907297e-03 7.129847e-02 -1.674334e-01 2.867237e-02 3.005127e-02 -1.700296e-02 -5.032491e-02 -5.885976e-02 -4.285853e-02 5.597180e-02 4.336534e-03 -2.892078e-02 -2.087921e-02 -5.651149e-02 -8.744059e-02 -4.007676e-02
<VARIANCE> 39
 1.446978e+01 2.452902e+01 2.077314e+01 5.293798e+01 6.022810e+01 5.512831e+01 4.808781e+01 6.134343e+01 6.912924e+01 8.208001e+01 8.308495e+01 6.841155e+01 2.536212e+01 2.581733e-01 5.656971e-01 7.464044e-01 1.078305e+00 1.223386e+00 1.318547e+00 1.364358e+00 1.317488e+00 1.503753e+00 1.657624e+00 1.623782e+00 1.875330e+00 1.345220e-01 4.539976e-02 9.046241e-02 1.285571e-01 1.620018e-01 2.033002e-01 2.303764e-01 2.400991e-01 2.214477e-01 2.600049e-01 2.826003e-01 2.861941e-01 3.220521e-01 2.064704e-02
<GCONST> 9.587901e+01
<MIXTURE> 3 1.816187e-01
<MEAN> 39
 3.719388e-01 -2.753166e+00 -2.178802e+00 -7.431117e-01 9.272488e-01 6.017259e+00 4.982113e+00 1.678465e+01 2.159114e+01 1.131489e+01 -1.238812e+01 -2.634345e+01 5.557634e+00 9.391686e-02 1.294460e-01 -2.395645e-02 -2.652718e-01 -3.363113e-01 -2.142739e-01 1.380176e-01 -1.546920e-01 -1.975707e-01 -1.009741e-01 3.915253e-01 6.102419e-01 -3.654678e-01 1.030611e-02 3.831613e-03 -1.264318e-03 -3.554912e-02 -7.505380e-02 -1.339567e-01 -5.775328e-02 -2.098590e-01 -2.438005e-01 -4.268473e-02 3.164260e-01 4.755341e-01 -8.365878e-02
<VARIANCE> 39
 1.740052e+01 3.175800e+01 2.775603e+01 7.755369e+01 7.083227e+01 5.392336e+01 7.698516e+01 9.296897e+01 6.210872e+01 1.752454e+02 2.351092e+02 7.555783e+01 2.665623e+01 6.107720e-01 1.012452e+00 1.288840e+00 1.826726e+00 2.561693e+00 2.420598e+00 2.791202e+00 3.560486e+00 3.641761e+00 4.348586e+00 6.570792e+00 4.505081e+00 4.175981e-01 9.699825e-02 1.642461e-01 2.285083e-01 2.815165e-01 4.175033e-01 4.305641e-01 4.754722e-01 6.282185e-01 6.279038e-01 6.508908e-01 7.701777e-01 7.850870e-01 5.992778e-02
<GCONST> 1.209065e+02
<MIXTURE> 4 2.451010e-01
<MEAN> 39
 3.891609e+00 -1.003661e-01 -1.079847e+00 -3.317111e+00 -2.896978e+00 -6.596069e-01 -2.045036e+00 -4.656764e+00 -3.723679e+00 -4.284889e+00 -5.312443e-01 2.908170e+00 3.586435e+00 -7.203955e-02 7.793065e-01 5.099298e-01 1.528923e-01 -2.423147e-01 -8.329047e-01 5.997130e-02 -1.279796e-01 -5.895238e-01 -5.095433e-02 -5.355882e-01 -3.735795e-01 -1.167703e+00 -1.561820e-01 -5.871903e-02 1.981563e-02 9.126022e-02 1.348759e-01 4.450424e-02 -2.725665e-02 1.367604e-01 1.465363e-01 1.649389e-01 6.509697e-02 -4.152133e-02 -7.116809e-03
<VARIANCE> 39
 2.375502e+01 4.246631e+01 3.139019e+01 6.594601e+01 5.275684e+01 7.430091e+01 6.351977e+01 6.351636e+01 5.482034e+01 7.704774e+01 1.032569e+02 1.252114e+02 4.147233e+01 1.648624e+00 1.840089e+00 1.908593e+00 3.204295e+00 3.235971e+00 4.296457e+00 4.053319e+00 4.023170e+00 4.027337e+00 4.087976e+00 4.253329e+00 4.014122e+00 1.531502e+00 1.902228e-01 2.884723e-01 3.336070e-01 4.745612e-01 4.959903e-01 6.933184e-01 7.048231e-01 7.336000e-01 7.572370e-01 6.696402e-01 7.029005e-01 6.326540e-01 2.257138e-01
<GCONST> 1.293047e+02
<TRANSP> 6
 0.000000e+00 1.000000e+00 0.000000e+00 0.000000e+00 0.000000e+00 0.000000e+00
 0.000000e+00 8.691456e-01 1.308544e-01 0.000000e+00 0.000000e+00 0.000000e+00
 0.000000e+00 0.000000e+00 9.216024e-01 7.839761e-02 0.000000e+00 0.000000e+00
 0.000000e+00 0.000000e+00 0.000000e+00 9.019601e-01 9.803985e-02 0.000000e+00
 0.000000e+00 0.000000e+00 0.000000e+00 0.000000e+00 8.443050e-01 1.556950e-01
 0.000000e+00 0.000000e+00 0.000000e+00 0.000000e+00 0.000000e+00 0.000000e+00
<ENDHMM>
