~o
<STREAMINFO> 1 39
<VECSIZE> 39<NULLD><MFCC_D_A_Z_0><DIAGC>
~h "aw"
<BEGINHMM>
<NUMSTATES> 6
<STATE> 2
<NUMMIXES> 4
<MIXTURE> 1 4.314466e-01
<MEAN> 39
 -1.182367e+00 -4.526482e+00 -7.432179e-01 -7.690861e-01 4.132093e+00 3.232641e+00 -5.323402e+00 -3.388309e+00 -1.553153e-01 -2.181514e+00 2.336279e+00 5.013526e+00 9.692163e+00 -1.606627e-02 -2.613313e-01 1.833236e-01 3.725646e-01 -1.670444e-01 1.416478e-01 -1.297397e-01 -2.144749e-01 2.297094e-01 1.278944e-01 -2.096345e-01 8.047190e-02 3.210981e-02 7.647676e-02 7.451017e-02 -4.950466e-02 -1.070987e-01 -1.595492e-01 5.634893e-03 1.743833e-01 -1.791859e-02 -4.621165e-02 5.796047e-03 1.713080e-02 -4.312347e-02 -9.812198e-02
<VARIANCE> 39
 1.464011e+01 3.983201e+01 3.010461e+01 4.918581e+01 4.663193e+01 5.836890e+01 4.909338e+01 4.977909e+01 5.654831e+01 6.164553e+01 7.965230e+01 1.027466e+02 4.376138e+01 3.060738e-01 7.189118e-01 9.041945e-01 1.478639e+00 1.522590e+00 1.620716e+00 2.022540e+00 1.919601e+00 2.055379e+00 2.009540e+00 1.809479e+00 2.473639e+00 1.432730e-01 4.913477e-02 1.041343e-01 1.473960e-01 2.115345e-01 2.819505e-01 2.771560e-01 3.430207e-01 3.011221e-01 3.544756e-01 3.246429e-01 3.407216e-01 3.949568e-01 2.734078e-02
<GCONST> 1.026819e+02
<MIXTURE> 2 3.169811e-01
<MEAN> 39
 3.414464e+00 -4.360548e+00 -3.397666e+00 -1.475584e+00 -2.270004e+00 1.561250e+00 2.799290e+00 -3.993907e+00 -3.652206e+00 -6.953205e+00 -3.172990e+00 -4.824764e-01 8.515437e+00 -3.014323e-01 -7.286521e-01 -3.006782e-01 4.808221e-01 7.004323e-01 6.796362e-01 -2.976610e-01 -5.666203e-01 2.606161e-01 1.716324e-01 1.742501e-01 1.122981e-01 8.186492e-01 -9.122922e-02 2.621620e-01 2.673379e-01 1.642576e-01 6.419440e-02 -1.483253e-01 -2.270514e-01 8.965093e-02 1.622656e-01 2.997006e-01 1.086798e-01 6.487481e-03 -4.160413e-01
<VARIANCE> 39
 2.875735e+01 4.676600e+01 3.270021e+01 7.682438e+01 5.379583e+01 7.190381e+01 6.269416e+01 7.402468e+01 5.583958e+01 6.170819e+01 5.340638e+01 9.391608e+01 3.194507e+01 9.069845e-01 1.569997e+00 2.005367e+00 2.612686e+00 2.712052e+00 3.407809e+00 4.396363e+00 3.437830e+00 4.021008e+00 3.206118e+00 3.383168e+00 3.856303e+00 9.918004e-01 2.109273e-01 2.777386e-01 3.123083e-01 4.885776e-01 5.100780e-01 6.779771e-01 6.971284e-01 6.765702e-01 6.360984e-01 6.633145e-01 5.994703e-01 6.303546e-01 2.109519e-01
<GCONST> 1.256856e+02
<MIXTURE> 3 8.176101e-02
<MEAN> 39
 -3.244370e+00 -4.284739e+00 1.724503e+00 5.034883e+00 3.344976e+00 6.500936e+00 1.374259e+01 2.011712e+01 5.524832e+00 -2.371087e+01 -1.835385e+01 7.155361e+00 1.171254e+01 4.287774e-02 -4.798660e-02 -2.327140e-03 -9.079248e-02 7.680254e-02 1.250898e-02 5.439389e-03 -8.760250e-02 1.352037e-01 8.427566e-02 -1.121104e-01 -6.212157e-02 -2.542885e-02 4.040192e-03 -5.643841e-03 -3.608731e-02 -4.514129e-02 1.329254e-02 -5.885956e-03 -1.091612e-01 -1.167639e-01 -4.757546e-02 8.834449e-02 8.287306e-02 5.551408e-02 -1.395831e-02
<VARIANCE> 39
 1.361201e+01 2.361935e+01 2.220609e+01 4.902149e+01 4.478724e+01 3.205511e+01 5.628614e+01 1.091629e+02 1.160208e+02 1.595742e+02 9.549031e+01 2.896545e+02 2.101878e+01 3.298877e-01 5.485637e-01 5.191343e-01 6.627141e-01 9.524652e-01 9.486975e-01 1.272754e+00 1.476591e+00 1.816307e+00 1.351111e+00 1.669935e+00 2.012696e+00 8.588896e-02 6.213529e-02 8.877514e-02 9.604997e-02 1.062379e-01 1.709572e-01 1.513165e-01 3.067663e-01 2.981093e-01 2.970177e-01 2.569017e-01 2.207157e-01 3.343056e-01 1.336572e-02
<GCONST> 9.561691e+01
<MIXTURE> 4 1.698113e-01
<MEAN> 39
 -7.326058e-01 -5.078129e+00 -1.266148e+00 -2.420644e-01 5.394224e-01 3.296352e+00 2.820635e+00 5.460217e+00 1.504578e+01 1.447419e+01 5.068835e+00 -7.665497e+00 9.885579e+00 1.074413e-01 -2.010686e-01 -1.419309e-01 3.516609e-01 1.266827e-01 2.378094e-01 -1.685377e-01 -4.922840e-02 1.575139e-01 2.487834e-01 -3.815567e-01 -2.155008e-01 2.307228e-02 1.056313e-02 1.142480e-01 -3.340755e-02 -6.777016e-02 -3.763438e-02 -9.169538e-02 -6.764906e-02 -1.011828e-01 -3.189575e-01 -1.397815e-01 1.408314e-01 2.717308e-01 -1.035420e-01
<VARIANCE> 39
 2.052423e+01 4.266819e+01 2.971227e+01 8.645246e+01 7.353413e+01 5.523480e+01 7.319238e+01 1.000787e+02 8.882894e+01 1.192976e+02 1.815869e+02 2.997813e+02 2.396471e+01 6.388850e-01 9.351269e-01 1.329081e+00 1.777683e+00 2.390767e+00 2.308208e+00 2.308844e+00 3.148394e+00 2.954083e+00 3.944716e+00 5.646054e+00 5.232843e+00 4.549397e-01 1.159838e-01 1.757049e-01 2.173692e-01 3.114463e-01 3.902096e-01 4.126174e-01 4.463456e-01 5.669142e-01 6.160009e-01 6.284167e-01 9.893457e-01 9.503182e-01 8.803444e-02
<GCONST> 1.227246e+02
<STATE> 3
<NUMMIXES> 4
<MIXTURE> 1 2.841675e-01
<MEAN> 39
 1.792980e+00 -6.723958e+00 -3.063082e+00 2.612336e+00 -1.192224e+00 1.784477e+00 2.264246e-01 -6.300116e+00 -1.599987e+00 -2.442868e+00 1.602027e-01 2.602009e+00 8.970482e+00 1.756030e-01 1.933743e-01 -2.349767e-01 -1.263634e-01 5.619962e-02 6.158538e-02 1.698668e-02 4.789475e-04 -9.148220e-02 1.205000e-01 2.970280e-01 1.064095e-01 -1.818468e-01 6.182687e-02 1.600042e-01 7.473908e-02 -2.965697e-02 -2.299241e-03 -2.674221e-02 2.449450e-02 1.537880e-01 1.066510e-02 -3.963723e-04 4.090609e-02 1.210566e-02 -7.815049e-02
<VARIANCE> 39
 2.396853e+01 4.404793e+01 3.619744e+01 7.313900e+01 5.787696e+01 5.659007e+01 8.030592e+01 7.628770e+01 7.322655e+01 8.601211e+01 8.452802e+01 1.106247e+02 3.170891e+01 4.950904e-01 8.372545e-01 1.140846e+00 1.873797e+00 2.198177e+00 1.989967e+00 2.620114e+00 2.420506e+00 2.551978e+00 2.358101e+00 2.598968e+00 2.846544e+00 2.780478e-01 6.354512e-02 1.326517e-01 1.688008e-01 2.673107e-01 3.457308e-01 3.840958e-01 4.347054e-01 3.906726e-01 4.064425e-01 4.219657e-01 4.074755e-01 4.774834e-01 5.205285e-02
<GCONST> 1.123790e+02
<MIXTURE> 2 3.168913e-01
<MEAN> 39
 1.953862e+00 -9.827590e+00 -2.355526e+00 6.249286e+00 -3.854556e+00 2.198537e+00 -3.816049e+00 -8.001236e+00 -3.584679e+00 -4.730826e+00 -3.152525e+00 -4.836132e-01 1.050460e+01 6.495085e-02 -1.652957e-02 -7.633956e-02 3.932276e-02 -7.117004e-02 -3.425901e-02 3.608901e-03 -4.684931e-03 -1.026877e-01 -3.371392e-02 6.259695e-02 -1.751292e-02 -7.176724e-02 8.986158e-02 1.286007e-01 1.235875e-01 1.031346e-01 1.506214e-01 1.607372e-01 1.886701e-01 1.461130e-01 1.260887e-01 1.004001e-01 7.806730e-02 4.641394e-02 2.094523e-02
<VARIANCE> 39
 2.229401e+01 1.421655e+01 2.731553e+01 5.846048e+01 4.493993e+01 3.004211e+01 6.186262e+01 6.497967e+01 7.519570e+01 4.684024e+01 4.983875e+01 4.631865e+01 1.667910e+01 1.491998e-01 2.582673e-01 4.211504e-01 6.668512e-01 7.490297e-01 7.406366e-01 9.120709e-01 9.224573e-01 9.529315e-01 8.838731e-01 8.621159e-01 8.209622e-01 4.700242e-02 1.984492e-02 3.681479e-02 5.728093e-02 8.818700e-02 1.109469e-01 1.111431e-01 1.344714e-01 1.444529e-01 1.427325e-01 1.412402e-01 1.283075e-01 1.378239e-01 1.000000e-02
<GCONST> 7.679002e+01
<MIXTURE> 3 7.038017e-02
<MEAN> 39
 4.026390e+00 -8.177788e+00 -3.169274e+00 5.674754e+00 -7.720899e+00 5.249784e+00 1.763107e+01 1.878892e+01 2.376474e+01 1.044160e+01 -1.246460e+01 -3.605222e+01 7.811322e+00 1.878363e-03 -1.289994e-02 1.354207e-02 -1.756172e-02 7.426324e-02 -2.372045e-02 2.935703e-04 -1.679715e-02 7.587783e-02 -2.397862e-02 -1.446546e-01 -7.526155e-02 -1.179691e-02 2.585521e-03 2.142702e-02 2.678430e-03 -1.605366e-02 -1.664539e-03 -6.667632e-03 -3.329084e-02 -8.642178e-03 -2.453959e-02 -8.596213e-04 3.088345e-02 6.985067e-02 -1.927661e-03
<VARIANCE> 39
 1.515360e+01 2.162604e+01 2.100127e+01 6.338367e+01 4.824292e+01 3.168420e+01 1.639646e+02 4.665660e+01 5.087210e+01 6.195925e+01 6.014011e+01 5.018806e+01 7.345249e+00 3.029774e-01 5.098115e-01 6.220033e-01 9.224053e-01 7.103862e-01 1.227356e+00 1.090891e+00 1.231385e+00 1.513396e+00 2.029793e+00 1.866087e+00 1.763938e+00 8.157880e-02 6.266869e-02 9.660697e-02 1.164403e-01 1.710986e-01 1.266462e-01 2.530107e-01 2.080799e-01 2.251295e-01 3.265503e-01 2.649268e-01 2.938146e-01 3.268809e-01 1.305207e-02
<GCONST> 9.188840e+01
<MIXTURE> 4 3.285611e-01
<MEAN> 39
 6.045737e-01 -8.509275e+00 9.421970e-01 7.330890e+00 2.335525e-02 5.657732e+00 -1.976771e+00 -6.015215e+00 2.558396e+00 -1.012402e+00 4.551950e-01 2.747465e+00 1.228037e+01 7.256339e-02 -8.483591e-03 -1.435306e-02 2.151159e-02 1.461483e-02 -1.216105e-02 1.957045e-02 2.739220e-02 -8.244202e-02 9.715413e-02 2.058839e-02 -7.093889e-03 -6.056872e-02 -8.208866e-02 -1.057571e-01 -2.120548e-01 -2.414222e-01 -1.707180e-01 -2.135128e-01 -1.803742e-01 -1.510493e-01 -2.015493e-01 -1.184308e-01 -5.294367e-02 -3.622355e-02 -6.105048e-02
<VARIANCE> 39
 1.681006e+01 1.417573e+01 2.265409e+01 4.959008e+01 3.577909e+01 3.367396e+01 6.160332e+01 6.182894e+01 5.406973e+01 5.213861e+01 5.896653e+01 7.387443e+01 1.612729e+01 2.190719e-01 3.672989e-01 5.206177e-01 9.153666e-01 9.042026e-01 9.290646e-01 1.104002e+00 1.044428e+00 1.146503e+00 1.014655e+00 1.043510e+00 1.083929e+00 6.231774e-02 2.243744e-02 4.205871e-02 6.054643e-02 9.487463e-02 1.209982e-01 1.177727e-01 1.560925e-01 1.567948e-01 1.725750e-01 1.650711e-01 1.808955e-01 1.860733e-01 1.000000e-02
<GCONST> 8.118272e+01
<STATE> 4
<NUMMIXES> 4
<MIXTURE> 1 3.036797e-01
<MEAN> 39
 5.106286e+00 -4.376042e+00 -6.732123e+00 2.646902e+00 -2.371176e+00 6.904802e-01 -2.838094e-01 -2.866665e+00 -3.830048e+00 1.681016e+00 1.173496e+01 1.585348e+01 6.561244e+00 3.578372e-02 1.226741e-01 -1.558430e-02 -7.330642e-02 -8.686082e-04 3.171364e-02 2.632080e-02 1.794054e-01 -5.172783e-02 1.104403e-01 2.167126e-01 1.163225e-01 -9.086090e-02 -3.231489e-02 -6.639451e-03 2.137499e-02 -4.613838e-02 -6.482551e-02 -2.271319e-02 -2.490890e-03 -3.800544e-02 2.255705e-02 -2.223735e-02 -6.837972e-02 -1.132727e-01 -2.898927e-03
<VARIANCE> 39
 1.939053e+01 4.382827e+01 3.729410e+01 7.748176e+01 5.324642e+01 5.646580e+01 6.671444e+01 4.921862e+01 5.709680e+01 7.710591e+01 7.271789e+01 4.597669e+01 1.842931e+01 2.491212e-01 4.816054e-01 7.012162e-01 1.101175e+00 1.141941e+00 1.238051e+00 1.549499e+00 1.622712e+00 1.470785e+00 1.993562e+00 1.707160e+00 1.700816e+00 1.008131e-01 4.113460e-02 8.903754e-02 1.379364e-01 2.029566e-01 2.146082e-01 2.290540e-01 2.758302e-01 2.578173e-01 2.571490e-01 3.424533e-01 3.166624e-01 2.927138e-01 1.499214e-02
<GCONST> 9.680149e+01
<MIXTURE> 2 3.180348e-01
<MEAN> 39
 4.256303e+00 1.426847e+00 -6.477871e+00 -3.899806e+00 2.074509e+00 -8.698565e-01 1.354101e+00 -3.652559e+00 -6.745844e+00 -8.278691e+00 -4.020660e+00 -2.102369e+00 5.808898e+00 1.150553e-01 2.567336e-01 -2.714356e-02 -1.461741e-01 -1.300269e-01 -1.322705e-01 2.673453e-02 -4.629826e-02 -2.810556e-03 -2.598164e-02 1.877328e-02 6.794629e-02 -2.408320e-01 2.974811e-03 -1.725538e-02 4.922954e-02 1.702978e-03 -8.215491e-02 -5.710857e-02 -5.036770e-02 6.107921e-03 3.686667e-02 4.852253e-03 -3.810815e-02 5.188928e-02 -2.945257e-02
<VARIANCE> 39
 3.091621e+01 4.331635e+01 3.998518e+01 7.599609e+01 5.103392e+01 4.151863e+01 5.349569e+01 5.683504e+01 4.094127e+01 3.803614e+01 3.660873e+01 4.636283e+01 2.437139e+01 1.683443e-01 4.619597e-01 5.925571e-01 9.277557e-01 1.058497e+00 1.543393e+00 1.362982e+00 1.451196e+00 1.340499e+00 1.176676e+00 1.341843e+00 1.212474e+00 1.134473e-01 2.690364e-02 5.936356e-02 1.015703e-01 1.530796e-01 1.764735e-01 2.491944e-01 2.290601e-01 2.508852e-01 2.061295e-01 2.143630e-01 2.168053e-01 2.176283e-01 1.394031e-02
<GCONST> 9.031204e+01
<MIXTURE> 3 2.195714e-01
<MEAN> 39
 1.919416e+00 -3.961126e+00 -3.705386e+00 -2.341146e+00 4.750883e-02 4.678042e+00 -4.343294e-01 -2.419267e+00 -5.254290e-01 -1.457412e+00 2.437881e+00 3.860974e+00 8.133628e+00 5.119907e-01 9.152820e-01 -6.405219e-02 -1.085506e+00 -7.277582e-01 -7.671583e-01 2.564789e-01 4.220230e-01 -1.525132e-01 -1.342248e-01 -2.532803e-01 -3.460119e-01 -8.283760e-01 9.380476e-03 2.212767e-01 2.652332e-01 1.234471e-01 -1.937888e-01 -5.413710e-01 -1.593331e-01 1.229102e-03 -3.785003e-02 2.886306e-02 -1.611979e-01 -7.400475e-02 -2.747696e-01
<VARIANCE> 39
 2.373887e+01 3.396526e+01 3.453100e+01 8.388982e+01 7.006664e+01 7.227814e+01 7.282477e+01 9.237305e+01 8.431876e+01 1.142496e+02 1.045237e+02 1.530508e+02 2.656871e+01 5.605573e-01 1.480308e+00 1.743817e+00 2.552826e+00 3.127498e+00 3.397297e+00 3.414880e+00 3.437025e+00 3.423725e+00 3.334248e+00 3.607713e+00 4.014863e+00 5.416907e-01 1.009439e-01 2.029909e-01 2.694343e-01 3.917882e-01 5.150448e-01 6.038852e-01 6.815776e-01 6.083575e-01 7.009144e-01 5.721146e-01 6.200032e-01 7.190459e-01 8.812974e-02
<GCONST> 1.241104e+02
<MIXTURE> 4 1.587141e-01
<MEAN> 39
 -1.899962e+00 -4.107518e+00 -6.794983e-01 3.789608e+00 2.976358e+00 4.601014e+00 5.071324e+00 1.202625e+01 2.557290e+01 1.502495e+01 -9.185699e+00 -2.883244e+01 1.041655e+01 6.714854e-02 -2.720551e-02 -1.811781e-02 -2.985460e-02 -7.928626e-02 2.819565e-02 -5.856989e-03 -4.551958e-02 7.628661e-02 9.760933e-02 -1.640892e-03 -4.469307e-03 -1.218987e-01 8.333493e-03 2.700834e-02 -1.638075e-02 -5.342779e-02 -3.060673e-02 -2.126275e-02 1.813226e-02 1.165141e-02 -2.326883e-02 -2.814524e-02 7.673000e-02 6.978966e-02 -2.457320e-02
<VARIANCE> 39
 1.685892e+01 2.991457e+01 2.879872e+01 7.396603e+01 5.579519e+01 3.551941e+01 5.655255e+01 5.732971e+01 5.918653e+01 9.660685e+01 1.524461e+02 6.816687e+01 1.467809e+01 2.836325e-01 4.512097e-01 6.197892e-01 6.927562e-01 6.722996e-01 7.349813e-01 1.284436e+00 1.634364e+00 1.168381e+00 1.345596e+00 1.732651e+00 1.359013e+00 9.209427e-02 4.455058e-02 7.293942e-02 1.006958e-01 1.084904e-01 1.202659e-01 1.352935e-01 1.989782e-01 2.686088e-01 1.987478e-01 1.901295e-01 2.743548e-01 2.761438e-01 1.289862e-02
<GCONST> 9.038580e+01
<STATE> 5
<NUMMIXES> 4
<MIXTURE> 1 3.285714e-01
<MEAN> 39
 2.667653e+00 3.079188e-01 -4.450943e+00 -5.203155e+00 3.469784e-01 -2.172780e+00 -1.714876e+00 -4.543845e+00 -5.518065e-01 4.941055e+00 1.412217e+01 1.549775e+01 5.428040e+00 7.928694e-02 1.326509e-01 2.129928e-01 -7.109247e-03 -3.340673e-01 -6.328532e-01 -1.813088e-01 1.141168e-02 9.689000e-02 1.115659e-02 -1.372554e-01 6.225543e-02 -3.600028e-01 -5.510113e-03 -1.893404e-02 7.651085e-02 4.971731e-02 -8.345222e-02 1.463760e-02 -2.410910e-02 1.727811e-02 -8.480373e-03 -7.048915e-02 -2.781996e-01 -2.152575e-01 -2.835297e-02
<VARIANCE> 39
 2.432199e+01 5.088051e+01 3.602996e+01 8.312888e+01 6.929933e+01 7.587378e+01 6.085839e+01 4.989589e+01 6.987590e+01 8.126720e+01 6.366529e+01 7.496607e+01 2.857917e+01 3.849875e-01 1.006407e+00 1.338436e+00 1.839012e+00 2.101360e+00 2.726980e+00 2.165266e+00 2.366931e+00 2.650619e+00 2.844371e+00 2.445285e+00 2.689439e+00 3.668179e-01 6.323196e-02 1.487990e-01 2.020726e-01 2.821665e-01 3.439560e-01 3.685745e-01 3.137504e-01 3.795296e-01 5.166516e-01 4.876785e-01 4.055133e-01 4.576050e-01 4.214641e-02
<GCONST> 1.121366e+02
<MIXTURE> 2 3.508571e-01
<MEAN> 39
 5.873043e+00 9.748616e-01 -2.968948e+00 -3.854952e+00 -3.103841e+00 -2.359519e+00 -1.066745e+00 -4.137074e+00 -6.007234e+00 -7.295961e+00 -4.816539e+00 -2.434753e+00 2.084211e+00 -1.383478e-01 6.557433e-01 7.079912e-01 1.209330e-01 -2.432998e-01 -9.737198e-01 -4.849524e-01 -8.427142e-04 -2.319943e-01 -2.093969e-02 -4.852715e-01 -1.839840e-01 -9.528329e-01 -2.178123e-01 -1.011654e-01 1.127878e-01 1.940887e-01 1.936602e-01 9.788621e-02 3.112104e-02 -6.104359e-03 6.442735e-02 1.504166e-01 1.023730e-01 1.274674e-01 1.324813e-02
<VARIANCE> 39
 2.824892e+01 4.055841e+01 4.022981e+01 6.310529e+01 5.233870e+01 4.960719e+01 5.577908e+01 5.669257e+01 5.390823e+01 5.478376e+01 4.367945e+01 5.981409e+01 2.675113e+01 9.390801e-01 1.508509e+00 1.930333e+00 2.365566e+00 2.445853e+00 3.804895e+00 3.526337e+00 3.145128e+00 3.352096e+00 3.223606e+00 2.921293e+00 2.939207e+00 1.039953e+00 1.173618e-01 1.969625e-01 2.739964e-01 3.447539e-01 4.438155e-01 5.839291e-01 6.015515e-01 6.002330e-01 5.825295e-01 5.204830e-01 4.642673e-01 4.317602e-01 1.050529e-01
<GCONST> 1.191503e+02
<MIXTURE> 3 1.800000e-01
<MEAN> 39
 2.765912e+00 -1.482580e+00 -2.385204e+00 -3.439993e+00 -3.051032e+00 1.109017e+00 1.343476e+00 3.192973e+00 6.235318e+00 7.421662e+00 5.514123e+00 -8.701234e-02 4.211403e+00 -4.445582e-01 6.193284e-01 4.985563e-01 9.047538e-02 -1.107667e-01 -6.629331e-01 -3.060463e-01 -4.851621e-01 -9.763799e-01 -4.553440e-01 -2.159238e-01 6.682520e-01 -9.660652e-01 -2.570211e-01 -5.121350e-02 1.036862e-02 2.545788e-01 2.923380e-01 1.551835e-02 1.231563e-03 -4.457383e-02 -1.648345e-01 -2.833067e-01 -3.629097e-01 -2.388701e-01 -2.126985e-02
<VARIANCE> 39
 2.455136e+01 4.443652e+01 3.021353e+01 8.269643e+01 6.922530e+01 6.672868e+01 7.592706e+01 8.952351e+01 1.322164e+02 1.505515e+02 1.358445e+02 1.729503e+02 4.173405e+01 2.390474e+00 2.115426e+00 2.248175e+00 4.310953e+00 4.766353e+00 6.158171e+00 5.987625e+00 5.354762e+00 7.962945e+00 6.703608e+00 7.013296e+00 1.041608e+01 3.396675e+00 3.168343e-01 3.071797e-01 3.485791e-01 7.191296e-01 7.326168e-01 9.470692e-01 1.038128e+00 1.034854e+00 1.118938e+00 9.735864e-01 1.051541e+00 1.379535e+00 3.896520e-01
<GCONST> 1.431908e+02
<MIXTURE> 4 1.405714e-01
<MEAN> 39
 3.416285e-01 -4.169107e+00 -8.779444e-01 1.049914e+00 5.376244e-01 4.505954e+00 7.941773e+00 1.398595e+01 1.941664e+01 9.330109e+00 -9.140068e+00 -2.119945e+01 6.644558e+00 1.611696e-01 3.112508e-01 -1.130025e-01 -3.985153e-01 -3.165773e-01 -2.846762e-01 -2.588884e-01 -5.006922e-02 -4.279498e-01 1.120780e-01 8.379871e-01 1.042193e+00 -3.588306e-01 -1.694612e-04 8.516229e-03 2.087937e-02 -1.633768e-02 -1.513707e-01 -1.483414e-01 -7.011253e-03 -1.351091e-01 -3.101112e-01 -1.570062e-01 2.002715e-01 4.948257e-01 -8.871078e-02
<VARIANCE> 39
 2.322503e+01 3.190109e+01 3.537545e+01 6.418835e+01 6.210296e+01 4.729372e+01 1.571421e+02 8.383884e+01 1.034053e+02 2.585202e+02 2.411974e+02 1.686968e+02 2.567642e+01 5.197517e-01 9.235281e-01 1.052320e+00 1.914317e+00 2.456088e+00 2.185723e+00 2.786041e+00 2.747229e+00 3.319578e+00 3.980268e+00 5.666546e+00 5.837028e+00 3.775378e-01 9.054211e-02 1.651052e-01 2.111493e-01 2.866087e-01 3.487723e-01 4.247263e-01 5.599781e-01 4.035748e-01 6.837560e-01 7.073916e-01 7.248393e-01 9.808598e-01 7.495909e-02
<GCONST> 1.222620e+02
<TRANSP> 6
 0.000000e+00 1.000000e+00 0.000000e+00 0.000000e+00 0.000000e+00 0.000000e+00
 0.000000e+00 6.437107e-01 3.562893e-01 0.000000e+00 0.000000e+00 0.000000e+00
 0.000000e+00 0.000000e+00 8.636910e-01 1.363090e-01 0.000000e+00 0.000000e+00
 0.000000e+00 0.000000e+00 0.000000e+00 7.709260e-01 2.290740e-01 0.000000e+00
 0.000000e+00 0.000000e+00 0.000000e+00 0.000000e+00 6.762857e-01 3.237143e-01
 0.000000e+00 0.000000e+00 0.000000e+00 0.000000e+00 0.000000e+00 0.000000e+00
<ENDHMM>
