~o
<STREAMINFO> 1 39
<VECSIZE> 39<NULLD><MFCC_D_A_Z_0><DIAGC>
~h "er"
<BEGINHMM>
<NUMSTATES> 6
<STATE> 2
<NUMMIXES> 4
<MIXTURE> 1 2.883292e-01
<MEAN> 39
 4.219948e+00 -9.302093e+00 -7.937753e+00 1.347962e+01 -5.078656e+00 -1.127531e+00 1.404267e-01 8.901218e-01 -3.135007e+00 6.953586e+00 1.587965e+01 1.639558e+01 8.405019e+00 2.278743e-01 3.556227e-02 -1.995337e-01 1.237049e-01 1.320783e-01 -2.164489e-01 -3.211125e-01 4.909192e-01 -2.809514e-02 -9.019168e-02 -3.566210e-02 1.534486e-01 -1.666209e-01 2.414785e-04 7.332404e-02 3.760727e-02 -1.317786e-01 3.815940e-02 2.761547e-02 -1.455334e-03 -4.389554e-02 6.393971e-02 -2.420035e-02 -1.078392e-01 -8.788179e-02 -1.881728e-02
<VARIANCE> 39
 1.163324e+01 1.418288e+01 2.990428e+01 4.876878e+01 3.152113e+01 4.509431e+01 6.713851e+01 5.723216e+01 6.565534e+01 8.590065e+01 5.540717e+01 4.790403e+01 1.036831e+01 3.469101e-01 5.301377e-01 1.080157e+00 1.393773e+00 1.414743e+00 1.518200e+00 1.927956e+00 1.877283e+00 1.968310e+00 2.250420e+00 2.330802e+00 1.937394e+00 1.810211e-01 4.913585e-02 9.294480e-02 1.897525e-01 2.191735e-01 2.531220e-01 2.542930e-01 3.336642e-01 2.801367e-01 2.934240e-01 3.467253e-01 3.776825e-01 3.139478e-01 2.589932e-02
<GCONST> 9.874184e+01
<MIXTURE> 2 3.164894e-01
<MEAN> 39
 7.026753e+00 -4.083122e+00 -6.185498e+00 4.380431e+00 -3.802637e+00 -2.917824e+00 2.664109e+00 -2.389900e+00 -7.827804e+00 -7.404603e+00 -2.639435e+00 -1.902487e+00 5.355383e+00 3.143778e-01 -8.999438e-02 -4.004393e-01 4.680056e-01 1.571577e-01 -3.935645e-01 -2.643657e-01 5.833674e-01 -3.193469e-02 -3.300605e-01 2.285837e-02 -4.317228e-02 -1.467161e-01 -4.761499e-02 1.157437e-01 9.325356e-02 -1.298174e-01 2.065450e-02 6.806412e-02 -1.129513e-01 -4.854780e-02 1.440519e-01 4.539571e-02 -2.052565e-02 9.708431e-02 -7.306349e-02
<VARIANCE> 39
 2.424070e+01 3.679957e+01 4.483923e+01 7.707224e+01 4.278997e+01 6.256050e+01 7.487834e+01 6.668865e+01 4.763397e+01 4.762212e+01 4.944088e+01 7.616229e+01 2.123263e+01 3.192900e-01 6.197435e-01 1.078037e+00 1.576553e+00 1.781981e+00 2.070369e+00 2.564675e+00 2.443856e+00 2.378664e+00 2.379823e+00 2.534536e+00 2.440003e+00 2.812670e-01 5.661753e-02 1.013588e-01 1.854231e-01 2.629316e-01 2.923012e-01 3.509153e-01 3.937870e-01 4.340358e-01 4.149556e-01 4.254863e-01 3.939687e-01 3.702348e-01 3.896968e-02
<GCONST> 1.072518e+02
<MIXTURE> 3 1.989987e-01
<MEAN> 39
 1.659025e+00 -3.649015e+00 -2.896268e+00 2.881017e+00 -1.310710e+00 -8.221266e-01 5.532222e-01 9.027016e+00 1.081679e+01 1.422934e+01 7.965405e+00 -3.048723e+00 5.420218e+00 2.008538e-01 -1.430957e-02 -1.558894e-01 2.013118e-01 9.435798e-02 -3.056368e-01 -1.002419e-01 4.059604e-01 1.491834e-01 -1.092917e-01 -8.196519e-02 8.575999e-02 -2.142256e-01 -1.499247e-02 4.023746e-02 -5.532941e-04 -6.286451e-02 -9.165034e-02 7.618266e-02 5.083872e-02 -1.906811e-01 -9.107289e-02 -1.587503e-01 -9.514994e-02 9.131783e-02 -2.141592e-02
<VARIANCE> 39
 2.281804e+01 3.883928e+01 4.430391e+01 9.584106e+01 6.480712e+01 6.452266e+01 6.770382e+01 1.244010e+02 8.838510e+01 1.330035e+02 2.485286e+02 2.610673e+02 3.569947e+01 3.590494e-01 5.815012e-01 9.401900e-01 1.399633e+00 1.349933e+00 1.737050e+00 2.078355e+00 2.120757e+00 2.188204e+00 2.462442e+00 2.885634e+00 3.381266e+00 1.755543e-01 5.600842e-02 1.056008e-01 1.633067e-01 2.036641e-01 2.407246e-01 2.926493e-01 3.292457e-01 3.947881e-01 3.887284e-01 4.781165e-01 4.615504e-01 5.187643e-01 2.457005e-02
<GCONST> 1.114432e+02
<MIXTURE> 4 1.961827e-01
<MEAN> 39
 3.875568e+00 -4.103220e+00 -3.589907e+00 -6.720247e-01 -3.537596e+00 -1.186017e-01 8.980336e-01 2.271123e+00 3.347314e+00 2.254477e+00 3.562204e+00 3.134540e+00 6.176580e+00 2.679914e-01 -5.657304e-01 -4.931486e-01 7.119896e-01 3.288073e-01 -2.220087e-01 -2.449775e-01 3.384188e-01 4.732213e-02 3.099440e-02 3.788294e-01 4.179686e-01 4.499981e-01 -2.461289e-01 2.934489e-01 2.939669e-01 1.925036e-01 2.093810e-01 -8.459081e-02 -1.471881e-02 -1.404158e-01 -2.691676e-01 -1.103331e-01 -1.565458e-01 -1.119456e-01 -4.125800e-01
<VARIANCE> 39
 2.656784e+01 3.895407e+01 4.123027e+01 8.176411e+01 5.868324e+01 8.330772e+01 1.050914e+02 1.318369e+02 1.367818e+02 1.743478e+02 1.982450e+02 2.120471e+02 3.028669e+01 1.570286e+00 1.958346e+00 2.621607e+00 3.882047e+00 3.673808e+00 4.852712e+00 5.154398e+00 5.255845e+00 5.977755e+00 7.042025e+00 7.015275e+00 7.835806e+00 2.117989e+00 2.813118e-01 3.283563e-01 4.533763e-01 6.617120e-01 7.134293e-01 8.381062e-01 9.910235e-01 1.049398e+00 1.108088e+00 1.066235e+00 1.180453e+00 1.228904e+00 2.511984e-01
<GCONST> 1.421268e+02
<STATE> 3
<NUMMIXES> 4
<MIXTURE> 1 3.129394e-01
<MEAN> 39
 8.797233e+00 -8.413200e+00 -1.029549e+01 1.237857e+01 -6.931808e-01 -2.689636e+00 -2.470699e+00 2.459544e+00 -7.743739e+00 -6.256208e+00 4.649682e+00 8.194770e+00 6.101106e+00 3.667288e-02 4.316839e-02 -1.914521e-02 -7.442505e-02 1.643168e-02 -1.555789e-02 -9.785185e-02 -8.239145e-03 4.149603e-03 -1.212429e-02 -6.813642e-02 4.024404e-02 -6.878693e-02 -2.193416e-02 4.508808e-03 -1.065235e-02 -7.388884e-02 -4.416532e-02 -4.152388e-02 -9.299875e-03 -6.267703e-02 -1.528141e-02 5.239030e-03 -2.821400e-02 -3.559672e-02 -1.425572e-02
<VARIANCE> 39
 1.320170e+01 9.631517e+00 1.865582e+01 2.726213e+01 3.485961e+01 2.717696e+01 6.426579e+01 4.960539e+01 3.489622e+01 4.340003e+01 3.695673e+01 8.631332e+01 4.874845e+00 1.794078e-01 3.652388e-01 6.506160e-01 7.955349e-01 9.854962e-01 1.051043e+00 1.428151e+00 1.321263e+00 1.096634e+00 1.073243e+00 1.060762e+00 1.234327e+00 8.101477e-02 2.985484e-02 6.466495e-02 1.109351e-01 1.413898e-01 1.767066e-01 1.871482e-01 2.428085e-01 2.458448e-01 1.912960e-01 1.965090e-01 1.836328e-01 2.103219e-01 1.061877e-02
<GCONST> 8.214265e+01
<MIXTURE> 2 3.705223e-01
<MEAN> 39
 1.148482e+01 -4.162261e+00 -8.081522e+00 7.085273e+00 -2.986185e+00 -6.936984e+00 -1.290284e+00 3.181327e+00 -1.157096e+01 -1.010233e+01 -8.126222e+00 -2.662596e+00 4.159730e+00 1.423000e-02 2.366970e-02 4.519502e-03 -2.738420e-02 5.132676e-02 -1.214834e-02 -3.599593e-02 4.567490e-02 1.271380e-02 2.055850e-02 -3.561179e-02 2.246603e-02 -2.384594e-02 -7.348610e-04 1.028865e-02 1.740679e-02 5.756724e-03 5.668743e-03 2.718072e-02 1.375852e-02 1.218152e-02 1.574072e-02 1.137089e-02 3.083445e-02 1.823610e-02 3.308905e-03
<VARIANCE> 39
 1.059243e+01 1.709200e+01 3.162851e+01 2.592855e+01 4.159560e+01 4.625370e+01 8.080846e+01 6.616451e+01 5.866042e+01 4.322897e+01 6.267951e+01 4.991475e+01 1.488417e+01 9.334608e-02 2.022285e-01 3.390001e-01 5.055678e-01 6.502022e-01 7.960424e-01 8.407418e-01 8.987214e-01 9.200740e-01 9.186555e-01 9.386002e-01 7.629122e-01 5.408660e-02 1.573425e-02 3.611884e-02 6.227723e-02 9.150746e-02 1.216211e-01 1.471288e-01 1.611304e-01 1.671087e-01 1.719248e-01 1.754611e-01 1.773774e-01 1.449269e-01 1.000000e-02
<GCONST> 7.618140e+01
<MIXTURE> 3 1.461332e-01
<MEAN> 39
 9.000442e+00 -1.238900e+00 -7.148244e+00 5.380531e+00 -5.007168e+00 -1.144318e+01 5.724916e-01 7.259561e+00 9.941140e+00 1.093591e+01 1.463206e+01 9.737827e+00 8.922592e-01 5.436630e-03 4.379543e-02 -2.108165e-02 -3.155334e-02 7.213700e-03 -1.582973e-02 -3.390635e-02 1.072646e-02 6.096025e-02 1.671479e-03 -1.306976e-02 5.656343e-03 -5.719730e-02 -1.873645e-02 1.259722e-03 1.507753e-02 -1.958976e-02 -1.437286e-02 3.452608e-02 2.407737e-02 -3.084607e-02 -3.367489e-02 -3.249705e-03 -1.593165e-02 -2.152881e-02 5.770447e-03
<VARIANCE> 39
 1.740129e+01 3.039936e+01 3.258667e+01 4.431160e+01 4.174022e+01 5.977328e+01 7.116991e+01 9.607340e+01 6.771322e+01 5.438507e+01 6.646601e+01 1.265358e+02 1.554258e+01 1.397048e-01 2.842882e-01 5.301318e-01 5.955150e-01 6.602689e-01 8.194174e-01 9.554057e-01 1.013822e+00 1.096431e+00 1.155050e+00 1.150434e+00 1.124437e+00 6.476203e-02 2.289846e-02 5.243767e-02 9.745774e-02 1.085338e-01 1.314717e-01 1.516420e-01 1.828469e-01 1.866472e-01 2.146169e-01 2.201009e-01 2.144514e-01 1.901785e-01 1.000000e-02
<GCONST> 8.517528e+01
<MIXTURE> 4 1.704051e-01
<MEAN> 39
 3.537403e+00 -2.994220e+00 -3.648777e+00 1.986769e+00 -8.208576e-01 -7.036955e-01 -1.218898e-01 3.874687e+00 -9.958090e-01 -3.287855e+00 6.273193e-01 4.390095e+00 4.955907e+00 8.415042e-02 1.906850e-01 1.821676e-01 9.627171e-02 5.901067e-03 -1.852578e-01 -1.854925e-01 -1.407086e-01 -1.336071e-01 -2.047335e-01 -1.791194e-01 3.643489e-02 -3.361561e-01 -1.304192e-01 1.367433e-01 1.948887e-01 -1.053616e-02 -7.422026e-02 1.109376e-01 1.841829e-01 -2.326103e-01 -1.326317e-01 4.201378e-02 -6.183968e-02 -1.185395e-01 -1.176611e-01
<VARIANCE> 39
 3.154298e+01 4.105135e+01 5.012708e+01 1.122725e+02 6.227690e+01 8.894747e+01 1.273050e+02 1.520920e+02 1.572820e+02 2.487417e+02 2.019363e+02 1.974040e+02 3.728246e+01 6.903620e-01 1.046709e+00 1.246218e+00 2.037509e+00 2.223779e+00 2.874086e+00 3.026860e+00 2.920762e+00 3.329183e+00 3.312026e+00 3.706403e+00 3.630564e+00 8.829061e-01 1.586115e-01 1.743714e-01 2.567734e-01 3.905689e-01 4.292945e-01 4.864561e-01 6.066398e-01 5.623475e-01 6.272661e-01 6.415018e-01 6.440562e-01 6.762294e-01 1.297354e-01
<GCONST> 1.279592e+02
<STATE> 4
<NUMMIXES> 4
<MIXTURE> 1 2.465753e-01
<MEAN> 39
 8.287320e+00 -5.087345e+00 -7.424053e+00 5.714640e+00 -3.935753e+00 -7.065944e+00 -5.275942e+00 2.633720e+00 -5.688727e-01 7.146520e+00 1.264882e+01 1.716369e+01 2.538493e+00 -1.032799e-01 1.448543e-01 2.726372e-01 -3.445493e-01 -3.062299e-01 9.637102e-02 1.368000e-01 -4.196635e-01 -1.088954e-01 2.616835e-01 5.873844e-02 -3.324555e-01 -1.249702e-01 -8.726806e-02 1.691966e-02 1.336661e-01 -7.425331e-02 -7.269485e-02 1.283035e-01 1.692737e-01 -1.724914e-01 -5.191199e-02 1.111750e-02 -1.326785e-01 -1.974684e-01 4.199315e-02
<VARIANCE> 39
 1.001256e+01 2.092240e+01 2.936075e+01 3.959964e+01 4.064029e+01 4.547896e+01 5.411830e+01 6.133507e+01 8.768377e+01 1.019902e+02 6.418559e+01 6.678822e+01 1.322684e+01 3.846252e-01 7.853621e-01 1.131660e+00 1.800548e+00 1.773618e+00 2.162765e+00 2.815180e+00 2.511207e+00 2.716737e+00 2.921014e+00 2.965252e+00 2.579588e+00 3.383987e-01 6.447482e-02 1.341306e-01 1.848589e-01 2.710437e-01 3.373170e-01 3.755805e-01 4.466283e-01 4.600974e-01 4.790176e-01 4.572980e-01 4.973625e-01 4.376615e-01 3.151037e-02
<GCONST> 1.076983e+02
<MIXTURE> 2 3.052632e-01
<MEAN> 39
 1.278869e+01 -1.766109e-01 -1.009253e+01 2.449095e+00 3.163290e-01 -7.320437e+00 -2.627304e+00 2.726664e+00 -5.689139e+00 -9.616683e+00 -8.551149e+00 -1.825435e+00 -3.193621e-01 -2.146407e-02 1.736936e-01 1.909084e-01 -1.609624e-01 -4.894491e-02 -1.451762e-03 -8.420969e-03 -1.540334e-01 -5.685374e-02 7.274470e-02 -2.727038e-02 -8.008663e-02 -1.516985e-01 -5.112074e-02 -2.687297e-02 8.474519e-02 3.281291e-02 -7.020660e-02 1.363293e-02 7.036673e-02 -2.420496e-02 -3.541506e-02 3.593793e-02 9.989225e-02 3.529199e-02 2.107587e-02
<VARIANCE> 39
 1.341494e+01 1.822755e+01 5.415393e+01 4.040016e+01 4.163717e+01 3.647306e+01 6.805135e+01 7.323107e+01 4.699263e+01 4.104163e+01 4.291026e+01 8.058282e+01 1.755802e+01 1.917574e-01 4.325157e-01 7.137690e-01 1.031367e+00 1.307066e+00 1.391662e+00 1.802706e+00 1.838866e+00 1.762807e+00 1.646557e+00 1.752932e+00 1.839692e+00 1.394235e-01 3.374330e-02 7.144345e-02 1.196293e-01 1.847412e-01 2.398605e-01 2.834251e-01 3.286400e-01 3.338128e-01 3.082054e-01 2.856595e-01 3.294961e-01 3.159553e-01 1.773723e-02
<GCONST> 9.508925e+01
<MIXTURE> 3 2.242249e-01
<MEAN> 39
 1.053714e+00 -4.636501e+00 -1.528550e+00 2.285155e+00 2.884730e+00 4.985556e-01 -6.544929e+00 -1.932230e+00 2.282926e+00 1.665378e+00 8.720939e+00 1.144904e+01 9.168650e+00 -8.469333e-02 8.796138e-02 4.108745e-02 -5.055953e-02 -6.494276e-02 3.208940e-02 9.064211e-02 -1.360571e-01 -1.840341e-02 -1.670110e-02 -7.087070e-03 1.655034e-02 -2.137176e-02 -4.716281e-03 2.317995e-03 -2.874018e-02 -1.105168e-01 -8.968899e-02 1.795566e-02 4.933902e-02 -6.315976e-02 -6.399002e-02 1.393646e-02 -7.623758e-03 -3.539691e-02 -3.572083e-02
<VARIANCE> 39
 1.209544e+01 3.839893e+01 3.091118e+01 6.609814e+01 5.142046e+01 5.006074e+01 6.933652e+01 7.067332e+01 8.647433e+01 9.937117e+01 1.171724e+02 1.219266e+02 1.620764e+01 2.108144e-01 4.474797e-01 6.438299e-01 8.741602e-01 9.889129e-01 1.089120e+00 1.209408e+00 1.154546e+00 1.163863e+00 1.112326e+00 1.265808e+00 1.551071e+00 8.463027e-02 3.880490e-02 6.581397e-02 1.099940e-01 1.259376e-01 1.641638e-01 1.775076e-01 2.191034e-01 1.804804e-01 1.989007e-01 1.958852e-01 2.339093e-01 2.703662e-01 1.321039e-02
<GCONST> 9.178951e+01
<MIXTURE> 4 2.239366e-01
<MEAN> 39
 5.639022e+00 -1.843807e+00 -4.546729e+00 7.758727e-01 -1.752855e+00 -3.326319e+00 -8.424693e-01 3.195471e+00 1.188655e+00 -8.633434e-01 -5.804926e-01 1.980222e-01 2.381673e+00 -3.419077e-01 3.108767e-01 7.402182e-01 8.679408e-02 -3.941355e-01 -1.192656e-01 4.665124e-01 -5.659726e-01 -7.127871e-01 -2.724750e-01 -9.533840e-02 -1.445533e-01 -4.899212e-01 -2.427190e-01 5.406759e-02 2.058055e-01 -4.310198e-03 -1.190092e-02 2.010083e-01 1.477496e-01 -2.337529e-01 -1.526186e-01 1.152051e-01 2.176181e-02 -2.925541e-02 -4.777568e-02
<VARIANCE> 39
 4.151176e+01 3.374827e+01 5.494921e+01 7.634856e+01 5.283133e+01 7.553725e+01 8.847630e+01 1.218093e+02 1.459229e+02 1.560621e+02 1.683400e+02 1.691227e+02 3.767075e+01 9.079964e-01 1.714198e+00 2.121939e+00 2.806286e+00 3.004496e+00 3.767060e+00 4.432553e+00 4.526065e+00 5.112426e+00 4.826532e+00 5.773376e+00 5.268034e+00 1.853289e+00 1.727252e-01 2.092624e-01 3.546668e-01 4.790789e-01 4.771234e-01 7.087235e-01 7.376591e-01 8.612311e-01 7.495331e-01 8.678289e-01 7.761195e-01 7.525474e-01 1.566111e-01
<GCONST> 1.341967e+02
<STATE> 5
<NUMMIXES> 4
<MIXTURE> 1 1.759031e-01
<MEAN> 39
 3.041224e+00 5.366850e-01 -2.661410e-01 -4.460849e+00 -3.562204e+00 -5.611949e+00 -4.168235e+00 9.429702e-01 4.576499e+00 9.434626e+00 1.164361e+01 1.063211e+01 1.600417e+00 -7.253635e-01 5.141722e-01 2.709610e-01 -2.230390e-01 1.667307e-01 8.139037e-02 1.659369e-01 -2.832263e-01 -7.213434e-01 -8.120474e-01 -7.276637e-01 -6.798855e-01 -5.572395e-01 -1.369430e-01 -1.336740e-01 -1.508739e-01 2.013459e-01 1.595042e-01 1.959091e-01 1.921465e-01 8.286902e-02 -7.233208e-02 -1.380412e-01 -2.000423e-01 -3.562378e-01 7.276644e-02
<VARIANCE> 39
 2.178986e+01 3.306391e+01 2.758584e+01 4.863675e+01 5.807434e+01 6.337609e+01 4.878673e+01 7.222831e+01 9.393108e+01 7.836449e+01 6.839244e+01 1.110637e+02 3.556005e+01 1.649751e+00 2.040048e+00 2.087469e+00 3.181990e+00 3.765870e+00 4.171906e+00 3.851863e+00 4.699470e+00 5.636922e+00 5.436991e+00 5.849493e+00 5.928038e+00 2.189345e+00 2.536723e-01 2.897477e-01 3.244759e-01 4.173636e-01 5.916370e-01 7.184946e-01 5.044013e-01 7.828430e-01 9.047633e-01 7.751936e-01 8.151043e-01 8.349973e-01 2.261452e-01
<GCONST> 1.311365e+02
<MIXTURE> 2 2.873563e-01
<MEAN> 39
 4.729624e+00 2.593743e+00 8.104524e-01 -9.170035e-01 -3.089010e+00 -4.950367e+00 -2.366109e+00 -3.136066e+00 -6.395126e+00 -7.318715e+00 -6.654539e+00 -2.141179e+00 -2.502149e+00 -9.468003e-01 5.306783e-01 7.819334e-01 1.316281e-01 3.865703e-01 2.225679e-01 1.792663e-01 -9.919079e-02 -5.103954e-01 1.841453e-01 -1.364198e-01 -3.320007e-01 -8.928877e-01 -1.776537e-01 -2.226599e-01 -2.424999e-01 1.478599e-02 8.943846e-02 2.310635e-01 1.685483e-01 2.240212e-01 2.662477e-01 3.041385e-01 3.448688e-01 1.871818e-01 2.139880e-01
<VARIANCE> 39
 3.613929e+01 2.810028e+01 2.905095e+01 4.982678e+01 4.308918e+01 5.070673e+01 5.002050e+01 5.550202e+01 5.326355e+01 4.599561e+01 4.551741e+01 6.208206e+01 3.487361e+01 1.798139e+00 1.784706e+00 2.538691e+00 2.978559e+00 3.015422e+00 3.910409e+00 4.091644e+00 3.798068e+00 3.691864e+00 3.194150e+00 3.403423e+00 3.122975e+00 1.934187e+00 2.315888e-01 2.430570e-01 3.635982e-01 4.604840e-01 5.056555e-01 6.341544e-01 7.114668e-01 7.215388e-01 6.884182e-01 6.260498e-01 5.874758e-01 5.507950e-01 2.037853e-01
<GCONST> 1.246595e+02
<MIXTURE> 3 3.275862e-01
<MEAN> 39
 1.508507e+00 -3.133372e+00 -1.838932e+00 9.166219e-01 -6.124353e-01 1.781293e+00 -1.236083e+00 -2.091211e+00 -1.709901e-01 1.377578e+00 4.401413e+00 4.552479e+00 6.258441e+00 -2.048566e-01 1.479817e-01 1.530482e-01 -4.237842e-01 -1.632615e-01 2.053601e-01 2.343585e-01 -3.705375e-01 -2.127822e-02 1.182863e-01 -1.290636e-01 3.022743e-03 -1.293062e-01 6.627877e-02 4.557019e-02 -3.924210e-02 -3.433928e-02 1.165391e-02 -1.423673e-01 -1.331594e-02 1.336603e-01 9.422540e-03 -1.266976e-02 -5.785232e-02 -1.390616e-02 -6.284622e-02
<VARIANCE> 39
 2.372187e+01 4.128587e+01 3.217951e+01 7.789244e+01 6.320686e+01 7.187901e+01 9.828800e+01 9.459038e+01 1.452798e+02 1.718679e+02 1.729408e+02 1.852033e+02 3.333054e+01 3.079268e-01 6.068496e-01 7.994778e-01 1.366695e+00 1.519186e+00 2.003335e+00 2.126362e+00 2.141897e+00 2.345431e+00 2.171800e+00 2.389497e+00 2.371770e+00 1.855410e-01 4.216671e-02 1.008185e-01 1.393176e-01 1.970024e-01 2.338896e-01 3.680381e-01 3.026913e-01 3.650179e-01 3.909079e-01 4.033429e-01 4.117005e-01 4.215629e-01 2.802481e-02
<GCONST> 1.097899e+02
<MIXTURE> 4 2.091544e-01
<MEAN> 39
 4.315172e+00 -6.720088e+00 -3.209339e+00 5.075994e+00 -6.634968e+00 1.363364e+00 7.980849e+00 -1.884453e+00 -2.327939e+00 3.132531e+00 4.635151e+00 3.443910e+00 7.673665e+00 -9.549868e-01 2.730426e-01 1.182492e+00 -1.505548e+00 -1.380962e-01 1.625952e+00 -9.546152e-02 -1.933638e+00 9.125944e-01 4.445111e-01 -6.822454e-01 -5.639098e-02 4.005532e-01 2.091369e-02 3.446639e-01 -7.244153e-02 -3.430096e-01 5.161113e-01 -2.830421e-01 -8.523384e-01 3.449680e-01 3.389404e-01 -3.356943e-01 -2.327268e-01 1.704032e-01 -2.279645e-01
<VARIANCE> 39
 2.172006e+01 1.694693e+01 3.464349e+01 5.956208e+01 4.366879e+01 7.923607e+01 7.078201e+01 1.086745e+02 1.407212e+02 1.936683e+02 1.914386e+02 1.774794e+02 1.819946e+01 1.061336e+00 1.592332e+00 1.936896e+00 4.023219e+00 3.566560e+00 5.551750e+00 5.915181e+00 5.059604e+00 4.809969e+00 5.388485e+00 4.637697e+00 5.037487e+00 1.266109e+00 1.353589e-01 1.751379e-01 3.543095e-01 5.030521e-01 5.229192e-01 9.186004e-01 7.842081e-01 1.032999e+00 9.393414e-01 8.633885e-01 8.947332e-01 7.522359e-01 9.405591e-02
<GCONST> 1.320871e+02
<TRANSP> 6
 0.000000e+00 1.000000e+00 0.000000e+00 0.000000e+00 0.000000e+00 0.000000e+00
 0.000000e+00 6.781915e-01 3.218085e-01 0.000000e+00 0.000000e+00 0.000000e+00
 0.000000e+00 0.000000e+00 8.278373e-01 1.721627e-01 0.000000e+00 0.000000e+00
 0.000000e+00 0.000000e+00 0.000000e+00 7.033886e-01 2.966114e-01 0.000000e+00
 0.000000e+00 0.000000e+00 0.000000e+00 0.000000e+00 5.777915e-01 4.222085e-01
 0.000000e+00 0.000000e+00 0.000000e+00 0.000000e+00 0.000000e+00 0.000000e+00
<ENDHMM>
