~o
<STREAMINFO> 1 39
<VECSIZE> 39<NULLD><MFCC_D_A_Z_0><DIAGC>
~h "g"
<BEGINHMM>
<NUMSTATES> 6
<STATE> 2
<NUMMIXES> 4
<MIXTURE> 1 2.456198e-01
<MEAN> 39
 -6.973441e-01 -5.801135e-01 -1.919632e+00 -3.796975e-01 -6.879235e-02 -2.717122e-01 -1.784214e+00 -1.111811e+00 -9.257750e-02 1.458974e+00 5.473906e+00 3.817152e+00 5.030385e+00 9.193753e-02 1.168351e-01 -9.614303e-02 -2.645315e-01 -5.765245e-02 -1.645798e-01 -1.713507e-01 -1.910689e-01 9.460340e-02 6.274928e-02 3.691839e-02 9.097730e-02 -1.109849e-01 1.120789e-01 4.668296e-02 9.097357e-02 -3.913044e-02 -1.111801e-01 2.696744e-02 6.218017e-02 -5.437637e-02 5.766621e-04 -1.433290e-02 -9.729245e-02 -2.416974e-02 -1.305464e-02
<VARIANCE> 39
 4.522798e+01 5.372591e+01 3.619510e+01 8.493053e+01 6.669543e+01 7.475356e+01 7.149921e+01 9.020651e+01 1.352644e+02 1.505756e+02 1.593541e+02 1.561180e+02 4.722246e+01 5.283015e-01 9.486233e-01 1.001438e+00 1.681975e+00 2.075294e+00 2.786208e+00 2.479973e+00 2.623783e+00 2.737806e+00 2.813008e+00 2.980606e+00 2.834367e+00 3.709605e-01 7.845350e-02 1.442634e-01 2.043292e-01 2.967375e-01 4.281316e-01 4.612679e-01 4.222689e-01 4.806823e-01 6.546294e-01 5.585661e-01 5.462498e-01 5.013865e-01 4.655156e-02
<GCONST> 1.194606e+02
<MIXTURE> 2 3.609917e-01
<MEAN> 39
 -5.258619e+00 -8.276751e-02 2.474681e+00 -2.322606e-01 2.076099e+00 1.088998e+00 6.053601e-01 1.198466e+00 -2.690673e+00 -2.800590e+00 -2.552531e+00 -2.049666e+00 -1.911851e+00 1.254257e+00 2.055886e-01 -8.628396e-01 -1.676736e+00 -8.055552e-01 -2.779464e-02 3.385239e-01 6.235973e-01 1.438836e+00 8.992706e-01 1.191434e+00 5.075659e-01 2.753816e+00 7.456406e-01 2.119527e-01 -4.491738e-01 -4.257677e-01 -3.770965e-01 -2.220894e-01 -8.391017e-02 -2.147852e-01 3.148105e-01 3.589967e-01 3.947756e-01 1.871997e-01 1.883960e-01
<VARIANCE> 39
 2.560890e+01 4.139724e+01 3.153798e+01 4.605221e+01 4.090250e+01 4.414713e+01 4.598975e+01 5.457586e+01 4.968211e+01 4.657466e+01 4.424519e+01 3.408179e+01 3.628677e+01 3.823046e+00 3.363274e+00 3.541577e+00 4.820125e+00 4.496225e+00 5.862442e+00 5.751940e+00 6.901487e+00 7.619843e+00 7.864935e+00 7.201925e+00 6.249731e+00 4.587478e+00 4.364775e-01 6.489723e-01 6.181962e-01 7.482318e-01 6.637465e-01 9.087573e-01 1.081916e+00 1.253583e+00 1.685823e+00 1.895090e+00 1.798625e+00 1.464096e+00 6.488988e-01
<GCONST> 1.411397e+02
<MIXTURE> 3 1.940496e-01
<MEAN> 39
 4.952132e+00 5.306810e+00 -3.123023e+00 -5.692764e+00 -4.024269e+00 -6.775834e+00 -1.617888e+00 -2.157693e+00 -1.165723e+00 1.008900e+00 2.680516e+00 4.893482e+00 1.004533e+00 7.022474e-01 -2.692252e-01 -1.322960e+00 -1.457799e+00 -4.006698e-01 -8.300215e-01 -3.719505e-02 -5.273541e-01 6.244151e-01 1.332724e+00 2.695920e+00 2.524367e+00 2.650509e+00 -6.083434e-01 -3.705016e-01 2.557144e-01 4.208503e-01 4.613556e-01 6.902598e-01 2.220954e-01 1.190287e-02 -1.072874e-01 -6.078084e-04 2.171662e-01 -7.641780e-02 -7.508152e-02
<VARIANCE> 39
 2.755575e+01 6.626329e+01 3.937006e+01 5.317604e+01 4.114894e+01 4.675701e+01 5.352403e+01 5.575406e+01 6.082110e+01 7.914704e+01 8.222649e+01 6.251356e+01 2.795215e+01 3.699760e+00 3.675493e+00 3.920188e+00 6.191257e+00 4.203203e+00 6.315034e+00 5.574209e+00 5.898269e+00 6.418084e+00 8.801977e+00 8.859296e+00 8.002501e+00 4.008409e+00 3.651177e-01 5.306800e-01 6.051664e-01 6.638050e-01 6.752869e-01 8.925068e-01 1.025952e+00 9.220617e-01 9.032077e-01 1.096499e+00 1.063702e+00 1.137225e+00 4.082613e-01
<GCONST> 1.411758e+02
<MIXTURE> 4 1.993388e-01
<MEAN> 39
 5.228996e-01 -4.983338e+00 -3.576363e+00 4.892031e-02 -2.880798e-01 4.210276e+00 9.025404e+00 3.598488e+00 1.916930e+00 6.075481e-02 -5.923947e-01 -2.094410e-01 6.882868e+00 -8.029051e-01 -1.060355e+00 -2.597173e-01 1.492198e-01 7.440703e-01 1.329443e+00 3.589706e-01 -1.383590e-01 6.725481e-01 4.572269e-01 6.431965e-01 -1.412741e-02 2.640334e+00 -9.765992e-02 5.158177e-01 4.280033e-01 5.749737e-02 1.348931e-01 -3.566419e-01 -9.061977e-01 -2.560863e-01 -4.906603e-02 2.548808e-01 3.216555e-01 9.421770e-02 -6.401405e-01
<VARIANCE> 39
 3.329005e+01 5.304409e+01 5.347492e+01 1.044982e+02 8.491808e+01 9.467203e+01 9.217145e+01 1.463182e+02 1.845020e+02 1.772008e+02 1.743580e+02 1.575006e+02 5.410295e+01 2.282598e+00 4.251648e+00 5.038943e+00 7.023443e+00 6.252586e+00 8.427561e+00 1.141303e+01 1.178233e+01 1.154367e+01 1.269758e+01 1.188997e+01 1.084212e+01 5.437995e+00 3.727306e-01 6.531689e-01 8.695824e-01 1.156042e+00 1.164785e+00 1.336978e+00 1.500423e+00 1.963020e+00 2.017793e+00 2.111183e+00 2.059689e+00 2.143363e+00 7.768456e-01
<GCONST> 1.599322e+02
<STATE> 3
<NUMMIXES> 4
<MIXTURE> 1 2.391227e-01
<MEAN> 39
 2.293376e+00 1.552492e+00 -2.271750e+00 -9.434462e+00 -3.363327e+00 1.209764e-01 2.809475e+00 3.152297e+00 5.627441e+00 5.652172e+00 6.076518e+00 2.632128e+00 5.217665e+00 8.173741e-01 -2.968313e-01 -1.586799e+00 -1.621817e+00 -1.722453e-01 7.330904e-01 2.504965e-01 2.816878e-01 2.394109e+00 2.330230e+00 2.972443e+00 5.591130e-01 2.964238e+00 -4.171809e-01 -9.991904e-02 2.288818e-01 9.460157e-01 5.399359e-01 6.620304e-02 -3.778905e-01 -3.567968e-01 -5.262348e-01 -3.265903e-01 -3.956344e-01 -4.305715e-01 -6.092860e-01
<VARIANCE> 39
 1.721162e+01 4.189960e+01 3.885908e+01 4.857393e+01 5.494955e+01 6.216682e+01 5.155132e+01 6.831576e+01 7.354731e+01 7.803999e+01 8.286653e+01 7.965320e+01 2.965377e+01 4.038267e+00 3.740259e+00 2.996704e+00 5.591824e+00 7.289993e+00 6.306805e+00 6.457417e+00 9.786124e+00 1.242269e+01 1.474041e+01 1.403442e+01 1.576073e+01 2.686489e+00 3.466925e-01 4.765847e-01 6.684387e-01 6.573933e-01 6.481810e-01 9.260881e-01 8.653395e-01 1.045188e+00 1.295821e+00 1.497852e+00 1.275810e+00 1.553453e+00 5.332969e-01
<GCONST> 1.455342e+02
<MIXTURE> 2 3.017333e-01
<MEAN> 39
 6.801212e-01 2.453526e+00 -2.039170e-01 -1.520569e+00 -5.433252e-01 -2.337970e+00 -2.710873e+00 -4.367554e+00 -5.290318e+00 -6.088859e+00 -4.212702e+00 -1.640322e+00 1.643159e+00 7.638043e-01 3.706130e-01 -2.602001e-02 -4.872983e-01 -3.877594e-01 -3.262272e-01 -3.903791e-01 -4.450192e-01 -2.358108e-01 -5.716032e-01 -4.121512e-01 7.689163e-02 7.044604e-01 8.049005e-02 -1.040738e-01 -1.044438e-02 -4.960755e-02 -2.596139e-02 1.610987e-01 1.922948e-01 1.364832e-01 7.483831e-02 9.519828e-02 1.266651e-01 1.779881e-01 -6.294487e-02
<VARIANCE> 39
 3.926528e+01 5.919026e+01 3.795454e+01 6.750488e+01 5.189177e+01 5.649411e+01 6.186142e+01 5.920258e+01 5.461557e+01 4.568631e+01 5.013655e+01 4.691820e+01 5.266686e+01 3.565542e+00 2.086424e+00 2.622031e+00 3.517779e+00 2.990462e+00 4.806407e+00 4.418334e+00 4.702999e+00 4.356465e+00 3.908953e+00 3.762475e+00 3.429881e+00 2.697297e+00 3.329888e-01 3.174413e-01 3.624258e-01 5.253990e-01 4.940318e-01 6.929509e-01 7.144719e-01 7.488905e-01 6.226534e-01 5.895670e-01 6.144872e-01 5.492716e-01 3.762390e-01
<GCONST> 1.306592e+02
<MIXTURE> 3 2.737885e-01
<MEAN> 39
 1.775235e+00 3.213767e+00 -3.045070e+00 -4.610647e+00 -2.901720e+00 -6.349192e+00 -1.574234e+00 -3.716099e+00 5.699027e-01 6.289326e+00 1.300469e+01 1.461032e+01 4.966807e+00 5.612895e-02 -1.226777e-01 2.845728e-01 6.532081e-02 -9.047092e-03 2.125648e-01 -6.705047e-02 -1.637568e-01 1.777648e-01 1.579067e-01 5.976100e-01 5.239959e-01 3.013149e-01 -7.395282e-02 -1.498748e-01 1.344411e-01 9.403104e-02 7.323452e-02 4.449160e-01 5.328943e-02 1.165045e-01 2.928212e-03 -2.270405e-01 -4.097906e-01 -5.944098e-01 -6.029987e-02
<VARIANCE> 39
 2.574754e+01 7.195599e+01 4.143316e+01 7.537932e+01 5.622930e+01 7.331587e+01 5.915290e+01 6.727412e+01 8.720208e+01 9.232736e+01 6.705642e+01 4.257067e+01 2.446258e+01 1.212940e+00 1.912060e+00 2.171252e+00 2.970320e+00 3.051747e+00 5.115773e+00 3.782709e+00 4.116614e+00 4.940526e+00 5.606585e+00 6.026033e+00 6.214884e+00 1.457396e+00 2.198253e-01 2.858777e-01 3.972566e-01 5.341344e-01 4.551126e-01 9.079426e-01 6.800755e-01 7.294658e-01 9.112045e-01 9.127687e-01 8.738649e-01 8.667978e-01 1.916874e-01
<GCONST> 1.315124e+02
<MIXTURE> 4 1.853555e-01
<MEAN> 39
 -4.685275e+00 -4.009043e+00 -5.308754e-01 3.698456e+00 7.468587e+00 8.733855e+00 4.069277e+00 4.985630e+00 7.566276e+00 3.910279e+00 2.075358e+00 -3.011299e+00 1.185704e+01 -1.081279e-01 1.290527e-01 2.285728e-01 1.834387e-01 2.514517e-01 8.371016e-02 -6.583288e-01 -4.720404e-01 -1.660450e-02 4.396473e-01 8.729776e-01 4.053496e-01 1.870628e-01 1.601329e-01 1.193087e-01 8.433358e-02 -7.407135e-02 -1.385341e-01 -1.949296e-01 -3.382473e-02 3.349363e-02 -1.298731e-01 -1.657227e-01 -3.645431e-02 1.614497e-01 -3.004867e-01
<VARIANCE> 39
 2.707798e+01 4.009634e+01 5.840129e+01 1.230781e+02 1.134183e+02 1.161273e+02 2.595360e+02 2.091179e+02 3.657592e+02 3.933605e+02 3.202961e+02 2.547229e+02 3.242511e+01 9.657649e-01 1.313778e+00 1.847669e+00 2.709873e+00 3.478258e+00 3.856046e+00 8.113503e+00 9.190032e+00 1.326831e+01 1.906451e+01 1.777303e+01 1.720970e+01 6.786017e-01 1.333715e-01 2.374737e-01 2.995279e-01 3.968273e-01 5.044091e-01 7.632007e-01 1.157397e+00 1.556066e+00 2.036555e+00 2.735814e+00 2.844758e+00 2.737803e+00 2.360723e-01
<GCONST> 1.506037e+02
<STATE> 4
<NUMMIXES> 4
<MIXTURE> 1 2.566436e-01
<MEAN> 39
 -1.832651e-01 -2.253110e+00 -2.482214e+00 -4.723422e+00 1.075744e+00 3.338145e+00 -2.291309e+00 -4.783896e+00 4.938700e-01 4.783895e+00 1.573299e+01 1.379391e+01 1.002837e+01 -4.206926e-01 -4.373176e-01 1.353855e-01 6.769330e-01 1.015162e+00 8.785601e-01 -6.245095e-01 -5.231480e-01 -3.094537e-01 -8.416592e-02 1.190112e+00 1.235471e+00 7.879724e-01 3.394322e-02 1.844483e-01 1.460613e-01 2.828853e-01 -1.260384e-01 -3.588450e-01 1.390902e-01 3.571890e-01 -2.797261e-02 -2.922871e-01 -1.052646e+00 -8.325659e-01 -5.700775e-01
<VARIANCE> 39
 1.813763e+01 4.422133e+01 2.442968e+01 6.541052e+01 8.125836e+01 6.406942e+01 5.709714e+01 4.465400e+01 6.098408e+01 8.678526e+01 7.707903e+01 7.286089e+01 2.860802e+01 1.141189e+00 2.230331e+00 2.035730e+00 4.031989e+00 4.414194e+00 4.334069e+00 4.455834e+00 4.715716e+00 5.563311e+00 6.688416e+00 6.183630e+00 6.054458e+00 1.240311e+00 2.496178e-01 2.615612e-01 3.610388e-01 6.840266e-01 8.952308e-01 6.989381e-01 7.542775e-01 6.817660e-01 8.055784e-01 9.781877e-01 8.474537e-01 9.650180e-01 2.382607e-01
<GCONST> 1.320586e+02
<MIXTURE> 2 2.238806e-01
<MEAN> 39
 5.180005e+00 4.150442e+00 -1.464352e+00 -7.234939e+00 -4.166163e+00 -3.543875e+00 -4.641256e-01 -3.786977e+00 -4.418153e+00 -7.547730e+00 -4.880121e+00 -1.051710e+00 4.056726e+00 8.974852e-01 -5.807948e-01 -9.308404e-01 -8.016040e-01 -2.153130e-01 6.792941e-01 3.979284e-01 -7.053177e-01 -2.942998e-01 -8.397963e-01 -3.636349e-01 -1.279601e-02 1.590123e+00 -5.788491e-01 -3.750919e-01 1.136073e-01 5.741158e-01 5.013896e-01 4.308121e-01 7.861724e-02 1.976835e-01 1.215954e-01 3.825339e-01 3.079788e-01 4.790727e-02 -2.452087e-01
<VARIANCE> 39
 2.145177e+01 5.024070e+01 3.797909e+01 6.109109e+01 4.903032e+01 7.613113e+01 6.264759e+01 6.878588e+01 7.230183e+01 5.742027e+01 7.198568e+01 5.864851e+01 3.215652e+01 2.609563e+00 2.841803e+00 2.467634e+00 4.119149e+00 4.594235e+00 6.421846e+00 5.066545e+00 5.643125e+00 5.095262e+00 4.815682e+00 5.390154e+00 5.644908e+00 2.609451e+00 3.258502e-01 3.651695e-01 4.831007e-01 6.541658e-01 6.483709e-01 7.986401e-01 7.549705e-01 8.960508e-01 9.216352e-01 8.053419e-01 8.424293e-01 7.161953e-01 4.519468e-01
<GCONST> 1.358602e+02
<MIXTURE> 3 3.702221e-01
<MEAN> 39
 -2.982220e+00 -3.000319e+00 2.514051e-01 3.397765e+00 3.816363e+00 4.521165e+00 5.123134e-01 -1.019845e+00 2.608170e+00 1.127120e+00 3.630268e+00 4.030507e+00 9.764350e+00 2.183285e-01 -2.103806e-02 1.136713e-01 1.964684e-01 -7.876486e-02 5.278416e-02 4.247956e-02 1.878630e-01 1.768715e-01 1.564415e-02 -1.104826e-01 2.223928e-03 -4.634063e-02 4.203154e-02 -7.693882e-02 -1.225848e-01 -1.486237e-01 -9.144978e-02 -5.793786e-02 3.924474e-02 6.205762e-02 -2.031999e-02 -5.573563e-03 -2.924250e-02 -7.699508e-02 -6.935591e-02
<VARIANCE> 39
 3.347450e+01 3.748312e+01 4.307286e+01 8.901585e+01 1.060387e+02 9.312031e+01 1.192476e+02 1.708112e+02 1.561651e+02 1.799690e+02 1.974520e+02 1.852044e+02 5.332090e+01 5.105184e-01 8.773526e-01 1.090947e+00 1.669823e+00 1.649631e+00 1.939584e+00 2.518435e+00 2.289610e+00 2.757872e+00 3.033927e+00 3.193923e+00 3.662182e+00 2.515245e-01 8.893991e-02 1.512877e-01 1.774814e-01 2.603796e-01 3.059237e-01 3.700954e-01 4.464940e-01 4.735788e-01 5.117542e-01 5.490714e-01 4.991038e-01 5.486858e-01 4.758556e-02
<GCONST> 1.201002e+02
<MIXTURE> 4 1.492537e-01
<MEAN> 39
 -1.579080e-01 2.038426e+00 -4.125470e+00 -9.207812e+00 2.657115e-01 -2.856283e-01 3.506102e+00 8.568818e+00 1.546706e+01 1.548224e+01 9.948278e+00 -6.997242e+00 8.288565e+00 -2.182157e-01 -5.524226e-01 -3.077413e-01 5.433513e-01 9.574680e-01 7.888467e-01 -4.439729e-01 8.820742e-01 2.689041e+00 2.671282e+00 1.151270e+00 -2.950832e+00 1.212371e+00 -2.703558e-01 -2.192524e-01 4.696193e-01 8.410113e-01 1.920340e-01 1.441210e-01 -3.082573e-01 -6.422735e-01 -1.038863e+00 -1.046300e+00 -7.837246e-01 2.766274e-01 -5.964658e-01
<VARIANCE> 39
 1.858348e+01 4.792741e+01 3.075894e+01 5.614137e+01 7.121998e+01 7.870155e+01 6.656628e+01 7.393658e+01 6.713060e+01 8.364254e+01 1.622762e+02 1.454534e+02 2.275784e+01 1.494613e+00 2.542221e+00 2.593940e+00 4.526087e+00 3.703973e+00 4.440051e+00 6.321370e+00 6.685061e+00 1.055465e+01 9.294958e+00 1.306438e+01 1.566047e+01 1.268420e+00 3.802284e-01 4.830844e-01 5.036033e-01 7.419531e-01 7.860312e-01 9.849327e-01 9.059083e-01 1.058640e+00 1.099522e+00 1.368219e+00 1.429053e+00 1.502328e+00 3.165390e-01
<GCONST> 1.424153e+02
<STATE> 5
<NUMMIXES> 4
<MIXTURE> 1 2.611063e-01
<MEAN> 39
 -2.014318e+00 8.395240e+00 -4.891345e+00 -9.161319e+00 7.177347e+00 -8.505933e+00 4.840638e+00 -5.608769e+00 -3.159864e+00 1.293358e+00 7.801184e+00 1.078021e+01 6.550935e+00 4.756729e-02 -1.223330e-01 7.285441e-02 6.737354e-03 -5.537651e-02 1.887135e-01 -3.946557e-02 1.201428e-01 5.968660e-02 -8.376373e-02 5.733318e-02 -5.727211e-02 -6.568823e-03 3.593524e-02 -6.191691e-02 2.070613e-02 -2.659268e-02 -1.111121e-01 5.307698e-02 -5.496594e-02 2.842818e-02 5.577414e-02 -3.294780e-02 -3.636336e-02 -7.701094e-02 -3.693174e-02
<VARIANCE> 39
 2.113481e+01 4.654201e+01 3.563626e+01 5.463599e+01 5.338058e+01 1.174215e+02 9.418356e+01 6.348190e+01 7.322303e+01 1.161569e+02 1.495217e+02 1.046096e+02 2.668271e+01 2.154369e-01 5.437417e-01 6.554413e-01 1.029526e+00 1.211710e+00 1.578110e+00 1.587085e+00 1.624069e+00 1.611665e+00 1.714992e+00 1.878922e+00 1.777912e+00 1.361145e-01 3.872019e-02 8.039308e-02 1.185412e-01 1.719731e-01 2.189671e-01 2.451674e-01 2.760231e-01 2.645718e-01 2.767369e-01 3.030420e-01 3.193927e-01 3.354492e-01 2.065666e-02
<GCONST> 1.010592e+02
<MIXTURE> 2 3.402121e-01
<MEAN> 39
 3.023148e+00 -7.843178e-01 -2.280252e+00 -4.011156e+00 -1.858990e+00 1.267354e+00 5.999070e-01 -4.844743e+00 -3.219848e+00 -4.113007e+00 1.504766e+00 4.638916e+00 6.846494e+00 1.841957e-02 -7.394117e-01 -1.956721e-01 3.442279e-01 2.097642e-01 5.882917e-01 -9.626083e-02 -1.376154e-01 -8.561237e-02 -2.410311e-01 -2.262186e-01 -8.043770e-02 5.208654e-01 -1.872199e-01 9.400161e-02 1.472984e-01 2.477925e-01 1.413918e-01 -2.131021e-01 -7.743854e-02 2.554173e-01 9.499232e-02 2.008244e-01 -5.295108e-02 -1.564833e-01 -3.179247e-01
<VARIANCE> 39
 2.366866e+01 5.227718e+01 3.272441e+01 8.217204e+01 5.692216e+01 9.200177e+01 9.565701e+01 7.980534e+01 7.010506e+01 9.571183e+01 1.367729e+02 1.242890e+02 3.681033e+01 1.011479e+00 1.722327e+00 1.546056e+00 3.398705e+00 3.325684e+00 4.234052e+00 4.188544e+00 4.331012e+00 4.067947e+00 4.096848e+00 4.363380e+00 4.402821e+00 1.301369e+00 2.620790e-01 2.527716e-01 3.285571e-01 5.246193e-01 5.957223e-01 8.231589e-01 7.686458e-01 7.684393e-01 8.006293e-01 7.534668e-01 9.173260e-01 7.825440e-01 2.117984e-01
<GCONST> 1.320455e+02
<MIXTURE> 3 2.542276e-01
<MEAN> 39
 -2.324829e+00 1.675205e+00 -3.197420e+00 -3.374164e+00 2.099229e+00 -1.820586e+00 1.440395e+00 3.905915e+00 1.142441e+01 1.802588e+01 1.522950e+01 -9.250888e-01 8.304569e+00 1.538783e-01 -1.653322e-01 5.693258e-02 1.827160e-01 -1.556877e-01 -7.608924e-04 2.229143e-02 9.902476e-02 9.106702e-02 1.238223e-01 1.337825e-03 -8.594383e-03 -1.226977e-01 2.630133e-02 -6.935744e-02 -3.594850e-02 -6.515209e-02 -1.341848e-01 5.556869e-02 6.008540e-02 3.994262e-02 -8.152454e-02 -3.930904e-01 -4.120258e-01 -6.546932e-02 -6.397845e-02
<VARIANCE> 39
 2.749460e+01 6.650077e+01 3.392490e+01 8.983438e+01 6.702783e+01 8.403956e+01 6.534190e+01 5.689954e+01 5.923608e+01 6.224570e+01 7.490990e+01 1.801889e+02 2.013943e+01 5.459838e-01 1.141576e+00 1.272119e+00 1.604011e+00 1.996221e+00 2.484566e+00 2.516750e+00 3.521585e+00 2.606952e+00 3.346722e+00 3.704336e+00 5.451200e+00 2.721312e-01 1.076626e-01 1.717448e-01 2.195703e-01 2.935484e-01 3.647706e-01 3.652052e-01 4.883632e-01 5.301287e-01 4.687364e-01 5.452840e-01 7.189969e-01 8.142453e-01 6.268253e-02
<GCONST> 1.179185e+02
<MIXTURE> 4 1.444540e-01
<MEAN> 39
 -2.382186e+00 4.177979e-01 -2.125535e+00 -5.318764e+00 2.675120e+00 4.391959e+00 3.892330e+00 1.363943e+01 1.956853e+01 1.102005e+01 -1.413690e+00 -1.944752e+01 9.343927e+00 -1.808071e-01 -7.635273e-01 2.600833e-01 9.259285e-01 3.515756e-01 8.057765e-01 -4.794677e-01 1.582191e-01 1.016327e+00 2.696048e-01 -8.955878e-01 -1.555691e+00 4.090102e-01 -1.184304e-02 -7.420584e-02 9.756004e-02 1.547382e-01 -9.237090e-02 -2.549188e-01 1.768431e-03 -6.179700e-01 -8.037746e-01 -2.927378e-01 1.853290e-01 1.131328e+00 -2.653184e-01
<VARIANCE> 39
 2.121208e+01 3.755766e+01 2.345879e+01 7.037841e+01 6.602618e+01 4.654383e+01 1.018545e+02 7.671973e+01 8.797492e+01 1.749520e+02 2.193851e+02 1.199435e+02 1.909121e+01 1.301690e+00 2.273235e+00 2.283540e+00 4.219315e+00 3.739976e+00 3.858592e+00 5.435587e+00 5.612225e+00 6.946242e+00 7.508006e+00 1.051853e+01 1.106847e+01 9.624265e-01 2.392090e-01 2.850853e-01 3.567032e-01 6.515912e-01 6.454079e-01 5.959573e-01 1.036345e+00 1.011534e+00 1.288198e+00 1.532814e+00 1.441218e+00 1.169333e+00 1.499733e-01
<GCONST> 1.378923e+02
<TRANSP> 6
 0.000000e+00 1.000000e+00 0.000000e+00 0.000000e+00 0.000000e+00 0.000000e+00
 0.000000e+00 4.618182e-01 5.381818e-01 0.000000e+00 0.000000e+00 0.000000e+00
 0.000000e+00 0.000000e+00 4.241245e-01 5.758755e-01 0.000000e+00 0.000000e+00
 0.000000e+00 0.000000e+00 0.000000e+00 4.073535e-01 5.926465e-01 0.000000e+00
 0.000000e+00 0.000000e+00 0.000000e+00 0.000000e+00 5.333906e-01 4.666093e-01
 0.000000e+00 0.000000e+00 0.000000e+00 0.000000e+00 0.000000e+00 0.000000e+00
<ENDHMM>
