~o
<STREAMINFO> 1 39
<VECSIZE> 39<NULLD><MFCC_D_A_Z_0><DIAGC>
~h "hh"
<BEGINHMM>
<NUMSTATES> 6
<STATE> 2
<NUMMIXES> 4
<MIXTURE> 1 2.844357e-01
<MEAN> 39
 -5.679277e+00 -3.381585e+00 2.662416e+00 4.841922e+00 5.607081e+00 1.289769e+01 2.045728e+01 1.601100e+01 -6.544525e+00 -3.043424e+01 -1.020820e+01 2.360805e+01 1.138985e+01 1.097916e-02 2.405780e-02 1.769670e-02 -2.038434e-03 -3.077437e-02 1.744058e-02 6.059755e-02 2.121765e-03 -1.784068e-02 -9.350988e-02 -1.212426e-02 9.499191e-02 -5.026205e-02 5.442043e-03 -3.815482e-03 -2.980759e-02 -4.698674e-02 -1.035070e-02 7.017452e-03 -1.609983e-02 -6.614997e-03 4.943584e-02 1.049834e-01 -3.061233e-02 -1.488884e-01 -4.240233e-03
<VARIANCE> 39
 1.652090e+01 2.958196e+01 3.395042e+01 4.799828e+01 6.384769e+01 6.733725e+01 5.608696e+01 9.139954e+01 1.919866e+02 6.599130e+01 2.976880e+02 1.055933e+02 2.118394e+01 4.557371e-01 7.761109e-01 8.333589e-01 1.064452e+00 1.345084e+00 1.539824e+00 1.924609e+00 1.862388e+00 3.090312e+00 2.375997e+00 4.024631e+00 3.678463e+00 1.435641e-01 8.342122e-02 1.423897e-01 1.523725e-01 1.801779e-01 2.439620e-01 2.583753e-01 3.557243e-01 3.336245e-01 4.445611e-01 4.450113e-01 5.124878e-01 5.390451e-01 2.473615e-02
<GCONST> 1.090925e+02
<MIXTURE> 2 2.219239e-01
<MEAN> 39
 -4.021527e+00 -1.967010e+00 6.021800e-01 -5.694292e-01 1.797386e+00 2.648430e+00 3.054068e-01 -1.449273e+00 -1.262122e+00 -1.979573e+00 6.225439e-01 2.731864e+00 2.177877e+00 -3.239246e-01 -2.570008e-01 2.081811e-02 2.446487e-01 2.646982e-01 2.666008e-01 -1.325276e-01 -4.557014e-02 1.156267e-01 1.014344e-01 2.016073e-01 1.308912e-01 4.808545e-01 1.421666e-01 1.194468e-01 4.869059e-03 -4.046147e-02 -1.072795e-01 -1.186542e-01 6.117183e-02 1.157916e-01 9.670740e-02 5.193631e-02 -6.787335e-02 -1.376009e-01 -5.666478e-02
<VARIANCE> 39
 3.262893e+01 4.649184e+01 3.811824e+01 6.790053e+01 5.348143e+01 5.967038e+01 6.031139e+01 6.591608e+01 6.824555e+01 8.121680e+01 1.055437e+02 9.370476e+01 7.566699e+01 9.882774e-01 1.422995e+00 1.608047e+00 2.347382e+00 2.554886e+00 3.140146e+00 3.281646e+00 3.508090e+00 3.484411e+00 3.272189e+00 3.618621e+00 3.342855e+00 1.579383e+00 2.104380e-01 2.674018e-01 3.046373e-01 4.184259e-01 4.714077e-01 6.069366e-01 6.485810e-01 7.479901e-01 7.180416e-01 6.579936e-01 7.043688e-01 6.721292e-01 2.991775e-01
<GCONST> 1.273246e+02
<MIXTURE> 3 2.960241e-01
<MEAN> 39
 -5.503812e+00 -1.758614e+00 -4.430175e-01 1.931581e+00 4.663965e+00 3.844626e+00 8.694050e+00 1.769084e+01 1.993038e+01 5.039854e+00 -1.569706e+01 -2.106688e+01 8.835102e+00 1.830562e-02 -2.674011e-02 2.787096e-02 3.094469e-02 -3.101819e-02 1.507722e-02 3.450054e-02 2.003252e-02 -5.010118e-02 -4.811636e-02 -7.413062e-02 6.807514e-02 -8.784105e-02 2.758575e-02 -6.008307e-03 -1.486047e-02 -3.378177e-02 -4.625897e-02 2.274845e-02 4.702409e-02 -3.414362e-02 -8.913486e-02 -9.406587e-02 6.758553e-02 1.719258e-01 -9.967716e-03
<VARIANCE> 39
 2.387244e+01 4.568457e+01 3.518642e+01 9.767914e+01 6.621308e+01 5.393510e+01 8.712943e+01 9.399508e+01 7.449930e+01 2.183394e+02 2.814292e+02 1.009006e+02 1.746933e+01 4.590915e-01 7.558028e-01 9.507314e-01 1.278092e+00 1.520330e+00 1.537286e+00 2.250573e+00 2.276896e+00 2.536952e+00 3.800856e+00 4.135716e+00 3.336292e+00 1.859025e-01 7.770962e-02 1.371751e-01 1.725611e-01 2.101042e-01 2.659189e-01 2.754953e-01 3.862441e-01 4.048992e-01 4.444225e-01 5.594949e-01 6.059150e-01 5.335321e-01 2.879449e-02
<GCONST> 1.132480e+02
<MIXTURE> 4 1.976164e-01
<MEAN> 39
 -3.092862e+00 -1.537542e+00 -1.538602e+00 -2.892445e+00 1.713368e+00 6.950464e+00 1.495242e+01 1.459302e+01 8.509637e+00 -7.157528e+00 -1.277552e+01 -3.702074e+00 6.979924e+00 -1.515406e-01 -1.954916e-01 -8.082908e-03 1.028811e-01 3.303896e-01 2.399159e-01 3.514174e-02 1.868792e-01 3.502929e-01 9.779754e-02 -9.657113e-02 -1.732766e-01 3.889877e-01 -7.726141e-02 1.826998e-02 1.263407e-01 2.173142e-01 8.419588e-02 -1.680251e-01 -2.854394e-01 -1.809699e-01 -1.293752e-01 2.810766e-02 8.359024e-02 8.221932e-02 -1.248932e-01
<VARIANCE> 39
 2.745587e+01 4.438919e+01 3.546980e+01 7.349811e+01 6.926237e+01 8.813910e+01 1.218407e+02 1.123474e+02 1.726834e+02 3.019231e+02 2.620653e+02 2.719645e+02 3.963803e+01 1.679840e+00 2.048371e+00 2.473037e+00 4.257711e+00 4.554966e+00 5.961497e+00 8.599545e+00 8.086913e+00 1.030229e+01 1.379482e+01 1.264405e+01 1.540864e+01 2.435760e+00 2.358983e-01 3.248293e-01 4.200991e-01 5.957623e-01 7.021314e-01 9.997215e-01 1.382130e+00 1.204502e+00 1.587708e+00 1.973855e+00 1.928923e+00 2.107393e+00 2.938673e-01
<GCONST> 1.503799e+02
<STATE> 3
<NUMMIXES> 4
<MIXTURE> 1 4.165603e-01
<MEAN> 39
 -7.001340e+00 -4.785786e+00 1.524768e+00 4.570373e+00 4.854946e+00 6.225241e+00 -1.666420e+00 1.698146e+00 1.059679e+01 1.345813e+01 1.685515e+01 2.909151e+00 1.310014e+01 -1.724261e-03 4.691655e-03 1.756694e-02 2.390577e-02 -2.195418e-02 -6.268836e-03 6.802142e-03 2.437333e-02 5.614542e-02 2.216293e-02 8.573509e-03 -3.589747e-02 -1.908152e-02 7.185032e-03 -5.842427e-03 -2.255688e-02 -2.409949e-02 -1.874634e-02 -2.170010e-03 9.496667e-03 -9.815007e-03 -7.798477e-03 -1.331000e-02 -2.157673e-02 -7.811157e-03 -9.013444e-03
<VARIANCE> 39
 9.936236e+00 2.188679e+01 2.165847e+01 6.765438e+01 7.068945e+01 4.403703e+01 4.239411e+01 4.821233e+01 7.247813e+01 9.434097e+01 6.811953e+01 2.426206e+02 1.378544e+01 2.857598e-01 4.607756e-01 5.554193e-01 6.681795e-01 7.640529e-01 8.364388e-01 8.567759e-01 9.259171e-01 1.220726e+00 1.344433e+00 1.399453e+00 1.672610e+00 8.741678e-02 5.025038e-02 8.308445e-02 1.010852e-01 1.131422e-01 1.347405e-01 1.491058e-01 1.570163e-01 1.615493e-01 2.108544e-01 2.341680e-01 2.340725e-01 2.589126e-01 1.397168e-02
<GCONST> 8.877868e+01
<MIXTURE> 2 2.300238e-01
<MEAN> 39
 -6.266737e+00 -1.438496e+00 3.698925e+00 -1.626243e+00 2.266831e+00 2.354302e+00 -1.859104e+00 -1.857968e+00 -2.241178e+00 -1.315683e+00 -2.086536e-01 7.376573e-01 -1.271488e+00 -1.106283e-02 -2.684104e-02 3.159773e-02 8.442438e-02 -4.506597e-02 -3.373419e-02 -3.738483e-02 -4.214201e-02 -1.614079e-02 -7.106031e-03 -1.920000e-02 1.208646e-02 7.611510e-03 4.696528e-02 7.968307e-03 -5.003613e-03 -5.907734e-03 -2.776200e-02 -2.027191e-02 1.144800e-02 9.102924e-03 1.236062e-02 2.416778e-02 2.537280e-02 4.381465e-03 -1.707371e-02
<VARIANCE> 39
 2.130022e+01 2.329361e+01 2.855044e+01 5.300661e+01 4.106296e+01 5.869061e+01 5.267554e+01 5.367696e+01 6.152603e+01 7.359596e+01 5.486609e+01 5.549292e+01 8.090752e+01 3.025622e-01 5.684283e-01 8.458496e-01 1.289414e+00 1.595108e+00 2.109382e+00 2.424579e+00 2.569299e+00 2.575560e+00 2.594604e+00 2.486997e+00 2.108766e+00 2.406982e-01 5.584240e-02 1.060353e-01 1.646284e-01 2.459332e-01 3.151794e-01 4.079022e-01 4.736995e-01 5.063769e-01 5.049364e-01 4.942003e-01 4.752854e-01 4.102050e-01 2.846078e-02
<GCONST> 1.068775e+02
<MIXTURE> 3 1.450840e-01
<MEAN> 39
 -3.130904e+00 -4.727870e+00 2.930346e+00 4.445109e+00 3.524492e+00 1.199891e+01 2.038698e+01 1.634579e+01 1.248444e+00 -3.319925e+01 -1.712669e+01 2.466296e+01 9.804206e+00 1.209665e-02 8.259837e-03 -7.271451e-03 -1.754561e-02 2.790018e-03 -9.138186e-03 1.892735e-03 3.417954e-02 -1.064994e-02 2.273585e-02 -3.207745e-02 -3.144281e-02 -2.108527e-02 1.557094e-03 -3.775649e-03 -7.006844e-03 -2.555990e-03 4.057494e-03 4.905512e-04 -9.763967e-03 -1.050552e-03 7.198424e-03 2.610099e-02 -2.764732e-03 -3.481795e-02 1.470053e-03
<VARIANCE> 39
 1.050098e+01 1.822373e+01 1.634204e+01 2.756627e+01 2.847768e+01 3.066869e+01 5.734510e+01 5.295121e+01 6.141569e+01 4.966134e+01 5.268979e+01 5.518021e+01 2.236791e+01 3.730481e-01 6.407334e-01 7.373851e-01 6.222214e-01 9.254838e-01 7.397038e-01 1.269346e+00 1.040546e+00 1.217137e+00 1.322391e+00 1.163113e+00 1.834456e+00 8.736668e-02 6.818177e-02 1.139177e-01 1.359959e-01 1.119801e-01 1.685035e-01 1.380129e-01 2.268567e-01 2.000295e-01 2.128735e-01 2.491496e-01 1.972921e-01 3.028595e-01 1.474044e-02
<GCONST> 8.755543e+01
<MIXTURE> 4 2.083319e-01
<MEAN> 39
 -4.070692e+00 -3.558518e+00 -8.843323e-01 9.380566e-01 1.659850e+00 3.681367e+00 1.427805e+00 2.689713e+00 8.464716e+00 9.841080e+00 9.637500e+00 7.827184e-01 6.674931e+00 4.512586e-02 -2.541461e-02 4.576110e-02 1.026087e-01 4.526469e-02 -2.135510e-03 -5.116010e-02 -1.000606e-01 -5.402039e-02 4.439532e-03 1.591691e-02 8.060791e-02 1.182032e-01 7.262006e-02 6.899355e-02 3.069314e-02 -8.615855e-03 -5.030347e-02 -5.662204e-02 -9.115865e-03 1.522192e-03 -6.348483e-02 -1.009768e-01 -1.170345e-01 -1.833774e-02 -1.265423e-02
<VARIANCE> 39
 2.451673e+01 4.130200e+01 3.479039e+01 8.943538e+01 7.684354e+01 7.588546e+01 7.022422e+01 9.250046e+01 1.328849e+02 1.650593e+02 2.120910e+02 2.231445e+02 6.552650e+01 1.211543e+00 1.507692e+00 1.870825e+00 2.967309e+00 3.184006e+00 3.643640e+00 3.813054e+00 4.378867e+00 4.984523e+00 5.769369e+00 6.607110e+00 6.952236e+00 1.629557e+00 2.093174e-01 2.385745e-01 3.157438e-01 4.588382e-01 5.420469e-01 6.336152e-01 6.937630e-01 7.344441e-01 8.666082e-01 9.280196e-01 1.056530e+00 1.054945e+00 2.174175e-01
<GCONST> 1.359834e+02
<STATE> 4
<NUMMIXES> 4
<MIXTURE> 1 2.176066e-01
<MEAN> 39
 -4.239334e+00 -3.466384e+00 5.390155e-01 2.721995e+00 2.150650e+00 7.347790e+00 1.506754e+01 2.107618e+01 1.093345e+01 -1.110696e+01 -2.679487e+01 -9.442787e+00 7.696658e+00 7.692063e-03 -3.210532e-03 -2.486541e-02 -6.853179e-02 -2.424166e-02 -8.537196e-02 -1.129677e-01 -7.161122e-03 1.267075e-01 2.815852e-01 6.130184e-02 -3.852198e-01 -6.999073e-02 2.637257e-02 2.739455e-02 3.595243e-02 2.619876e-02 -1.285206e-02 -2.781646e-02 -9.056435e-02 -9.384251e-02 -5.988914e-02 7.045414e-02 1.607832e-01 4.316119e-02 -1.632403e-02
<VARIANCE> 39
 2.045158e+01 3.726861e+01 3.347256e+01 8.963943e+01 7.257917e+01 5.738906e+01 9.132441e+01 6.383767e+01 1.092574e+02 2.614972e+02 1.834537e+02 2.828827e+02 2.173245e+01 7.205400e-01 1.287378e+00 1.528919e+00 2.226546e+00 2.518165e+00 2.514013e+00 3.434268e+00 3.470460e+00 4.385356e+00 5.686462e+00 6.285903e+00 7.692669e+00 5.154730e-01 1.246494e-01 2.324988e-01 2.669734e-01 3.393146e-01 4.416449e-01 4.542134e-01 5.734207e-01 5.698251e-01 6.810035e-01 7.896730e-01 9.144022e-01 9.594715e-01 8.310230e-02
<GCONST> 1.275204e+02
<MIXTURE> 2 1.983803e-01
<MEAN> 39
 -8.593649e-01 9.970760e-01 9.815274e-01 -1.087514e+00 8.220639e-01 -4.080048e-01 -1.684814e-01 -9.060480e-01 -3.111713e+00 -4.793691e+00 -2.997561e+00 -7.836630e-01 2.597254e-02 1.031246e+00 7.053232e-02 -5.258572e-01 -5.559766e-01 -5.870265e-01 -3.182945e-01 -2.136563e-01 -3.537523e-01 1.428017e-01 -1.248793e-02 2.494962e-01 1.275793e-01 1.186901e+00 -6.004693e-02 -2.078110e-01 -1.316952e-01 -2.035560e-02 2.260071e-02 1.201656e-01 7.859115e-02 1.023864e-01 2.051417e-01 1.326054e-01 1.106496e-01 7.191024e-02 1.301894e-01
<VARIANCE> 39
 4.127242e+01 4.684587e+01 4.374041e+01 7.093835e+01 6.164560e+01 6.347875e+01 6.554023e+01 7.014012e+01 6.496295e+01 8.056423e+01 8.685657e+01 8.100096e+01 5.515773e+01 2.681418e+00 2.495818e+00 2.454595e+00 3.387409e+00 3.559149e+00 4.217590e+00 4.393999e+00 5.227863e+00 5.812095e+00 6.015546e+00 6.216549e+00 5.550149e+00 3.405070e+00 3.841218e-01 3.415130e-01 3.852507e-01 4.669663e-01 5.509247e-01 6.840494e-01 6.707483e-01 7.649758e-01 7.721900e-01 8.520524e-01 8.424826e-01 7.307188e-01 3.524514e-01
<GCONST> 1.362677e+02
<MIXTURE> 3 2.850734e-01
<MEAN> 39
 -3.210415e+00 -8.658330e+00 5.307096e+00 1.154602e+01 -1.556835e+00 6.530816e+00 -1.193024e+00 3.482174e+00 9.743211e+00 9.872415e+00 2.248537e+00 -4.617280e+00 9.123543e+00 4.364553e-02 -8.815499e-03 -2.116453e-02 2.310377e-02 -3.601491e-02 -6.883954e-03 -3.068655e-02 -2.344961e-02 -3.770345e-02 1.695986e-02 6.109128e-02 9.886714e-02 -2.993543e-02 7.123283e-03 1.968167e-03 -4.680860e-02 -5.825530e-02 -8.011494e-03 -2.053224e-02 1.061221e-02 7.375212e-03 -2.390067e-02 -3.340412e-02 -7.038903e-03 -2.108387e-03 -1.942785e-02
<VARIANCE> 39
 1.240844e+01 1.516710e+01 2.538250e+01 3.589362e+01 3.837340e+01 3.301630e+01 2.753849e+01 5.393919e+01 5.349277e+01 7.777993e+01 8.960117e+01 1.778217e+02 1.213055e+01 4.868176e-01 6.601210e-01 7.959543e-01 9.679607e-01 1.179735e+00 1.169258e+00 1.245894e+00 1.595957e+00 1.608826e+00 1.742238e+00 1.918950e+00 2.250759e+00 1.358534e-01 8.897202e-02 1.227873e-01 1.418793e-01 1.720645e-01 2.097167e-01 2.199451e-01 2.333730e-01 2.859853e-01 2.812050e-01 3.223267e-01 3.079687e-01 3.527044e-01 2.501756e-02
<GCONST> 9.647139e+01
<MIXTURE> 4 2.989396e-01
<MEAN> 39
 -4.530164e+00 -3.541103e+00 3.079309e+00 7.489352e+00 1.213198e+00 8.036888e+00 1.439237e+01 2.372593e+01 8.378857e+00 -1.439712e+01 -3.621465e+01 -7.389090e+00 9.187441e+00 2.614789e-02 1.594280e-02 -9.365007e-03 2.538298e-02 -2.168842e-02 -1.118503e-02 9.226939e-03 7.961819e-03 2.096960e-02 2.501146e-03 -3.701557e-02 -1.106220e-02 -2.313152e-02 -6.702485e-03 -9.482853e-03 -1.964363e-02 -2.632097e-02 -3.183826e-03 4.859107e-03 1.525596e-02 -1.767893e-02 -3.681029e-04 1.022501e-02 2.465735e-02 -3.412460e-03 -6.975796e-03
<VARIANCE> 39
 1.712870e+01 2.506154e+01 2.583763e+01 7.693608e+01 7.378284e+01 5.602334e+01 5.792938e+01 4.934292e+01 4.886795e+01 8.780646e+01 5.444529e+01 1.325103e+02 1.530572e+01 3.342512e-01 5.743758e-01 6.052620e-01 5.471432e-01 8.332177e-01 8.500949e-01 1.032985e+00 1.189236e+00 1.005382e+00 1.406246e+00 1.240162e+00 1.388923e+00 9.054945e-02 6.282881e-02 1.101949e-01 1.210092e-01 9.868064e-02 1.587596e-01 1.676471e-01 1.897020e-01 2.260694e-01 1.831117e-01 2.321121e-01 2.281949e-01 2.147700e-01 1.605254e-02
<GCONST> 9.070711e+01
<STATE> 5
<NUMMIXES> 4
<MIXTURE> 1 2.556093e-01
<MEAN> 39
 -6.820394e-01 -4.573717e+00 -1.503506e+00 1.612175e+00 -1.980715e+00 3.149616e+00 -5.320941e-01 -3.852767e+00 1.246199e+00 1.845546e+00 7.033369e+00 8.821115e+00 6.236651e+00 1.450882e-01 -6.596761e-02 -1.204994e-01 -1.244018e-01 -8.991344e-02 -7.706144e-03 -3.621670e-02 -2.409364e-03 -3.477335e-02 -1.748708e-02 1.716140e-02 -3.986249e-02 8.735701e-02 -3.892258e-02 5.692772e-02 5.763569e-02 7.596738e-02 1.185098e-01 -1.472850e-02 3.524589e-02 7.244686e-02 -3.639300e-03 1.407345e-02 -1.502072e-02 -3.470160e-02 -5.009238e-02
<VARIANCE> 39
 2.507376e+01 3.401690e+01 3.185382e+01 7.869794e+01 6.118345e+01 6.785887e+01 7.323826e+01 7.023788e+01 8.007815e+01 1.033878e+02 1.333570e+02 1.235577e+02 4.345817e+01 1.004066e+00 1.492527e+00 1.752355e+00 3.081166e+00 3.331735e+00 3.936451e+00 3.932318e+00 3.635671e+00 4.174367e+00 4.506177e+00 4.945244e+00 4.976912e+00 1.374362e+00 1.723551e-01 2.133269e-01 3.049179e-01 4.596738e-01 5.385394e-01 6.731288e-01 6.979545e-01 6.402276e-01 6.893717e-01 7.145982e-01 7.585523e-01 7.659457e-01 1.558545e-01
<GCONST> 1.292147e+02
<MIXTURE> 2 4.536861e-01
<MEAN> 39
 -2.683877e+00 -6.506021e+00 -1.626343e+00 5.522446e+00 2.157174e+00 6.130576e+00 -5.817016e-01 -4.843184e+00 2.944700e+00 3.093386e+00 1.238928e+01 1.500655e+01 1.010435e+01 3.359351e-02 5.569309e-05 -1.435169e-03 3.302912e-02 -4.352344e-02 -4.830671e-03 2.791119e-02 1.016615e-03 -1.869037e-02 4.471246e-02 2.891925e-03 -2.799498e-02 -3.483840e-02 2.544305e-03 8.731982e-03 -2.226352e-02 -4.994149e-02 -9.207830e-03 -2.874651e-02 2.965759e-03 7.936996e-03 -2.357337e-02 4.296395e-03 2.597676e-03 -2.901130e-02 -1.476307e-02
<VARIANCE> 39
 1.103540e+01 1.755832e+01 2.410063e+01 7.231998e+01 6.333989e+01 4.848378e+01 6.870299e+01 5.012749e+01 5.728841e+01 5.798783e+01 8.089716e+01 6.612928e+01 1.653032e+01 2.321426e-01 4.149297e-01 5.498184e-01 8.169812e-01 8.977010e-01 1.004584e+00 1.128624e+00 1.069163e+00 1.178861e+00 1.385155e+00 1.474318e+00 1.438049e+00 7.793824e-02 3.978270e-02 7.097945e-02 9.792282e-02 1.338014e-01 1.559493e-01 1.806779e-01 2.048958e-01 1.953012e-01 2.036092e-01 2.442022e-01 2.489525e-01 2.543991e-01 1.232949e-02
<GCONST> 8.856498e+01
<MIXTURE> 3 3.964153e-02
<MEAN> 39
 -2.487019e+00 3.670618e+00 -4.217108e+00 -2.623259e+00 4.131099e+00 1.195167e+01 2.729614e+01 1.978929e+01 -8.528019e-01 -2.702567e+01 -3.437901e+01 5.602910e+00 7.719316e+00 1.387858e-02 -2.418068e-02 -5.506519e-04 -2.357431e-02 5.737235e-03 9.575436e-03 -6.694222e-02 -7.508826e-03 -7.822924e-03 5.263979e-02 2.839496e-02 -4.137220e-02 -4.775153e-02 2.527446e-03 -7.683252e-03 2.828028e-03 -1.273169e-02 1.230136e-02 1.427096e-04 -1.485772e-02 -1.286456e-03 3.835289e-03 2.730610e-02 1.456169e-02 -3.014720e-02 -4.069123e-03
<VARIANCE> 39
 4.152346e+01 4.045258e+01 1.146308e+01 3.216585e+01 3.031010e+01 2.440226e+01 4.622693e+01 7.862247e+01 3.856207e+01 4.983922e+01 5.566501e+01 1.027303e+02 1.982259e+01 2.383895e-01 5.146154e-01 5.533435e-01 4.556496e-01 7.670432e-01 8.776465e-01 8.141839e-01 9.716558e-01 1.221987e+00 1.826046e+00 1.541276e+00 2.021403e+00 9.087480e-02 4.405703e-02 1.001314e-01 1.009225e-01 9.169933e-02 1.434611e-01 1.509436e-01 1.496064e-01 1.697425e-01 2.137425e-01 2.674921e-01 2.292921e-01 2.889369e-01 1.225958e-02
<GCONST> 8.686275e+01
<MIXTURE> 4 2.510630e-01
<MEAN> 39
 -2.155286e+00 1.957569e+00 -4.553113e+00 -5.033351e+00 5.915906e+00 -2.241263e+00 2.983522e+00 1.491868e-01 1.405006e+00 6.608234e+00 1.015170e+01 7.749653e+00 6.316194e+00 5.540752e-02 -2.835840e-02 2.661610e-02 -8.027759e-02 -5.754876e-02 -1.244788e-02 -2.097602e-02 -6.862463e-03 5.679673e-03 -5.334496e-02 -3.553998e-02 -2.380980e-02 -6.936257e-02 3.712538e-03 -5.454464e-02 3.814454e-02 1.059443e-02 -9.451744e-02 7.355188e-02 -4.296174e-02 -3.313688e-02 4.223707e-02 -5.051821e-02 -1.526945e-02 4.891418e-02 -4.012635e-03
<VARIANCE> 39
 1.931378e+01 4.576177e+01 3.675418e+01 8.206875e+01 6.559161e+01 6.881430e+01 6.094450e+01 5.397477e+01 1.006244e+02 1.563899e+02 1.448152e+02 1.545263e+02 1.855205e+01 2.666360e-01 6.600274e-01 8.288047e-01 1.191006e+00 1.422583e+00 1.827449e+00 1.939224e+00 1.809688e+00 2.003919e+00 2.131656e+00 2.119157e+00 2.158744e+00 1.536779e-01 4.297232e-02 9.597123e-02 1.472895e-01 1.995458e-01 2.442674e-01 2.938015e-01 3.179688e-01 3.264126e-01 3.748677e-01 3.705767e-01 3.714796e-01 3.698952e-01 2.000887e-02
<GCONST> 1.053590e+02
<TRANSP> 6
 0.000000e+00 1.000000e+00 0.000000e+00 0.000000e+00 0.000000e+00 0.000000e+00
 0.000000e+00 9.053609e-01 9.463914e-02 0.000000e+00 0.000000e+00 0.000000e+00
 0.000000e+00 0.000000e+00 9.307170e-01 6.928304e-02 0.000000e+00 0.000000e+00
 0.000000e+00 0.000000e+00 0.000000e+00 8.829527e-01 1.170473e-01 0.000000e+00
 0.000000e+00 0.000000e+00 0.000000e+00 0.000000e+00 9.342906e-01 6.570942e-02
 0.000000e+00 0.000000e+00 0.000000e+00 0.000000e+00 0.000000e+00 0.000000e+00
<ENDHMM>
