~o
<STREAMINFO> 1 39
<VECSIZE> 39<NULLD><MFCC_D_A_Z_0><DIAGC>
~h "iy"
<BEGINHMM>
<NUMSTATES> 6
<STATE> 2
<NUMMIXES> 4
<MIXTURE> 1 2.632434e-01
<MEAN> 39
 -2.797133e-01 -2.415054e+00 1.809974e-01 -1.102363e+00 -3.198364e+00 -5.782346e-01 -2.172892e+00 -1.611559e+00 2.397438e+00 8.705677e+00 1.440714e+01 1.171858e+01 7.739254e+00 -7.727835e-02 5.014627e-02 5.778117e-01 3.901660e-02 -5.025237e-01 1.713398e-01 2.261514e-01 -2.349521e-01 -1.924718e-01 3.381631e-01 7.729174e-02 -3.610526e-03 -6.771124e-02 8.408538e-02 9.479250e-02 -1.239774e-01 -8.539525e-03 1.174150e-01 -2.319441e-02 8.491154e-02 -3.502131e-02 2.577185e-02 -1.075275e-01 -2.970858e-01 -1.308898e-01 -8.778925e-02
<VARIANCE> 39
 1.958442e+01 5.205272e+01 2.744978e+01 9.347823e+01 6.398326e+01 7.454899e+01 6.682333e+01 6.208599e+01 9.949430e+01 1.240701e+02 5.655159e+01 1.429534e+02 2.540950e+01 4.587658e-01 8.764782e-01 1.082308e+00 1.735867e+00 1.909859e+00 2.318517e+00 2.242614e+00 2.376369e+00 2.788147e+00 2.684592e+00 2.797963e+00 3.046389e+00 2.969008e-01 7.956391e-02 1.312267e-01 1.709924e-01 2.736667e-01 3.173710e-01 4.170294e-01 4.175135e-01 4.097462e-01 4.738662e-01 4.945960e-01 5.341325e-01 5.223330e-01 5.173995e-02
<GCONST> 1.136299e+02
<MIXTURE> 2 2.130322e-01
<MEAN> 39
 3.465532e+00 6.171340e+00 1.590660e+00 -8.467038e+00 -3.114540e+00 -6.194315e+00 -2.624936e+00 -3.692762e+00 -7.517562e+00 -7.700437e+00 -6.333584e+00 -2.194228e+00 8.326672e-01 -2.075104e-02 1.596989e-02 8.411950e-01 3.761980e-02 -6.406056e-01 1.370263e-01 -2.045512e-01 -1.602262e-01 -2.880890e-01 4.235760e-03 -3.981053e-01 -2.029603e-02 -3.868103e-01 -1.989918e-01 -1.002774e-01 -1.448595e-01 4.978937e-01 2.720676e-01 1.990915e-01 1.890725e-01 2.750186e-04 2.368469e-01 2.337969e-01 2.446586e-01 1.357767e-01 -1.489772e-01
<VARIANCE> 39
 2.469900e+01 3.472247e+01 3.642551e+01 5.254779e+01 4.270433e+01 4.933961e+01 5.637288e+01 6.242150e+01 4.636221e+01 5.228205e+01 6.566857e+01 8.805454e+01 3.090741e+01 1.584554e+00 1.868029e+00 1.944778e+00 2.753096e+00 2.796831e+00 3.470884e+00 3.683291e+00 3.305952e+00 3.281574e+00 2.954944e+00 3.650771e+00 4.036880e+00 1.649212e+00 2.420839e-01 2.900785e-01 3.406362e-01 5.198019e-01 4.359412e-01 6.192647e-01 6.243966e-01 6.932118e-01 5.531901e-01 5.739172e-01 6.212317e-01 5.949492e-01 2.375993e-01
<GCONST> 1.245780e+02
<MIXTURE> 3 2.890803e-01
<MEAN> 39
 -1.437833e+00 -6.841536e-01 2.459173e+00 -5.983911e-01 -1.795742e+00 1.235792e+00 -3.452232e+00 -3.219690e+00 -4.622241e+00 -5.509861e+00 -3.874761e+00 -1.252678e+00 4.444218e-01 -1.145140e-01 1.023876e-01 4.298091e-01 -1.575027e-01 -3.949236e-01 1.308309e-01 -1.567733e-01 -3.106458e-01 -2.754441e-01 -4.118051e-02 -1.477287e-01 -2.187896e-01 -7.741798e-02 1.022923e-01 1.170912e-01 -6.537475e-02 1.685118e-02 1.228366e-01 -8.184202e-02 1.132540e-01 2.438095e-02 6.693602e-02 3.710415e-02 -4.334297e-03 1.408387e-02 -1.204920e-01
<VARIANCE> 39
 3.232007e+01 3.557382e+01 2.623009e+01 4.860808e+01 4.368156e+01 6.073183e+01 6.045754e+01 7.153116e+01 5.560143e+01 5.145255e+01 4.471806e+01 5.215604e+01 6.854395e+01 4.321465e-01 6.560214e-01 8.790154e-01 1.486074e+00 1.485882e+00 2.120176e+00 2.274219e+00 2.242591e+00 2.102813e+00 2.470613e+00 2.368293e+00 2.019482e+00 3.681683e-01 5.762796e-02 1.139405e-01 1.576635e-01 2.536595e-01 2.655706e-01 4.372132e-01 4.402738e-01 4.206240e-01 4.323799e-01 4.636414e-01 4.160918e-01 3.494041e-01 5.698404e-02
<GCONST> 1.075837e+02
<MIXTURE> 4 2.346441e-01
<MEAN> 39
 1.388801e+00 -2.486862e+00 5.354994e-01 -3.198727e+00 -5.698176e+00 4.337093e-01 1.919616e+00 2.530817e-01 1.991650e+00 3.432166e+00 3.886286e+00 3.712434e+00 6.401051e+00 -3.054701e-01 1.386401e-01 7.036567e-01 -7.563546e-01 -4.151855e-01 6.213191e-01 -1.953068e-01 -1.061933e+00 -1.407653e-01 2.380623e-01 7.447751e-03 4.013036e-01 3.208671e-01 -1.059385e-01 3.182865e-01 -1.289408e-01 2.162647e-01 6.505560e-01 -1.135562e-01 -2.650645e-01 5.489920e-02 -9.591100e-02 -2.414725e-01 -3.003744e-01 -2.194959e-01 -4.176389e-01
<VARIANCE> 39
 2.451055e+01 4.161532e+01 3.112200e+01 8.858459e+01 5.179253e+01 6.841305e+01 8.149213e+01 1.331050e+02 1.324759e+02 1.632119e+02 1.772344e+02 1.913767e+02 3.325560e+01 2.021008e+00 2.036081e+00 2.292373e+00 5.097374e+00 4.363244e+00 6.692625e+00 5.250317e+00 5.779605e+00 7.273979e+00 6.902140e+00 7.382722e+00 6.409574e+00 2.463502e+00 3.139647e-01 3.369585e-01 4.149092e-01 9.042559e-01 7.291146e-01 8.940719e-01 1.079040e+00 1.183445e+00 1.236517e+00 1.204064e+00 1.138128e+00 1.187484e+00 3.159992e-01
<GCONST> 1.433801e+02
<STATE> 3
<NUMMIXES> 4
<MIXTURE> 1 2.236214e-01
<MEAN> 39
 -1.829250e+00 1.542516e-01 1.912259e+00 -5.263627e+00 -1.331154e+00 -4.348707e-01 -2.086981e+00 -2.649536e+00 1.302208e+00 8.108119e+00 1.182951e+01 1.332400e+01 8.969116e+00 4.972481e-02 4.074027e-02 1.020858e-01 1.456877e-01 -4.093198e-02 8.839151e-02 1.689866e-01 -6.917895e-02 2.290523e-02 1.297548e-01 -1.214046e-02 1.613840e-02 -5.133607e-02 4.231061e-02 -1.757540e-02 -1.261860e-01 3.112179e-03 7.181774e-03 -8.738387e-02 1.229541e-02 3.960731e-02 1.739448e-02 -8.790478e-02 -8.086493e-02 -3.120534e-02 -4.202373e-02
<VARIANCE> 39
 1.579068e+01 5.815925e+01 2.773026e+01 8.968335e+01 5.006924e+01 6.308927e+01 6.610108e+01 6.576035e+01 9.603765e+01 1.119118e+02 6.953520e+01 1.424452e+02 1.523607e+01 2.429702e-01 5.771883e-01 6.866503e-01 1.003509e+00 1.205532e+00 1.430149e+00 1.617675e+00 1.514681e+00 1.647469e+00 1.821456e+00 1.696608e+00 1.824584e+00 1.140321e-01 3.944749e-02 8.120099e-02 1.225684e-01 1.789328e-01 1.994755e-01 2.160006e-01 2.500384e-01 2.576603e-01 3.211752e-01 3.041653e-01 2.927552e-01 3.202318e-01 1.765338e-02
<GCONST> 9.894223e+01
<MIXTURE> 2 2.824843e-01
<MEAN> 39
 1.558522e+00 4.211873e+00 5.503551e+00 -4.521868e+00 -4.566593e+00 -2.678010e+00 -4.267220e+00 -4.660110e+00 -7.214821e+00 -6.981570e+00 -7.652717e+00 -2.267149e+00 -1.046809e+00 -3.271090e-02 8.135219e-02 1.281064e-01 1.421462e-01 1.138601e-02 -6.759187e-03 6.340945e-02 -8.175564e-02 2.658320e-02 7.867368e-02 2.082742e-02 2.253418e-02 -2.110392e-01 -1.407277e-02 -5.825762e-02 -1.535040e-01 1.142926e-01 1.831352e-01 1.562589e-02 8.739412e-02 9.144203e-02 1.319858e-01 4.733493e-02 1.212327e-01 6.879696e-02 -1.533421e-02
<VARIANCE> 39
 3.203497e+01 3.539949e+01 3.400967e+01 5.422728e+01 4.726474e+01 5.854004e+01 6.403361e+01 6.433035e+01 6.533152e+01 5.761953e+01 5.101419e+01 5.823604e+01 4.212487e+01 3.556226e-01 6.378040e-01 7.900869e-01 1.266756e+00 1.452109e+00 1.885879e+00 2.274382e+00 2.306032e+00 2.125381e+00 2.174454e+00 2.182041e+00 2.090196e+00 2.911914e-01 5.218490e-02 1.037989e-01 1.637009e-01 2.298886e-01 2.866166e-01 3.712796e-01 4.306324e-01 4.462039e-01 4.146430e-01 4.356266e-01 3.954420e-01 3.784720e-01 3.884212e-02
<GCONST> 1.061995e+02
<MIXTURE> 3 2.323984e-01
<MEAN> 39
 3.647866e+00 5.548784e+00 5.561357e+00 -9.313588e+00 -5.072489e+00 -2.745692e+00 -4.671984e+00 -5.867251e+00 -7.628041e+00 -5.533794e+00 -5.495805e+00 1.615646e+00 3.779870e+00 1.157457e-02 1.630418e-02 1.451494e-02 4.626428e-02 -8.999110e-02 -2.815720e-02 5.039968e-03 -5.044854e-02 3.571565e-02 -2.425603e-02 -1.039545e-01 4.327367e-02 -5.842000e-02 5.963917e-03 -1.281650e-02 -1.084902e-02 3.653885e-02 -2.359598e-02 -8.650624e-03 -1.127816e-02 3.717647e-02 1.263075e-02 -4.018621e-03 1.760086e-02 -4.633030e-03 -1.259419e-02
<VARIANCE> 39
 1.673780e+01 3.084240e+01 3.777329e+01 3.695900e+01 6.636813e+01 6.171187e+01 7.434434e+01 6.896504e+01 5.651701e+01 6.196249e+01 7.547889e+01 9.228696e+01 2.541971e+01 9.255665e-02 2.738990e-01 3.837760e-01 5.766406e-01 7.726190e-01 9.518415e-01 9.913786e-01 1.135923e+00 1.120040e+00 1.172157e+00 1.147740e+00 8.959166e-01 5.203483e-02 1.562687e-02 4.409324e-02 7.004660e-02 9.936827e-02 1.321214e-01 1.587653e-01 1.778084e-01 2.063410e-01 1.766222e-01 2.020918e-01 2.098384e-01 1.722895e-01 1.000000e-02
<GCONST> 8.356777e+01
<MIXTURE> 4 2.614959e-01
<MEAN> 39
 1.646948e+00 1.017957e+00 2.383258e+00 -5.538581e+00 -4.974588e+00 -7.158874e-01 -1.307853e+00 -2.648796e+00 -6.470729e-01 1.368062e-01 1.416701e+00 4.001442e+00 3.529743e+00 -3.937976e-02 5.179409e-01 3.131766e-01 3.241936e-01 2.458798e-01 -3.233237e-01 -3.050864e-01 -2.210682e-01 -4.294359e-01 -2.081391e-01 -5.181294e-01 -2.867813e-01 -7.126584e-01 -9.775119e-02 4.008636e-02 -3.443353e-01 3.403945e-01 4.649955e-01 -1.328020e-01 8.659329e-02 2.262450e-01 1.161822e-03 -4.536099e-02 1.360707e-02 -1.650801e-01 -1.803123e-01
<VARIANCE> 39
 2.580159e+01 4.261782e+01 2.755628e+01 7.075790e+01 4.810381e+01 7.313406e+01 7.475900e+01 1.034846e+02 1.005584e+02 1.404985e+02 1.501857e+02 1.643089e+02 3.891116e+01 1.477345e+00 1.925792e+00 1.689170e+00 3.515987e+00 3.219989e+00 3.903543e+00 4.024108e+00 3.924752e+00 4.547450e+00 4.625252e+00 5.188017e+00 4.887590e+00 1.722250e+00 2.354878e-01 3.210653e-01 3.586152e-01 5.590730e-01 5.860858e-01 9.425436e-01 8.182586e-01 8.521608e-01 9.566803e-01 9.930680e-01 9.231228e-01 9.400451e-01 2.453977e-01
<GCONST> 1.349052e+02
<STATE> 4
<NUMMIXES> 4
<MIXTURE> 1 2.108893e-01
<MEAN> 39
 -2.495372e+00 -2.573624e+00 2.414729e+00 1.005814e-01 -1.175820e+00 5.267647e+00 2.066506e+00 2.781669e+00 5.206771e+00 4.072252e+00 1.870277e+00 -2.311493e+00 6.031679e+00 -9.489334e-02 4.009862e-02 -4.628400e-01 2.145740e-01 4.689915e-01 -2.189454e-01 3.260086e-03 1.899715e-01 1.912594e-01 -1.218114e-01 3.424996e-02 1.683532e-01 -1.414241e-01 5.820849e-02 -5.665660e-02 -2.483100e-01 4.660647e-04 2.614657e-02 -3.376168e-01 -5.776689e-02 9.933902e-02 -5.755773e-02 -6.738634e-02 9.131565e-03 1.338878e-01 -1.143647e-01
<VARIANCE> 39
 2.434916e+01 3.497786e+01 3.205676e+01 8.703226e+01 5.503203e+01 5.423901e+01 7.328959e+01 1.369707e+02 1.384643e+02 2.355631e+02 2.317979e+02 1.964243e+02 5.494931e+01 5.796127e-01 1.144374e+00 1.085189e+00 2.264513e+00 2.654083e+00 2.987860e+00 3.015661e+00 2.993347e+00 3.394212e+00 3.971876e+00 4.000027e+00 4.221590e+00 3.971753e-01 8.617179e-02 1.336761e-01 1.723668e-01 3.325901e-01 3.533792e-01 5.031974e-01 4.912640e-01 6.277642e-01 6.092941e-01 6.682976e-01 7.136099e-01 6.678532e-01 7.384265e-02
<GCONST> 1.234913e+02
<MIXTURE> 2 3.155475e-01
<MEAN> 39
 2.989654e+00 4.956682e+00 4.072317e+00 -3.235193e+00 -4.497697e+00 -4.676005e+00 -4.339036e+00 -5.215889e+00 -7.216165e+00 -5.758834e+00 -5.526805e+00 -1.481012e+00 -2.965195e+00 -5.787072e-01 1.563142e-01 -1.834195e-01 8.836099e-01 9.716811e-01 6.963202e-02 2.273641e-01 3.373926e-01 -6.433486e-02 -2.311222e-02 -2.390519e-01 -3.515235e-01 -9.564275e-01 -2.516945e-01 -2.527353e-01 -3.525011e-01 1.996835e-02 3.285236e-01 2.974935e-01 2.862560e-01 2.790932e-01 3.541204e-01 1.744063e-01 2.964029e-01 1.661469e-01 1.605940e-01
<VARIANCE> 39
 2.754294e+01 3.312671e+01 2.579178e+01 4.648287e+01 4.076182e+01 4.577170e+01 5.287123e+01 5.920183e+01 5.606873e+01 6.792292e+01 6.616968e+01 6.918543e+01 3.929955e+01 1.845100e+00 2.133482e+00 2.143410e+00 3.011420e+00 2.509131e+00 3.719748e+00 3.785715e+00 3.904067e+00 4.286080e+00 4.447468e+00 4.587335e+00 4.121147e+00 2.237735e+00 2.179361e-01 3.165517e-01 3.334744e-01 4.531168e-01 4.393877e-01 5.932543e-01 6.713147e-01 6.742885e-01 6.836662e-01 7.118767e-01 6.793212e-01 6.047140e-01 2.301261e-01
<GCONST> 1.265827e+02
<MIXTURE> 3 2.393224e-01
<MEAN> 39
 1.069044e+00 -6.531477e+00 8.288634e-01 5.271615e+00 -6.701673e+00 3.935481e+00 -5.705513e+00 -7.343453e+00 -3.648217e+00 -1.854635e+00 4.133860e+00 7.483013e+00 9.140688e+00 7.171591e-02 1.670498e-02 -6.028021e-02 1.041519e-01 -7.247698e-02 -1.056082e-01 9.004422e-02 1.225885e-01 -3.687701e-02 5.344085e-02 -1.323691e-03 1.230906e-01 -9.892346e-02 2.584340e-02 4.220852e-02 -5.480925e-02 -7.585943e-02 6.847820e-02 -5.425720e-02 2.190001e-02 3.866826e-02 3.271124e-02 -8.539339e-03 -1.897460e-02 2.494358e-02 -2.470399e-02
<VARIANCE> 39
 1.565923e+01 2.730184e+01 2.134077e+01 6.102605e+01 5.817959e+01 3.343056e+01 5.573995e+01 5.513552e+01 4.998366e+01 6.284840e+01 6.936246e+01 9.932405e+01 1.919425e+01 2.054205e-01 4.029178e-01 5.809166e-01 1.031384e+00 1.042330e+00 8.995014e-01 1.339701e+00 1.151080e+00 1.142161e+00 1.106254e+00 9.759621e-01 1.203014e+00 8.201824e-02 3.404232e-02 6.564476e-02 1.060543e-01 1.448930e-01 1.657678e-01 1.603032e-01 2.327586e-01 2.016216e-01 2.009007e-01 1.854534e-01 1.715208e-01 2.100039e-01 1.131148e-02
<GCONST> 8.755202e+01
<MIXTURE> 4 2.342408e-01
<MEAN> 39
 2.738360e+00 3.664006e+00 2.520049e+00 -6.675390e+00 -5.514510e+00 -7.557545e+00 -3.181575e+00 -3.905710e+00 -2.100297e+00 6.711007e+00 9.708212e+00 1.472776e+01 2.267930e+00 1.026505e-01 5.036153e-02 -3.173886e-01 2.264794e-01 3.209925e-01 -3.428054e-01 1.145175e-02 2.159494e-01 1.515356e-01 -5.877995e-02 1.998167e-02 -9.249079e-02 -2.711633e-01 -3.195046e-02 -7.099671e-02 -1.423650e-01 7.902037e-02 1.060490e-01 1.438387e-01 -2.590150e-02 9.742186e-02 8.729495e-02 -1.760396e-01 -1.247273e-01 -2.349766e-01 1.949564e-02
<VARIANCE> 39
 1.706631e+01 3.580479e+01 3.271361e+01 3.483126e+01 5.764232e+01 5.473396e+01 6.585837e+01 4.510057e+01 8.376274e+01 9.851439e+01 8.640278e+01 7.323885e+01 2.519279e+01 4.358269e-01 8.860785e-01 1.024818e+00 1.447802e+00 1.607659e+00 2.410744e+00 2.405687e+00 2.422322e+00 2.894627e+00 3.037908e+00 2.944403e+00 2.561127e+00 3.214284e-01 6.311155e-02 1.157144e-01 1.732231e-01 2.327965e-01 2.948996e-01 3.655691e-01 4.416546e-01 3.653286e-01 4.918022e-01 4.675397e-01 5.070844e-01 4.611442e-01 4.559832e-02
<GCONST> 1.096083e+02
<STATE> 5
<NUMMIXES> 4
<MIXTURE> 1 1.972875e-01
<MEAN> 39
 -3.349322e+00 -9.184031e+00 4.384207e+00 8.815583e+00 -7.013320e+00 5.305267e+00 -9.965703e-01 -6.640470e-01 4.071118e+00 1.235058e+01 1.231519e+01 1.082397e+01 1.187513e+01 9.114216e-03 -3.574339e-03 -1.389945e-01 -1.804989e-02 1.461600e-01 -1.968685e-02 -1.080720e-01 1.360956e-01 3.845736e-02 8.908704e-02 4.727134e-02 7.520813e-03 -3.973752e-02 5.354615e-03 1.501388e-03 -6.890394e-02 -1.081010e-01 3.632462e-02 -4.247496e-03 -3.078554e-02 -1.583495e-02 -2.808188e-02 -3.547017e-02 -7.048493e-04 -1.264783e-02 -1.913895e-02
<VARIANCE> 39
 1.219935e+01 9.960245e+00 2.342457e+01 3.562208e+01 3.835036e+01 3.381492e+01 4.223384e+01 3.745287e+01 5.454544e+01 1.115891e+02 5.421982e+01 9.882356e+01 1.224082e+01 2.685853e-01 4.804522e-01 5.754623e-01 8.110638e-01 8.574085e-01 8.967868e-01 9.311826e-01 8.545345e-01 8.914918e-01 1.212528e+00 1.091868e+00 1.507209e+00 7.808486e-02 4.567109e-02 8.031268e-02 9.763420e-02 1.185917e-01 1.507924e-01 1.485538e-01 1.611292e-01 1.397374e-01 1.554638e-01 1.943607e-01 1.912869e-01 2.440381e-01 1.207237e-02
<GCONST> 8.362856e+01
<MIXTURE> 2 2.625895e-01
<MEAN> 39
 -1.801952e+00 2.598926e+00 3.747826e+00 2.783529e-01 -2.540759e-01 -1.356184e+00 -3.051204e+00 -1.962531e+00 -4.713479e+00 -4.713152e+00 -4.908882e+00 -2.190577e+00 -6.064330e+00 -5.184132e-01 -3.193598e-01 -3.382932e-01 5.001367e-01 7.789338e-01 3.470533e-01 5.449706e-01 5.406641e-01 4.511624e-01 8.998878e-02 -7.724391e-02 -4.434560e-02 -5.621955e-01 7.005262e-02 -2.400771e-02 -5.726101e-02 -1.747087e-01 -1.615570e-01 -2.961284e-03 3.495240e-02 1.092693e-02 4.074463e-02 6.401521e-02 1.068164e-01 9.378169e-02 1.150433e-01
<VARIANCE> 39
 2.984364e+01 2.313410e+01 2.015659e+01 2.926683e+01 3.242650e+01 4.431109e+01 4.397958e+01 4.682769e+01 4.545832e+01 4.811996e+01 4.229089e+01 4.431973e+01 2.902840e+01 9.460102e-01 9.740791e-01 1.076238e+00 1.516415e+00 1.756236e+00 2.594867e+00 2.810280e+00 2.872331e+00 2.879615e+00 3.122962e+00 2.732143e+00 2.668313e+00 7.494827e-01 1.200208e-01 1.507679e-01 2.016281e-01 2.647968e-01 2.853366e-01 4.517165e-01 4.821674e-01 4.940255e-01 5.027097e-01 5.382877e-01 4.768964e-01 4.310992e-01 8.372520e-02
<GCONST> 1.102026e+02
<MIXTURE> 3 3.160869e-01
<MEAN> 39
 1.008337e+00 -2.029566e+00 -1.831419e+00 -3.648599e-01 -2.594315e+00 -1.404637e+00 -6.591977e-01 -1.093807e+00 -3.662236e-01 3.780719e+00 7.014390e+00 7.760681e+00 6.917162e+00 1.202698e-01 1.552209e-01 -6.079000e-01 -5.237586e-02 4.656862e-01 -4.169327e-01 6.844504e-03 1.619634e-01 2.628144e-01 -1.057054e-01 -1.260119e-01 3.318876e-02 -2.519343e-01 3.705281e-02 6.137406e-02 1.240143e-01 -9.944036e-02 -9.467936e-02 3.658493e-02 1.138206e-03 -8.883609e-02 1.009038e-02 -2.279707e-02 -1.545545e-01 -1.448160e-01 -6.303689e-02
<VARIANCE> 39
 2.635345e+01 6.408849e+01 2.762374e+01 9.605051e+01 7.333020e+01 7.856158e+01 7.181614e+01 8.609673e+01 9.811887e+01 1.591801e+02 1.501063e+02 1.566108e+02 2.352080e+01 4.507908e-01 9.780341e-01 1.141410e+00 2.072123e+00 1.890685e+00 2.242838e+00 2.469743e+00 2.565854e+00 2.745085e+00 2.725880e+00 3.052422e+00 2.994594e+00 2.781962e-01 7.250176e-02 1.445743e-01 1.712411e-01 2.879153e-01 3.475205e-01 4.020652e-01 4.206204e-01 4.427541e-01 4.263555e-01 4.469936e-01 4.795745e-01 4.680052e-01 4.352201e-02
<GCONST> 1.160361e+02
<MIXTURE> 4 2.240362e-01
<MEAN> 39
 1.598055e+00 1.706275e+00 4.800172e-01 -3.821596e+00 -2.525852e+00 -2.722067e+00 -3.845603e-01 -1.289511e+00 -4.863623e-01 1.255492e-02 8.614368e-01 2.193748e+00 1.859128e+00 -5.115163e-01 -2.159665e-01 -1.234945e+00 3.790567e-01 1.129047e+00 3.513369e-01 3.293064e-01 3.540002e-01 4.828613e-01 -7.115245e-02 3.627392e-01 -3.093596e-02 1.743421e-01 -7.303461e-02 -9.170936e-02 -6.257931e-03 4.038896e-02 -1.965067e-02 1.005227e-01 -7.623819e-03 4.925860e-02 8.009078e-03 1.188391e-01 1.233744e-01 2.416730e-02 1.633404e-01
<VARIANCE> 39
 2.946985e+01 4.781212e+01 3.487872e+01 6.890979e+01 5.769874e+01 8.445512e+01 6.983756e+01 1.044945e+02 1.226698e+02 1.469538e+02 1.336194e+02 1.324904e+02 6.282158e+01 2.332886e+00 3.515038e+00 3.038779e+00 4.466315e+00 4.435442e+00 6.338712e+00 5.547389e+00 5.979347e+00 6.335386e+00 7.341140e+00 7.656663e+00 6.803478e+00 3.929462e+00 3.252614e-01 4.104862e-01 5.009355e-01 6.766325e-01 7.187601e-01 9.772516e-01 9.666651e-01 9.502140e-01 1.130147e+00 1.074251e+00 1.110830e+00 1.018476e+00 4.872001e-01
<GCONST> 1.445966e+02
<TRANSP> 6
 0.000000e+00 1.000000e+00 0.000000e+00 0.000000e+00 0.000000e+00 0.000000e+00
 0.000000e+00 2.768930e-01 7.231069e-01 0.000000e+00 0.000000e+00 0.000000e+00
 0.000000e+00 0.000000e+00 5.754627e-01 4.245373e-01 0.000000e+00 0.000000e+00
 0.000000e+00 0.000000e+00 0.000000e+00 4.615850e-01 5.384150e-01 0.000000e+00
 0.000000e+00 0.000000e+00 0.000000e+00 0.000000e+00 4.411654e-01 5.588346e-01
 0.000000e+00 0.000000e+00 0.000000e+00 0.000000e+00 0.000000e+00 0.000000e+00
<ENDHMM>
