~o
<STREAMINFO> 1 39
<VECSIZE> 39<NULLD><MFCC_D_A_Z_0><DIAGC>
~h "jh"
<BEGINHMM>
<NUMSTATES> 6
<STATE> 2
<NUMMIXES> 4
<MIXTURE> 1 2.342488e-01
<MEAN> 39
 -8.687695e-01 -8.493955e-01 -7.597097e-01 -1.662828e+00 2.377592e+00 2.022239e+00 -1.544083e+00 -3.646164e+00 -1.292727e+00 1.444084e+00 7.955050e+00 9.844083e+00 7.756284e+00 -2.091128e-01 -1.629031e-01 1.461120e-01 3.748542e-02 9.748761e-02 -6.492764e-02 -2.728450e-02 -2.476561e-01 3.493163e-01 5.976692e-02 -4.450089e-02 1.587001e-01 -9.505887e-03 4.411794e-02 -1.034191e-01 -1.078295e-01 -1.134845e-01 -3.087793e-01 -2.352233e-01 -2.301706e-02 1.249525e-01 7.782055e-02 4.304312e-03 2.606322e-02 -1.266309e-01 -8.267523e-02
<VARIANCE> 39
 1.696127e+01 5.070837e+01 2.721461e+01 6.815404e+01 6.109104e+01 5.422956e+01 6.221908e+01 6.145555e+01 5.998634e+01 1.118637e+02 1.059936e+02 9.307056e+01 2.731160e+01 2.859971e-01 8.038983e-01 1.131520e+00 1.300411e+00 1.863242e+00 1.904170e+00 1.805458e+00 2.369803e+00 2.124551e+00 2.195226e+00 2.463451e+00 3.036635e+00 2.181729e-01 7.201109e-02 9.021392e-02 1.914559e-01 2.484331e-01 3.650570e-01 2.607192e-01 4.130632e-01 4.101867e-01 3.873864e-01 4.038548e-01 4.623938e-01 4.256891e-01 4.087767e-02
<GCONST> 1.084085e+02
<MIXTURE> 2 4.103393e-01
<MEAN> 39
 -5.523229e+00 1.106154e+00 2.890935e+00 2.165510e+00 -7.395357e-03 1.618621e+00 -1.348042e+00 -9.922521e-01 -4.210045e+00 -4.111604e+00 -4.580183e+00 -2.386867e+00 -2.933602e+00 -4.172650e-01 7.437502e-02 1.542074e-01 2.375842e-01 -6.881566e-02 4.715230e-04 2.419371e-01 5.502408e-01 2.770795e-01 1.087508e-01 3.331415e-01 3.894117e-01 5.269673e-01 4.864322e-01 -1.427118e-02 -1.889406e-01 -1.791350e-01 -2.225209e-01 -1.995881e-01 -1.949433e-03 -2.797459e-03 6.600437e-02 -1.432820e-03 1.423635e-01 4.583753e-02 1.685203e-01
<VARIANCE> 39
 3.880251e+01 3.111065e+01 2.615073e+01 2.905243e+01 4.284012e+01 4.047022e+01 3.747789e+01 5.339597e+01 4.247900e+01 4.891430e+01 3.857098e+01 3.727230e+01 4.022124e+01 1.707802e+00 1.489449e+00 1.359622e+00 1.956443e+00 1.855023e+00 2.854067e+00 2.804607e+00 2.473381e+00 3.009324e+00 2.844931e+00 2.505525e+00 2.275035e+00 1.394944e+00 3.040309e-01 2.439067e-01 3.574005e-01 4.426756e-01 5.852945e-01 5.737136e-01 5.512361e-01 6.320691e-01 6.296160e-01 6.905192e-01 7.535681e-01 6.110451e-01 3.109213e-01
<GCONST> 1.194383e+02
<MIXTURE> 3 1.066236e-01
<MEAN> 39
 -4.404627e+00 -6.229747e+00 -4.291903e-01 2.881998e+00 -2.905819e+00 4.356330e+00 1.726617e+00 2.986157e+00 1.374110e+01 1.188417e+01 4.583923e+00 -5.027204e+00 6.313580e+00 1.631910e-01 1.669032e-01 3.608816e-01 -2.764259e-01 -4.863004e-01 -5.163436e-01 -2.006765e-01 -2.068752e-01 5.550441e-02 -1.346919e-01 9.500351e-02 4.290617e-01 -2.182128e-01 2.720462e-01 2.185134e-01 1.066649e-01 1.560335e-01 -7.492919e-02 -1.757943e-02 -1.786903e-01 1.087444e-01 -3.616758e-01 -3.518453e-01 -1.816876e-01 -1.200680e-01 -7.784671e-02
<VARIANCE> 39
 1.405829e+01 2.261275e+01 2.720048e+01 6.192606e+01 3.426823e+01 2.429070e+01 4.416447e+01 4.667595e+01 4.705188e+01 1.356184e+02 1.416684e+02 1.294495e+02 4.578847e+01 4.488932e-01 1.155183e+00 1.188996e+00 3.231210e+00 2.145036e+00 3.735877e+00 2.559582e+00 3.661855e+00 5.519267e+00 5.388791e+00 6.111237e+00 7.040244e+00 3.432050e-01 5.812794e-02 1.946095e-01 2.205158e-01 2.932411e-01 4.856529e-01 2.579990e-01 4.262433e-01 4.677154e-01 6.631752e-01 3.969777e-01 5.242658e-01 7.880789e-01 1.126861e-01
<GCONST> 1.174068e+02
<MIXTURE> 4 2.487884e-01
<MEAN> 39
 -3.873523e+00 -8.983717e-01 1.123599e+00 -4.055624e+00 8.285786e-02 3.485514e+00 1.657619e+00 2.780686e-01 9.876454e-01 -8.289846e-01 1.388464e+00 1.197576e+00 4.268545e+00 -9.265416e-01 -5.071782e-01 7.068837e-02 -7.229828e-01 9.789817e-01 1.131943e+00 2.898559e-03 -2.680827e-01 3.592802e-01 -3.571452e-01 8.739597e-01 8.022045e-01 2.304198e+00 4.420330e-01 4.180851e-01 -1.184251e-01 2.625782e-01 3.853443e-03 -4.914060e-01 -3.178786e-01 -6.504448e-03 -1.862735e-01 -7.414872e-02 -2.190865e-01 -2.055591e-01 -4.852366e-01
<VARIANCE> 39
 3.975505e+01 4.966822e+01 2.544935e+01 6.572176e+01 5.037115e+01 6.108955e+01 5.682252e+01 7.896674e+01 6.775357e+01 7.947974e+01 7.251246e+01 8.915835e+01 4.407780e+01 2.167370e+00 2.737834e+00 2.353207e+00 6.852051e+00 4.465212e+00 5.543423e+00 6.675671e+00 4.997807e+00 6.955760e+00 6.399963e+00 7.045782e+00 5.151193e+00 4.429458e+00 5.103334e-01 5.226111e-01 4.669280e-01 1.014587e+00 9.811141e-01 1.087801e+00 9.513490e-01 1.019410e+00 1.041708e+00 1.177254e+00 9.696550e-01 1.204390e+00 6.568126e-01
<GCONST> 1.423374e+02
<STATE> 3
<NUMMIXES> 4
<MIXTURE> 1 1.530139e-01
<MEAN> 39
 -3.098479e+00 -3.839501e+00 -1.567445e+00 -1.706146e+00 5.736347e-01 1.334265e+00 -1.882956e+00 -1.789708e+00 6.073598e+00 1.207929e+01 1.812555e+01 1.354171e+01 9.174181e+00 1.788336e-01 -9.139027e-02 1.857504e-01 2.943671e-01 5.198487e-02 -7.491739e-02 -5.646882e-01 -4.316603e-02 -4.170673e-01 -4.802840e-01 2.447838e-01 6.905106e-01 -5.634492e-02 1.975164e-01 1.798214e-01 8.146432e-03 6.065105e-02 -4.973058e-04 -2.080685e-02 -6.741382e-03 1.470922e-01 -1.556563e-01 -2.623172e-01 -4.257459e-01 -3.173136e-01 -1.266671e-01
<VARIANCE> 39
 1.461480e+01 4.953796e+01 2.665027e+01 5.433628e+01 5.320794e+01 7.151083e+01 4.846780e+01 5.672139e+01 7.587581e+01 6.556897e+01 5.284929e+01 7.259010e+01 1.432010e+01 5.026436e-01 6.377797e-01 9.340764e-01 1.460247e+00 2.576086e+00 1.730672e+00 1.838428e+00 1.959105e+00 3.012189e+00 1.851883e+00 3.086239e+00 2.128099e+00 4.576482e-01 7.693525e-02 1.780261e-01 2.612098e-01 3.137357e-01 2.370787e-01 3.729204e-01 5.226777e-01 2.358073e-01 5.490962e-01 5.102199e-01 5.460011e-01 4.299281e-01 7.949670e-02
<GCONST> 1.093324e+02
<MIXTURE> 2 3.276662e-01
<MEAN> 39
 -5.152754e+00 1.228315e+00 2.701025e+00 -9.445728e-02 -6.194351e-02 -6.252193e-01 -2.069314e-01 1.357794e-01 -4.051941e+00 -2.542578e+00 -2.203904e+00 -1.053160e+00 -1.289962e+00 1.769482e+00 5.287181e-01 -6.993012e-01 -9.836934e-01 -1.005018e+00 -3.430505e-01 1.303310e-01 -1.864985e-03 5.486215e-01 -4.471953e-02 7.600875e-01 3.384970e-01 1.529104e+00 6.293005e-01 -2.015095e-01 -4.192524e-01 -2.744104e-01 -2.663706e-01 2.301589e-01 -2.007589e-03 1.006732e-01 5.787409e-01 2.313492e-01 2.234198e-01 -1.206355e-01 2.746686e-01
<VARIANCE> 39
 2.537385e+01 2.680136e+01 2.732718e+01 4.013698e+01 3.701528e+01 4.562012e+01 4.662574e+01 4.821702e+01 4.671676e+01 6.741088e+01 6.377401e+01 4.306290e+01 4.079187e+01 2.487117e+00 2.098441e+00 2.581485e+00 3.482329e+00 4.421677e+00 5.638362e+00 5.306428e+00 4.510007e+00 5.775482e+00 6.951850e+00 5.919692e+00 6.216017e+00 3.144988e+00 3.065443e-01 4.367216e-01 4.853168e-01 6.316323e-01 6.189360e-01 9.971241e-01 9.936516e-01 1.210080e+00 1.583141e+00 1.645100e+00 1.412738e+00 1.184268e+00 5.563568e-01
<GCONST> 1.361081e+02
<MIXTURE> 3 1.576507e-01
<MEAN> 39
 -2.827847e+00 -5.577508e-01 6.080256e-01 -2.111638e+00 -2.687216e-01 3.177999e+00 5.927654e+00 3.743060e+00 5.771632e+00 -1.558020e+00 4.358345e-01 -2.271813e+00 9.059855e+00 -1.851174e-01 2.957019e-01 1.646619e-01 -6.558935e-02 7.185325e-01 2.535628e-01 9.233087e-03 5.418909e-01 5.849304e-02 -3.586069e-01 3.186933e-01 -7.793519e-01 4.125104e-01 1.596377e-01 -8.781379e-02 -1.073804e-01 1.953666e-01 7.498931e-02 -3.634360e-01 -2.678933e-01 1.427483e-01 -2.934682e-01 2.314020e-01 -7.179627e-03 -1.791281e-01 -3.338588e-01
<VARIANCE> 39
 2.316352e+01 5.061886e+01 3.661602e+01 1.290735e+02 2.625146e+01 6.966085e+01 7.551054e+01 7.058458e+01 1.371041e+02 2.368420e+02 1.325685e+02 1.548151e+02 2.347792e+01 9.245996e-01 1.407200e+00 1.019644e+00 2.254156e+00 3.767771e+00 2.292931e+00 3.571054e+00 2.503695e+00 2.852692e+00 3.638067e+00 4.031449e+00 7.136633e+00 8.923422e-01 1.246143e-01 1.643395e-01 1.880633e-01 5.737674e-01 3.797463e-01 5.076976e-01 3.913276e-01 7.707241e-01 9.250385e-01 7.842995e-01 9.929783e-01 1.030926e+00 1.705777e-01
<GCONST> 1.267728e+02
<MIXTURE> 4 3.616692e-01
<MEAN> 39
 -4.136333e+00 -6.807159e-01 2.250978e+00 7.030125e-01 6.249976e-02 2.956847e+00 -2.401492e+00 -2.977353e+00 -2.098563e+00 -4.411161e+00 -4.414533e-01 2.287144e+00 9.872145e-01 -9.652822e-02 -1.709899e-01 2.742991e-03 5.992038e-02 -2.756617e-01 -2.059840e-01 -1.091752e-01 2.604757e-01 -4.871374e-02 -5.000088e-02 -3.578635e-02 9.092884e-04 -2.394067e-02 1.461757e-01 1.242737e-02 -1.523045e-01 -6.343555e-02 -7.464122e-02 -1.263703e-01 -1.017599e-01 -3.559829e-02 -6.127819e-02 1.830498e-02 -5.267223e-02 -1.306323e-01 -4.988057e-02
<VARIANCE> 39
 3.007647e+01 4.182124e+01 1.803123e+01 5.081421e+01 4.703147e+01 4.435514e+01 3.887845e+01 5.087058e+01 4.592572e+01 3.184195e+01 4.644691e+01 4.698871e+01 6.394648e+01 2.385522e-01 4.200387e-01 8.858995e-01 1.223255e+00 1.479385e+00 1.890993e+00 1.873003e+00 2.726156e+00 2.435684e+00 2.005496e+00 2.199131e+00 2.101223e+00 2.773599e-01 6.507899e-02 9.811764e-02 2.036453e-01 2.032178e-01 2.332065e-01 2.670954e-01 4.428807e-01 4.181236e-01 3.249856e-01 3.203485e-01 4.543803e-01 3.994497e-01 4.030892e-02
<GCONST> 1.023937e+02
<STATE> 4
<NUMMIXES> 4
<MIXTURE> 1 2.760252e-01
<MEAN> 39
 -4.603033e+00 -5.982611e+00 2.575816e+00 4.615579e+00 -8.274990e-01 2.342981e+00 -1.622771e+00 -2.503270e+00 1.303648e+00 3.063654e+00 1.217316e+01 1.681686e+01 1.159803e+01 1.312885e-01 -5.223627e-02 -1.493559e-01 -4.103942e-02 1.793894e-01 -5.361515e-02 -1.030037e-01 5.212754e-02 -1.575270e-01 1.001178e-01 2.562620e-01 -1.794961e-01 -5.751553e-02 7.630136e-02 3.421524e-02 -5.380915e-02 -7.138162e-02 5.012771e-02 5.439848e-02 1.915002e-02 1.187384e-02 -6.861525e-03 -7.191578e-03 -1.220749e-01 -2.428459e-01 -3.205702e-02
<VARIANCE> 39
 1.609441e+01 2.399535e+01 2.484885e+01 5.821075e+01 5.363422e+01 4.553727e+01 4.309222e+01 4.359258e+01 7.182594e+01 6.680400e+01 4.734510e+01 5.707661e+01 1.542523e+01 3.051153e-01 4.768523e-01 7.054206e-01 8.371837e-01 9.701781e-01 1.216207e+00 1.500702e+00 1.101695e+00 1.558932e+00 1.238284e+00 1.894671e+00 2.009351e+00 1.071062e-01 4.245527e-02 5.992377e-02 9.721480e-02 8.665989e-02 1.230220e-01 2.090835e-01 1.814012e-01 1.308106e-01 2.113023e-01 1.558875e-01 2.453187e-01 4.103368e-01 1.861127e-02
<GCONST> 8.949278e+01
<MIXTURE> 2 1.246057e-01
<MEAN> 39
 -7.218587e+00 -5.597987e+00 8.816841e+00 1.308541e+01 -2.869097e+00 7.949404e+00 1.712003e+00 6.917421e+00 1.370425e+01 8.711547e+00 -1.710008e+00 -1.168293e+01 1.212939e+01 1.242083e-01 -1.295363e-02 -8.197367e-02 -2.190816e-01 -2.393900e-01 3.501475e-01 1.015868e-01 5.913647e-01 2.517621e-02 3.097629e-03 -5.669295e-01 -8.742810e-01 -1.307043e-01 -7.612332e-02 -5.328726e-02 -1.312101e-01 -2.474079e-01 -1.111670e-02 7.000125e-03 2.527406e-02 3.500211e-02 -1.377069e-01 4.274260e-02 1.527052e-02 5.571044e-03 -4.544535e-02
<VARIANCE> 39
 1.546251e+01 1.425924e+01 3.516758e+01 2.220468e+01 2.582338e+01 2.383295e+01 3.099915e+01 3.274188e+01 3.467064e+01 5.812550e+01 9.974981e+01 9.007802e+01 1.510021e+01 4.233625e-01 3.853105e-01 4.674138e-01 9.809806e-01 1.124028e+00 1.302996e+00 1.266944e+00 1.882724e+00 1.874062e+00 1.786104e+00 3.059637e+00 3.525635e+00 1.088011e-01 6.473254e-02 5.507671e-02 1.336318e-01 2.301680e-01 2.698609e-01 2.507267e-01 3.328798e-01 3.056537e-01 2.865176e-01 3.559735e-01 3.465096e-01 4.786859e-01 2.866415e-02
<GCONST> 9.480302e+01
<MIXTURE> 3 3.170347e-01
<MEAN> 39
 9.671785e-01 2.751316e+00 1.900396e-01 -2.568579e+00 -3.912468e+00 -2.351948e+00 4.581857e-02 -9.205133e-01 -7.411128e-01 3.909433e-02 3.957424e+00 2.536656e+00 4.009321e+00 1.724190e+00 -2.609504e-01 -1.191528e+00 -9.976868e-01 -1.029934e+00 -2.919712e-03 -3.056105e-01 2.147974e-01 1.158077e+00 7.855295e-02 7.917180e-01 1.116806e-01 1.433960e+00 -2.580403e-01 -3.460268e-01 -4.918003e-02 2.076109e-01 3.739561e-01 4.012099e-01 -3.474934e-02 9.517824e-02 2.099454e-01 1.748384e-01 -1.854321e-01 -3.403935e-01 -1.213191e-01
<VARIANCE> 39
 2.003545e+01 4.378107e+01 2.760854e+01 5.641475e+01 5.953582e+01 5.082615e+01 4.770237e+01 6.501679e+01 7.222433e+01 1.056458e+02 1.121725e+02 7.803625e+01 4.147085e+01 2.860428e+00 2.675121e+00 2.620222e+00 4.407827e+00 5.309103e+00 6.416074e+00 5.550956e+00 8.832309e+00 9.368156e+00 1.092940e+01 9.088571e+00 1.129868e+01 4.153260e+00 2.246767e-01 4.195479e-01 3.862931e-01 6.768270e-01 6.643299e-01 8.250147e-01 7.926751e-01 7.398555e-01 1.052883e+00 1.188548e+00 1.046929e+00 1.042793e+00 4.027282e-01
<GCONST> 1.407525e+02
<MIXTURE> 4 2.823344e-01
<MEAN> 39
 -2.996536e+00 1.516734e+00 8.871201e-01 -2.142719e+00 2.224219e-01 2.527383e+00 -8.908254e-01 -1.321712e-01 -1.497398e+00 -5.830001e+00 -2.553090e+00 -8.138089e-01 7.959896e-01 1.174789e-01 -1.329416e-01 -3.043869e-01 -1.556282e-01 1.521198e-01 -2.530327e-01 -3.648599e-01 1.903365e-02 -1.646478e-01 -2.178568e-01 -2.270291e-01 -3.074205e-01 -2.242587e-02 1.005431e-01 4.170432e-02 -7.393462e-02 -4.690833e-02 1.064962e-02 -5.092419e-02 -1.552400e-02 -7.112614e-02 -2.562437e-02 1.554729e-01 -5.475990e-05 -1.936733e-02 -8.047598e-02
<VARIANCE> 39
 3.747272e+01 3.564264e+01 2.319625e+01 5.955327e+01 3.993195e+01 7.127599e+01 7.120927e+01 8.566719e+01 5.891726e+01 5.568986e+01 6.075606e+01 5.610391e+01 5.260567e+01 3.734385e-01 6.502083e-01 1.044453e+00 1.517659e+00 2.081978e+00 2.390978e+00 1.908326e+00 2.510383e+00 2.004966e+00 3.154440e+00 2.838402e+00 2.230616e+00 5.427806e-01 5.881491e-02 1.286551e-01 1.387812e-01 2.294520e-01 2.929726e-01 4.221789e-01 5.410322e-01 6.093162e-01 5.609927e-01 5.745878e-01 4.358629e-01 3.758875e-01 8.121142e-02
<GCONST> 1.112813e+02
<STATE> 5
<NUMMIXES> 4
<MIXTURE> 1 3.431373e-01
<MEAN> 39
 -1.947674e+00 -2.886157e+00 -3.302813e-01 -6.719073e-01 8.571730e-01 6.707638e-01 -3.384434e+00 -2.387327e-01 2.425468e+00 5.832497e+00 1.107012e+01 9.557297e+00 9.003387e+00 1.907846e-01 -8.222738e-02 -1.452645e-01 -5.297424e-02 3.638522e-01 2.706171e-01 -2.948338e-01 6.790671e-02 1.656505e-01 4.850747e-01 2.092784e-02 -2.262090e-01 -5.177979e-02 -6.389294e-03 3.730641e-02 1.561128e-03 -6.436468e-02 -5.798594e-03 6.262411e-02 1.640835e-01 -3.327779e-02 -8.990829e-02 -2.304853e-02 -1.572740e-01 -1.095893e-01 -3.148553e-02
<VARIANCE> 39
 1.554772e+01 5.465108e+01 2.982578e+01 8.253255e+01 7.804310e+01 6.428975e+01 6.217261e+01 8.837629e+01 9.183546e+01 9.918311e+01 8.902573e+01 1.351923e+02 1.659627e+01 2.735793e-01 7.188102e-01 9.929479e-01 1.153707e+00 1.062833e+00 1.628377e+00 1.835296e+00 2.026346e+00 1.938294e+00 3.464912e+00 2.331596e+00 3.044232e+00 1.691971e-01 5.757688e-02 1.007039e-01 1.659504e-01 1.670039e-01 3.216048e-01 2.287245e-01 2.758394e-01 3.793790e-01 3.443407e-01 4.389039e-01 2.687335e-01 3.208460e-01 2.466659e-02
<GCONST> 1.054982e+02
<MIXTURE> 2 3.588235e-01
<MEAN> 39
 -1.310924e+00 1.442127e+00 -6.334079e-01 -2.928244e+00 -1.453372e+00 7.399961e-01 -2.738830e+00 -3.537772e+00 -3.928150e+00 -7.485342e+00 -3.857883e+00 -1.690887e-01 6.928941e-01 4.346539e-02 -1.092467e-01 -4.541376e-01 -1.396990e-01 3.634319e-01 2.182869e-01 4.960002e-02 -8.422145e-02 -1.254518e-01 -7.695270e-02 -5.225376e-02 -6.995061e-02 1.583153e-01 -4.695103e-02 1.095669e-01 1.745843e-01 4.605014e-02 1.000591e-01 1.248213e-01 1.711971e-01 1.756042e-01 8.193070e-02 2.820069e-01 1.078323e-01 9.728087e-02 -9.290558e-02
<VARIANCE> 39
 3.871838e+01 2.898102e+01 2.674839e+01 4.827676e+01 4.833122e+01 7.218416e+01 5.950639e+01 5.826205e+01 4.657448e+01 4.213400e+01 5.528348e+01 5.054020e+01 5.319690e+01 7.512242e-01 9.771225e-01 1.358333e+00 2.052080e+00 2.136534e+00 3.071037e+00 2.635941e+00 3.035477e+00 2.572496e+00 3.018128e+00 2.484938e+00 3.019448e+00 8.517418e-01 1.240839e-01 1.377907e-01 2.631249e-01 3.168568e-01 4.302332e-01 5.679389e-01 5.977978e-01 7.178275e-01 5.674924e-01 4.852688e-01 5.183045e-01 5.369048e-01 2.057843e-01
<GCONST> 1.172861e+02
<MIXTURE> 3 2.058824e-01
<MEAN> 39
 4.753554e+00 1.040365e+00 -3.195730e+00 -5.513762e+00 -5.920660e+00 -1.471683e+00 -8.197505e-01 1.358243e+00 1.858647e-01 1.921464e+00 5.120040e+00 1.835708e+00 4.990985e+00 1.437189e+00 -1.118154e+00 -1.334041e+00 -9.792021e-01 -4.022672e-01 5.799771e-01 -2.365253e-01 -1.943383e-01 1.605288e+00 7.690524e-01 1.188552e+00 1.074716e-01 1.941972e+00 -9.422178e-01 -2.709867e-01 3.733751e-01 6.159691e-01 8.718271e-01 4.227163e-01 1.181817e-01 -2.509073e-01 -1.329618e-01 1.199290e-01 -3.838436e-01 -3.837580e-01 -4.048469e-01
<VARIANCE> 39
 1.601071e+01 3.752573e+01 2.218152e+01 5.454779e+01 5.314077e+01 4.773074e+01 6.145757e+01 6.191430e+01 1.031300e+02 1.096095e+02 9.388043e+01 9.612030e+01 2.145596e+01 1.340049e+00 2.988661e+00 2.434787e+00 4.377522e+00 4.807014e+00 4.091469e+00 5.327100e+00 5.233812e+00 1.146455e+01 1.319931e+01 1.117349e+01 1.209616e+01 4.257285e+00 2.408091e-01 3.863790e-01 3.663958e-01 4.671343e-01 6.170024e-01 7.934604e-01 8.357352e-01 7.699034e-01 1.104805e+00 8.435495e-01 1.044348e+00 1.300212e+00 2.322781e-01
<GCONST> 1.376789e+02
<MIXTURE> 4 9.215686e-02
<MEAN> 39
 -1.799075e+00 -8.169418e-01 -1.339867e+00 -3.296401e+00 2.419373e-01 6.092589e+00 8.271166e+00 1.511332e+01 1.518851e+01 4.405918e+00 -7.367183e+00 -1.649180e+01 7.812943e+00 5.145552e-01 -6.450761e-01 -6.426455e-01 -5.936068e-01 4.813238e-01 7.306120e-01 7.892188e-01 2.725544e+00 1.665881e+00 3.058027e-01 -1.777378e+00 -2.857042e+00 7.178578e-01 -2.024244e-01 -5.366413e-02 -6.348178e-03 3.691440e-01 -3.722301e-02 -1.860358e-01 -1.707868e-01 -5.494288e-01 -3.422380e-01 1.668659e-01 4.040131e-02 2.887428e-01 -2.701482e-01
<VARIANCE> 39
 1.744890e+01 4.860887e+01 2.458484e+01 6.698438e+01 5.000616e+01 6.460386e+01 8.890826e+01 4.911436e+01 7.164733e+01 1.659230e+02 1.637303e+02 8.976356e+01 3.061921e+01 1.585368e+00 2.058888e+00 2.406111e+00 2.705382e+00 4.017406e+00 5.998480e+00 5.050171e+00 7.137781e+00 1.128816e+01 1.158365e+01 9.383556e+00 8.099156e+00 1.635051e+00 2.257712e-01 2.067569e-01 2.700940e-01 7.496580e-01 6.431921e-01 7.749831e-01 9.512320e-01 6.022820e-01 9.563439e-01 1.417212e+00 9.298442e-01 9.096749e-01 2.086772e-01
<GCONST> 1.368632e+02
<TRANSP> 6
 0.000000e+00 1.000000e+00 0.000000e+00 0.000000e+00 0.000000e+00 0.000000e+00
 0.000000e+00 3.344103e-01 6.655897e-01 0.000000e+00 0.000000e+00 0.000000e+00
 0.000000e+00 0.000000e+00 3.632149e-01 6.367851e-01 0.000000e+00 0.000000e+00
 0.000000e+00 0.000000e+00 0.000000e+00 3.501577e-01 6.498423e-01 0.000000e+00
 0.000000e+00 0.000000e+00 0.000000e+00 0.000000e+00 1.921569e-01 8.078431e-01
 0.000000e+00 0.000000e+00 0.000000e+00 0.000000e+00 0.000000e+00 0.000000e+00
<ENDHMM>
