~o
<STREAMINFO> 1 39
<VECSIZE> 39<NULLD><MFCC_D_A_Z_0><DIAGC>
~h "k"
<BEGINHMM>
<NUMSTATES> 6
<STATE> 2
<NUMMIXES> 4
<MIXTURE> 1 1.860902e-01
<MEAN> 39
 5.070386e-01 2.452773e+00 -4.497240e+00 -3.633811e+00 -8.590460e-01 -5.100305e+00 1.443379e+00 2.798479e+00 9.477737e+00 1.610109e+01 1.266794e+01 2.929347e+00 4.097040e+00 -2.392137e-01 1.039431e-01 1.195262e-01 -8.961636e-02 4.093805e-01 -1.175077e-01 -1.253200e-01 -2.586873e-01 -3.162979e-01 -7.523245e-03 -2.955716e-02 4.021525e-01 -1.354229e-01 -8.263733e-02 -1.536859e-01 1.877403e-01 1.521913e-01 1.628138e-02 2.989304e-01 3.707650e-02 -7.865117e-02 -3.404701e-01 -6.739012e-01 -4.801593e-01 -1.570353e-01 -3.323785e-03
<VARIANCE> 39
 2.284884e+01 5.715070e+01 4.922557e+01 8.643317e+01 6.541225e+01 6.390895e+01 6.600290e+01 7.347449e+01 8.708071e+01 8.227203e+01 8.604484e+01 1.703860e+02 4.472604e+01 1.187270e+00 1.976322e+00 2.675838e+00 3.109848e+00 3.102922e+00 4.339185e+00 3.925764e+00 4.339097e+00 5.737683e+00 6.652725e+00 6.146746e+00 8.343101e+00 2.192872e+00 2.198915e-01 2.506631e-01 4.566669e-01 6.014392e-01 6.260810e-01 6.656693e-01 7.374102e-01 8.102618e-01 9.019780e-01 9.157219e-01 9.414551e-01 1.250217e+00 3.259416e-01
<GCONST> 1.363443e+02
<MIXTURE> 2 2.643146e-01
<MEAN> 39
 -4.782783e+00 -8.929688e-01 2.129221e+00 7.185358e-01 1.913274e+00 7.762988e-01 8.144703e-01 9.438771e-01 -3.105167e+00 -2.340814e+00 -3.213995e+00 -1.771923e+00 -3.936960e+00 -4.399429e-01 -2.430334e-01 -2.770040e-01 -4.095015e-01 2.921878e-01 5.064827e-01 6.854193e-01 8.060251e-01 5.309994e-01 1.729426e-01 1.721005e-01 -5.279140e-02 1.669108e+00 5.354661e-01 2.996968e-01 -1.886121e-01 -3.513757e-01 -3.002181e-01 -2.526606e-01 -7.958447e-02 -8.829109e-02 1.732513e-01 7.306029e-02 1.482573e-01 5.411507e-02 2.645779e-01
<VARIANCE> 39
 2.821915e+01 4.372084e+01 3.042571e+01 5.001696e+01 4.861847e+01 4.273562e+01 4.975486e+01 5.622035e+01 5.780620e+01 5.287665e+01 4.119839e+01 3.611504e+01 5.666296e+01 2.910553e+00 3.399195e+00 3.313258e+00 4.727886e+00 3.671007e+00 4.097906e+00 4.490885e+00 4.922523e+00 5.595550e+00 4.880353e+00 4.749567e+00 4.040841e+00 6.776447e+00 4.832244e-01 6.969957e-01 5.855049e-01 8.094171e-01 7.074623e-01 8.025746e-01 9.290421e-01 1.149785e+00 1.298740e+00 1.108722e+00 1.028836e+00 8.918608e-01 9.691966e-01
<GCONST> 1.380030e+02
<MIXTURE> 3 3.209948e-01
<MEAN> 39
 -2.131339e+00 -1.103735e+00 -1.940492e+00 -5.626457e-01 2.396347e+00 4.470247e-01 -1.212880e+00 -1.247438e+00 -4.202663e-01 8.263453e-01 3.339444e+00 4.047129e+00 5.291223e+00 -1.145971e-01 5.715230e-02 -5.960763e-02 -9.248368e-02 1.807631e-01 -1.536006e-01 5.969533e-03 -6.340529e-02 1.677507e-01 1.629779e-01 4.388778e-02 6.770657e-02 -1.234929e-01 1.097458e-01 7.644854e-02 9.367441e-02 -2.898182e-02 -1.289734e-01 -2.710584e-02 8.000404e-02 3.231164e-02 -8.476796e-03 -5.285486e-02 -3.868588e-02 -5.890483e-02 -4.375597e-02
<VARIANCE> 39
 3.819542e+01 5.517858e+01 3.242371e+01 7.701259e+01 6.479876e+01 7.113800e+01 7.661873e+01 8.484737e+01 9.539457e+01 1.360243e+02 1.491090e+02 1.412205e+02 5.100155e+01 4.606962e-01 9.248419e-01 1.099379e+00 1.732265e+00 1.958958e+00 2.121633e+00 2.358620e+00 2.322794e+00 2.357027e+00 2.304450e+00 2.405938e+00 2.479957e+00 3.268805e-01 7.570545e-02 1.455416e-01 1.888766e-01 2.811978e-01 3.714332e-01 4.685350e-01 4.510568e-01 4.593756e-01 4.343067e-01 4.393597e-01 4.584347e-01 4.191734e-01 5.425306e-02
<GCONST> 1.160173e+02
<MIXTURE> 4 2.286004e-01
<MEAN> 39
 2.368085e-01 -2.917500e+00 -4.217572e+00 -4.024610e+00 -9.837991e-01 2.267517e+00 5.487128e+00 4.116690e+00 4.316585e+00 2.611098e+00 1.301027e+00 -9.078438e-01 7.986766e+00 -4.325045e-01 -5.889955e-01 -9.145782e-01 -3.740320e-01 6.241117e-01 6.538097e-01 -9.120218e-02 -5.375596e-01 8.191369e-01 1.400330e+00 1.622527e+00 6.346918e-01 2.285615e+00 -2.051817e-01 3.382764e-01 5.095149e-01 5.497183e-01 3.161860e-01 -2.735656e-01 -5.295017e-01 -3.496902e-01 -3.426116e-01 3.029325e-02 -1.722925e-02 3.011533e-03 -7.516935e-01
<VARIANCE> 39
 2.909911e+01 5.921539e+01 4.566531e+01 9.380154e+01 6.430283e+01 8.048325e+01 8.165351e+01 1.130336e+02 1.325242e+02 1.382824e+02 1.256244e+02 1.413398e+02 3.523843e+01 2.819580e+00 3.549838e+00 3.950278e+00 6.446199e+00 5.900386e+00 6.577177e+00 6.865482e+00 8.208663e+00 1.047123e+01 1.178271e+01 1.070644e+01 1.274438e+01 5.617177e+00 4.003324e-01 6.084978e-01 6.546425e-01 1.012108e+00 9.081937e-01 1.120194e+00 1.182548e+00 1.405614e+00 1.626719e+00 1.830732e+00 1.720063e+00 1.710936e+00 5.831789e-01
<GCONST> 1.533572e+02
<STATE> 3
<NUMMIXES> 4
<MIXTURE> 1 1.655249e-01
<MEAN> 39
 -3.603846e+00 7.245862e+00 -5.856261e+00 -9.658749e+00 7.779346e+00 -7.237059e+00 3.840536e+00 -5.686454e-01 3.390909e+00 1.416664e+01 1.580692e+01 9.910289e+00 7.490408e+00 6.776200e-02 -2.757374e-02 1.937703e-01 2.967251e-02 5.812584e-02 7.967641e-02 2.810339e-02 -5.960115e-02 5.513672e-02 -2.206996e-01 -5.577760e-02 -1.729448e-01 -4.059028e-02 7.312379e-02 -1.147309e-01 1.097610e-01 2.361121e-02 -1.676079e-01 1.728819e-01 -5.099893e-02 4.219070e-02 1.103187e-02 -1.995845e-01 -1.090661e-01 -1.370568e-01 -3.028346e-02
<VARIANCE> 39
 1.517918e+01 2.943706e+01 2.553192e+01 3.281302e+01 4.319622e+01 4.765658e+01 4.341264e+01 5.624624e+01 1.017453e+02 1.149311e+02 9.071783e+01 1.244579e+02 1.760471e+01 3.416961e-01 1.145907e+00 1.158219e+00 1.251371e+00 1.725337e+00 2.411467e+00 2.145072e+00 2.315848e+00 3.039577e+00 2.765669e+00 2.725378e+00 4.161156e+00 2.396236e-01 6.031245e-02 1.431295e-01 1.735269e-01 2.253930e-01 2.870561e-01 3.313305e-01 3.300855e-01 3.685797e-01 4.888465e-01 4.309128e-01 4.485937e-01 5.484074e-01 2.795043e-02
<GCONST> 1.081079e+02
<MIXTURE> 2 2.218108e-01
<MEAN> 39
 -3.815655e+00 1.183868e+00 9.921120e-01 -3.306159e-01 1.393188e+00 2.411175e-01 6.863247e-01 1.121732e+00 -2.694139e+00 -3.289411e+00 -3.690203e+00 -2.313167e+00 -2.259297e+00 8.726567e-01 7.480660e-01 3.495491e-02 -6.259468e-01 -4.822278e-01 -6.187637e-01 -3.179863e-01 -3.893151e-01 3.262541e-02 -3.204460e-01 -2.056115e-02 1.614920e-01 5.931807e-01 4.172579e-01 -3.133135e-02 -1.346231e-01 -1.952190e-01 -2.575257e-01 -9.581728e-02 -1.710261e-01 -2.256201e-01 4.595996e-02 7.328431e-02 2.273145e-01 2.027873e-01 2.164494e-01
<VARIANCE> 39
 3.954894e+01 3.810944e+01 3.406242e+01 5.040723e+01 4.578390e+01 4.929961e+01 5.474039e+01 6.410728e+01 5.602060e+01 5.179653e+01 5.241763e+01 4.534212e+01 3.796699e+01 3.268943e+00 2.485147e+00 2.210737e+00 3.850398e+00 3.397744e+00 4.103126e+00 4.480620e+00 5.176420e+00 4.874244e+00 4.632134e+00 5.337747e+00 4.163653e+00 3.211948e+00 3.405182e-01 3.444668e-01 4.321961e-01 6.004645e-01 5.738965e-01 7.629452e-01 8.338233e-01 9.511704e-01 1.016531e+00 9.890985e-01 1.085893e+00 9.336373e-01 3.759490e-01
<GCONST> 1.336031e+02
<MIXTURE> 3 2.861507e-01
<MEAN> 39
 -5.178527e+00 -7.214578e+00 1.022854e+00 7.569547e+00 2.266535e+00 5.564232e+00 -1.939665e+00 -7.912678e-01 5.590985e+00 8.890155e+00 1.227984e+01 8.507763e+00 1.321106e+01 3.800048e-02 7.687934e-02 1.127940e-01 -1.486361e-02 3.696106e-02 8.777412e-02 5.124791e-02 5.231377e-02 5.110521e-03 -5.046545e-02 -7.883405e-03 -1.203974e-02 -5.267785e-02 7.644322e-02 4.368167e-02 -9.985913e-02 -1.569555e-01 -3.421098e-02 6.585876e-03 6.073999e-02 1.226230e-02 -4.729291e-02 -3.645740e-02 -6.137464e-02 -1.283513e-01 -5.897076e-02
<VARIANCE> 39
 1.998967e+01 1.725160e+01 3.124593e+01 6.220901e+01 5.653880e+01 4.719120e+01 5.179588e+01 6.121808e+01 6.672477e+01 9.653045e+01 1.066505e+02 1.211011e+02 1.959623e+01 3.950689e-01 6.837758e-01 1.041030e+00 1.646219e+00 1.642647e+00 1.668804e+00 1.885760e+00 1.806646e+00 2.147592e+00 2.237718e+00 2.547116e+00 3.245332e+00 1.582267e-01 6.837960e-02 1.140813e-01 1.665396e-01 2.222104e-01 2.750449e-01 2.992806e-01 3.261961e-01 3.085642e-01 3.474488e-01 3.766538e-01 4.534795e-01 5.291054e-01 2.945954e-02
<GCONST> 1.056288e+02
<MIXTURE> 4 3.265136e-01
<MEAN> 39
 -1.863265e+00 -4.486565e+00 -2.083997e+00 -7.262371e-01 2.419637e+00 4.906229e+00 4.932753e-01 -1.217316e+00 2.746302e+00 7.985745e+00 1.123829e+01 6.751905e+00 9.738539e+00 -5.834337e-02 1.911912e-01 1.502873e-01 -5.155516e-03 1.757604e-01 -1.803501e-01 -1.419296e-01 -1.847508e-01 -1.165615e-01 -4.068565e-02 -1.836085e-01 -1.306736e-02 -1.364138e-01 8.858075e-02 1.807883e-01 1.466409e-01 9.601458e-02 -1.602503e-01 -3.345711e-01 3.064522e-02 1.774933e-01 -9.115390e-03 -2.354426e-01 -3.580561e-01 -2.150526e-01 -3.093264e-01
<VARIANCE> 39
 2.323210e+01 3.561195e+01 3.104112e+01 8.590451e+01 8.606107e+01 7.803232e+01 7.127370e+01 8.623505e+01 1.355073e+02 1.405069e+02 1.295459e+02 1.690943e+02 3.224784e+01 1.569350e+00 2.017724e+00 2.217648e+00 4.944426e+00 5.678033e+00 5.615211e+00 5.398911e+00 5.496875e+00 6.830757e+00 7.087023e+00 7.553254e+00 8.158483e+00 1.977280e+00 2.008490e-01 2.629834e-01 3.724713e-01 5.865909e-01 8.798454e-01 9.439385e-01 8.730226e-01 9.539192e-01 1.179148e+00 1.102156e+00 1.162297e+00 1.274451e+00 2.667942e-01
<GCONST> 1.407274e+02
<STATE> 4
<NUMMIXES> 4
<MIXTURE> 1 2.561715e-01
<MEAN> 39
 -6.596722e+00 1.860603e+00 -1.492945e+00 -3.942806e+00 8.255435e+00 -1.761901e+00 2.853803e+00 5.977588e+00 1.517583e+01 2.250965e+01 1.492304e+01 -8.194581e+00 1.019351e+01 2.888418e-04 -2.725926e-02 -4.651426e-03 4.987839e-02 -1.129758e-01 2.266416e-02 3.544143e-02 6.974853e-03 7.265878e-02 1.640543e-02 -5.378853e-02 -1.296860e-01 -7.483084e-02 2.416292e-02 -4.412006e-02 -2.064618e-02 -6.031613e-02 -7.963753e-02 5.493226e-02 -2.450972e-02 3.783468e-03 1.214663e-02 -6.938916e-02 -3.352458e-02 3.162221e-02 -1.504229e-02
<VARIANCE> 39
 1.174486e+01 5.253304e+01 3.592694e+01 6.636070e+01 6.240287e+01 6.539651e+01 4.796761e+01 5.081651e+01 5.989506e+01 5.909517e+01 8.527927e+01 1.518677e+02 1.683546e+01 2.951371e-01 5.568913e-01 7.876506e-01 1.015386e+00 9.714957e-01 1.219110e+00 1.290519e+00 1.302835e+00 1.514832e+00 1.879833e+00 1.934535e+00 2.872920e+00 9.496487e-02 5.061060e-02 9.304100e-02 1.455800e-01 1.704601e-01 1.708638e-01 1.877809e-01 2.224931e-01 2.120589e-01 2.660867e-01 3.461356e-01 3.118218e-01 4.160993e-01 1.461120e-02
<GCONST> 9.732204e+01
<MIXTURE> 2 2.364228e-01
<MEAN> 39
 1.426842e+00 2.779856e+00 -3.630463e-01 -4.913364e+00 -1.362085e+00 -3.036419e+00 1.223886e-01 1.635416e-01 -3.574006e-01 -3.241231e-01 1.364941e+00 2.161825e+00 1.595083e+00 1.247362e+00 4.025189e-01 -2.776809e-01 -9.839727e-01 -8.917461e-01 -6.951377e-01 -3.767552e-01 -5.252677e-01 -1.066803e-01 -6.151168e-01 -3.311689e-01 7.759522e-02 5.143262e-01 -2.760474e-01 -3.323477e-01 -5.654809e-02 3.007108e-01 2.403687e-01 3.534586e-01 5.383563e-02 6.799269e-02 1.410582e-01 1.968336e-01 -1.734837e-02 -2.962636e-01 2.699383e-02
<VARIANCE> 39
 2.757425e+01 4.774659e+01 3.477973e+01 6.109285e+01 5.106615e+01 7.025902e+01 6.626837e+01 7.684999e+01 8.537479e+01 1.014063e+02 1.078573e+02 9.192062e+01 4.597959e+01 3.515928e+00 3.176906e+00 3.694388e+00 5.178659e+00 4.529804e+00 6.669294e+00 6.159937e+00 7.600134e+00 9.780354e+00 9.378465e+00 1.042387e+01 1.010574e+01 6.687656e+00 3.251145e-01 4.512016e-01 4.656118e-01 6.826984e-01 6.438000e-01 8.771335e-01 9.425573e-01 9.720380e-01 1.135763e+00 9.743310e-01 1.039130e+00 1.173961e+00 5.333444e-01
<GCONST> 1.449807e+02
<MIXTURE> 3 2.235188e-01
<MEAN> 39
 -1.280875e+00 -1.594170e-01 -3.237355e-01 -3.088176e-01 1.588250e+00 -2.809689e-03 -1.454107e+00 -2.370407e+00 -2.605051e+00 -2.106769e+00 9.634832e-01 3.595611e+00 3.142817e+00 1.157472e-01 9.698438e-02 2.372265e-01 1.247413e-01 -6.229313e-03 7.998972e-02 1.054974e-01 1.493227e-01 -1.908294e-01 -3.676612e-01 -1.813552e-01 -2.024003e-01 -9.213844e-02 8.996081e-02 -4.978860e-02 -7.249893e-02 -9.975997e-02 -1.604506e-01 -7.796064e-02 -1.722733e-02 8.723826e-03 4.197220e-02 3.846696e-02 2.086072e-02 -6.397192e-02 -6.826640e-02
<VARIANCE> 39
 3.582468e+01 4.560459e+01 3.142167e+01 7.612343e+01 5.357122e+01 6.538570e+01 6.404814e+01 7.329695e+01 6.251254e+01 7.639875e+01 1.022218e+02 1.130844e+02 6.813430e+01 5.535812e-01 8.182859e-01 1.006555e+00 1.602048e+00 1.920962e+00 2.321146e+00 2.657339e+00 2.602047e+00 2.676358e+00 2.660251e+00 2.761626e+00 2.495855e+00 3.939031e-01 9.426652e-02 1.309823e-01 1.741222e-01 2.651395e-01 3.207194e-01 4.121300e-01 4.363252e-01 4.624228e-01 4.671142e-01 4.684320e-01 4.692901e-01 4.556004e-01 6.769920e-02
<GCONST> 1.147464e+02
<MIXTURE> 4 2.838869e-01
<MEAN> 39
 -5.623392e+00 -2.390485e+00 -5.875985e-01 -3.368794e-01 3.583311e+00 3.106997e+00 2.903905e+00 7.201307e+00 1.891745e+01 1.885948e+01 6.216182e+00 -1.490155e+01 9.643476e+00 1.636874e-01 6.166971e-02 1.001406e-01 -3.653656e-02 -1.953203e-03 -4.736856e-02 1.820399e-02 1.861458e-01 1.975655e-01 -1.061659e-01 -2.639560e-01 -3.202510e-01 -1.463284e-01 1.145328e-01 1.605541e-02 1.676289e-02 -2.914761e-02 -1.217508e-01 -9.702209e-02 3.340971e-02 -6.607833e-02 -2.658090e-01 -2.457650e-01 1.175832e-02 3.984428e-01 -9.536723e-02
<VARIANCE> 39
 1.835251e+01 4.642801e+01 3.643418e+01 8.524238e+01 7.449343e+01 5.367667e+01 6.207046e+01 7.398617e+01 5.995132e+01 8.473963e+01 1.764367e+02 1.065591e+02 2.533115e+01 9.212080e-01 1.406237e+00 1.747095e+00 2.506252e+00 3.728586e+00 3.229422e+00 3.550711e+00 4.226193e+00 4.469502e+00 5.543150e+00 6.925529e+00 8.118765e+00 5.315323e-01 1.522593e-01 2.141469e-01 2.850966e-01 3.851730e-01 5.484276e-01 4.764703e-01 5.930474e-01 6.752687e-01 7.892895e-01 8.931994e-01 9.686406e-01 1.032871e+00 8.877838e-02
<GCONST> 1.276781e+02
<STATE> 5
<NUMMIXES> 4
<MIXTURE> 1 2.188458e-01
<MEAN> 39
 -3.821605e-01 6.918088e-01 -2.310359e+00 -4.696127e+00 -9.904119e-01 -3.774752e+00 1.485388e+00 3.948892e+00 1.217527e+01 1.650606e+01 1.372101e+01 2.466411e-01 3.812845e+00 4.521309e-01 4.486359e-02 3.175012e-01 -3.966349e-02 -6.928550e-01 -4.419135e-01 -2.777187e-01 -1.858226e-01 -5.480645e-01 -7.319760e-01 -2.641187e-01 5.281932e-01 -8.102998e-01 -8.063305e-02 -7.649568e-02 -2.014546e-02 1.077140e-01 1.394441e-01 2.295005e-01 2.134001e-02 -2.004071e-02 -1.626144e-01 -1.346776e-01 -2.607532e-01 -1.933463e-01 3.096390e-02
<VARIANCE> 39
 2.232211e+01 4.242820e+01 3.715537e+01 6.344531e+01 6.174775e+01 5.998710e+01 6.000040e+01 6.935065e+01 8.787965e+01 7.081801e+01 9.972381e+01 1.925168e+02 2.730334e+01 1.052909e+00 1.715986e+00 1.919923e+00 2.718281e+00 3.618343e+00 4.377112e+00 3.886252e+00 3.825568e+00 4.383561e+00 4.955731e+00 4.627697e+00 5.979296e+00 1.033527e+00 1.492485e-01 2.475104e-01 3.353140e-01 4.645221e-01 5.965048e-01 7.380279e-01 6.896287e-01 6.836748e-01 7.386262e-01 7.539349e-01 7.659205e-01 9.891806e-01 1.413295e-01
<GCONST> 1.293396e+02
<MIXTURE> 2 2.904935e-01
<MEAN> 39
 3.319788e+00 3.430744e+00 -8.314903e-01 -4.821731e+00 -1.888948e+00 -4.280892e+00 -1.374272e+00 -4.942091e+00 -6.060070e+00 -7.066889e+00 -6.031952e+00 -1.946872e+00 8.265071e-01 3.111189e-01 -1.732807e-01 1.600349e-02 9.226748e-02 -1.609265e-01 5.752971e-02 -1.932118e-01 -2.275133e-01 -4.428846e-01 -4.261664e-01 -4.114123e-01 -3.361482e-01 -7.674421e-02 -3.186802e-01 -2.347745e-01 -8.009499e-03 2.497083e-01 2.828389e-01 3.681727e-01 1.447356e-01 3.230761e-01 2.994820e-01 3.874557e-01 4.247811e-01 2.029464e-01 4.694938e-03
<VARIANCE> 39
 3.420800e+01 4.589357e+01 4.445038e+01 5.992531e+01 5.043778e+01 5.493587e+01 6.438045e+01 6.320739e+01 4.587447e+01 5.333035e+01 5.610105e+01 6.134124e+01 4.682025e+01 1.512826e+00 1.875219e+00 2.189026e+00 3.043430e+00 2.732675e+00 3.698867e+00 4.029788e+00 3.935140e+00 3.772900e+00 3.476836e+00 4.200334e+00 4.247951e+00 2.833519e+00 3.091689e-01 3.499909e-01 3.617273e-01 4.746430e-01 5.127903e-01 7.109946e-01 7.707859e-01 7.265710e-01 7.069842e-01 6.511562e-01 6.867629e-01 6.398718e-01 2.881224e-01
<GCONST> 1.290503e+02
<MIXTURE> 3 3.112629e-01
<MEAN> 39
 -1.975836e+00 -1.376563e+00 -2.386244e+00 2.674112e-02 5.116738e+00 1.741767e+00 -1.705882e+00 -1.228269e+00 -6.184692e-01 2.311950e+00 8.842476e+00 8.640053e+00 9.102340e+00 6.322060e-02 -1.252964e-01 -6.465571e-02 -5.915133e-02 -3.394795e-01 -1.686292e-01 -8.732454e-02 -9.817314e-02 -3.074552e-02 -8.127824e-02 3.348131e-03 1.250446e-01 -1.572864e-01 1.598612e-02 -3.505006e-02 -4.868032e-02 -7.482816e-02 -1.680384e-01 -9.782960e-02 -1.956289e-02 -1.532080e-02 4.777118e-02 8.195277e-02 -3.507961e-02 -6.089861e-02 -6.635052e-02
<VARIANCE> 39
 2.010869e+01 4.126138e+01 3.724986e+01 1.043008e+02 7.505822e+01 6.460159e+01 7.009735e+01 6.407735e+01 7.685925e+01 1.090908e+02 1.277885e+02 1.188126e+02 4.255680e+01 3.408615e-01 7.070073e-01 9.143357e-01 1.301417e+00 1.745313e+00 2.161601e+00 1.897619e+00 1.973280e+00 2.050524e+00 2.258645e+00 2.211422e+00 2.191642e+00 1.951199e-01 5.595557e-02 9.650976e-02 1.503664e-01 2.118978e-01 2.903862e-01 3.410968e-01 3.565036e-01 3.457800e-01 3.747821e-01 3.828329e-01 3.905542e-01 3.629797e-01 2.519588e-02
<GCONST> 1.081992e+02
<MIXTURE> 4 1.793978e-01
<MEAN> 39
 7.797471e-01 -1.764923e+00 -2.417647e+00 -3.703744e+00 -9.595845e-01 3.405660e+00 5.820190e+00 7.346438e+00 7.216066e+00 1.489273e+00 -1.622841e+00 -3.631929e+00 5.895843e+00 4.248413e-01 -6.933843e-01 -5.169295e-01 -1.784432e-01 -1.451052e-01 6.173838e-01 1.182466e-01 3.262819e-01 9.827909e-01 3.692204e-01 2.820001e-01 -1.008522e-01 1.109445e+00 -3.165622e-01 -1.659530e-02 1.547396e-01 3.874159e-01 2.498094e-01 -9.604792e-02 -3.235495e-01 -2.562214e-01 -1.831225e-01 1.830683e-01 9.063399e-02 -3.841541e-02 -2.519386e-01
<VARIANCE> 39
 3.008167e+01 4.606826e+01 3.125185e+01 7.839330e+01 6.080712e+01 7.193535e+01 9.713457e+01 1.435408e+02 1.289118e+02 1.733036e+02 2.267653e+02 2.003651e+02 3.989675e+01 2.208436e+00 2.954518e+00 3.177976e+00 5.305151e+00 5.025794e+00 6.766690e+00 6.584051e+00 9.455616e+00 1.353298e+01 1.288565e+01 1.579966e+01 1.688631e+01 4.609272e+00 4.255643e-01 4.534572e-01 5.067652e-01 8.920706e-01 7.840417e-01 9.648584e-01 1.047606e+00 1.325474e+00 1.723212e+00 1.593398e+00 2.043539e+00 1.858822e+00 5.159610e-01
<GCONST> 1.529931e+02
<TRANSP> 6
 0.000000e+00 1.000000e+00 0.000000e+00 0.000000e+00 0.000000e+00 0.000000e+00
 0.000000e+00 5.141701e-01 4.858299e-01 0.000000e+00 0.000000e+00 0.000000e+00
 0.000000e+00 0.000000e+00 6.889465e-01 3.110535e-01 0.000000e+00 0.000000e+00
 0.000000e+00 0.000000e+00 0.000000e+00 6.229802e-01 3.770198e-01 0.000000e+00
 0.000000e+00 0.000000e+00 0.000000e+00 0.000000e+00 5.316420e-01 4.683580e-01
 0.000000e+00 0.000000e+00 0.000000e+00 0.000000e+00 0.000000e+00 0.000000e+00
<ENDHMM>
