~o
<STREAMINFO> 1 39
<VECSIZE> 39<NULLD><MFCC_D_A_Z_0><DIAGC>
~h "n"
<BEGINHMM>
<NUMSTATES> 6
<STATE> 2
<NUMMIXES> 4
<MIXTURE> 1 2.319572e-01
<MEAN> 39
 3.778508e+00 -3.919810e-01 -1.579351e+00 -1.787360e+00 -4.903319e+00 -2.784745e+00 -3.157728e+00 -5.451347e+00 -1.650636e+00 2.480980e+00 8.390707e+00 1.259968e+01 4.136789e+00 3.406139e-01 6.651981e-01 4.236948e-01 -4.307556e-02 -3.539619e-01 -8.522443e-01 -2.731870e-02 -5.571200e-01 -5.202081e-01 -1.709841e-01 -8.405030e-01 -3.779078e-01 -8.363918e-01 -1.032204e-01 -1.395149e-02 3.721433e-02 2.640722e-02 1.431051e-01 1.060101e-01 3.868583e-02 1.075133e-01 -4.142472e-02 -1.359272e-01 -2.184364e-01 -3.250429e-01 -1.397751e-02
<VARIANCE> 39
 1.798502e+01 4.067068e+01 3.252217e+01 7.283766e+01 5.600509e+01 6.862240e+01 6.218947e+01 6.130972e+01 7.402414e+01 9.160874e+01 7.352875e+01 7.877569e+01 2.544579e+01 7.989213e-01 1.468794e+00 1.706856e+00 2.628237e+00 2.843512e+00 4.136105e+00 3.832751e+00 3.678116e+00 4.244296e+00 4.798341e+00 4.804718e+00 4.906046e+00 9.987910e-01 1.214625e-01 1.998692e-01 2.889579e-01 3.883815e-01 4.772994e-01 6.740988e-01 6.414293e-01 6.493220e-01 6.648934e-01 6.757631e-01 7.006673e-01 7.541417e-01 1.089423e-01
<GCONST> 1.246395e+02
<MIXTURE> 2 3.801150e-01
<MEAN> 39
 6.115933e+00 5.653389e+00 -2.654586e-01 -4.753282e+00 -2.424370e+00 -6.070612e+00 -1.340614e+00 -4.969544e+00 -7.426883e+00 -8.546274e+00 -8.427018e+00 -4.733156e+00 7.792541e-01 1.239746e-01 2.500007e-01 1.675039e-01 1.211185e-01 -7.311251e-02 -2.530855e-01 4.762333e-02 -2.905869e-01 -1.404012e-01 6.087848e-02 -1.558932e-01 -1.237229e-02 -3.250664e-01 -5.434260e-02 -8.595357e-02 -2.482367e-03 3.018844e-02 -7.909925e-03 1.336902e-01 -5.519190e-03 4.905492e-02 8.124547e-02 4.550992e-02 1.382114e-01 1.079848e-01 4.524975e-02
<VARIANCE> 39
 2.356615e+01 4.263587e+01 3.888258e+01 5.855842e+01 4.993644e+01 5.230526e+01 6.054040e+01 7.103521e+01 5.686680e+01 5.480483e+01 4.436090e+01 6.409060e+01 2.429824e+01 4.287781e-01 9.266382e-01 1.176435e+00 1.668931e+00 1.919315e+00 2.413496e+00 2.727481e+00 2.873809e+00 2.583908e+00 2.514684e+00 2.505962e+00 2.383038e+00 4.407884e-01 7.339331e-02 1.355784e-01 1.962154e-01 2.796446e-01 3.570125e-01 4.343957e-01 4.874281e-01 5.219526e-01 4.816729e-01 4.679974e-01 4.449470e-01 4.026504e-01 5.827536e-02
<GCONST> 1.111279e+02
<MIXTURE> 3 1.542200e-01
<MEAN> 39
 8.490129e-01 -1.534309e+00 -1.599273e+00 8.763810e-02 -1.715129e+00 3.336756e+00 8.896729e+00 1.552848e+01 1.334156e+01 3.862296e+00 -1.218411e+01 -1.554028e+01 3.764754e+00 2.917864e-02 1.626073e-01 1.030588e-01 2.571616e-02 -9.358107e-02 -3.584401e-01 -7.830144e-02 -4.680170e-01 -6.291941e-01 -8.020282e-02 2.035940e-01 6.112787e-01 -3.957662e-01 -6.021012e-02 -2.097632e-02 1.078938e-02 -3.270381e-03 4.161506e-02 3.060570e-02 -1.452349e-01 -2.734551e-01 -2.749830e-01 -1.846492e-01 6.846885e-02 2.422953e-01 -3.363213e-03
<VARIANCE> 39
 2.374379e+01 3.707067e+01 3.077904e+01 8.367249e+01 6.048362e+01 7.610998e+01 1.048900e+02 1.104303e+02 1.389799e+02 2.842237e+02 3.247492e+02 1.854221e+02 4.112764e+01 9.578265e-01 1.291869e+00 1.541650e+00 2.455797e+00 2.641570e+00 3.371351e+00 4.351480e+00 5.810751e+00 6.988495e+00 7.206316e+00 8.327384e+00 9.416460e+00 1.334156e+00 1.636762e-01 2.218818e-01 2.875417e-01 4.092656e-01 4.735534e-01 5.663220e-01 7.320632e-01 9.051179e-01 1.017536e+00 1.107481e+00 1.289167e+00 1.319504e+00 1.709942e-01
<GCONST> 1.366418e+02
<MIXTURE> 4 2.337079e-01
<MEAN> 39
 4.300011e+00 3.404159e+00 2.770942e-01 -3.369470e+00 -3.019452e+00 -3.386682e+00 -9.802658e-01 -4.049850e+00 -6.402984e+00 -7.579203e+00 -6.311512e+00 -3.343097e+00 9.333286e-01 1.663583e-01 3.487276e-01 -3.508813e-02 -2.536573e-01 -1.295382e-01 -2.831491e-01 1.271862e-01 -2.608916e-01 -9.779458e-02 -4.755697e-02 -2.299841e-01 -4.503992e-02 2.278849e-01 -8.682288e-02 -5.004976e-02 -3.692249e-02 8.490235e-02 1.260383e-01 3.694106e-02 4.147141e-02 6.058576e-02 1.469170e-01 1.872054e-01 9.374219e-02 7.470616e-02 2.854479e-03
<VARIANCE> 39
 3.253661e+01 5.160308e+01 4.097035e+01 6.855667e+01 5.036802e+01 6.054804e+01 6.517379e+01 6.815897e+01 6.091870e+01 6.422971e+01 5.602882e+01 6.589281e+01 5.258933e+01 2.740590e+00 3.311078e+00 3.650903e+00 5.101332e+00 4.544271e+00 5.817035e+00 5.574245e+00 6.438712e+00 5.757846e+00 5.279438e+00 5.467624e+00 5.059915e+00 4.380472e+00 4.273406e-01 4.675042e-01 5.615073e-01 8.416466e-01 8.065379e-01 9.645600e-01 9.960067e-01 1.091999e+00 1.006785e+00 9.243511e-01 9.274982e-01 8.646332e-01 5.259019e-01
<GCONST> 1.406482e+02
<STATE> 3
<NUMMIXES> 4
<MIXTURE> 1 2.260447e-01
<MEAN> 39
 4.404595e+00 4.070638e+00 -9.441674e-01 -3.471916e+00 -4.553905e+00 -7.268397e+00 -1.613519e+00 -7.818997e+00 -2.739117e+00 4.947269e+00 8.707950e+00 1.650653e+01 8.192006e-01 4.029987e-02 4.994288e-02 3.199508e-02 -1.509109e-03 -6.308901e-02 -3.722506e-02 6.436029e-03 -3.044110e-02 1.301501e-02 4.543643e-02 1.452623e-02 -3.566420e-03 -1.107595e-01 -1.670078e-02 -4.310306e-02 -2.163995e-02 -4.328048e-02 -9.184605e-03 4.096752e-02 -2.156905e-02 6.905138e-02 -3.730111e-03 -9.311645e-02 -7.091682e-02 -1.285776e-01 1.440368e-02
<VARIANCE> 39
 1.575824e+01 4.673967e+01 3.039643e+01 4.815094e+01 4.782448e+01 6.571667e+01 6.398249e+01 6.373996e+01 7.134138e+01 8.011145e+01 5.752512e+01 5.988384e+01 2.580372e+01 1.847589e-01 4.423279e-01 6.409063e-01 9.448390e-01 1.060686e+00 1.278365e+00 1.393049e+00 1.620247e+00 1.650592e+00 1.819849e+00 1.876597e+00 1.739146e+00 1.128057e-01 3.448208e-02 8.039084e-02 1.214418e-01 1.741002e-01 1.987652e-01 2.481046e-01 2.688310e-01 3.096743e-01 3.019903e-01 3.205427e-01 3.311258e-01 3.192982e-01 1.826274e-02
<GCONST> 9.636847e+01
<MIXTURE> 2 2.889305e-01
<MEAN> 39
 5.977520e+00 1.034484e+01 -3.252045e+00 -7.133317e+00 -1.476850e+00 -1.043592e+01 5.299900e+00 -5.764727e+00 -5.925145e+00 -7.891016e+00 -9.924365e+00 -5.023508e+00 9.948154e-01 4.052468e-02 1.042203e-02 3.032480e-02 2.905493e-02 -4.247994e-02 -2.738873e-02 1.429234e-03 -2.347649e-02 1.982611e-02 -8.797144e-03 7.372145e-04 2.015703e-02 -7.279954e-02 -5.085439e-04 -3.602704e-02 2.436635e-02 1.356338e-03 -2.198319e-02 3.597788e-02 -6.486727e-02 1.774747e-02 -2.368551e-03 -4.065217e-03 2.197544e-02 5.001090e-03 -2.746660e-04
<VARIANCE> 39
 1.597040e+01 3.000610e+01 3.218583e+01 3.458522e+01 5.555949e+01 4.278915e+01 5.084450e+01 6.263837e+01 5.168845e+01 5.344775e+01 4.073000e+01 6.580663e+01 1.228348e+01 1.099162e-01 2.816291e-01 4.278092e-01 6.036227e-01 7.810962e-01 9.437693e-01 1.128576e+00 1.198832e+00 1.063647e+00 1.053931e+00 1.055538e+00 1.016539e+00 6.388707e-02 1.909515e-02 4.658812e-02 7.768090e-02 1.134493e-01 1.425291e-01 1.710881e-01 2.033596e-01 2.247960e-01 1.996323e-01 1.954579e-01 1.926540e-01 1.858404e-01 1.000000e-02
<GCONST> 8.189841e+01
<MIXTURE> 3 2.766535e-01
<MEAN> 39
 7.200283e+00 -1.413936e+00 -5.708229e-01 2.083459e+00 -6.604084e+00 -9.791588e-01 -2.673410e+00 -9.221704e+00 -8.553047e+00 -7.968883e+00 -8.073363e+00 -4.017932e+00 2.313483e+00 3.064513e-02 8.380852e-02 4.261027e-02 1.261664e-03 -3.294377e-02 -7.419176e-02 -8.994278e-03 2.726722e-02 -5.743421e-02 2.385381e-02 -1.910336e-02 -9.705631e-03 -1.098531e-01 -4.323094e-03 4.604013e-02 3.955503e-03 -4.686855e-02 3.890195e-02 -4.016262e-02 1.376326e-02 4.970296e-02 3.717058e-02 -8.500139e-04 1.469657e-02 3.221455e-02 -1.421559e-02
<VARIANCE> 39
 1.555700e+01 2.341741e+01 2.766120e+01 5.310508e+01 4.223189e+01 4.637632e+01 7.526785e+01 6.583112e+01 6.151466e+01 5.356206e+01 5.244844e+01 6.519423e+01 1.656689e+01 1.673696e-01 4.407007e-01 5.978214e-01 9.638242e-01 1.076057e+00 1.399331e+00 1.519313e+00 1.690690e+00 1.602784e+00 1.557013e+00 1.517212e+00 1.424618e+00 1.185411e-01 2.799215e-02 6.919944e-02 1.083894e-01 1.543195e-01 1.902018e-01 2.501895e-01 2.764241e-01 3.050909e-01 2.938745e-01 2.840238e-01 2.872340e-01 2.488040e-01 1.573818e-02
<GCONST> 9.261855e+01
<MIXTURE> 4 2.083713e-01
<MEAN> 39
 4.566288e+00 3.363636e+00 1.784889e-02 -3.636173e+00 -4.027740e+00 -4.701386e+00 -9.657048e-01 -4.420534e+00 -3.482114e+00 -3.043235e+00 -2.736588e+00 2.293083e-01 2.466939e-01 -1.258860e-01 2.540826e-01 2.965428e-01 7.997029e-02 1.122545e-01 -1.292182e-01 -2.744292e-01 -1.914678e-01 -3.422737e-01 -1.875640e-01 -2.393135e-01 -1.465870e-01 -4.484279e-01 -2.094929e-01 -1.509759e-01 -7.308736e-02 5.917072e-02 1.718324e-01 2.565160e-01 4.049718e-02 1.437024e-01 1.104708e-01 3.925919e-02 1.332369e-01 1.806381e-02 1.181307e-01
<VARIANCE> 39
 2.861205e+01 4.340570e+01 3.169816e+01 5.919516e+01 5.432012e+01 6.983958e+01 7.543224e+01 1.026333e+02 1.126958e+02 1.264415e+02 1.159753e+02 1.409444e+02 3.490526e+01 1.325224e+00 2.000753e+00 2.220003e+00 3.078797e+00 2.980854e+00 3.997857e+00 4.323976e+00 4.607936e+00 5.299271e+00 4.713971e+00 5.274807e+00 5.228961e+00 2.468546e+00 2.498284e-01 2.822415e-01 3.449992e-01 4.859759e-01 5.769902e-01 7.534012e-01 7.707446e-01 8.276960e-01 8.807132e-01 8.264552e-01 8.773676e-01 8.353919e-01 2.348518e-01
<GCONST> 1.343616e+02
<STATE> 4
<NUMMIXES> 4
<MIXTURE> 1 1.277503e-01
<MEAN> 39
 1.159097e+00 2.915383e-01 -8.032155e-01 -1.172793e-02 -1.873089e+00 -4.939026e-01 1.874646e+00 1.432264e+00 5.240191e+00 7.524236e+00 1.904010e+00 -3.130166e+00 2.678619e+00 -1.329259e-01 -7.176039e-02 -5.866610e-02 -2.859212e-01 9.089984e-02 1.319063e-01 -2.047969e-01 1.084939e-01 1.444326e-01 -3.448375e-01 1.314035e-01 1.758741e-01 -1.162673e-01 -9.473020e-03 -6.042785e-02 -1.502353e-02 -9.182653e-02 -1.529721e-02 2.117043e-02 -8.563807e-02 5.121297e-02 -3.275411e-02 -1.805535e-01 2.633925e-03 6.817109e-02 3.131408e-04
<VARIANCE> 39
 2.453368e+01 5.022542e+01 3.898149e+01 8.384824e+01 6.450433e+01 7.002763e+01 7.774030e+01 1.145225e+02 1.373240e+02 1.946592e+02 1.658261e+02 2.206873e+02 5.504005e+01 4.578879e-01 7.224633e-01 1.055752e+00 1.549763e+00 1.673975e+00 2.074761e+00 2.420523e+00 2.912593e+00 2.988841e+00 3.233088e+00 3.386426e+00 3.954911e+00 3.062422e-01 6.803598e-02 1.214446e-01 1.782143e-01 2.606365e-01 3.128298e-01 3.561022e-01 4.370075e-01 4.966277e-01 5.350206e-01 5.278216e-01 5.442048e-01 5.263884e-01 4.856953e-02
<GCONST> 1.182417e+02
<MIXTURE> 2 3.365566e-01
<MEAN> 39
 7.634727e+00 9.709213e+00 3.297025e+00 -2.783851e+00 -2.785556e+00 -9.388315e+00 -2.923945e+00 -6.287888e+00 -7.778263e+00 -8.916176e+00 -1.281248e+01 -7.646307e+00 -5.236384e+00 -1.885520e-02 2.168789e-02 1.057860e-01 7.722446e-02 -3.140581e-02 -4.260568e-02 -8.523826e-02 -4.143130e-02 -5.042345e-02 2.572840e-02 -5.818550e-03 1.342562e-02 -1.451744e-01 -2.381458e-02 -3.341091e-02 6.692250e-03 3.264465e-02 9.187653e-03 4.879568e-02 -1.075166e-02 1.057015e-02 -8.982449e-03 2.602120e-02 9.753870e-02 4.869810e-02 6.894165e-03
<VARIANCE> 39
 1.339794e+01 3.123980e+01 2.818674e+01 3.752912e+01 4.832945e+01 5.035013e+01 5.710984e+01 5.708183e+01 5.487179e+01 4.262502e+01 3.655350e+01 4.484435e+01 1.652798e+01 1.517782e-01 3.900180e-01 6.481068e-01 8.614025e-01 1.115730e+00 1.252666e+00 1.504784e+00 1.597367e+00 1.727770e+00 1.590137e+00 1.634684e+00 1.597761e+00 1.074957e-01 2.686221e-02 7.006493e-02 1.230742e-01 1.628714e-01 2.171274e-01 2.415652e-01 2.877657e-01 3.102932e-01 3.378878e-01 3.058456e-01 3.094339e-01 3.015493e-01 1.462482e-02
<GCONST> 9.165589e+01
<MIXTURE> 3 3.415984e-01
<MEAN> 39
 3.746109e+00 3.067774e+00 4.598265e+00 9.572590e-01 -3.083926e+00 -4.247176e+00 -4.062667e+00 -4.757183e+00 -7.061358e+00 -4.593855e+00 -4.523635e+00 -9.058081e-01 -6.287586e+00 -9.690859e-02 1.046340e-02 5.841821e-02 5.828518e-02 8.879076e-02 3.161499e-02 2.486889e-02 7.074267e-02 2.999227e-03 1.094168e-03 -2.321795e-02 -3.087504e-02 -1.525144e-01 -1.469872e-02 -7.587573e-03 -4.306560e-02 -4.131612e-02 1.692986e-02 1.708707e-02 4.445595e-02 4.770399e-02 6.396318e-02 -4.526180e-03 -4.292196e-02 -2.871452e-02 2.494433e-02
<VARIANCE> 39
 1.474242e+01 1.420756e+01 1.634051e+01 2.497533e+01 2.507852e+01 3.445959e+01 3.904103e+01 3.881026e+01 3.911535e+01 4.439032e+01 3.430700e+01 4.377488e+01 1.789597e+01 2.748267e-01 5.080460e-01 7.652360e-01 1.109740e+00 1.369322e+00 1.694119e+00 1.995129e+00 2.139041e+00 2.102152e+00 2.150165e+00 2.129959e+00 2.019294e+00 1.752969e-01 4.734999e-02 9.223247e-02 1.461428e-01 2.137540e-01 2.569909e-01 3.262601e-01 3.891867e-01 4.179254e-01 4.113972e-01 3.990968e-01 3.906342e-01 3.690320e-01 2.595056e-02
<GCONST> 9.557341e+01
<MIXTURE> 4 1.940947e-01
<MEAN> 39
 4.605116e+00 3.947393e+00 1.851638e+00 -3.509313e+00 -4.597693e+00 -5.483584e+00 -2.512643e+00 -4.256798e+00 -3.856360e+00 -1.578809e+00 -1.345665e+00 2.093300e+00 -2.126955e+00 -1.017245e+00 -4.081118e-01 -1.053209e-02 2.154783e-01 5.513619e-01 1.013780e+00 7.647427e-02 4.104920e-01 -3.227036e-02 -2.430577e-01 7.476471e-05 -2.709061e-01 2.009075e-01 -3.980257e-01 -3.833234e-01 -3.046410e-01 -6.647117e-03 3.017861e-01 5.645453e-01 2.215558e-01 3.007209e-01 3.818744e-01 8.269216e-02 3.294919e-01 1.478245e-02 4.988257e-01
<VARIANCE> 39
 2.491342e+01 3.441865e+01 2.595918e+01 4.165009e+01 4.279823e+01 5.111542e+01 6.107524e+01 7.898441e+01 8.973758e+01 1.058752e+02 1.043994e+02 1.107019e+02 3.545345e+01 2.048185e+00 2.639840e+00 2.946227e+00 4.169672e+00 3.532682e+00 4.960858e+00 4.840786e+00 5.473125e+00 7.073555e+00 6.568078e+00 7.028949e+00 6.786921e+00 4.377282e+00 2.921943e-01 3.995486e-01 4.135369e-01 5.919034e-01 6.013438e-01 7.542953e-01 8.926539e-01 9.567254e-01 1.067107e+00 1.092402e+00 9.887806e-01 1.062620e+00 4.015733e-01
<GCONST> 1.379750e+02
<STATE> 5
<NUMMIXES> 4
<MIXTURE> 1 2.403703e-01
<MEAN> 39
 -4.582140e-02 -1.677196e+00 -1.126466e+00 -1.246148e+00 -3.514606e-02 1.415951e+00 -1.855095e+00 -2.630167e+00 -4.347454e-01 -1.047787e+00 2.583925e+00 3.495012e+00 7.016428e+00 -2.419548e-01 -1.964989e-01 -3.520079e-02 -5.369664e-02 2.248319e-01 1.504349e-01 -1.559653e-01 1.931891e-01 2.450937e-01 2.356926e-02 3.393529e-01 2.097631e-01 6.013021e-02 1.145013e-01 1.077792e-01 4.699610e-02 2.340478e-02 -1.398771e-01 -1.631376e-01 1.122539e-01 -3.155143e-02 -7.760478e-02 7.080963e-02 -1.469254e-01 -9.760821e-02 -1.372538e-01
<VARIANCE> 39
 2.419706e+01 4.726472e+01 2.995660e+01 8.894482e+01 5.823336e+01 6.386298e+01 7.893696e+01 9.500081e+01 1.039854e+02 1.391155e+02 1.288124e+02 1.614643e+02 3.743936e+01 5.530737e-01 1.089046e+00 1.228231e+00 2.158873e+00 2.398935e+00 2.564791e+00 2.830428e+00 2.712049e+00 2.950287e+00 3.156217e+00 3.399867e+00 3.365137e+00 4.515682e-01 7.958025e-02 1.435611e-01 1.972180e-01 3.189653e-01 3.943688e-01 4.548364e-01 4.904046e-01 5.190492e-01 5.112101e-01 5.348227e-01 5.508333e-01 5.248076e-01 7.038586e-02
<GCONST> 1.195761e+02
<MIXTURE> 2 2.673956e-01
<MEAN> 39
 5.645342e+00 7.505015e+00 2.561215e+00 -3.097556e+00 -3.396633e+00 -7.172726e+00 -4.208282e+00 -7.013430e+00 -8.800615e+00 -8.983285e+00 -8.966364e+00 -4.397259e+00 -4.473011e+00 -7.425662e-01 -2.190008e-01 2.143155e-01 5.250586e-01 4.323613e-01 4.467484e-01 -1.363665e-01 3.539136e-01 1.340033e-03 1.583354e-01 2.078842e-01 6.716352e-02 -5.011429e-01 -2.318643e-01 -2.768358e-01 -1.344689e-01 3.242363e-02 1.230578e-01 2.800442e-01 2.207192e-01 2.077933e-01 2.195304e-01 1.827186e-01 2.428091e-01 1.511560e-01 1.681188e-01
<VARIANCE> 39
 2.100828e+01 3.030076e+01 2.937927e+01 3.799467e+01 3.352122e+01 3.922520e+01 4.774022e+01 5.059556e+01 4.664999e+01 4.413647e+01 4.485303e+01 5.816375e+01 3.559858e+01 1.314844e+00 1.573734e+00 1.748664e+00 2.270193e+00 2.571896e+00 2.809499e+00 3.005189e+00 3.297731e+00 3.135327e+00 2.815018e+00 2.601969e+00 2.753669e+00 1.370226e+00 1.555538e-01 2.387410e-01 3.034359e-01 3.843238e-01 4.111017e-01 4.684637e-01 5.639403e-01 6.066516e-01 5.817581e-01 5.367502e-01 4.904810e-01 5.037674e-01 1.585279e-01
<GCONST> 1.174645e+02
<MIXTURE> 3 2.421720e-01
<MEAN> 39
 1.391296e+00 -1.221968e+00 -1.921697e+00 -5.164285e+00 -2.624230e+00 1.943299e+00 1.878680e+00 7.038935e-01 2.003953e+00 -1.021096e-01 1.600955e+00 1.428169e+00 7.059615e+00 -6.502425e-01 -7.237306e-01 -6.228614e-01 -2.482966e-01 7.979640e-01 1.265155e+00 -1.310925e-01 -3.292940e-03 7.507314e-01 3.588552e-01 1.223251e+00 5.038286e-01 1.550653e+00 -1.856478e-03 2.350007e-01 2.189893e-01 4.045025e-01 2.043557e-01 -3.566107e-01 -2.235698e-01 -2.213090e-01 -2.666895e-01 6.772035e-02 -1.052003e-01 -5.742718e-02 -4.092491e-01
<VARIANCE> 39
 2.568630e+01 4.773097e+01 3.391654e+01 7.364277e+01 5.464119e+01 6.989082e+01 7.730782e+01 1.076318e+02 1.105023e+02 1.411348e+02 1.422536e+02 1.497330e+02 2.893423e+01 2.632787e+00 3.468765e+00 3.227142e+00 6.440834e+00 5.589852e+00 6.982193e+00 6.726583e+00 7.651776e+00 8.866161e+00 9.772963e+00 1.009033e+01 1.097159e+01 3.018407e+00 3.434161e-01 4.438132e-01 5.236368e-01 8.028769e-01 8.182045e-01 1.022587e+00 1.090404e+00 1.282395e+00 1.354218e+00 1.417935e+00 1.434478e+00 1.548034e+00 2.895953e-01
<GCONST> 1.476175e+02
<MIXTURE> 4 2.500621e-01
<MEAN> 39
 -2.119100e+00 3.017064e+00 2.900904e+00 9.564399e-01 6.249979e-01 -1.356960e+00 -1.693149e+00 -1.827288e+00 -5.283773e+00 -4.633115e+00 -4.950854e+00 -3.033615e+00 -6.144139e+00 -1.146799e+00 -6.171348e-01 -3.867649e-01 -1.981066e-01 4.211782e-01 8.708160e-01 7.647895e-01 1.178488e+00 8.133377e-01 3.417200e-01 5.191727e-01 2.771804e-01 5.140424e-01 3.176865e-01 -1.748015e-02 -2.337371e-01 -3.855012e-01 -2.971837e-01 -8.321249e-02 4.970644e-02 -1.413931e-02 2.543560e-01 1.046928e-01 1.993200e-01 1.805675e-01 4.470429e-01
<VARIANCE> 39
 2.521468e+01 3.206971e+01 2.432407e+01 3.302231e+01 3.230543e+01 3.723867e+01 4.265357e+01 4.876074e+01 4.882942e+01 4.974207e+01 4.558363e+01 4.546537e+01 3.738741e+01 2.772794e+00 2.574263e+00 2.150906e+00 3.338021e+00 3.039417e+00 3.667156e+00 4.222203e+00 4.485083e+00 4.598774e+00 4.722474e+00 4.237212e+00 4.110230e+00 3.414886e+00 3.415899e-01 4.268577e-01 3.966331e-01 5.369019e-01 5.322493e-01 6.404201e-01 7.322297e-01 8.427638e-01 9.096711e-01 8.556389e-01 7.970288e-01 7.377704e-01 4.302016e-01
<GCONST> 1.286432e+02
<TRANSP> 6
 0.000000e+00 1.000000e+00 0.000000e+00 0.000000e+00 0.000000e+00 0.000000e+00
 0.000000e+00 7.563104e-01 2.436896e-01 0.000000e+00 0.000000e+00 0.000000e+00
 0.000000e+00 0.000000e+00 8.427266e-01 1.572734e-01 0.000000e+00 0.000000e+00
 0.000000e+00 0.000000e+00 0.000000e+00 7.588748e-01 2.411252e-01 0.000000e+00
 0.000000e+00 0.000000e+00 0.000000e+00 0.000000e+00 7.103007e-01 2.896993e-01
 0.000000e+00 0.000000e+00 0.000000e+00 0.000000e+00 0.000000e+00 0.000000e+00
<ENDHMM>
