~o
<STREAMINFO> 1 39
<VECSIZE> 39<NULLD><MFCC_D_A_Z_0><DIAGC>
~h "oy"
<BEGINHMM>
<NUMSTATES> 6
<STATE> 2
<NUMMIXES> 4
<MIXTURE> 1 1.886792e-01
<MEAN> 39
 -3.216978e+00 3.453549e+00 -2.362365e+00 -6.897592e+00 5.579273e+00 -1.556104e+00 -1.115788e+00 1.138370e+00 8.536136e+00 1.310108e+01 1.488634e+01 3.227403e+00 8.861399e+00 -5.740948e-02 2.017603e-01 -1.688996e-01 1.660818e-01 1.800445e-01 -1.109028e-01 5.267276e-01 3.093053e-01 -3.509856e-01 2.656745e-01 -6.703344e-02 -5.062927e-01 7.261816e-02 4.754707e-02 -1.475280e-01 1.955108e-01 1.304266e-01 -1.599527e-01 -1.688442e-01 9.693829e-02 -1.819492e-01 5.482193e-02 -7.516672e-02 -2.113147e-02 5.582548e-02 7.869350e-03
<VARIANCE> 39
 9.462360e+00 2.350544e+01 1.806021e+01 9.441602e+01 4.942218e+01 6.102268e+01 6.690138e+01 3.938186e+01 8.001545e+01 4.289287e+01 1.495122e+02 1.371646e+02 1.956950e+01 1.046955e-01 4.075178e-01 1.830623e-01 3.580970e-01 7.321504e-01 1.056155e+00 1.059997e+00 1.187851e+00 2.016986e+00 4.116805e-01 1.127336e+00 1.758689e+00 1.314047e-01 3.214831e-02 8.155323e-02 3.381099e-02 1.092048e-01 2.924349e-01 2.063222e-01 3.148917e-01 1.677237e-01 2.337534e-01 1.570962e-01 1.989216e-01 2.785484e-01 3.776794e-02
<GCONST> 8.725000e+01
<MIXTURE> 2 3.584906e-01
<MEAN> 39
 4.141934e+00 1.804024e+00 -3.406742e+00 -4.675280e+00 7.920808e-01 -2.036702e+00 -1.207732e+00 -3.250948e+00 -4.963829e+00 -7.626004e+00 -5.447870e+00 -2.053207e+00 2.935370e+00 2.124511e-01 -4.448203e-01 4.505126e-01 1.190522e-01 -1.685137e-01 2.692016e-01 5.837380e-01 1.625498e-01 -5.609570e-01 -1.539021e-01 5.133562e-02 -4.433249e-01 1.155011e-01 -1.451202e-01 -3.099043e-02 1.477336e-01 3.182439e-01 -1.073543e-01 -1.989783e-02 8.066553e-02 3.198535e-01 3.694902e-01 4.603679e-01 1.268533e-01 2.363838e-01 -1.304191e-01
<VARIANCE> 39
 2.993276e+01 5.715893e+01 4.244193e+01 7.137665e+01 4.694331e+01 6.246867e+01 6.899989e+01 6.929463e+01 4.724155e+01 3.834459e+01 5.383467e+01 6.814204e+01 4.590712e+01 4.667446e-01 1.670046e+00 1.331734e+00 2.008928e+00 2.050488e+00 2.502203e+00 3.907852e+00 2.577914e+00 2.122439e+00 2.986318e+00 1.753754e+00 2.719769e+00 4.437354e-01 7.507304e-02 2.384133e-01 2.460709e-01 5.101004e-01 3.069121e-01 4.295700e-01 7.838117e-01 9.783625e-01 8.134145e-01 8.481554e-01 5.514790e-01 7.120188e-01 1.105108e-01
<GCONST> 1.185082e+02
<MIXTURE> 3 3.081761e-01
<MEAN> 39
 4.616812e+00 1.881982e+00 -2.030656e+00 -9.220641e+00 -5.944915e+00 2.002517e+00 -2.754295e+00 -2.103103e+00 8.463711e-01 -1.673882e-01 1.313342e+01 1.118957e+01 4.770583e+00 -1.527663e-01 -3.234920e-01 -3.083667e-01 5.521363e-01 1.000263e+00 6.783577e-01 -5.767690e-03 -5.898911e-01 4.277911e-01 6.843597e-01 2.008693e+00 6.931049e-01 1.289713e+00 -4.944071e-01 -1.434187e-01 2.277737e-01 6.958991e-01 4.343708e-01 -6.088032e-01 7.360192e-02 2.341346e-01 -2.755968e-01 2.031145e-01 -6.886694e-01 -5.674457e-01 -4.889530e-01
<VARIANCE> 39
 1.971898e+01 1.593790e+01 2.493134e+01 4.512706e+01 3.670851e+01 3.857590e+01 4.967155e+01 5.199160e+01 1.020986e+02 1.557398e+02 1.004610e+02 1.229378e+02 2.372214e+01 1.654045e+00 1.859593e+00 2.140120e+00 4.681838e+00 3.072839e+00 4.582181e+00 4.987216e+00 3.563226e+00 5.454780e+00 8.538208e+00 7.263433e+00 1.180917e+01 1.095006e+00 3.221778e-01 3.407755e-01 3.740478e-01 4.520847e-01 4.310620e-01 7.827566e-01 5.769039e-01 6.055387e-01 1.108172e+00 1.600020e+00 1.000471e+00 1.557698e+00 2.046131e-01
<GCONST> 1.324664e+02
<MIXTURE> 4 1.446541e-01
<MEAN> 39
 3.700209e+00 -5.393405e+00 -6.529183e+00 9.469523e+00 -4.028192e+00 4.270007e+00 3.857720e+00 -2.698900e+00 8.896765e+00 1.832945e+01 1.681920e+01 3.853215e+00 5.181797e+00 4.599359e-01 -2.392544e-01 8.320830e-01 7.181627e-01 1.766758e-01 -7.999554e-02 8.959166e-01 -1.138219e+00 -6.099927e-01 -6.446008e-02 1.230615e+00 4.194620e-01 3.849342e-02 -1.420884e-01 -9.838314e-02 1.894013e-02 -5.219512e-02 -1.164101e-01 -3.272585e-01 -4.271881e-02 3.786485e-01 -2.961864e-01 -6.884198e-01 -1.231833e-01 1.376405e-01 -7.188638e-02
<VARIANCE> 39
 8.830840e+00 1.073460e+01 1.750289e+01 2.437655e+01 2.017293e+01 2.773688e+01 8.423415e+01 1.004729e+02 4.105495e+01 7.102493e+01 6.850156e+01 8.895247e+01 1.793148e+01 5.514712e-01 1.093932e+00 4.159076e-01 2.429350e+00 1.704514e+00 1.514173e+00 1.166512e+00 7.431835e+00 1.498230e+00 3.847993e+00 1.057190e+00 3.719397e+00 5.981429e-01 1.584117e-01 5.144811e-02 1.395290e-01 1.599729e-01 1.870421e-01 2.847218e-01 6.047467e-01 6.846316e-01 1.797023e-01 1.849029e+00 3.495470e-01 1.166779e+00 1.720747e-01
<GCONST> 1.062700e+02
<STATE> 3
<NUMMIXES> 4
<MIXTURE> 1 1.090909e-01
<MEAN> 39
 -4.565629e-01 5.937387e+00 -3.194778e+00 -6.941894e+00 -3.820332e+00 3.491497e-01 -1.539905e+00 -6.476108e+00 6.621995e+00 1.459543e+01 3.337508e+01 1.042552e+01 7.175870e+00 8.500186e-02 -1.513146e-01 2.415001e-01 5.770968e-01 -4.902114e-01 -3.686194e-01 2.028323e-01 -2.674176e-01 1.703656e-01 1.409916e-02 -1.812652e-01 2.306234e-01 -8.432766e-03 5.387687e-02 1.501370e-02 3.725656e-02 -6.654620e-02 -5.289252e-02 6.642401e-02 -1.424797e-01 1.562796e-01 9.413113e-02 -1.041003e-01 -2.149039e-01 6.276008e-02 -5.295645e-02
<VARIANCE> 39
 7.884026e+00 6.436291e+00 8.002959e+00 8.737291e+00 9.401000e+00 4.526854e+00 6.221754e+00 8.424693e+00 4.058405e+01 1.040770e+01 1.054715e+01 1.659510e+01 1.580321e+00 3.691858e-01 5.306175e-01 1.047003e+00 1.629917e+00 6.150264e-01 6.171576e-01 8.883791e-01 7.314087e-01 9.044249e-01 2.476052e-01 8.105960e-01 7.530878e-01 5.374520e-02 5.513355e-02 1.064006e-01 1.937431e-01 2.342422e-01 1.431926e-01 8.882376e-02 9.758549e-02 1.123995e-01 2.002007e-01 7.482027e-02 6.568559e-02 1.208830e-01 1.568551e-02
<GCONST> 6.152050e+01
<MIXTURE> 2 4.409091e-01
<MEAN> 39
 7.216961e+00 3.183565e+00 -4.181262e+00 -6.422111e+00 1.638439e+00 7.212396e-01 1.026220e+00 -2.353196e+00 -7.728979e+00 -7.496223e+00 -4.003973e+00 -3.202770e+00 2.618991e+00 3.942112e-02 -3.050916e-02 1.412548e-01 -1.886374e-02 -1.959852e-01 4.551200e-03 1.425226e-02 -6.515228e-02 6.609101e-02 7.662880e-02 -5.000305e-01 -2.742760e-01 -9.290416e-02 -3.809675e-02 -3.964446e-03 2.259336e-02 1.763897e-02 1.366466e-02 -1.074334e-01 -1.792371e-01 -1.036180e-01 2.088763e-01 6.413955e-02 -1.131640e-01 -1.077395e-02 -3.525916e-02
<VARIANCE> 39
 2.558221e+01 2.907646e+01 4.716688e+01 5.545908e+01 5.318405e+01 8.232221e+01 4.490919e+01 3.724722e+01 2.119260e+01 3.718597e+01 4.233328e+01 2.945409e+01 3.694123e+01 1.446979e-01 5.054014e-01 4.702235e-01 7.079431e-01 8.189527e-01 1.383648e+00 1.883621e+00 2.181695e+00 1.245203e+00 1.741042e+00 1.748888e+00 1.684682e+00 9.234022e-02 2.409282e-02 5.981369e-02 8.936353e-02 2.015008e-01 1.546573e-01 3.622994e-01 3.701861e-01 4.102900e-01 2.716085e-01 3.227460e-01 2.154116e-01 3.440641e-01 1.684241e-02
<GCONST> 9.222112e+01
<MIXTURE> 3 2.590909e-01
<MEAN> 39
 1.417759e+00 1.101173e+00 -2.111174e+00 -7.440464e+00 -1.365952e+00 1.377313e+00 -2.349683e+00 -8.973600e-02 1.862738e+00 -2.132781e-01 1.266014e+01 7.895410e+00 6.095428e+00 -3.942730e-01 -6.014103e-01 2.736512e-01 9.622093e-01 3.339112e-01 -7.400903e-01 -2.204620e-02 1.418500e-01 -1.845915e-01 5.752926e-01 3.839071e-01 3.488868e-01 4.918661e-02 2.734147e-02 2.114359e-01 1.221662e-01 5.140550e-02 -1.663028e-01 -3.207854e-01 -4.307285e-02 9.463803e-02 7.288682e-02 9.766068e-02 -5.270630e-01 -3.258427e-02 -3.438453e-01
<VARIANCE> 39
 1.914679e+01 3.400259e+01 1.791500e+01 5.556335e+01 6.462215e+01 3.827142e+01 6.704557e+01 4.201151e+01 7.150418e+01 1.519076e+02 1.325438e+02 1.286786e+02 2.302501e+01 7.726909e-01 9.748564e-01 1.217980e+00 2.758706e+00 3.085826e+00 2.598451e+00 2.766393e+00 3.936917e+00 3.502780e+00 7.616663e+00 3.846229e+00 4.584498e+00 4.810808e-01 8.377822e-02 1.297238e-01 2.472159e-01 2.350676e-01 4.114559e-01 4.751939e-01 3.649102e-01 4.756090e-01 5.986242e-01 5.748038e-01 6.674790e-01 9.535492e-01 9.024055e-02
<GCONST> 1.191350e+02
<MIXTURE> 4 1.909091e-01
<MEAN> 39
 1.684157e+00 -4.603782e+00 -1.998548e+00 8.958838e+00 1.758417e+00 5.112032e+00 1.013905e+00 -8.476223e+00 1.022016e+01 1.531618e+01 1.631408e+01 2.640938e+00 8.890039e+00 1.398280e-02 1.008355e-01 3.014341e-01 -6.012799e-01 4.214436e-01 2.170639e-01 -5.118802e-01 -3.224885e-02 3.907241e-01 8.175534e-02 1.365277e-02 1.073669e-01 -8.833193e-02 -5.971192e-03 5.167867e-02 -5.008063e-02 -1.882168e-01 -2.017917e-02 2.313807e-02 -1.155512e-01 4.866736e-02 6.390948e-02 9.210111e-02 -1.264573e-02 -7.079664e-02 -7.692533e-02
<VARIANCE> 39
 2.142663e+01 2.187513e+01 1.486337e+01 5.366842e+01 3.147845e+01 3.160399e+01 2.338518e+01 5.380000e+01 2.429094e+01 1.829578e+01 4.227328e+01 4.805553e+01 6.901437e+00 1.450155e-01 5.482987e-01 6.070417e-01 1.550644e+00 8.743127e-01 6.782617e-01 9.247027e-01 9.275100e-01 9.385058e-01 1.488511e+00 1.005102e+00 1.848939e+00 1.988376e-01 2.703577e-02 8.029819e-02 8.257528e-02 1.113539e-01 1.848345e-01 1.214612e-01 1.333508e-01 1.051821e-01 1.895188e-01 3.277142e-01 1.743252e-01 2.072095e-01 1.000000e-02
<GCONST> 8.067432e+01
<STATE> 4
<NUMMIXES> 4
<MIXTURE> 1 2.345679e-01
<MEAN> 39
 3.122192e-01 -5.864807e-01 -1.908631e+00 -1.789167e-01 -1.568210e+00 8.444874e-01 3.876772e+00 -1.116858e+00 8.478225e+00 1.778206e+01 1.815520e+01 3.400404e+00 7.140802e+00 1.406153e-01 -1.135261e-01 -4.522924e-02 3.756655e-01 -3.653036e-01 -3.693576e-01 7.066844e-02 6.914791e-01 -1.814987e-01 5.956138e-01 -2.287949e-01 4.085634e-01 -3.680730e-01 8.928367e-03 1.419477e-01 -1.548025e-01 -3.216013e-01 1.482106e-01 1.193612e-01 -3.981047e-01 -1.417376e-01 2.179069e-02 -6.591756e-01 -4.967476e-01 1.646548e-01 -1.134499e-01
<VARIANCE> 39
 1.321105e+01 6.417265e+01 2.682784e+01 7.688738e+01 5.769686e+01 8.148697e+01 7.078391e+01 9.065533e+01 7.481028e+01 2.493849e+01 6.430731e+01 6.954392e+01 1.678825e+01 6.336339e-01 8.866957e-01 6.880966e-01 3.044554e+00 3.209390e+00 1.108388e+00 2.532663e+00 4.463339e+00 5.354837e+00 6.598952e+00 3.588370e+00 3.310220e+00 6.300302e-01 2.963008e-02 1.429026e-01 2.182981e-01 3.988901e-01 2.737899e-01 5.272931e-01 3.520284e-01 8.028283e-01 1.131026e+00 7.431229e-01 6.974851e-01 4.163439e-01 6.748209e-02
<GCONST> 1.162557e+02
<MIXTURE> 2 3.888889e-01
<MEAN> 39
 6.358795e+00 -1.275680e-01 -2.477032e-01 -6.296863e+00 -1.126516e+00 -9.382609e-01 2.977238e+00 -4.620310e+00 -3.400188e+00 -7.379223e+00 -8.446740e+00 -6.780352e+00 5.273702e+00 1.223256e-01 1.037675e-02 3.671058e-01 -3.266193e-02 -1.071776e-01 -5.057118e-01 -8.752806e-01 -4.047337e-01 9.356461e-01 4.955107e-01 -6.040656e-01 -2.300178e-01 -2.416789e-01 -3.046866e-02 1.010423e-01 2.766518e-02 1.582004e-01 -6.146365e-02 8.203126e-02 -9.715206e-02 1.445225e-01 -8.808602e-02 3.608779e-02 1.646367e-02 1.232416e-01 -1.326969e-01
<VARIANCE> 39
 2.256000e+01 4.747351e+01 3.143839e+01 7.235172e+01 5.022005e+01 5.925474e+01 3.719585e+01 5.394431e+01 4.512915e+01 2.414509e+01 2.501894e+01 4.362985e+01 3.246665e+01 5.819370e-01 9.621892e-01 1.061552e+00 1.888750e+00 1.546635e+00 2.569211e+00 4.054498e+00 3.042192e+00 1.743331e+00 2.778597e+00 3.121238e+00 3.402540e+00 6.200948e-01 9.592874e-02 2.522836e-01 2.402941e-01 4.274626e-01 2.709885e-01 4.000752e-01 7.390648e-01 5.112531e-01 3.553552e-01 5.432407e-01 3.094336e-01 6.206390e-01 1.216578e-01
<GCONST> 1.123316e+02
<MIXTURE> 3 1.666667e-01
<MEAN> 39
 -4.209963e-01 -2.152467e+00 -2.370351e+00 -3.881285e+00 2.747423e+00 -3.189064e+00 -6.009838e+00 2.257551e+00 -5.350646e+00 5.833845e+00 1.669762e+01 1.787337e+01 8.498610e+00 -1.245684e-01 1.556126e-01 -1.656973e-01 1.942709e-01 6.109467e-01 -2.786467e-01 -6.337211e-01 5.159311e-01 -6.662783e-01 -3.227029e-01 -7.287627e-02 8.175047e-03 8.867207e-03 1.276075e-01 1.064991e-01 9.536119e-04 -1.577188e-01 -2.832696e-01 8.245868e-02 9.382908e-02 -1.634662e-01 2.395078e-01 2.088632e-02 -2.419435e-01 -4.445393e-01 -1.220508e-01
<VARIANCE> 39
 2.023396e+01 3.291944e+01 1.385300e+01 1.029402e+02 3.566037e+01 6.892294e+01 5.849143e+01 5.204532e+01 1.182025e+02 4.727652e+01 2.831665e+01 6.326742e+01 1.593538e+01 2.460119e-01 4.912327e-01 5.087879e-01 6.470180e-01 1.225956e+00 9.763622e-01 2.535518e+00 1.960525e+00 1.670178e+00 1.111648e+00 1.639297e+00 1.142241e+00 1.310055e-01 8.769674e-02 1.132273e-01 1.054384e-01 1.304995e-01 1.639199e-01 1.458231e-01 2.320250e-01 4.373319e-01 2.910162e-01 4.600965e-01 4.528344e-01 6.263353e-01 3.683623e-02
<GCONST> 9.643767e+01
<MIXTURE> 4 2.098765e-01
<MEAN> 39
 7.805375e-01 1.044166e+00 -1.256809e-01 -1.338461e+00 -2.782936e+00 -1.575076e+00 -5.368353e+00 -2.805514e+00 3.494952e-01 -9.730560e-01 3.305692e+00 6.949129e+00 1.834894e+00 -2.568442e-01 3.651136e-01 6.218000e-01 8.404093e-01 7.242972e-01 -5.353665e-01 -5.157480e-02 -2.248455e-01 -4.160701e-01 -2.180833e-02 -4.776528e-01 -3.081538e-01 -6.026157e-01 -1.437726e-01 1.433767e-01 -9.425481e-02 -4.652641e-02 3.228533e-01 2.394870e-01 1.858403e-01 -3.232791e-02 -4.379137e-01 -1.961499e-01 -8.674160e-02 -8.458427e-02 -1.149260e-01
<VARIANCE> 39
 3.639635e+01 1.786486e+01 3.545212e+01 4.809854e+01 4.386504e+01 6.398532e+01 4.206365e+01 6.738495e+01 7.512163e+01 6.046180e+01 3.663056e+01 8.328332e+01 4.212606e+01 8.777167e-01 5.615026e-01 1.252236e+00 1.058604e+00 1.814275e+00 2.156200e+00 1.422739e+00 3.622454e+00 5.551094e+00 6.453216e+00 4.781396e+00 4.246234e+00 7.313172e-01 1.132240e-01 9.992791e-02 3.050316e-01 4.248929e-01 4.470504e-01 5.589769e-01 4.786935e-01 3.840630e-01 5.810955e-01 4.144809e-01 8.206370e-01 4.599421e-01 4.587465e-02
<GCONST> 1.154397e+02
<STATE> 5
<NUMMIXES> 4
<MIXTURE> 1 2.589928e-01
<MEAN> 39
 2.550272e-01 -2.167078e+00 -3.067912e+00 -6.344060e-01 2.142682e+00 1.725450e+00 -2.074279e+00 -1.850645e+00 1.351383e+01 1.586283e+01 1.668920e+01 8.901294e-01 5.670440e+00 -2.972778e-01 1.009048e-01 1.270801e-01 -6.518313e-02 7.069836e-01 -4.884050e-01 -2.982617e-01 4.256393e-01 -8.598202e-02 -3.530027e-02 -6.169078e-01 -1.010136e-01 2.169005e-02 1.820573e-02 -1.114877e-02 2.049937e-01 1.447825e-01 1.478272e-01 1.408162e-01 8.634573e-02 -9.378428e-02 -3.851674e-01 -1.896561e-01 -1.026001e-01 6.816444e-02 6.496567e-02
<VARIANCE> 39
 2.676684e+01 5.944967e+01 2.501381e+01 4.788962e+01 3.429660e+01 7.344872e+01 6.948699e+01 8.021369e+01 1.921654e+01 6.345449e+01 3.590299e+01 4.583966e+01 2.013200e+01 6.377187e-01 8.088770e-01 1.091480e+00 2.441936e+00 2.344649e+00 3.517839e+00 1.598659e+00 1.085552e+00 4.410357e+00 2.681614e+00 4.922719e+00 1.557235e+00 6.787204e-01 1.234516e-01 2.063783e-01 1.302164e-01 6.807280e-01 3.189268e-01 5.100123e-01 6.467295e-01 3.733932e-01 5.911231e-01 7.624504e-01 3.701370e-01 4.739546e-01 9.026965e-02
<GCONST> 1.129363e+02
<MIXTURE> 2 3.741007e-01
<MEAN> 39
 5.831049e+00 2.003762e+00 2.772775e-01 -3.940186e+00 -2.448012e-01 -2.318681e+00 -2.368003e-01 -3.237690e+00 -1.784644e+00 -7.464793e+00 -1.042354e+01 -6.875339e+00 2.248740e+00 -3.929179e-01 1.315953e-01 3.377498e-01 8.764753e-01 -2.419408e-01 1.534432e-01 -5.675154e-01 -4.587114e-01 -6.213781e-01 9.247474e-03 -4.894331e-01 2.002537e-01 -7.054024e-01 -2.861575e-01 -3.786955e-02 -1.561003e-01 3.326000e-02 4.347411e-02 3.518849e-01 2.633505e-01 1.166721e-01 -2.096148e-01 2.619376e-01 4.044686e-01 1.693058e-01 -2.501277e-02
<VARIANCE> 39
 3.616336e+01 3.511936e+01 3.747586e+01 5.082898e+01 5.186015e+01 7.735419e+01 3.423260e+01 8.642567e+01 4.310285e+01 4.429433e+01 2.551045e+01 4.762837e+01 4.067112e+01 1.229024e+00 1.542657e+00 2.569230e+00 3.348676e+00 3.444522e+00 4.376943e+00 4.494453e+00 7.444939e+00 4.611234e+00 4.994315e+00 3.654946e+00 2.571797e+00 1.546552e+00 1.627596e-01 2.483782e-01 3.150263e-01 4.449530e-01 5.434810e-01 7.513399e-01 4.747612e-01 9.766538e-01 8.548644e-01 6.970696e-01 6.499370e-01 5.035886e-01 1.419386e-01
<GCONST> 1.254327e+02
<MIXTURE> 3 1.726619e-01
<MEAN> 39
 -7.659193e-01 -1.571324e+00 -1.622877e+00 -3.733929e+00 1.834958e+00 -6.599195e-01 -1.263129e+00 -4.316843e+00 1.541571e+00 8.492739e+00 2.111312e+01 1.789108e+01 8.988345e+00 1.467781e-02 1.268542e-01 6.388462e-03 -1.115257e-01 1.708869e-01 -3.878300e-01 -9.932598e-02 5.415623e-02 -3.241537e-01 -7.143127e-01 -4.516474e-01 7.305192e-01 -2.306409e-01 2.073024e-01 2.403210e-01 -3.690081e-02 -2.978599e-01 -1.352280e-01 1.695450e-01 -1.413360e-01 1.270695e-01 3.050436e-01 -3.545633e-01 -3.230838e-01 -2.573046e-01 -1.435374e-01
<VARIANCE> 39
 1.502936e+01 4.205170e+01 2.617110e+01 9.662835e+01 7.379479e+01 5.865172e+01 6.614535e+01 3.485308e+01 6.624256e+01 5.956557e+01 2.778204e+01 4.853780e+01 1.373237e+01 4.494432e-01 5.587623e-01 7.307528e-01 3.328852e+00 1.303189e+00 2.976179e+00 1.598834e+00 3.734385e+00 1.863276e+00 2.484455e+00 3.874154e+00 3.616228e+00 3.349266e-01 1.495771e-01 2.727757e-01 1.306098e-01 1.825646e-01 3.096665e-01 3.815906e-01 2.193458e-01 3.227430e-01 5.147990e-01 3.497737e-01 4.251205e-01 4.164017e-01 1.121112e-01
<GCONST> 1.085591e+02
<MIXTURE> 4 1.942446e-01
<MEAN> 39
 2.655011e+00 1.916341e+00 -4.036249e-01 6.142078e-02 -5.220616e-01 2.648089e-01 -9.548003e+00 -3.845159e+00 -6.107608e+00 -3.507791e+00 2.154683e+00 6.683320e+00 1.480541e+00 -9.991584e-01 -2.579904e-01 1.161350e-01 1.219357e+00 -8.560207e-02 5.160909e-01 3.566497e-01 -7.747699e-03 -8.320851e-01 6.362529e-02 -7.792629e-01 -7.038521e-01 -4.697091e-01 -5.078075e-02 -1.290348e-01 -1.301595e-01 -2.431235e-01 -3.418568e-01 1.185030e-01 4.974031e-01 2.115221e-01 8.203692e-02 1.859845e-02 -1.024291e-01 -1.147323e-01 -4.253110e-02
<VARIANCE> 39
 1.619579e+01 3.052142e+01 3.698897e+01 5.305584e+01 3.536378e+01 1.063207e+02 1.066035e+02 3.275016e+01 5.205459e+01 3.232937e+01 2.693116e+01 3.953511e+01 2.792730e+01 1.167047e+00 1.318799e+00 8.796738e-01 2.044139e+00 2.224189e+00 1.381627e+00 4.218829e+00 2.201118e+00 4.617008e+00 4.988638e+00 4.417219e+00 3.150888e+00 1.344094e+00 1.483607e-01 1.868701e-01 2.445503e-01 1.713430e-01 1.517051e-01 4.346588e-01 6.347772e-01 3.205559e-01 7.693500e-01 1.961218e-01 5.181303e-01 2.876277e-01 7.493614e-02
<GCONST> 1.125608e+02
<TRANSP> 6
 0.000000e+00 1.000000e+00 0.000000e+00 0.000000e+00 0.000000e+00 0.000000e+00
 0.000000e+00 4.591195e-01 5.408805e-01 0.000000e+00 0.000000e+00 0.000000e+00
 0.000000e+00 0.000000e+00 6.090909e-01 3.909091e-01 0.000000e+00 0.000000e+00
 0.000000e+00 0.000000e+00 0.000000e+00 4.691358e-01 5.308642e-01 0.000000e+00
 0.000000e+00 0.000000e+00 0.000000e+00 0.000000e+00 3.812950e-01 6.187050e-01
 0.000000e+00 0.000000e+00 0.000000e+00 0.000000e+00 0.000000e+00 0.000000e+00
<ENDHMM>
