~o
<STREAMINFO> 1 39
<VECSIZE> 39<NULLD><MFCC_D_A_Z_0><DIAGC>
~h "sh"
<BEGINHMM>
<NUMSTATES> 6
<STATE> 2
<NUMMIXES> 4
<MIXTURE> 1 1.955421e-01
<MEAN> 39
 -3.149926e+00 -4.821907e-01 -1.243648e+00 -1.296561e+00 1.111134e-01 1.677721e+00 -3.429402e-01 1.701810e+00 6.052323e+00 6.545108e+00 8.618009e+00 3.263281e+00 6.921964e+00 -5.258661e-01 -2.487583e-01 3.047366e-01 5.031838e-01 9.162536e-02 3.904787e-01 -1.510865e-01 -2.634335e-01 -1.639000e-01 2.075303e-01 8.902978e-01 9.152256e-01 2.370398e-01 2.471999e-01 2.366161e-02 3.193485e-02 1.235953e-01 -1.160450e-01 -1.496716e-01 8.718705e-02 1.262828e-01 -7.269927e-02 -7.687730e-02 -4.878508e-01 -3.108171e-01 -2.526139e-01
<VARIANCE> 39
 3.507570e+01 6.866378e+01 3.231517e+01 8.801965e+01 5.686583e+01 6.852175e+01 4.889058e+01 9.582256e+01 1.019228e+02 1.202173e+02 1.052161e+02 1.871423e+02 3.451507e+01 7.152390e-01 1.006335e+00 1.493051e+00 2.100428e+00 3.057328e+00 2.698275e+00 2.301379e+00 3.201148e+00 3.949798e+00 3.722674e+00 5.109008e+00 5.406934e+00 8.261887e-01 1.376348e-01 2.754903e-01 3.423155e-01 4.178159e-01 4.280683e-01 5.655770e-01 5.016956e-01 6.805286e-01 6.515676e-01 6.818547e-01 8.838777e-01 7.048220e-01 2.473665e-01
<GCONST> 1.273254e+02
<MIXTURE> 2 2.978723e-01
<MEAN> 39
 -4.703140e+00 2.201468e+00 1.172164e+00 1.872839e-01 5.398776e-01 9.256189e-01 -8.033516e-01 -1.153543e+00 -4.798184e+00 -4.393835e+00 -1.417180e+00 -8.928896e-01 -1.119731e+00 -8.361325e-01 -1.298473e-01 -7.564528e-02 3.799693e-01 4.749348e-01 5.749612e-01 2.936477e-01 5.123267e-01 2.900692e-01 4.152961e-02 1.514458e-01 -2.505316e-01 5.523080e-01 4.247637e-01 1.386697e-03 -6.352971e-02 -1.243827e-01 -1.394262e-01 -1.350591e-01 -5.486235e-02 1.616175e-01 2.436774e-01 2.284676e-01 9.340911e-02 1.137182e-01 -1.212509e-01
<VARIANCE> 39
 4.114028e+01 3.804029e+01 2.472517e+01 3.836256e+01 4.777613e+01 3.976027e+01 4.308581e+01 4.599184e+01 4.882547e+01 5.187341e+01 3.498257e+01 3.379049e+01 4.296106e+01 1.185330e+00 1.568824e+00 2.081358e+00 2.505474e+00 2.470710e+00 3.553253e+00 3.658332e+00 2.597335e+00 2.918412e+00 3.742179e+00 3.399636e+00 2.986288e+00 2.482811e+00 2.858300e-01 3.384820e-01 3.424625e-01 4.672188e-01 5.653938e-01 5.256950e-01 4.931713e-01 5.891109e-01 6.176072e-01 6.527064e-01 6.401374e-01 5.600354e-01 3.126185e-01
<GCONST> 1.223000e+02
<MIXTURE> 3 2.147923e-01
<MEAN> 39
 -4.626633e-01 -2.646969e+00 -4.650931e-01 1.177237e+00 1.710367e+00 2.984785e+00 -2.142951e+00 -3.798776e+00 1.314633e+00 1.398974e+00 7.503581e+00 7.613396e+00 8.837858e+00 -1.288067e-01 -1.294582e-01 -3.159423e-02 3.494090e-02 -2.026133e-01 -1.386220e-01 2.917722e-01 -1.739095e-01 1.307251e-01 1.798289e-01 9.435890e-02 1.388478e-01 -4.618770e-02 5.705852e-02 -5.194999e-02 -1.442351e-01 -1.612591e-01 -1.083086e-01 -1.811639e-01 -1.245522e-01 -1.523160e-02 -1.190645e-01 1.859476e-02 -8.597366e-02 -7.259515e-02 -1.026555e-01
<VARIANCE> 39
 1.433170e+01 4.233782e+01 2.839261e+01 8.441128e+01 4.783932e+01 6.362347e+01 6.796038e+01 4.774232e+01 7.445004e+01 8.857502e+01 1.070018e+02 8.883608e+01 1.788150e+01 3.468134e-01 6.356272e-01 7.666575e-01 1.238051e+00 1.494706e+00 1.382578e+00 2.023122e+00 1.449176e+00 1.508542e+00 1.962264e+00 1.491791e+00 2.105210e+00 1.139526e-01 3.013024e-02 8.722596e-02 8.604109e-02 1.795239e-01 2.179277e-01 1.727519e-01 2.642150e-01 2.261272e-01 2.756956e-01 3.555208e-01 2.750037e-01 2.999087e-01 1.361130e-02
<GCONST> 9.778133e+01
<MIXTURE> 4 2.917933e-01
<MEAN> 39
 -1.393771e+01 6.240200e+00 1.094854e+00 3.416482e+00 2.746504e+00 7.659585e+00 2.555881e+00 5.084899e+00 2.233462e+00 -1.170729e+00 -1.992592e+00 -1.694095e+00 -4.034916e-01 -1.121062e-01 -1.173951e-01 2.004088e-01 1.505784e-01 2.499766e-01 2.160517e-01 2.580125e-01 2.242782e-01 -4.099809e-02 -2.516830e-01 -4.733786e-02 -1.037577e-01 2.391014e-02 2.152005e-01 -6.023251e-02 -1.485922e-02 -3.770119e-02 -1.510459e-02 -2.326351e-01 -1.374001e-01 -1.154624e-01 -8.455892e-02 -3.582219e-02 2.967911e-02 -1.259585e-02 -3.911859e-02
<VARIANCE> 39
 1.860000e+01 4.484735e+01 3.015170e+01 3.782646e+01 3.005688e+01 4.219068e+01 2.988342e+01 5.269294e+01 3.558144e+01 4.555178e+01 3.550007e+01 2.139435e+01 8.404975e+00 3.590741e-01 5.600887e-01 8.765314e-01 1.242420e+00 1.636422e+00 2.384237e+00 2.394640e+00 2.204251e+00 1.891397e+00 2.333155e+00 2.241970e+00 1.548066e+00 2.982852e-01 7.522487e-02 9.901888e-02 1.631238e-01 2.378873e-01 2.721126e-01 3.624110e-01 4.392683e-01 4.737371e-01 4.283330e-01 4.651518e-01 4.129497e-01 3.901966e-01 3.793450e-02
<GCONST> 1.003819e+02
<STATE> 3
<NUMMIXES> 4
<MIXTURE> 1 2.258064e-01
<MEAN> 39
 -2.639127e+00 -4.013076e+00 -1.467071e+00 5.546645e-01 -2.848618e-01 1.957782e+00 -2.457476e+00 -4.843844e+00 3.175027e+00 5.646463e+00 1.412624e+01 1.439850e+01 1.021746e+01 -7.031922e-03 -8.514679e-02 -1.395822e-01 3.125707e-02 -1.444420e-01 -2.877584e-01 7.254654e-02 5.466928e-02 -1.782321e-01 4.366646e-01 6.277584e-02 1.685788e-01 -9.679722e-02 2.700245e-01 9.861585e-02 -2.325301e-02 -7.687142e-02 -5.712646e-02 -9.567636e-02 1.372486e-02 2.033865e-01 2.323605e-03 -9.295715e-02 -2.793455e-01 -3.769446e-01 -1.746401e-01
<VARIANCE> 39
 1.716564e+01 5.071180e+01 2.576444e+01 8.571034e+01 5.436574e+01 6.652287e+01 5.433372e+01 4.880971e+01 5.000394e+01 7.533480e+01 6.801327e+01 5.885025e+01 1.248330e+01 4.902254e-01 1.041570e+00 1.161590e+00 2.158522e+00 1.783664e+00 1.729649e+00 1.780038e+00 1.658720e+00 2.393621e+00 2.591086e+00 3.536320e+00 2.833652e+00 2.385060e-01 6.246394e-02 1.055073e-01 1.488747e-01 2.222029e-01 2.915813e-01 3.199573e-01 3.690213e-01 3.077908e-01 3.727135e-01 4.799762e-01 3.469908e-01 4.325370e-01 5.432838e-02
<GCONST> 1.069198e+02
<MIXTURE> 2 3.333333e-01
<MEAN> 39
 -9.694899e+00 3.497464e+00 7.359936e-01 2.743320e+00 2.239589e+00 3.181336e+00 1.983218e+00 3.906193e+00 -2.152525e+00 -2.131671e+00 -1.460749e+00 -2.921761e+00 -2.029232e+00 1.007871e+00 3.028395e-01 2.231626e-01 -3.854192e-01 -1.621282e-01 -3.277940e-01 -3.468798e-01 1.258322e-01 1.894503e-01 -1.632248e-01 1.796906e-01 -3.077053e-02 4.129556e-01 1.028013e+00 1.164359e-01 -2.479002e-01 -7.306244e-01 -6.026164e-01 -5.557587e-01 -4.552844e-01 -3.241637e-01 1.038093e-01 1.529129e-01 1.687833e-01 3.127960e-01 3.140821e-01
<VARIANCE> 39
 2.555321e+01 4.245388e+01 3.419489e+01 3.577541e+01 4.183202e+01 3.202619e+01 3.608152e+01 5.338926e+01 4.394850e+01 4.907908e+01 4.639449e+01 3.353055e+01 2.535443e+01 1.696172e+00 1.809522e+00 1.282857e+00 1.874146e+00 2.383920e+00 2.885761e+00 2.788955e+00 3.480379e+00 2.966186e+00 2.898077e+00 3.066027e+00 2.928240e+00 1.031763e+00 1.792480e-01 2.725121e-01 4.539298e-01 5.324146e-01 5.864063e-01 5.422926e-01 5.383528e-01 7.079455e-01 8.692247e-01 1.055632e+00 1.044565e+00 9.267398e-01 3.007411e-01
<GCONST> 1.215063e+02
<MIXTURE> 3 3.091398e-01
<MEAN> 39
 -1.324853e+00 1.238971e+00 -5.865335e-01 -2.687046e+00 5.681151e-01 -5.965328e-01 -1.813709e+00 -3.390053e+00 -5.286285e+00 -5.398909e+00 -2.212149e+00 1.344483e+00 2.454140e+00 -1.200855e-02 -1.908777e-01 -1.758088e-01 1.933757e-01 -1.254524e-01 -2.470716e-01 -1.036366e-01 -1.622966e-01 7.161889e-03 1.588592e-01 -2.367182e-01 -4.485415e-02 -4.429946e-02 1.771499e-01 -7.059290e-03 1.328102e-02 -3.325103e-02 -9.831709e-02 2.390288e-02 -1.067517e-01 -1.274389e-02 -9.324437e-02 -3.647124e-02 -1.621262e-02 -1.304118e-02 -1.041155e-01
<VARIANCE> 39
 3.103881e+01 3.374086e+01 4.452866e+01 5.154778e+01 5.195306e+01 6.244175e+01 6.379588e+01 5.058517e+01 4.758438e+01 4.623384e+01 3.892001e+01 5.529004e+01 5.250486e+01 3.004971e-01 7.361447e-01 8.808927e-01 1.473813e+00 2.176852e+00 2.230895e+00 2.473244e+00 2.301779e+00 1.867530e+00 2.457736e+00 1.665538e+00 1.661170e+00 3.760602e-01 3.981071e-02 1.196560e-01 1.670729e-01 2.205181e-01 3.425780e-01 4.497688e-01 4.694727e-01 4.844306e-01 3.430750e-01 4.456056e-01 3.814285e-01 3.305967e-01 6.559556e-02
<GCONST> 1.068282e+02
<MIXTURE> 4 1.317204e-01
<MEAN> 39
 -3.928962e+00 -3.317383e+00 1.586463e+00 1.429853e+00 -1.509530e+00 5.104880e+00 8.129528e-01 8.824051e+00 1.591019e+01 1.197974e+01 5.887441e+00 -9.376845e+00 5.695251e+00 -5.834340e-02 -4.109715e-01 -2.138168e-01 2.211301e-01 -2.230006e-01 -1.698111e-02 -4.964111e-02 3.570966e-01 3.457109e-01 5.238980e-01 7.178160e-02 -2.195916e-01 -5.954465e-02 1.881541e-01 1.499388e-02 -1.341541e-01 7.233311e-03 3.075970e-02 -1.237717e-01 -5.610424e-02 -2.602432e-01 -2.350395e-01 1.978291e-01 -1.104528e-01 -6.586377e-02 -5.508750e-02
<VARIANCE> 39
 2.626864e+01 3.130898e+01 2.445089e+01 8.920231e+01 4.584020e+01 5.554067e+01 4.397052e+01 7.995541e+01 4.177488e+01 1.205294e+02 1.894241e+02 8.632845e+01 2.513733e+01 1.884241e-01 8.384129e-01 6.163942e-01 1.702899e+00 1.895045e+00 1.668586e+00 2.146196e+00 2.042173e+00 3.413821e+00 2.613712e+00 3.133404e+00 4.579621e+00 3.583641e-01 6.104609e-02 7.723255e-02 1.933653e-01 1.955724e-01 1.991452e-01 3.767755e-01 3.707864e-01 4.740627e-01 3.473208e-01 4.494172e-01 6.391100e-01 4.662417e-01 3.118985e-02
<GCONST> 1.086971e+02
<STATE> 4
<NUMMIXES> 4
<MIXTURE> 1 2.388956e-01
<MEAN> 39
 -2.676773e+00 -2.130092e+00 -1.466288e+00 -4.762245e-01 1.287292e+00 7.680007e-01 7.209040e-01 3.284091e+00 8.194608e+00 1.312652e+01 1.154807e+01 2.537572e+00 8.314939e+00 3.916491e-01 -1.670630e-02 -1.020293e-01 -3.417790e-02 2.869949e-02 -1.730548e-01 -3.423664e-02 1.959554e-01 -2.813625e-01 5.861886e-01 4.208395e-02 -3.788977e-01 -2.181046e-01 1.287460e-01 5.958547e-02 -3.086756e-03 -7.575507e-02 -1.219125e-01 -3.238184e-03 -8.246559e-02 -2.971531e-03 -1.522784e-01 -2.628865e-01 -1.063119e-01 -1.243116e-01 -1.044875e-01
<VARIANCE> 39
 2.555639e+01 6.989426e+01 3.869223e+01 1.016809e+02 6.136046e+01 6.888084e+01 4.474675e+01 8.253170e+01 9.223365e+01 7.630512e+01 1.129095e+02 2.012329e+02 2.425693e+01 4.297404e-01 8.459871e-01 8.861288e-01 1.490339e+00 1.483783e+00 2.111964e+00 1.723819e+00 2.163116e+00 2.756661e+00 2.867233e+00 3.031662e+00 3.740743e+00 2.891555e-01 5.380642e-02 1.057631e-01 1.784473e-01 2.253723e-01 2.612042e-01 3.175560e-01 3.279804e-01 4.022306e-01 4.856886e-01 3.712513e-01 4.770438e-01 5.079772e-01 3.535408e-02
<GCONST> 1.116940e+02
<MIXTURE> 2 2.400960e-01
<MEAN> 39
 -6.929958e+00 4.869861e+00 1.396641e+00 1.918424e+00 1.707755e+00 2.040355e+00 3.463030e-01 3.529590e+00 -2.661282e+00 -3.140115e+00 -1.432943e+00 -2.041424e+00 -1.849399e+00 3.173560e+00 1.984830e-01 -8.839958e-01 -2.842167e+00 -1.836223e+00 -1.505121e+00 -1.096414e+00 -3.436008e-01 9.081618e-01 6.529194e-01 1.017425e+00 7.076197e-01 1.831477e+00 4.280053e-01 -2.396288e-01 -3.580926e-01 -5.964597e-01 -2.225270e-01 -1.053433e-01 -1.333922e-01 -3.111958e-01 2.304765e-01 3.786971e-01 5.235775e-01 3.476768e-01 5.350823e-01
<VARIANCE> 39
 2.737199e+01 4.199541e+01 3.092572e+01 3.352882e+01 3.138124e+01 3.561008e+01 3.400442e+01 4.875301e+01 5.264435e+01 4.394717e+01 4.726860e+01 3.061185e+01 2.297173e+01 1.908400e+00 2.146016e+00 2.302694e+00 4.690939e+00 3.504786e+00 4.518601e+00 4.483210e+00 7.300088e+00 7.381795e+00 7.704885e+00 8.182440e+00 7.309308e+00 1.388739e+00 2.906154e-01 3.223457e-01 3.336497e-01 6.248241e-01 6.109807e-01 7.200755e-01 6.306228e-01 6.057116e-01 8.252443e-01 1.253855e+00 1.300405e+00 1.269716e+00 3.017036e-01
<GCONST> 1.303770e+02
<MIXTURE> 3 2.845138e-01
<MEAN> 39
 -1.292361e+00 2.174163e-01 -8.306413e-01 -1.791138e+00 -2.361297e-01 9.443681e-01 -2.097458e+00 -2.999667e+00 -3.889275e+00 -5.113371e+00 -4.818942e-01 2.512368e+00 3.342576e+00 2.540467e-01 -1.213023e-01 -1.344873e-01 -3.824905e-03 -1.779702e-01 -1.646383e-01 -4.052360e-01 -8.942579e-02 -2.813258e-01 -8.621532e-02 -3.746582e-01 -1.680084e-01 -1.713990e-01 1.214048e-01 1.178927e-01 7.259613e-02 -7.381569e-02 -1.043258e-04 -7.755996e-02 -8.449604e-02 2.108213e-02 -4.049037e-02 5.008083e-02 1.951954e-02 6.913410e-03 -1.199354e-01
<VARIANCE> 39
 3.033616e+01 3.533527e+01 2.756447e+01 6.412466e+01 5.042224e+01 5.543462e+01 6.176116e+01 6.176245e+01 5.589709e+01 3.823345e+01 5.768226e+01 7.546794e+01 5.904012e+01 4.509576e-01 9.905970e-01 1.172634e+00 2.430334e+00 2.626482e+00 2.481225e+00 2.144204e+00 2.514090e+00 2.210415e+00 2.625073e+00 2.355189e+00 1.813780e+00 5.869379e-01 8.038840e-02 1.313179e-01 2.010677e-01 3.697823e-01 3.822424e-01 4.932869e-01 5.571924e-01 4.144387e-01 3.513066e-01 3.993403e-01 3.362886e-01 4.102794e-01 1.105596e-01
<GCONST> 1.124852e+02
<MIXTURE> 4 2.364946e-01
<MEAN> 39
 -7.846838e+00 -5.956422e+00 3.184157e+00 4.832758e+00 3.054169e-01 5.002757e+00 -3.813622e+00 -4.361875e+00 7.461610e+00 1.861455e+00 8.341536e+00 1.317022e+01 1.336890e+01 1.464625e-01 -2.580817e-02 4.402807e-02 9.954645e-02 -9.759323e-02 9.951019e-02 -7.475730e-02 -8.186565e-02 5.399736e-02 2.079938e-03 -9.149873e-02 -3.913189e-02 -2.619462e-02 7.780521e-02 2.201336e-03 -5.945955e-02 -6.845901e-02 1.665217e-02 5.210176e-02 -1.092555e-02 3.047284e-03 -2.688114e-02 -1.850973e-02 2.576009e-02 -5.314621e-02 -3.800756e-02
<VARIANCE> 39
 1.697396e+01 2.191632e+01 4.745522e+01 5.136232e+01 4.111495e+01 2.648813e+01 2.849273e+01 3.120114e+01 2.574627e+01 3.304641e+01 2.684735e+01 6.302315e+01 6.740751e+00 3.075061e-01 4.360546e-01 5.532075e-01 1.019091e+00 1.044245e+00 9.922407e-01 6.924084e-01 1.221009e+00 8.023350e-01 8.914880e-01 9.583459e-01 1.522459e+00 8.927276e-02 5.972742e-02 8.960788e-02 9.736243e-02 1.193163e-01 1.731186e-01 1.845319e-01 1.409341e-01 1.751830e-01 1.163325e-01 1.605622e-01 1.483140e-01 2.644241e-01 1.710905e-02
<GCONST> 8.206008e+01
<STATE> 5
<NUMMIXES> 4
<MIXTURE> 1 4.611331e-01
<MEAN> 39
 -1.655431e+00 -5.625348e-01 -1.167839e+00 -6.237456e-01 8.236199e-01 7.100657e-01 -2.523293e+00 -1.683480e+00 1.208651e+00 2.701529e+00 5.368149e+00 3.768523e+00 4.909586e+00 2.752489e-01 3.365681e-02 2.880333e-02 1.037676e-01 -8.373536e-02 -1.968779e-02 -1.139023e-01 -1.436315e-01 -1.719561e-01 4.525383e-02 2.862112e-02 -5.262875e-02 -1.646906e-01 4.724591e-04 4.514301e-02 1.952308e-02 -5.639460e-02 -5.396831e-02 -1.929812e-03 7.481295e-02 5.498812e-02 7.024033e-03 -1.236217e-01 1.150729e-02 1.463754e-02 -2.539822e-02
<VARIANCE> 39
 2.339840e+01 5.622111e+01 3.031686e+01 7.520725e+01 4.974100e+01 7.859978e+01 5.384883e+01 7.328043e+01 1.125735e+02 1.347822e+02 1.274715e+02 1.352108e+02 4.592542e+01 2.955711e-01 5.605209e-01 6.983624e-01 1.179872e+00 1.398140e+00 1.649202e+00 1.990669e+00 1.936056e+00 1.614566e+00 1.808636e+00 1.723674e+00 1.976674e+00 1.794468e-01 3.984222e-02 9.751003e-02 1.222096e-01 1.991098e-01 2.274339e-01 2.681308e-01 2.732868e-01 2.655003e-01 4.029866e-01 3.571771e-01 3.688951e-01 3.529626e-01 2.282204e-02
<GCONST> 1.046805e+02
<MIXTURE> 2 1.805007e-01
<MEAN> 39
 3.819150e+00 3.297652e+00 1.744950e-01 -3.725920e+00 -5.807210e+00 -5.224520e+00 -3.019373e+00 -2.697716e+00 -6.237353e+00 -8.908979e+00 -6.653545e+00 -2.904932e+00 2.875850e+00 1.966874e+00 -6.643524e-01 -6.977543e-01 -1.182521e+00 -7.932643e-01 -3.965501e-01 -1.421486e-01 -5.755279e-01 -3.171674e-01 -1.139742e+00 -1.122098e+00 -4.995429e-01 1.295622e+00 -7.644666e-01 -2.282192e-01 4.886158e-02 2.397841e-01 5.952768e-01 6.725667e-01 4.290695e-01 2.519242e-01 2.563518e-01 5.204090e-01 5.377927e-01 2.811099e-01 -9.811816e-02
<VARIANCE> 39
 2.899142e+01 4.338237e+01 2.879493e+01 6.480031e+01 3.820566e+01 4.068171e+01 5.579309e+01 7.312411e+01 3.524817e+01 5.487018e+01 4.392616e+01 4.868190e+01 1.820651e+01 3.300600e+00 3.198587e+00 3.058995e+00 4.691356e+00 4.174902e+00 4.986908e+00 4.740220e+00 5.067981e+00 2.448983e+00 3.823260e+00 3.996065e+00 3.994267e+00 2.455333e+00 3.677140e-01 3.771126e-01 3.879855e-01 5.140941e-01 6.591932e-01 7.020734e-01 8.270288e-01 7.694913e-01 4.217862e-01 4.595813e-01 5.493625e-01 5.818071e-01 1.741936e-01
<GCONST> 1.279471e+02
<MIXTURE> 3 2.108037e-01
<MEAN> 39
 -7.724761e-01 -2.969805e+00 -1.514959e+00 -5.923057e-02 -2.322603e+00 2.597412e+00 1.192847e+00 1.777604e+00 4.669291e+00 4.591304e+00 3.706468e+00 -3.321658e-01 5.988711e+00 1.148329e+00 2.013908e-01 -5.593910e-01 -1.197298e+00 -6.690123e-01 -8.136619e-01 -4.038182e-01 9.332786e-01 4.159343e-01 1.117049e+00 6.840281e-01 -4.993844e-01 2.263470e-02 -1.133475e-01 2.081031e-01 2.719434e-01 8.371405e-02 1.770322e-01 -2.116706e-01 -1.913107e-01 -1.685986e-01 -2.955417e-01 -2.304079e-01 -1.843230e-02 1.920709e-01 -2.411485e-01
<VARIANCE> 39
 2.463865e+01 5.479823e+01 2.585475e+01 9.561852e+01 6.283336e+01 4.802177e+01 6.654097e+01 9.685429e+01 8.418578e+01 1.225081e+02 9.299112e+01 1.504371e+02 3.411187e+01 1.552231e+00 2.637201e+00 2.990395e+00 4.829053e+00 4.070693e+00 4.222377e+00 4.487853e+00 5.439478e+00 1.053070e+01 9.247803e+00 7.933612e+00 7.903516e+00 3.903101e+00 2.853481e-01 4.629830e-01 3.844133e-01 6.692536e-01 6.993362e-01 6.242501e-01 6.827512e-01 7.604646e-01 6.545041e-01 7.859979e-01 7.199633e-01 1.029542e+00 2.275291e-01
<GCONST> 1.386851e+02
<MIXTURE> 4 1.475626e-01
<MEAN> 39
 1.483929e+00 6.533028e+00 -2.389686e+00 -7.847765e+00 -4.621325e+00 -3.536179e+00 -3.776882e+00 1.090737e+00 -1.665667e+00 2.239245e+00 7.510817e+00 6.226041e+00 4.387711e+00 2.109391e+00 -7.644105e-01 -9.797304e-01 -2.733695e+00 -6.914862e-01 -3.621361e-01 -1.269432e+00 -1.578345e+00 4.626775e-01 1.903998e+00 3.315050e+00 3.183447e+00 2.333572e+00 -8.648351e-01 -5.347001e-01 1.554314e-01 7.429076e-01 7.964989e-01 6.613486e-01 3.332618e-01 -1.511656e-01 -1.004901e-01 -8.525423e-02 -3.314771e-01 -1.651637e-01 -1.910079e-01
<VARIANCE> 39
 1.431874e+01 3.026172e+01 2.451734e+01 3.672525e+01 3.235480e+01 3.415819e+01 4.091713e+01 5.025558e+01 4.566612e+01 3.763996e+01 4.260229e+01 4.839407e+01 1.721498e+01 2.180557e+00 2.735193e+00 1.496262e+00 4.273773e+00 4.496634e+00 5.923189e+00 3.761391e+00 3.349082e+00 4.942993e+00 8.842496e+00 8.241484e+00 6.714126e+00 1.431632e+00 2.084307e-01 2.619704e-01 3.270390e-01 6.906267e-01 4.895981e-01 6.123984e-01 6.388717e-01 7.130047e-01 6.429584e-01 6.836038e-01 6.218506e-01 7.243609e-01 1.670088e-01
<GCONST> 1.249254e+02
<TRANSP> 6
 0.000000e+00 1.000000e+00 0.000000e+00 0.000000e+00 0.000000e+00 0.000000e+00
 0.000000e+00 4.518744e-01 5.481256e-01 0.000000e+00 0.000000e+00 0.000000e+00
 0.000000e+00 0.000000e+00 2.728495e-01 7.271506e-01 0.000000e+00 0.000000e+00
 0.000000e+00 0.000000e+00 0.000000e+00 3.505402e-01 6.494598e-01 0.000000e+00
 0.000000e+00 0.000000e+00 0.000000e+00 0.000000e+00 2.872200e-01 7.127800e-01
 0.000000e+00 0.000000e+00 0.000000e+00 0.000000e+00 0.000000e+00 0.000000e+00
<ENDHMM>
