~o
<STREAMINFO> 1 39
<VECSIZE> 39<NULLD><MFCC_D_A_Z_0><DIAGC>
~h "th"
<BEGINHMM>
<NUMSTATES> 6
<STATE> 2
<NUMMIXES> 4
<MIXTURE> 1 1.501042e-01
<MEAN> 39
 -2.030118e+00 -4.224166e+00 -2.429614e+00 -9.630513e-01 2.673645e+00 5.241221e+00 -2.461066e+00 -2.945050e+00 1.770000e+00 5.610419e+00 1.446127e+01 1.057977e+01 1.215070e+01 -8.174165e-01 -4.850179e-01 1.446697e-01 1.004058e+00 1.161349e+00 6.338430e-01 -2.225916e-01 1.210763e-01 3.494564e-01 2.176750e-01 9.609497e-01 1.000473e+00 7.946319e-01 2.500513e-01 2.343888e-01 3.141554e-01 7.832693e-02 -3.905850e-01 -5.989332e-01 4.494498e-02 2.516878e-01 8.512462e-02 -1.756232e-01 -7.656835e-01 -4.502164e-01 -5.533722e-01
<VARIANCE> 39
 1.611889e+01 3.957286e+01 1.987187e+01 9.706818e+01 6.397716e+01 6.173310e+01 4.290146e+01 5.040903e+01 7.516004e+01 1.173387e+02 1.028658e+02 8.865503e+01 2.561499e+01 1.139666e+00 1.849820e+00 2.291538e+00 4.875284e+00 4.218716e+00 4.050742e+00 3.148913e+00 3.478245e+00 4.666979e+00 5.175803e+00 6.188625e+00 6.173903e+00 1.149368e+00 1.726309e-01 3.013301e-01 3.767952e-01 5.900516e-01 6.013865e-01 7.391860e-01 5.959726e-01 7.341908e-01 8.247105e-01 9.964107e-01 1.038676e+00 1.014488e+00 2.433124e-01
<GCONST> 1.308101e+02
<MIXTURE> 2 3.829048e-01
<MEAN> 39
 -2.826922e+00 3.046199e+00 1.750101e+00 8.209399e-01 -1.152893e+00 -1.205326e+00 -1.204680e+00 -1.765773e+00 -5.403094e+00 -4.315489e+00 -4.014928e+00 -1.282265e+00 -7.049355e+00 -1.003439e+00 -3.111410e-01 -2.751609e-01 4.704375e-01 5.723235e-01 6.176733e-01 6.241961e-01 8.058307e-01 2.972151e-01 2.727296e-01 2.394127e-01 2.219367e-02 2.757536e-01 3.074233e-01 -7.378092e-02 -1.298891e-01 -3.128970e-01 -1.617110e-01 -2.095259e-02 -1.734705e-02 6.508692e-02 2.858681e-01 1.456577e-01 1.082616e-01 -2.934905e-02 4.502422e-01
<VARIANCE> 39
 2.667937e+01 3.128840e+01 2.257115e+01 3.470744e+01 2.921560e+01 3.858121e+01 3.500615e+01 4.500346e+01 4.216179e+01 5.398333e+01 4.419577e+01 5.070725e+01 3.558486e+01 1.741774e+00 2.194293e+00 1.487285e+00 2.428434e+00 2.391358e+00 2.806704e+00 3.216262e+00 3.479554e+00 3.303742e+00 3.406794e+00 3.383795e+00 2.886610e+00 3.068265e+00 2.933098e-01 4.124044e-01 3.413872e-01 4.835715e-01 4.781643e-01 6.095489e-01 5.781458e-01 6.823364e-01 7.412372e-01 7.462925e-01 6.280956e-01 5.764007e-01 4.108584e-01
<GCONST> 1.226653e+02
<MIXTURE> 3 2.939541e-01
<MEAN> 39
 -9.194067e-01 9.091269e-01 -3.283408e+00 2.198796e-01 1.544914e+00 -7.587836e-01 -2.658294e-01 -7.518235e-01 1.944269e+00 2.453374e+00 6.232147e+00 5.610076e+00 6.870491e+00 -5.445074e-02 -1.035678e-02 -1.535205e-01 1.241156e-01 1.329646e-03 -5.440872e-03 1.088839e-01 9.578540e-02 7.532378e-02 1.769532e-01 6.804092e-02 1.946887e-01 -6.989854e-02 3.351187e-02 -9.091914e-02 3.828292e-02 -1.681064e-01 -8.681574e-02 -7.986705e-02 -4.028295e-02 -4.354657e-02 -8.979787e-02 -3.242078e-02 -4.406644e-02 -1.043450e-01 -3.255964e-02
<VARIANCE> 39
 2.242628e+01 6.584657e+01 3.783032e+01 8.403570e+01 5.870250e+01 5.999190e+01 5.789218e+01 6.426186e+01 8.117828e+01 1.229651e+02 1.160426e+02 1.333333e+02 4.142490e+01 2.891717e-01 5.707468e-01 7.930125e-01 1.090540e+00 1.550819e+00 1.715423e+00 1.725506e+00 2.039059e+00 1.630953e+00 2.065927e+00 2.231152e+00 2.243430e+00 1.525216e-01 5.187686e-02 7.925755e-02 1.377366e-01 1.733359e-01 2.103682e-01 2.875419e-01 2.439080e-01 3.065774e-01 3.350008e-01 3.587500e-01 3.521673e-01 3.386258e-01 2.109108e-02
<GCONST> 1.045095e+02
<MIXTURE> 4 1.730368e-01
<MEAN> 39
 -1.235955e+00 9.880109e-01 -1.814237e+00 -3.889168e+00 -7.935350e-01 2.733353e-01 4.351466e+00 3.375406e+00 5.784516e+00 7.098588e-01 -6.694998e-01 -1.908172e+00 4.094304e+00 -9.638625e-01 -1.787160e-01 -6.863496e-01 5.161759e-01 3.886343e-01 9.206240e-01 7.676763e-01 1.858822e-02 4.049466e-01 -3.917925e-02 8.598143e-01 6.658808e-01 1.576183e+00 1.167915e-01 -7.688436e-02 1.423485e-01 2.092778e-01 8.530674e-02 -3.494110e-02 -3.256966e-01 -1.766414e-01 -1.818073e-01 3.195904e-01 2.202234e-02 -1.890070e-01 -1.271416e-01
<VARIANCE> 39
 2.625380e+01 5.537259e+01 4.648624e+01 5.908091e+01 5.899786e+01 6.276126e+01 5.100575e+01 8.445805e+01 1.160615e+02 1.184584e+02 1.278195e+02 1.018298e+02 5.179067e+01 1.971301e+00 3.441711e+00 4.142432e+00 4.681129e+00 4.483420e+00 5.132777e+00 5.701447e+00 6.680769e+00 7.961058e+00 7.386583e+00 8.280992e+00 7.706749e+00 5.627274e+00 3.776526e-01 5.589920e-01 6.128312e-01 6.250609e-01 8.665087e-01 9.644076e-01 8.981184e-01 1.186125e+00 1.403421e+00 1.042136e+00 1.226747e+00 1.422936e+00 6.450815e-01
<GCONST> 1.458930e+02
<STATE> 3
<NUMMIXES> 4
<MIXTURE> 1 2.072513e-01
<MEAN> 39
 -4.114224e+00 -7.619020e+00 9.130924e-01 7.157158e+00 2.155347e+00 5.374918e+00 -2.537529e+00 -1.506400e+00 6.623484e+00 5.166732e+00 1.157983e+01 9.287029e+00 1.335098e+01 -4.067381e-03 -1.338650e-01 2.377678e-01 2.061436e-01 -2.097471e-01 -2.003051e-01 4.049439e-02 2.458244e-01 -8.094261e-02 -5.323949e-02 -3.976150e-02 -2.537857e-01 -1.151271e-01 1.562384e-01 8.886756e-02 -8.358904e-03 -2.602422e-01 -1.910685e-01 -8.143605e-02 7.164648e-03 -4.364203e-02 -1.548629e-01 -1.176075e-02 -1.495305e-01 -2.853027e-01 -1.330177e-01
<VARIANCE> 39
 2.564746e+01 1.414029e+01 2.615650e+01 5.509764e+01 5.367395e+01 4.040698e+01 4.277413e+01 5.251478e+01 6.210407e+01 7.843212e+01 1.065255e+02 1.012758e+02 3.281624e+01 6.809617e-01 9.213134e-01 1.361705e+00 3.198573e+00 2.121453e+00 1.984862e+00 2.192960e+00 2.111739e+00 2.625967e+00 3.106267e+00 3.563400e+00 3.855079e+00 3.179660e-01 9.799118e-02 1.518483e-01 2.200585e-01 2.820148e-01 3.524751e-01 4.062792e-01 3.371972e-01 2.912131e-01 4.054076e-01 4.481936e-01 4.889230e-01 5.747442e-01 6.947026e-02
<GCONST> 1.121666e+02
<MIXTURE> 2 2.248898e-01
<MEAN> 39
 -5.744655e+00 7.251759e-01 9.228874e-01 1.060041e+00 9.150385e-01 1.856327e+00 2.975181e+00 1.887682e+00 -9.375078e-01 -1.758427e+00 -2.091166e+00 -2.013601e+00 -3.119569e+00 6.287120e-01 4.259273e-02 -1.430808e-01 -4.903243e-01 -3.971622e-02 3.683810e-01 -8.273605e-02 8.913310e-02 3.614736e-01 1.315564e-01 1.533105e-02 -2.553902e-01 1.368206e+00 7.365173e-01 4.314450e-02 -1.485315e-01 -4.740711e-01 -4.345267e-01 -3.174941e-01 -3.833868e-01 -2.862760e-01 1.257149e-01 6.839149e-02 1.715714e-02 6.779018e-02 3.832035e-01
<VARIANCE> 39
 3.274518e+01 4.959789e+01 2.819472e+01 4.710403e+01 3.724165e+01 4.277292e+01 4.373943e+01 5.280590e+01 7.306152e+01 6.494150e+01 5.532203e+01 5.531625e+01 5.727979e+01 2.398109e+00 3.406369e+00 2.612325e+00 3.037130e+00 3.445981e+00 3.880809e+00 4.169106e+00 4.985086e+00 5.989034e+00 5.776490e+00 5.180085e+00 4.471822e+00 4.006857e+00 3.619693e-01 5.218625e-01 4.511545e-01 6.971644e-01 5.933986e-01 7.747960e-01 8.516229e-01 1.099898e+00 1.586224e+00 1.327653e+00 1.050613e+00 1.181350e+00 6.262055e-01
<GCONST> 1.366189e+02
<MIXTURE> 3 3.939245e-01
<MEAN> 39
 -7.959747e+00 2.244249e+00 1.001851e+00 1.312247e+00 8.828264e-01 2.970040e+00 7.566817e-01 1.256594e+00 -1.126397e+00 -3.376086e+00 -2.525395e+00 -1.126291e+00 -3.473865e+00 -1.557257e-01 -1.381129e-02 1.641209e-01 3.197618e-02 1.510706e-01 4.867334e-03 1.920302e-01 3.458568e-02 7.338224e-02 -7.998723e-02 -1.670105e-01 -1.360506e-01 -3.735040e-02 1.730745e-01 1.300076e-02 6.146016e-02 -6.483568e-02 -9.235123e-02 -1.027323e-01 -1.088552e-01 -5.577962e-02 -6.507386e-02 -3.039682e-02 -2.516587e-02 -2.237387e-02 3.798830e-02
<VARIANCE> 39
 2.927670e+01 3.210264e+01 1.783068e+01 3.245599e+01 2.882088e+01 4.136857e+01 3.584222e+01 4.596596e+01 4.194309e+01 4.863186e+01 3.491406e+01 2.926257e+01 2.936433e+01 4.559055e-01 6.024738e-01 8.349549e-01 1.410111e+00 1.482071e+00 1.714500e+00 1.991610e+00 2.770262e+00 2.657362e+00 2.427198e+00 2.268104e+00 1.858409e+00 5.170205e-01 9.720261e-02 1.336960e-01 1.431991e-01 2.404778e-01 3.276299e-01 3.806379e-01 3.741377e-01 5.339361e-01 5.414062e-01 5.091885e-01 4.738756e-01 3.739201e-01 7.540178e-02
<GCONST> 1.044504e+02
<MIXTURE> 4 1.739343e-01
<MEAN> 39
 -1.494382e+00 6.437191e+00 -6.820602e+00 -7.130090e+00 4.420844e+00 -5.916649e+00 3.287072e+00 -1.475671e-01 2.186838e+00 5.569062e+00 8.369752e+00 6.019121e+00 6.854115e+00 1.207543e-02 -1.898122e-01 2.891350e-01 -2.909681e-01 3.330987e-01 -5.482418e-02 -7.006816e-03 3.508283e-01 -1.079529e-01 2.939023e-01 -5.148591e-02 -6.202038e-01 -4.698606e-03 1.068049e-01 -1.651347e-01 2.159536e-01 8.359808e-02 -2.347293e-01 1.435542e-01 -1.564067e-01 -1.522704e-02 -3.150817e-02 -1.086696e-01 -1.674252e-01 -2.455559e-01 -6.704651e-02
<VARIANCE> 39
 1.722000e+01 3.605370e+01 3.195218e+01 5.930356e+01 4.110597e+01 5.468214e+01 6.641286e+01 7.232401e+01 9.207157e+01 1.625397e+02 1.438921e+02 1.175079e+02 1.628272e+01 4.301579e-01 1.101919e+00 1.371398e+00 1.665834e+00 1.919907e+00 2.814273e+00 2.237480e+00 3.283213e+00 3.243386e+00 2.959273e+00 2.841173e+00 5.164407e+00 4.116718e-01 6.660800e-02 1.160316e-01 1.561314e-01 2.739177e-01 3.357524e-01 3.534396e-01 4.142922e-01 4.485333e-01 4.302467e-01 5.183862e-01 5.229713e-01 5.103463e-01 4.497623e-02
<GCONST> 1.140578e+02
<STATE> 4
<NUMMIXES> 4
<MIXTURE> 1 3.064516e-01
<MEAN> 39
 -1.805157e+00 -5.435840e-01 -8.544071e-01 -7.090620e-01 1.366841e+00 6.273913e-01 -3.236857e-01 4.816763e-01 1.499836e+00 2.379258e+00 4.739211e+00 2.862365e+00 4.843074e+00 1.155540e-01 -5.221995e-02 2.742088e-01 -1.019886e-01 -2.340378e-01 -1.467673e-01 -1.014062e-01 1.294851e-01 -1.735629e-01 5.476922e-05 -3.656524e-01 -3.771647e-01 -1.351766e-01 9.823237e-02 4.570456e-03 -5.448966e-03 -5.232134e-02 -1.133771e-01 -2.990492e-02 -5.629930e-02 -6.009328e-03 -1.022047e-03 -9.482045e-02 -1.215391e-01 -8.013190e-02 -4.475257e-02
<VARIANCE> 39
 3.002123e+01 5.270489e+01 3.384739e+01 9.478072e+01 6.025900e+01 6.508012e+01 6.111857e+01 8.245995e+01 1.037658e+02 1.577841e+02 1.732866e+02 1.407999e+02 6.258156e+01 4.590166e-01 8.513330e-01 1.106464e+00 1.451333e+00 1.468907e+00 2.409753e+00 2.024236e+00 2.010423e+00 2.751405e+00 3.036101e+00 2.581587e+00 3.280115e+00 3.082557e-01 8.056714e-02 1.219929e-01 1.687793e-01 2.404384e-01 2.890445e-01 3.232238e-01 3.796636e-01 4.025621e-01 4.141992e-01 4.469048e-01 4.451953e-01 3.996546e-01 3.673488e-02
<GCONST> 1.143494e+02
<MIXTURE> 2 2.122581e-01
<MEAN> 39
 -4.136759e+00 3.115855e+00 2.974720e+00 9.023941e-01 1.401005e+00 1.939003e-01 7.536869e-01 5.563337e-01 -3.360710e+00 -3.345347e+00 -3.904025e+00 -2.676378e+00 -3.982223e+00 2.376374e+00 1.476303e-01 -8.673527e-01 -2.032909e+00 -1.522728e+00 -6.351671e-01 -8.373362e-01 -5.557796e-01 7.154297e-01 3.917962e-01 1.103886e+00 1.004395e+00 2.282072e+00 3.236172e-01 -2.987477e-01 -4.139083e-01 -3.447837e-01 -3.147719e-01 4.331755e-02 -5.085986e-02 -1.354852e-01 2.546644e-01 1.774158e-01 4.918788e-01 4.136637e-01 4.787150e-01
<VARIANCE> 39
 2.405948e+01 3.575991e+01 2.512873e+01 2.450338e+01 3.573716e+01 3.837249e+01 3.618780e+01 4.294440e+01 5.642362e+01 4.904138e+01 4.170404e+01 3.368880e+01 2.776686e+01 2.367610e+00 3.165533e+00 2.178067e+00 3.924988e+00 3.014171e+00 4.772577e+00 5.473528e+00 6.249619e+00 9.820341e+00 9.797386e+00 7.810570e+00 6.388749e+00 3.711194e+00 3.088681e-01 3.475292e-01 4.042763e-01 4.594195e-01 5.750498e-01 6.678461e-01 8.192173e-01 1.040018e+00 1.321737e+00 1.371780e+00 1.083810e+00 1.021358e+00 2.848125e-01
<GCONST> 1.324817e+02
<MIXTURE> 3 2.993549e-01
<MEAN> 39
 -6.247580e+00 -3.639707e+00 -2.593184e+00 5.651785e+00 4.481669e+00 5.234653e+00 -1.672893e+00 -7.179030e+00 3.682684e+00 1.384981e+00 6.373436e+00 5.526011e+00 1.311244e+01 -1.149285e-02 -5.170787e-02 5.386880e-02 4.413755e-02 -1.672032e-01 -2.013512e-03 -1.253645e-01 -6.326801e-02 9.687696e-02 3.836912e-02 2.617313e-02 8.525540e-02 -3.933742e-02 3.036550e-02 -9.226364e-03 -1.493588e-02 -7.934501e-02 -5.551786e-02 -6.108866e-03 4.298057e-02 -5.892573e-03 -4.669589e-02 2.447363e-03 3.488159e-02 3.742460e-02 -2.992549e-02
<VARIANCE> 39
 9.833467e+00 1.884931e+01 2.761228e+01 5.050007e+01 5.202499e+01 2.436747e+01 3.542321e+01 5.069876e+01 2.365495e+01 2.867077e+01 4.546429e+01 5.595147e+01 1.070183e+01 2.589352e-01 4.487905e-01 5.319318e-01 1.136518e+00 9.525305e-01 9.666727e-01 1.037720e+00 1.215104e+00 8.955762e-01 9.716207e-01 1.137889e+00 1.202590e+00 8.113670e-02 4.226282e-02 8.121268e-02 1.018996e-01 1.453593e-01 1.528574e-01 1.824982e-01 1.462900e-01 2.372935e-01 1.712067e-01 1.637014e-01 2.026884e-01 2.193869e-01 1.119719e-02
<GCONST> 8.265943e+01
<MIXTURE> 4 1.819355e-01
<MEAN> 39
 -3.351432e-02 -1.636231e+00 -2.042645e+00 -3.823672e+00 4.147538e-01 2.555400e+00 7.765525e-01 2.111173e-01 2.903718e+00 1.607347e+00 5.060606e+00 4.548213e+00 7.482119e+00 6.634617e-01 -3.130734e-01 -1.107809e-01 -3.709680e-01 -8.491102e-01 -1.669934e-02 -2.891801e-01 -1.439484e-01 3.971796e-01 -1.702911e-01 -6.404997e-01 -9.711582e-01 5.014469e-01 -1.353138e-02 1.036668e-01 1.562451e-01 3.181707e-01 -1.628433e-01 -3.055620e-01 -1.776467e-01 -1.756282e-01 -2.214957e-01 -8.648852e-02 -2.674695e-01 -1.025910e-01 -3.753346e-01
<VARIANCE> 39
 2.231878e+01 4.628490e+01 2.206040e+01 6.418664e+01 5.075241e+01 6.319647e+01 5.634235e+01 6.337764e+01 6.762439e+01 1.002957e+02 1.188503e+02 1.132555e+02 4.002148e+01 2.412349e+00 3.587937e+00 3.285908e+00 5.371328e+00 5.091406e+00 6.050531e+00 5.235795e+00 7.127729e+00 6.876935e+00 5.424199e+00 8.308976e+00 8.788166e+00 6.598468e+00 2.674527e-01 4.470133e-01 3.658911e-01 6.579105e-01 6.720742e-01 8.116860e-01 6.529932e-01 5.704625e-01 6.962696e-01 7.135139e-01 9.420784e-01 9.176738e-01 3.986695e-01
<GCONST> 1.391122e+02
<STATE> 5
<NUMMIXES> 4
<MIXTURE> 1 2.196698e-01
<MEAN> 39
 -3.041837e+00 -4.318770e+00 -6.445405e-01 1.662519e+00 3.598039e+00 3.340436e+00 -1.015077e+00 1.962104e-01 6.939742e+00 1.176143e+01 1.098311e+01 2.871529e+00 1.175245e+01 9.933527e-02 -2.563579e-01 3.219918e-01 3.991791e-01 -4.180735e-01 1.566123e-01 1.519002e-01 2.459962e-02 2.906545e-01 6.738567e-02 -3.619071e-01 -4.189643e-01 -7.924498e-02 1.759356e-01 1.710075e-01 -2.721566e-02 -6.372142e-02 -1.257237e-01 -2.297667e-01 1.216641e-01 3.739795e-02 -1.699840e-01 -3.500662e-01 -1.592265e-01 5.476088e-02 -2.374798e-01
<VARIANCE> 39
 1.627695e+01 4.148901e+01 2.291823e+01 8.597954e+01 9.453880e+01 5.260775e+01 3.863461e+01 6.639296e+01 6.960494e+01 1.205969e+02 1.181149e+02 1.957228e+02 3.136671e+01 8.235694e-01 1.162045e+00 1.163123e+00 2.818306e+00 3.127955e+00 3.125079e+00 2.873504e+00 2.898206e+00 2.974881e+00 3.926157e+00 4.874513e+00 6.104582e+00 6.142732e-01 1.238610e-01 1.826576e-01 1.769511e-01 3.227894e-01 5.696689e-01 6.210027e-01 5.654579e-01 5.136617e-01 5.863125e-01 7.146518e-01 7.829344e-01 9.060100e-01 1.682843e-01
<GCONST> 1.236537e+02
<MIXTURE> 2 2.627423e-01
<MEAN> 39
 3.979949e+00 4.124176e+00 -9.619315e-01 -6.193460e+00 -3.855330e+00 -4.700952e+00 -2.876470e+00 -4.409003e+00 -4.949027e+00 -7.061689e+00 -2.350052e+00 1.588077e+00 2.748037e+00 1.499363e+00 -1.699033e-01 -5.747771e-01 -8.182927e-01 -9.914731e-01 -6.677650e-01 -5.670321e-01 -1.013404e+00 -4.173869e-01 -8.437082e-01 -2.570837e-01 5.984338e-01 1.173630e+00 -5.768238e-01 -2.953776e-01 6.209324e-02 5.454468e-01 4.369935e-01 4.227876e-01 4.012235e-01 3.788039e-01 1.105164e-01 2.706711e-01 1.257492e-01 -1.134219e-01 -2.014265e-01
<VARIANCE> 39
 2.034297e+01 4.592733e+01 3.338100e+01 4.664166e+01 4.526781e+01 5.425610e+01 5.340935e+01 5.081805e+01 4.493579e+01 4.709288e+01 7.873979e+01 7.697561e+01 2.951518e+01 2.504130e+00 2.848239e+00 2.753935e+00 4.035618e+00 3.419913e+00 4.201500e+00 4.816787e+00 4.344929e+00 3.907578e+00 4.253832e+00 6.187628e+00 7.702118e+00 4.381641e+00 2.814043e-01 3.931415e-01 3.382588e-01 4.846440e-01 5.917510e-01 6.124950e-01 7.588550e-01 7.455003e-01 5.695444e-01 6.307403e-01 7.445053e-01 7.550946e-01 2.852792e-01
<GCONST> 1.311148e+02
<MIXTURE> 3 3.316583e-01
<MEAN> 39
 -4.689346e-01 -9.032418e-01 -5.103280e-01 7.501280e-02 -9.441174e-01 -9.027740e-01 -1.606250e+00 -1.689223e+00 -2.248839e+00 -2.533865e+00 6.050252e-01 2.715600e+00 3.221200e+00 1.023715e-01 -6.986060e-02 2.209306e-03 -7.235785e-02 -2.828815e-01 -2.132862e-01 -2.584434e-01 3.395950e-01 -2.155592e-01 -2.213550e-01 -5.947453e-02 4.634378e-03 -1.608274e-01 2.843007e-02 3.925914e-02 -5.560477e-02 -1.583875e-02 5.969295e-02 1.385888e-01 4.800973e-02 8.134900e-03 9.207537e-02 1.771726e-02 1.048135e-01 1.220294e-01 -1.935786e-02
<VARIANCE> 39
 3.036559e+01 4.817099e+01 3.672104e+01 8.706142e+01 5.121986e+01 6.794712e+01 6.945975e+01 7.167923e+01 7.381716e+01 9.675682e+01 1.303649e+02 1.047059e+02 6.869794e+01 3.543917e-01 6.583264e-01 8.793765e-01 1.446155e+00 1.435604e+00 1.918873e+00 2.177884e+00 1.897747e+00 2.345854e+00 2.123505e+00 2.094098e+00 1.835640e+00 2.855015e-01 5.472528e-02 9.933708e-02 1.589957e-01 2.189115e-01 2.522659e-01 3.531263e-01 3.903899e-01 3.923819e-01 4.748563e-01 3.877424e-01 4.469987e-01 3.815429e-01 3.524974e-02
<GCONST> 1.095709e+02
<MIXTURE> 4 1.859296e-01
<MEAN> 39
 1.954741e+00 -2.438768e+00 -3.107529e+00 -4.986035e+00 -5.060589e+00 2.511504e+00 2.538682e+00 4.703047e+00 8.748254e+00 6.641493e+00 3.632489e+00 -2.880833e+00 6.672490e+00 8.372076e-01 -1.354766e+00 -7.516922e-01 -6.592273e-01 -6.638705e-01 7.062043e-01 -2.219170e-01 2.383460e-01 1.890936e+00 1.950073e+00 2.205967e+00 6.104707e-01 2.532740e+00 -6.607195e-01 1.263571e-01 4.430654e-01 7.134852e-01 6.755505e-01 -2.847856e-02 -1.335852e-01 -4.414879e-01 -8.682307e-01 -6.634497e-01 -2.700261e-01 4.173706e-01 -6.393310e-01
<VARIANCE> 39
 1.686023e+01 6.004691e+01 2.836456e+01 6.290363e+01 4.900755e+01 7.046893e+01 6.190511e+01 7.375579e+01 1.037082e+02 1.128140e+02 1.297607e+02 1.322834e+02 2.994614e+01 2.450636e+00 2.789306e+00 3.484293e+00 5.425325e+00 4.668957e+00 6.160928e+00 7.125062e+00 8.232881e+00 1.372101e+01 1.213025e+01 1.526401e+01 1.863036e+01 3.266270e+00 3.152564e-01 5.741143e-01 4.225147e-01 7.380728e-01 6.735203e-01 1.084248e+00 8.294812e-01 9.663713e-01 1.290988e+00 1.979069e+00 1.386431e+00 1.483726e+00 5.179017e-01
<GCONST> 1.470072e+02
<TRANSP> 6
 0.000000e+00 1.000000e+00 0.000000e+00 0.000000e+00 0.000000e+00 0.000000e+00
 0.000000e+00 3.697012e-01 6.302988e-01 0.000000e+00 0.000000e+00 0.000000e+00
 0.000000e+00 0.000000e+00 5.556100e-01 4.443900e-01 0.000000e+00 0.000000e+00
 0.000000e+00 0.000000e+00 0.000000e+00 4.148387e-01 5.851613e-01 0.000000e+00
 0.000000e+00 0.000000e+00 0.000000e+00 0.000000e+00 3.488873e-01 6.511127e-01
 0.000000e+00 0.000000e+00 0.000000e+00 0.000000e+00 0.000000e+00 0.000000e+00
<ENDHMM>
