~o
<STREAMINFO> 1 39
<VECSIZE> 39<NULLD><MFCC_D_A_Z_0><DIAGC>
~h "uw"
<BEGINHMM>
<NUMSTATES> 6
<STATE> 2
<NUMMIXES> 4
<MIXTURE> 1 3.052891e-01
<MEAN> 39
 1.932492e+00 -7.236235e+00 -2.874975e+00 8.348469e+00 -5.071150e+00 4.077202e+00 -2.643482e+00 -4.360533e+00 -3.893808e-01 8.472877e+00 1.617815e+01 1.528297e+01 8.214649e+00 1.897445e-02 1.127375e-02 9.497627e-03 3.795219e-03 -4.758739e-03 2.638563e-02 -1.164880e-02 1.430567e-02 1.399349e-02 2.850511e-02 1.259197e-02 -5.535337e-03 -3.114510e-02 -7.187784e-03 -2.030665e-04 -1.916209e-02 -3.560849e-02 -7.239323e-03 -1.530707e-02 -1.014390e-02 -8.135937e-03 7.611031e-03 3.979695e-03 -1.094301e-03 -1.785757e-02 -8.638579e-03
<VARIANCE> 39
 1.685453e+01 1.591093e+01 2.645713e+01 5.950871e+01 3.442389e+01 4.574154e+01 5.110541e+01 6.027419e+01 8.971906e+01 7.697363e+01 6.572051e+01 9.025497e+01 1.136991e+01 1.542484e-01 2.903129e-01 4.073394e-01 5.263268e-01 5.801967e-01 6.496885e-01 6.837980e-01 6.953151e-01 6.853516e-01 8.304220e-01 8.144484e-01 8.246341e-01 5.062792e-02 2.609311e-02 5.134425e-02 7.335952e-02 9.138877e-02 1.007487e-01 1.160677e-01 1.244549e-01 1.256501e-01 1.242112e-01 1.494468e-01 1.517234e-01 1.501665e-01 1.000000e-02
<GCONST> 7.707364e+01
<MIXTURE> 2 1.685118e-01
<MEAN> 39
 3.046207e+00 -1.142123e+00 -1.442771e+00 -2.412570e+00 -3.331308e+00 3.280012e-01 -2.579428e+00 -1.625329e+00 3.210052e+00 7.807973e+00 9.641427e+00 4.201137e+00 4.725239e+00 -3.923344e-02 3.357976e-02 -1.646121e-01 -1.846812e-01 2.671033e-01 1.756989e-01 -1.197247e-01 -3.454917e-01 -1.559276e-01 4.616661e-02 2.913166e-01 3.119612e-01 2.268128e-01 -7.618848e-02 4.314888e-02 6.575456e-02 1.086741e-01 8.819757e-02 -2.750849e-02 -3.115925e-03 8.509547e-03 -7.990792e-02 -6.241743e-02 -4.828439e-02 4.856599e-02 -7.508308e-02
<VARIANCE> 39
 2.295489e+01 4.537932e+01 3.236403e+01 7.779193e+01 6.167105e+01 8.867797e+01 6.793991e+01 1.072670e+02 1.507741e+02 1.897519e+02 1.729630e+02 1.986057e+02 3.243137e+01 1.390145e+00 1.957129e+00 2.132528e+00 3.447583e+00 3.716483e+00 5.268409e+00 4.260494e+00 4.708387e+00 5.514439e+00 6.571139e+00 7.396624e+00 7.707992e+00 1.670160e+00 2.057125e-01 2.849903e-01 3.525014e-01 5.084358e-01 6.034670e-01 8.461500e-01 7.565854e-01 8.186955e-01 9.226361e-01 1.040573e+00 1.086728e+00 1.091122e+00 2.101339e-01
<GCONST> 1.381208e+02
<MIXTURE> 3 3.179305e-01
<MEAN> 39
 2.374047e+00 -3.679238e+00 -2.983666e+00 9.736140e-01 -3.766213e+00 4.361937e-01 -3.967543e+00 -4.061363e+00 9.825841e-01 7.546713e+00 1.641039e+01 1.550004e+01 6.874356e+00 5.101545e-02 4.603378e-02 -1.138711e-02 1.548791e-03 -2.094227e-03 -7.854155e-02 -4.351867e-02 3.851151e-02 -3.596275e-02 3.011226e-02 -3.995051e-02 -1.588944e-02 -1.072173e-01 3.360270e-02 5.236651e-02 4.646383e-02 -8.959425e-03 5.908436e-03 1.905409e-02 5.525204e-02 2.232306e-02 1.139391e-02 -1.274630e-02 -1.070524e-01 -1.437558e-01 -1.337893e-02
<VARIANCE> 39
 2.027472e+01 4.065487e+01 3.568292e+01 8.617537e+01 5.553742e+01 7.210583e+01 6.908780e+01 6.903919e+01 8.582986e+01 1.030803e+02 9.009074e+01 7.185696e+01 1.809847e+01 3.578292e-01 7.648697e-01 1.038240e+00 1.554227e+00 1.688947e+00 2.120228e+00 2.178591e+00 2.215543e+00 2.509154e+00 2.591793e+00 2.544568e+00 2.721425e+00 1.988607e-01 6.019127e-02 1.252104e-01 1.805205e-01 2.410511e-01 2.972253e-01 3.620841e-01 3.695270e-01 3.695854e-01 3.987295e-01 4.098231e-01 4.293370e-01 4.247264e-01 2.917020e-02
<GCONST> 1.088814e+02
<MIXTURE> 4 2.082685e-01
<MEAN> 39
 -3.973693e-01 -5.310046e+00 4.686769e-01 4.897800e+00 -4.167815e-01 6.901679e+00 -2.688139e+00 2.452148e+00 1.230511e+01 1.752846e+01 1.067952e+01 -8.873793e+00 8.257600e+00 2.754969e-02 -1.801868e-02 -6.480298e-03 1.105088e-02 -3.189071e-02 -1.975205e-02 -2.550566e-02 5.754973e-02 1.113127e-02 3.997458e-02 4.648157e-03 -3.702303e-02 -4.969892e-02 -2.502264e-03 -1.777890e-02 -5.337378e-02 -5.166566e-02 -4.299553e-02 -4.824847e-02 4.941626e-03 -2.073314e-02 -6.146200e-02 -5.337929e-02 2.700607e-02 1.312552e-01 -2.188749e-02
<VARIANCE> 39
 1.486264e+01 2.756388e+01 2.499035e+01 8.276207e+01 7.630058e+01 6.011857e+01 6.464014e+01 1.257378e+02 1.490054e+02 1.392968e+02 2.193620e+02 1.544426e+02 1.818840e+01 2.768522e-01 5.035161e-01 6.607276e-01 8.839085e-01 8.661138e-01 1.071499e+00 1.071224e+00 1.216334e+00 1.396364e+00 1.483139e+00 1.556224e+00 2.055175e+00 9.218630e-02 4.959621e-02 8.790509e-02 1.178805e-01 1.455314e-01 1.515518e-01 1.961293e-01 1.942400e-01 2.079862e-01 2.458512e-01 2.565981e-01 2.539889e-01 2.915998e-01 1.451570e-02
<GCONST> 9.739725e+01
<STATE> 3
<NUMMIXES> 4
<MIXTURE> 1 2.746982e-01
<MEAN> 39
 6.832225e-01 3.743161e+00 -2.737489e+00 -9.539683e+00 6.945679e+00 -1.966462e+00 -4.404838e+00 -4.178960e+00 -6.894602e+00 -7.113014e+00 1.352288e+00 1.548340e+00 7.115154e+00 1.270964e-02 4.019782e-02 -5.079912e-03 -3.376740e-03 7.244701e-03 -2.976313e-02 4.042678e-02 -8.369461e-03 1.675553e-04 1.980119e-03 -7.270256e-03 3.780953e-02 -4.003295e-02 1.278108e-02 -1.879556e-02 5.157519e-03 7.078910e-03 -6.985240e-02 1.049705e-02 -9.578536e-06 -2.805953e-02 1.539457e-02 -1.076388e-02 -1.325045e-02 3.045443e-03 -1.551768e-02
<VARIANCE> 39
 8.261662e+00 3.216577e+01 1.786472e+01 3.798668e+01 2.728145e+01 5.925531e+01 6.118883e+01 4.131563e+01 4.279727e+01 5.030868e+01 1.018824e+02 1.350501e+02 9.129547e+00 1.267539e-01 3.694630e-01 4.364243e-01 6.598419e-01 7.806837e-01 9.576839e-01 1.005335e+00 9.931470e-01 1.029044e+00 9.632536e-01 1.022818e+00 9.688627e-01 5.765054e-02 2.155869e-02 5.431730e-02 7.367972e-02 1.136448e-01 1.366261e-01 1.577985e-01 1.656280e-01 1.735399e-01 1.734816e-01 1.686370e-01 1.683980e-01 1.680517e-01 1.000000e-02
<GCONST> 8.032832e+01
<MIXTURE> 2 2.718427e-01
<MEAN> 39
 5.100310e+00 2.046468e-01 -1.635014e+00 -2.993432e+00 -2.341002e+00 -9.923375e-01 -3.955281e+00 -6.208880e+00 -6.028776e+00 -7.101836e+00 -3.988477e+00 -1.304729e+00 4.273170e+00 3.347912e-02 1.885786e-01 1.828310e-02 -1.339284e-01 1.116134e-01 -9.924526e-02 -2.509806e-02 -5.315223e-02 -5.787911e-02 -2.109143e-02 -9.551122e-02 -4.354778e-02 -1.131757e-01 -1.634149e-02 2.528190e-02 2.588636e-02 4.412365e-02 1.615817e-02 -3.415010e-02 4.713929e-02 4.547878e-02 6.553194e-03 3.698477e-02 3.932383e-02 3.504134e-02 -2.304460e-02
<VARIANCE> 39
 2.283466e+01 4.411855e+01 3.584328e+01 7.630659e+01 5.481722e+01 6.910642e+01 6.825923e+01 7.621045e+01 6.581223e+01 7.337598e+01 8.211866e+01 9.357806e+01 2.469456e+01 6.735644e-01 1.256350e+00 1.377734e+00 2.232975e+00 2.413874e+00 3.075806e+00 3.032354e+00 3.136256e+00 2.982961e+00 2.880760e+00 2.997049e+00 2.943208e+00 6.957774e-01 9.852459e-02 1.639922e-01 2.294599e-01 3.327412e-01 3.933966e-01 5.049143e-01 5.136961e-01 5.489289e-01 5.215422e-01 5.048339e-01 5.022399e-01 4.793541e-01 8.321867e-02
<GCONST> 1.182933e+02
<MIXTURE> 3 9.750865e-02
<MEAN> 39
 3.313011e+00 4.526252e+00 -2.533067e+00 -6.695486e+00 -1.772326e+00 -6.330818e+00 3.466300e+00 7.763135e+00 1.251730e+01 2.114710e+01 1.620815e+01 -1.014592e+00 2.591673e+00 2.584002e-02 1.400028e-02 8.827752e-03 1.617684e-02 -2.439927e-02 -1.007304e-02 3.358209e-02 -8.421958e-03 1.296822e-02 -3.556292e-02 -1.628693e-02 2.688226e-02 -5.470213e-02 -2.337108e-04 -1.724370e-02 2.390357e-03 -1.195715e-03 -1.685612e-02 1.968463e-02 -2.189733e-02 -1.180735e-02 -2.290251e-02 -5.709132e-02 -2.996794e-02 2.488963e-02 -3.567033e-04
<VARIANCE> 39
 2.890006e+01 2.615905e+01 2.575846e+01 6.473363e+01 8.456001e+01 4.829073e+01 4.145913e+01 5.127549e+01 5.857185e+01 6.074807e+01 6.358577e+01 9.329771e+01 2.395089e+01 1.559599e-01 4.146366e-01 5.340700e-01 6.861788e-01 6.775880e-01 9.665356e-01 1.046468e+00 1.100157e+00 1.193525e+00 1.272797e+00 1.324407e+00 1.601683e+00 7.062527e-02 2.757184e-02 7.344171e-02 9.771273e-02 1.233172e-01 1.176584e-01 1.733340e-01 1.887990e-01 1.999756e-01 2.192170e-01 2.383222e-01 2.362941e-01 2.404792e-01 1.000000e-02
<GCONST> 8.802228e+01
<MIXTURE> 4 3.559504e-01
<MEAN> 39
 6.250624e+00 -5.085315e+00 -3.119765e+00 4.613943e+00 -5.146608e+00 1.280693e+00 -3.233846e+00 -8.194275e+00 -6.858283e+00 -5.936828e+00 -4.356451e+00 -2.558140e+00 5.499650e+00 3.933688e-02 1.702502e-02 -1.822207e-02 1.487434e-02 -3.842299e-02 -3.807099e-02 -8.888477e-03 2.908183e-02 -5.170449e-02 1.012387e-02 7.360141e-04 -2.709700e-03 -6.161858e-02 -3.291255e-03 2.040505e-02 -1.168708e-03 -4.002530e-02 1.320192e-02 -1.619959e-02 -3.364780e-03 5.683363e-03 8.492232e-04 -7.889796e-03 1.005171e-03 8.996884e-03 -8.533235e-03
<VARIANCE> 39
 1.784405e+01 1.918315e+01 3.294302e+01 4.958908e+01 3.424490e+01 5.782742e+01 7.212350e+01 6.355001e+01 6.343882e+01 6.139970e+01 5.290367e+01 5.228915e+01 1.398585e+01 1.238195e-01 2.606709e-01 4.216937e-01 6.513022e-01 7.391566e-01 8.888682e-01 9.848145e-01 1.034751e+00 1.008245e+00 9.977726e-01 9.301946e-01 8.620977e-01 5.683478e-02 2.034141e-02 4.449006e-02 7.385958e-02 1.057255e-01 1.325689e-01 1.592340e-01 1.726573e-01 1.870964e-01 1.786305e-01 1.772811e-01 1.657524e-01 1.520932e-01 1.000000e-02
<GCONST> 8.066537e+01
<STATE> 4
<NUMMIXES> 4
<MIXTURE> 1 1.757991e-01
<MEAN> 39
 -4.890014e-01 1.238018e+01 -9.310878e+00 -5.020666e+00 1.890218e+00 -1.055893e+01 3.919789e+00 -5.620697e+00 3.351381e+00 5.878606e+00 1.371742e+01 1.550522e+01 5.212952e+00 1.082490e-02 1.109878e-02 1.494994e-03 -6.668872e-03 -1.615775e-02 -1.455424e-02 3.436178e-02 -1.757825e-02 2.075637e-03 4.661744e-03 -4.309751e-03 2.082140e-02 -3.157426e-02 3.757710e-03 -1.863634e-02 1.624296e-02 -1.498610e-02 1.579381e-03 1.140605e-02 -2.109266e-02 1.202006e-02 -1.401445e-02 -4.560048e-03 -2.595352e-03 -2.442865e-02 -1.683852e-03
<VARIANCE> 39
 8.440660e+00 1.403378e+01 2.818166e+01 4.893389e+01 3.998423e+01 4.171080e+01 3.333965e+01 2.354108e+01 5.045855e+01 1.077936e+02 1.043648e+02 8.576038e+01 8.789895e+00 9.323667e-02 2.492976e-01 3.709795e-01 4.626620e-01 5.330040e-01 5.862868e-01 6.859628e-01 6.761969e-01 6.868095e-01 7.917843e-01 6.931482e-01 7.063038e-01 4.113490e-02 1.612544e-02 4.427707e-02 6.738862e-02 8.245879e-02 9.604066e-02 1.056751e-01 1.257819e-01 1.183863e-01 1.194647e-01 1.380459e-01 1.266579e-01 1.268874e-01 1.000000e-02
<GCONST> 7.159473e+01
<MIXTURE> 2 5.149720e-01
<MEAN> 39
 8.295237e+00 6.381436e+00 -1.891256e+00 -5.121894e+00 -1.559349e+00 -6.286584e+00 -3.316627e-01 -3.163693e+00 -6.744393e+00 -7.870030e+00 -8.913369e+00 -6.287910e+00 -2.338068e-01 2.595424e-02 2.044533e-02 3.664820e-02 3.001376e-02 -3.761191e-02 -4.455166e-02 -1.061139e-02 -1.231490e-02 -1.132192e-02 -8.577176e-03 -5.670570e-03 1.752411e-02 -7.927693e-02 -8.119375e-03 -8.616751e-03 9.065204e-03 3.163537e-04 -3.496889e-03 7.390761e-03 -1.564018e-02 -5.871934e-04 -2.084226e-03 -5.525330e-03 1.357335e-02 8.850969e-03 1.195827e-04
<VARIANCE> 39
 1.725548e+01 4.043405e+01 4.055109e+01 6.068066e+01 5.301928e+01 5.670142e+01 5.800512e+01 6.084348e+01 5.618744e+01 6.117423e+01 4.024585e+01 4.452350e+01 1.470159e+01 1.120676e-01 2.973862e-01 4.521690e-01 6.794802e-01 8.689080e-01 1.049605e+00 1.186564e+00 1.257473e+00 1.316137e+00 1.224182e+00 1.182292e+00 1.127135e+00 6.323706e-02 1.898345e-02 4.951083e-02 8.001351e-02 1.181328e-01 1.537349e-01 1.865035e-01 2.158308e-01 2.335244e-01 2.443791e-01 2.265292e-01 2.187411e-01 2.044599e-01 1.000000e-02
<GCONST> 8.548453e+01
<MIXTURE> 3 1.638097e-01
<MEAN> 39
 5.066424e+00 3.672441e+00 -2.437249e+00 -3.524684e+00 1.226969e+00 -6.342613e-01 3.560794e+00 -1.005056e+00 -6.803361e+00 -6.032326e+00 4.438534e-01 3.331940e+00 1.966917e+00 -3.176183e-02 8.086887e-02 3.356836e-02 -2.882778e-02 -2.391353e-02 -8.634497e-02 6.692000e-02 -2.859863e-02 -5.743452e-02 -9.936744e-02 -4.286741e-02 1.102320e-01 -1.532399e-01 -2.648032e-02 -1.823667e-02 1.642135e-02 5.194796e-02 -3.366891e-02 -7.018468e-03 1.050575e-02 -2.721746e-03 1.751364e-02 -4.788332e-03 -1.765323e-02 1.226352e-02 -3.017017e-02
<VARIANCE> 39
 2.504694e+01 5.667634e+01 3.990459e+01 8.850583e+01 6.728156e+01 1.679547e+02 1.600491e+02 1.027309e+02 2.386994e+02 2.768782e+02 2.488966e+02 2.366697e+02 2.919781e+01 5.743932e-01 1.058954e+00 1.306560e+00 1.804747e+00 2.046425e+00 2.617038e+00 2.556319e+00 2.828710e+00 2.959105e+00 3.079545e+00 3.420509e+00 3.203019e+00 6.353295e-01 9.153431e-02 1.441891e-01 1.941363e-01 2.905504e-01 3.446147e-01 4.273191e-01 4.569055e-01 4.926225e-01 5.308150e-01 5.618963e-01 5.425453e-01 4.964754e-01 7.326175e-02
<GCONST> 1.240239e+02
<MIXTURE> 4 1.454192e-01
<MEAN> 39
 -2.294646e+00 -1.841191e+00 -1.206428e+00 -3.392688e+00 5.868579e+00 4.908160e+00 -5.988821e+00 1.182626e+00 4.562437e+00 9.952657e+00 2.262157e+01 1.124679e+01 1.006628e+01 7.104549e-03 6.957522e-03 -3.946200e-03 -1.730574e-02 -4.706916e-03 -1.224278e-02 2.105803e-02 -1.352625e-02 2.226757e-02 4.452202e-03 1.856371e-02 7.696649e-03 -3.015742e-02 3.703198e-03 2.055789e-03 -9.963505e-03 -1.507514e-02 -1.900708e-02 -1.172863e-02 1.003041e-02 -1.328621e-02 1.292762e-04 -1.440615e-03 -1.934617e-02 1.558765e-03 -9.070645e-03
<VARIANCE> 39
 9.000022e+00 1.608904e+01 1.895659e+01 3.464000e+01 4.721685e+01 3.062023e+01 3.831186e+01 2.830385e+01 5.805906e+01 7.013597e+01 3.930300e+01 9.866047e+01 9.005022e+00 1.472222e-01 3.221872e-01 3.750463e-01 4.558088e-01 5.411162e-01 5.529594e-01 5.861354e-01 5.233898e-01 6.490523e-01 8.151807e-01 7.000333e-01 8.609324e-01 4.340113e-02 2.522017e-02 5.580845e-02 6.527372e-02 7.701244e-02 9.424434e-02 9.415453e-02 1.068945e-01 9.157055e-02 1.088295e-01 1.400958e-01 1.230734e-01 1.379025e-01 1.000000e-02
<GCONST> 7.061940e+01
<STATE> 5
<NUMMIXES> 4
<MIXTURE> 1 3.199775e-01
<MEAN> 39
 5.675559e+00 1.477078e+00 -2.520746e+00 -2.127036e+00 -4.048685e+00 -5.341661e+00 -3.527086e+00 -3.351350e+00 -1.047871e+00 6.087352e+00 1.286603e+01 1.675426e+01 1.205619e+00 3.025885e-02 1.506438e-05 1.487216e-02 2.873875e-02 -6.891540e-03 -4.758624e-03 1.900212e-02 1.434926e-02 -2.975928e-03 4.159570e-02 -3.835437e-04 -8.989876e-03 -4.285558e-02 -1.608890e-02 -9.046910e-03 -2.020690e-02 -3.928010e-02 -1.219186e-02 -1.192832e-02 -1.812027e-02 -1.131242e-02 -1.125584e-02 -1.883560e-02 -9.722822e-03 -2.184366e-02 -4.096555e-03
<VARIANCE> 39
 1.501029e+01 3.017777e+01 2.933471e+01 4.614762e+01 4.469067e+01 6.618114e+01 5.865399e+01 6.169130e+01 7.599159e+01 8.326770e+01 7.518143e+01 6.515063e+01 1.544252e+01 1.049789e-01 2.577135e-01 4.228777e-01 5.882273e-01 6.810615e-01 7.717080e-01 9.038875e-01 9.957685e-01 1.069098e+00 1.090202e+00 1.069080e+00 1.104107e+00 4.434748e-02 1.921823e-02 4.704385e-02 7.844634e-02 1.081611e-01 1.307396e-01 1.446481e-01 1.714281e-01 1.942866e-01 2.029698e-01 2.096181e-01 2.030307e-01 2.076658e-01 1.000000e-02
<GCONST> 8.255298e+01
<MIXTURE> 2 2.309163e-01
<MEAN> 39
 6.698589e+00 4.174045e+00 -6.445584e-01 -3.251391e+00 -2.845577e+00 -6.295707e+00 -5.859805e+00 -7.726334e+00 -1.045543e+01 -7.762747e+00 -3.006605e+00 2.732185e+00 -1.178305e+00 -4.577185e-02 4.479776e-02 1.427973e-01 7.677345e-02 -2.615128e-02 -5.361705e-02 -6.546029e-02 7.821547e-03 5.006991e-03 2.281249e-03 -4.166781e-02 7.129058e-03 -1.911208e-01 -2.092327e-02 -1.028088e-02 1.530974e-02 1.766917e-02 2.995033e-02 3.736832e-02 2.331335e-02 3.960661e-02 8.507609e-02 9.298846e-02 8.661849e-02 5.209711e-02 8.591321e-04
<VARIANCE> 39
 2.225706e+01 4.037012e+01 4.184487e+01 5.899065e+01 5.336163e+01 6.705761e+01 6.299814e+01 6.688353e+01 5.389024e+01 5.903136e+01 5.911015e+01 7.794536e+01 2.668144e+01 2.668071e-01 5.458907e-01 8.039826e-01 1.218725e+00 1.427261e+00 1.670003e+00 1.987704e+00 2.053655e+00 1.991751e+00 2.130578e+00 2.168283e+00 2.225270e+00 1.712788e-01 4.165790e-02 9.200748e-02 1.455235e-01 2.151712e-01 2.652278e-01 3.089223e-01 3.691436e-01 3.829515e-01 3.664615e-01 3.771046e-01 3.755327e-01 3.617246e-01 2.257213e-02
<GCONST> 1.029329e+02
<MIXTURE> 3 1.781927e-01
<MEAN> 39
 3.889876e+00 3.772379e+00 3.315336e-01 -4.527317e+00 -3.013661e+00 -4.312316e+00 -4.279557e+00 -5.305134e+00 -4.546515e+00 -1.849674e+00 2.204323e+00 5.432909e+00 -6.881686e-01 -4.229738e-01 -3.964821e-03 1.568211e-01 2.517717e-01 1.482313e-01 1.020885e-01 1.589251e-01 1.743441e-01 1.178673e-02 -2.109403e-01 -3.509592e-01 -3.689009e-01 -3.268106e-01 -1.251213e-01 -6.465621e-02 -6.177833e-02 5.871107e-02 1.260934e-01 7.512819e-02 4.345228e-02 8.205277e-02 5.328195e-02 8.406832e-02 9.661541e-02 2.532008e-02 3.910654e-02
<VARIANCE> 39
 2.657249e+01 3.998492e+01 3.319449e+01 5.662301e+01 5.111909e+01 6.607682e+01 6.460786e+01 7.175883e+01 8.765987e+01 1.129211e+02 1.292904e+02 1.260506e+02 4.227943e+01 1.988284e+00 2.176664e+00 2.282063e+00 3.571998e+00 3.661508e+00 4.617142e+00 4.556074e+00 4.716430e+00 5.053148e+00 5.731539e+00 6.747073e+00 6.026892e+00 2.571747e+00 2.670245e-01 3.229679e-01 3.581713e-01 5.422002e-01 5.773972e-01 7.486174e-01 7.788392e-01 8.062577e-01 8.472690e-01 8.760266e-01 9.558756e-01 9.306527e-01 2.671526e-01
<GCONST> 1.357400e+02
<MIXTURE> 4 2.709135e-01
<MEAN> 39
 2.571469e+00 2.974459e+00 -2.715573e+00 -6.469889e+00 -2.835245e-01 -4.670502e+00 -4.210013e+00 -3.978145e+00 4.070631e-01 7.393816e+00 1.560270e+01 1.649855e+01 2.774320e+00 3.873430e-02 -9.801900e-03 2.678369e-02 1.564495e-02 -1.456363e-01 -1.138513e-01 -3.744302e-02 -3.820714e-02 -3.591920e-02 -6.738437e-02 -1.148896e-01 -4.118346e-02 -1.546467e-01 2.455096e-02 4.113568e-03 4.118061e-02 4.557791e-02 -4.215657e-02 1.712675e-03 1.471961e-02 -6.640864e-04 -5.120976e-02 -9.396345e-02 -1.606073e-01 -1.187717e-01 -2.202010e-02
<VARIANCE> 39
 1.359448e+01 3.787851e+01 2.874917e+01 5.655453e+01 6.510046e+01 7.382787e+01 6.073036e+01 5.955972e+01 7.696260e+01 9.175452e+01 6.776976e+01 7.307128e+01 2.106984e+01 3.142609e-01 7.467347e-01 9.552041e-01 1.358517e+00 1.734747e+00 2.011570e+00 2.077780e+00 2.195848e+00 2.554095e+00 2.714514e+00 2.734239e+00 2.682200e+00 1.974665e-01 5.008669e-02 1.189115e-01 1.657757e-01 2.328369e-01 2.952194e-01 3.389684e-01 3.540246e-01 3.771115e-01 4.136466e-01 4.468444e-01 4.552302e-01 4.548495e-01 2.622971e-02
<GCONST> 1.066920e+02
<TRANSP> 6
 0.000000e+00 1.000000e+00 0.000000e+00 0.000000e+00 0.000000e+00 0.000000e+00
 0.000000e+00 9.471707e-01 5.282931e-02 0.000000e+00 0.000000e+00 0.000000e+00
 0.000000e+00 0.000000e+00 9.481636e-01 5.183641e-02 0.000000e+00 0.000000e+00
 0.000000e+00 0.000000e+00 0.000000e+00 9.320069e-01 6.799310e-02 0.000000e+00
 0.000000e+00 0.000000e+00 0.000000e+00 0.000000e+00 9.597565e-01 4.024350e-02
 0.000000e+00 0.000000e+00 0.000000e+00 0.000000e+00 0.000000e+00 0.000000e+00
<ENDHMM>
