~o
<STREAMINFO> 1 39
<VECSIZE> 39<NULLD><MFCC_D_A_Z_0><DIAGC>
~h "v"
<BEGINHMM>
<NUMSTATES> 6
<STATE> 2
<NUMMIXES> 4
<MIXTURE> 1 3.200740e-01
<MEAN> 39
 7.701598e-01 -1.244067e+00 -1.858176e+00 7.921628e-01 1.255377e+00 9.658987e-01 -1.567470e+00 -3.565987e+00 -1.645285e+00 2.499951e-01 5.183335e+00 6.813073e+00 6.004748e+00 1.263884e-01 5.016424e-01 1.186111e-01 1.414653e-01 2.880029e-01 -6.453087e-02 2.612351e-01 -8.530810e-02 -6.476998e-02 1.552572e-01 -4.741373e-02 1.431147e-01 -2.446129e-01 -8.839691e-03 -8.138740e-02 -1.358312e-02 -1.470115e-01 -1.634047e-01 -1.327237e-01 -5.147539e-02 7.307825e-02 1.095669e-01 -5.079920e-02 -7.351486e-02 -4.238483e-02 -2.965258e-02
<VARIANCE> 39
 3.450515e+01 3.991291e+01 3.135187e+01 7.911273e+01 5.536419e+01 6.219599e+01 6.568401e+01 6.903866e+01 7.742396e+01 1.169781e+02 1.213768e+02 1.435552e+02 4.420245e+01 2.908980e-01 6.808635e-01 9.875352e-01 1.555615e+00 1.486162e+00 1.955427e+00 2.080336e+00 1.842193e+00 2.244298e+00 2.185440e+00 2.311635e+00 2.025078e+00 1.919347e-01 4.865820e-02 8.022720e-02 1.507040e-01 2.081389e-01 2.076745e-01 2.729131e-01 3.421170e-01 3.275583e-01 3.356788e-01 3.558626e-01 3.334852e-01 3.848701e-01 2.136274e-02
<GCONST> 1.065634e+02
<MIXTURE> 2 2.691952e-01
<MEAN> 39
 4.573294e+00 4.303569e+00 2.066749e+00 -2.121234e+00 -2.807134e+00 -4.549146e+00 -4.661090e+00 -6.242092e+00 -6.518836e+00 -7.175100e+00 -6.052436e+00 -2.623057e+00 -2.269092e+00 -7.784215e-01 5.242820e-01 6.600503e-01 8.047116e-01 6.893156e-01 -1.610852e-01 -2.049410e-01 1.348431e-01 -5.362429e-01 5.938893e-02 -2.171204e-01 -2.117430e-01 -1.421391e+00 -3.093138e-01 -4.874213e-01 -3.030223e-01 -1.305548e-01 8.635118e-02 3.909062e-01 3.618877e-01 3.939869e-01 4.426895e-01 3.179628e-01 4.207072e-01 3.300914e-01 3.742793e-01
<VARIANCE> 39
 2.418237e+01 2.935868e+01 2.383852e+01 3.872998e+01 3.050056e+01 4.222040e+01 4.334678e+01 5.363268e+01 3.813620e+01 4.505665e+01 3.896370e+01 5.247361e+01 3.125033e+01 1.673683e+00 1.619704e+00 1.932185e+00 2.428755e+00 2.553746e+00 3.233552e+00 3.917434e+00 3.599144e+00 3.679216e+00 3.292574e+00 3.536143e+00 3.543691e+00 1.226452e+00 2.134296e-01 2.586334e-01 3.458519e-01 4.469732e-01 4.014375e-01 5.336981e-01 6.573040e-01 7.023495e-01 7.242916e-01 6.860788e-01 7.504367e-01 6.051154e-01 2.131464e-01
<GCONST> 1.209118e+02
<MIXTURE> 3 2.383595e-01
<MEAN> 39
 3.581491e+00 -8.634302e-02 -2.213849e+00 -2.002236e+00 -3.361295e+00 -3.131757e+00 -5.872626e+00 -4.831492e+00 -8.373021e-01 3.622401e+00 8.893629e+00 1.134572e+01 5.560934e-01 -2.830240e-01 7.900001e-01 3.027192e-01 1.188746e-01 3.075696e-01 -5.203274e-01 -2.025775e-01 -1.597431e-01 -9.146699e-01 -8.358787e-01 -1.533267e+00 -8.466220e-01 -1.291914e+00 -2.218087e-01 -1.815807e-01 7.703386e-02 4.002682e-02 9.803434e-02 2.235854e-01 3.152675e-01 3.133186e-01 1.850214e-01 -3.511356e-04 -8.301441e-02 -3.321233e-01 1.940510e-01
<VARIANCE> 39
 2.218265e+01 2.594993e+01 2.600014e+01 4.455057e+01 3.820484e+01 5.277200e+01 4.362196e+01 4.604768e+01 6.023147e+01 6.771265e+01 5.255750e+01 6.979979e+01 2.701098e+01 1.353328e+00 1.253790e+00 1.525967e+00 2.877179e+00 2.850013e+00 3.897957e+00 3.601230e+00 3.423322e+00 4.141959e+00 4.659048e+00 4.593332e+00 4.691653e+00 1.028030e+00 1.779798e-01 2.199924e-01 2.823883e-01 3.998285e-01 4.451038e-01 6.198805e-01 5.999101e-01 5.706437e-01 8.350883e-01 6.745712e-01 6.371602e-01 7.066360e-01 1.420280e-01
<GCONST> 1.220000e+02
<MIXTURE> 4 1.723713e-01
<MEAN> 39
 -1.897094e+00 -7.056927e-01 -1.316743e+00 9.567739e-02 1.411191e+00 7.049491e-01 1.734094e+00 6.240754e+00 7.964542e+00 6.707025e+00 5.434961e-01 -7.599240e+00 7.796764e-01 -6.581292e-01 1.319705e-01 6.509151e-02 5.143641e-01 4.715697e-01 2.310469e-01 -2.406521e-01 -9.552627e-01 -1.290775e+00 -9.918787e-01 2.018712e-01 8.782485e-01 -5.896034e-01 8.674449e-02 -8.059520e-02 -9.411925e-03 -1.783021e-01 -1.743709e-01 5.905237e-02 1.415643e-01 1.883129e-01 1.886596e-01 -8.392636e-02 -2.945713e-01 -2.825773e-01 1.284343e-01
<VARIANCE> 39
 2.559802e+01 4.222322e+01 3.060372e+01 6.612685e+01 4.670938e+01 4.793179e+01 6.106734e+01 7.911169e+01 1.171759e+02 1.300002e+02 1.412706e+02 1.450750e+02 7.344039e+01 1.475651e+00 1.507862e+00 1.825761e+00 3.515973e+00 2.805541e+00 3.118091e+00 3.898523e+00 4.674463e+00 5.719092e+00 5.244418e+00 5.108287e+00 6.386379e+00 1.847185e+00 2.179035e-01 2.177045e-01 3.242944e-01 4.555217e-01 5.050021e-01 5.755931e-01 6.312007e-01 6.492123e-01 9.301876e-01 7.967419e-01 9.235814e-01 1.152799e+00 2.650063e-01
<GCONST> 1.329046e+02
<STATE> 3
<NUMMIXES> 4
<MIXTURE> 1 1.781185e-01
<MEAN> 39
 1.292111e-01 5.995563e+00 -5.445098e+00 -6.089279e+00 5.178499e+00 -4.704701e+00 2.686043e-01 -4.805072e+00 -3.431535e+00 4.749775e-01 5.211516e+00 1.236433e+01 7.419868e+00 -1.719415e-02 5.691960e-02 -7.863612e-02 -1.239527e-01 -1.671643e-01 -3.463622e-01 -8.522877e-03 -1.211391e-01 1.310753e-01 9.104867e-02 -2.180189e-01 9.766288e-02 -1.615625e-01 -1.880912e-02 -2.455696e-01 -2.657599e-02 -1.299447e-01 -2.313607e-01 -6.899109e-02 -1.438693e-01 4.659107e-02 5.404065e-02 -7.926065e-02 7.537227e-02 -1.200507e-01 -3.685652e-02
<VARIANCE> 39
 1.517655e+01 5.736716e+01 3.038340e+01 6.734415e+01 3.544780e+01 7.244039e+01 5.017360e+01 3.190262e+01 6.035364e+01 5.355835e+01 1.005653e+02 9.763473e+01 1.674478e+01 1.908577e-01 5.863490e-01 7.346538e-01 8.779346e-01 1.129748e+00 1.620273e+00 1.668223e+00 1.341293e+00 1.591840e+00 1.597316e+00 2.142165e+00 1.872744e+00 9.639671e-02 3.737174e-02 9.553645e-02 1.435338e-01 1.549484e-01 2.463329e-01 2.791487e-01 2.479842e-01 2.700238e-01 3.155478e-01 2.749534e-01 3.805888e-01 3.276748e-01 1.697253e-02
<GCONST> 9.673061e+01
<MIXTURE> 2 3.270422e-01
<MEAN> 39
 -4.964848e-01 2.937673e+00 2.666372e+00 2.212988e-01 3.544581e-01 -1.274924e+00 -3.285568e+00 -2.810083e+00 -4.902475e+00 -4.225557e+00 -3.238756e+00 -1.338171e+00 -6.365242e+00 -1.110878e+00 -4.573196e-01 -8.697526e-02 3.433590e-01 3.821330e-01 5.339070e-01 6.585907e-01 8.677213e-01 3.283464e-01 1.898284e-01 4.898537e-02 -1.136392e-01 -1.588158e-01 8.997750e-02 -2.857554e-01 -2.922562e-01 -3.623143e-01 -2.613979e-01 8.202042e-02 1.959260e-01 2.364715e-01 4.324626e-01 2.384861e-01 2.903226e-01 1.376530e-01 6.415408e-01
<VARIANCE> 39
 2.899551e+01 2.541417e+01 2.111053e+01 3.434376e+01 3.461093e+01 4.245089e+01 4.951154e+01 4.490840e+01 4.038852e+01 4.931279e+01 4.915597e+01 5.747788e+01 4.032349e+01 2.119025e+00 1.906256e+00 1.964562e+00 2.685303e+00 2.458451e+00 3.248380e+00 3.483000e+00 4.046139e+00 3.782380e+00 3.744625e+00 3.992397e+00 3.643396e+00 2.724039e+00 3.325816e-01 3.630871e-01 3.647229e-01 5.418302e-01 4.933876e-01 7.017707e-01 8.003554e-01 8.103649e-01 8.087429e-01 8.470058e-01 7.469527e-01 7.577253e-01 3.943051e-01
<GCONST> 1.261107e+02
<MIXTURE> 3 2.875258e-01
<MEAN> 39
 5.928688e+00 2.899543e+00 -1.194893e+00 -2.947611e+00 -1.673283e+00 -3.537553e+00 -3.726351e+00 -6.505901e+00 -6.378771e+00 -5.471676e+00 -3.606771e+00 1.505000e+00 -3.911332e-01 1.152208e-01 1.723696e-01 1.305303e-01 1.647585e-02 7.727694e-02 -2.099311e-01 -1.663646e-01 -1.976868e-02 -5.540033e-02 -8.924651e-02 -1.870544e-01 -2.827104e-03 -4.518200e-01 -4.001862e-02 -1.579394e-01 -3.883995e-02 -2.870627e-02 -8.174158e-02 7.506232e-03 8.975540e-03 2.595088e-01 1.930880e-01 1.151376e-02 6.219378e-02 3.964571e-03 9.780852e-02
<VARIANCE> 39
 2.659011e+01 2.766762e+01 3.506364e+01 4.653292e+01 3.267569e+01 4.631943e+01 5.072582e+01 5.052338e+01 4.641197e+01 5.361630e+01 5.308148e+01 8.458844e+01 2.223225e+01 3.149260e-01 6.005050e-01 9.048259e-01 1.341221e+00 1.566993e+00 2.211428e+00 2.530023e+00 2.073047e+00 2.140522e+00 2.327216e+00 2.535649e+00 2.319134e+00 2.795473e-01 4.777838e-02 1.119373e-01 1.905135e-01 2.895590e-01 2.909271e-01 4.043349e-01 4.844168e-01 4.415776e-01 4.897987e-01 4.680111e-01 5.022865e-01 4.293399e-01 4.308032e-02
<GCONST> 1.057453e+02
<MIXTURE> 4 2.073135e-01
<MEAN> 39
 -1.067103e+00 -2.989421e+00 -1.213990e+00 1.809281e+00 -3.735304e-01 1.836881e+00 3.526890e-01 2.284199e+00 7.639687e+00 8.378204e+00 7.632748e+00 6.090485e-01 5.220821e+00 -1.628762e-01 1.176607e-01 -1.164388e-01 -2.364652e-01 -5.667780e-02 -1.384059e-01 1.976521e-01 6.935311e-02 -1.072711e-01 -2.608622e-01 -2.292305e-01 -1.930208e-02 -4.407902e-01 7.474114e-02 -8.334263e-02 -4.023241e-02 -1.516208e-01 -2.001684e-01 -8.676659e-02 3.215428e-02 2.831093e-01 1.469556e-01 -2.435345e-03 -2.219934e-01 -2.678207e-01 3.151607e-02
<VARIANCE> 39
 2.822005e+01 3.294480e+01 3.188618e+01 7.144250e+01 6.285147e+01 5.910302e+01 7.834135e+01 1.044678e+02 1.146831e+02 1.490250e+02 1.572347e+02 2.748918e+02 5.107692e+01 6.781772e-01 9.754032e-01 1.412948e+00 2.075740e+00 1.964003e+00 2.265131e+00 2.633681e+00 2.609360e+00 3.258542e+00 3.869463e+00 3.276583e+00 3.688685e+00 6.429586e-01 1.208005e-01 1.547574e-01 2.537278e-01 3.446021e-01 4.435336e-01 5.514154e-01 6.192954e-01 5.086480e-01 7.585132e-01 6.972613e-01 7.313248e-01 7.669497e-01 1.175765e-01
<GCONST> 1.241589e+02
<STATE> 4
<NUMMIXES> 4
<MIXTURE> 1 2.705706e-01
<MEAN> 39
 6.877552e-01 -1.780953e+00 -3.263916e+00 -7.948999e-02 4.535068e-01 -7.080024e-01 -4.412012e+00 -5.414942e+00 -3.845555e-01 1.269998e+00 7.251534e+00 1.182658e+01 6.199372e+00 -7.346489e-02 -2.550810e-01 -6.573489e-02 -1.002803e-01 -1.935860e-01 -3.427951e-01 -2.404051e-02 4.054196e-01 3.014382e-02 1.336327e-02 2.925787e-01 -5.078986e-02 -1.674401e-01 6.883816e-02 4.256503e-03 8.407392e-02 -3.625089e-03 -4.402488e-02 5.208046e-02 1.326810e-01 1.414749e-01 -3.114224e-02 2.992174e-04 -8.413984e-03 -1.898690e-01 -1.212379e-02
<VARIANCE> 39
 3.357367e+01 3.998622e+01 3.050730e+01 7.434867e+01 5.068853e+01 6.211344e+01 5.980813e+01 4.651688e+01 6.024978e+01 7.551150e+01 8.155368e+01 1.014894e+02 3.960698e+01 3.438348e-01 6.130969e-01 9.191707e-01 1.395680e+00 1.543260e+00 1.770461e+00 2.110007e+00 1.800394e+00 2.023287e+00 2.223825e+00 2.515763e+00 2.230159e+00 1.607244e-01 5.191699e-02 8.291494e-02 1.356509e-01 2.024917e-01 2.405702e-01 2.620701e-01 2.758858e-01 2.457882e-01 3.284674e-01 3.545802e-01 4.132091e-01 3.373138e-01 2.005373e-02
<GCONST> 1.036198e+02
<MIXTURE> 2 2.564565e-01
<MEAN> 39
 -4.480869e+00 8.955151e-01 1.367516e+00 8.276067e-01 1.228845e+00 7.981523e-01 4.489192e-01 1.678025e+00 -2.370139e+00 -3.203984e+00 -2.745369e+00 -2.181473e+00 -3.099596e+00 -1.407755e-01 -3.649730e-01 -4.984550e-01 -5.950264e-01 -2.782203e-01 2.426760e-01 4.480180e-01 6.056034e-01 8.551612e-01 4.278216e-01 7.143716e-01 3.674117e-01 1.366207e+00 5.381027e-01 8.125240e-02 -1.203558e-01 -2.959435e-01 -3.397432e-01 -1.801005e-01 -2.313030e-01 -3.583952e-01 1.247200e-01 1.496890e-01 2.021491e-01 2.358076e-01 2.337079e-01
<VARIANCE> 39
 3.214920e+01 3.955767e+01 3.140871e+01 4.242693e+01 3.740303e+01 3.955083e+01 4.377268e+01 4.815485e+01 4.177253e+01 4.590733e+01 4.375935e+01 3.717382e+01 3.857618e+01 4.196129e+00 3.778070e+00 2.906820e+00 4.402602e+00 3.753295e+00 4.291423e+00 4.811917e+00 6.057279e+00 5.036441e+00 5.828761e+00 5.105198e+00 5.074447e+00 3.636867e+00 3.496342e-01 5.306709e-01 4.917123e-01 6.239154e-01 6.968365e-01 6.714576e-01 7.560005e-01 9.628043e-01 1.039454e+00 1.121356e+00 9.710360e-01 8.630932e-01 5.171574e-01
<GCONST> 1.343421e+02
<MIXTURE> 3 2.714715e-01
<MEAN> 39
 4.020267e+00 4.351818e+00 3.835898e-01 -4.470933e+00 -2.739331e+00 -5.554000e+00 -2.761667e+00 -4.432414e+00 -6.212812e+00 -5.190842e+00 -4.452033e+00 -6.957427e-01 -2.613894e+00 -2.070673e-01 -3.301724e-01 -1.198623e-01 -1.529730e-01 -4.471444e-02 1.800095e-01 8.092161e-02 5.474803e-01 3.239164e-01 8.304627e-02 -1.448546e-02 -1.335208e-01 -1.220897e-01 -5.682163e-02 -1.637577e-01 -4.747704e-02 1.407299e-01 7.235256e-02 2.881056e-01 7.869419e-02 9.188864e-02 2.066109e-01 8.523965e-02 1.657012e-01 6.781809e-02 1.717024e-01
<VARIANCE> 39
 2.935253e+01 2.683293e+01 2.443631e+01 4.074453e+01 3.276893e+01 3.615025e+01 3.953004e+01 4.710510e+01 3.942768e+01 5.757016e+01 5.260710e+01 7.797729e+01 3.633915e+01 1.092330e+00 1.282414e+00 1.614495e+00 2.039710e+00 1.997490e+00 3.369989e+00 2.966450e+00 3.137737e+00 3.174518e+00 3.079526e+00 2.955884e+00 3.198326e+00 1.165030e+00 1.551558e-01 1.819371e-01 2.681407e-01 3.174230e-01 3.772758e-01 4.645520e-01 4.484471e-01 4.696586e-01 4.418769e-01 5.290478e-01 4.889654e-01 4.434829e-01 9.430957e-02
<GCONST> 1.151680e+02
<MIXTURE> 4 2.015015e-01
<MEAN> 39
 -3.139024e+00 -4.171106e+00 -7.096114e-02 2.694286e+00 6.790144e-01 3.653269e+00 6.073800e-01 3.012850e+00 8.639409e+00 6.592875e+00 3.755407e+00 -2.693496e+00 5.796923e+00 8.622774e-02 2.954800e-02 -8.300225e-02 -4.610740e-01 -4.395663e-01 -1.158416e-01 1.672049e-01 3.764107e-01 1.506652e-02 -1.842636e-01 -5.407713e-01 -1.535916e-01 -4.834588e-01 1.913929e-01 8.930968e-02 2.449363e-03 -7.826414e-02 -1.785419e-01 -2.621439e-01 -1.014753e-01 1.210112e-01 -1.035231e-01 -1.246081e-01 -7.034627e-02 7.718315e-02 -4.818505e-02
<VARIANCE> 39
 2.773493e+01 3.191664e+01 3.087775e+01 6.791185e+01 6.506315e+01 5.208649e+01 7.355298e+01 1.125997e+02 1.043456e+02 1.566160e+02 1.674351e+02 2.146561e+02 7.224142e+01 7.680785e-01 1.125988e+00 1.488791e+00 2.875571e+00 2.545872e+00 2.759604e+00 3.080260e+00 3.068420e+00 3.543424e+00 4.071735e+00 3.799366e+00 4.139731e+00 8.002382e-01 1.361140e-01 2.162009e-01 2.447756e-01 3.282307e-01 4.596274e-01 5.485651e-01 5.241148e-01 5.763903e-01 5.614176e-01 6.511790e-01 6.820030e-01 7.372045e-01 1.478301e-01
<GCONST> 1.262115e+02
<STATE> 5
<NUMMIXES> 4
<MIXTURE> 1 2.239103e-01
<MEAN> 39
 7.124414e-01 -1.920884e+00 -2.707470e+00 2.113790e-01 -5.248813e-02 -8.969210e-01 -8.942963e-01 6.499572e-01 2.661746e+00 3.458224e+00 6.480056e+00 3.916978e+00 5.900408e+00 1.575394e-01 -3.857767e-02 1.467440e-03 5.874780e-02 -1.141487e-01 -2.443935e-01 -5.781420e-02 4.877530e-01 1.530510e-02 -4.677767e-02 1.043086e-01 -7.455844e-02 -2.073274e-01 3.511433e-02 6.813513e-02 3.638431e-02 1.513872e-02 2.055643e-02 9.071662e-02 3.987606e-03 -4.127941e-02 -5.165793e-02 -2.193872e-02 -8.285511e-02 -2.715505e-02 4.034476e-04
<VARIANCE> 39
 3.526442e+01 4.607990e+01 3.372210e+01 8.696814e+01 6.377965e+01 7.096876e+01 8.344276e+01 9.827934e+01 1.260868e+02 1.793331e+02 1.506262e+02 2.088135e+02 4.026688e+01 3.021888e-01 4.989594e-01 8.866606e-01 1.137884e+00 1.250696e+00 1.357341e+00 1.824178e+00 2.172479e+00 2.212165e+00 2.377530e+00 2.419521e+00 2.681980e+00 1.586590e-01 5.006813e-02 8.910776e-02 1.487174e-01 2.114470e-01 2.496604e-01 2.396320e-01 3.330546e-01 2.890132e-01 3.823125e-01 4.229043e-01 4.318737e-01 4.450182e-01 2.385141e-02
<GCONST> 1.090380e+02
<MIXTURE> 2 3.083437e-01
<MEAN> 39
 -5.432634e+00 2.398823e+00 2.211923e+00 1.195309e+00 1.170563e+00 1.647930e+00 -1.433600e+00 6.183435e-01 -2.458674e+00 -4.440650e+00 -3.827666e+00 -2.311930e+00 -4.274679e+00 -1.187769e-01 -9.763265e-02 1.625030e-02 1.017343e-01 2.199485e-02 8.752793e-02 1.090188e-01 8.565473e-02 4.385033e-02 -1.870935e-02 -1.498149e-01 -1.251695e-01 -2.405659e-01 1.942780e-01 6.348716e-02 -2.618191e-02 -6.472582e-02 -1.297622e-02 -1.031123e-01 -5.873416e-02 -1.478332e-01 -5.467888e-02 1.201160e-02 5.437051e-02 6.925108e-02 2.624454e-02
<VARIANCE> 39
 4.426616e+01 3.519329e+01 2.111961e+01 3.324668e+01 3.546479e+01 4.787531e+01 4.714980e+01 4.672801e+01 4.223846e+01 3.870312e+01 3.632669e+01 3.694956e+01 3.507904e+01 6.374035e-01 8.671548e-01 1.031147e+00 1.537906e+00 1.801630e+00 2.311922e+00 2.801368e+00 3.007109e+00 2.575440e+00 2.654511e+00 2.550043e+00 2.170013e+00 6.830333e-01 1.229941e-01 1.634021e-01 1.985799e-01 2.845602e-01 3.502494e-01 4.440108e-01 5.721211e-01 5.431548e-01 5.064045e-01 5.025586e-01 4.837885e-01 4.404849e-01 9.048516e-02
<GCONST> 1.104269e+02
<MIXTURE> 3 2.528020e-01
<MEAN> 39
 2.327033e+00 1.520012e+00 -3.839571e+00 -5.607174e+00 -3.059844e-01 -2.591016e+00 -7.815067e-01 -4.421248e+00 -3.031104e+00 -1.926836e+00 3.883894e+00 8.559817e+00 5.201213e+00 1.912643e-01 -2.513493e-01 -3.112897e-02 2.678261e-01 -3.732153e-01 -1.038164e-01 -3.536796e-02 1.708119e-01 -1.272366e-02 9.544389e-03 1.863131e-02 -7.432435e-02 -1.463006e-01 -2.490548e-02 5.389557e-02 2.555860e-01 3.092285e-01 -5.172269e-02 -2.322502e-02 -1.235315e-01 4.288732e-02 -6.434377e-02 -6.067193e-02 -1.433194e-01 -2.652228e-01 -2.292298e-01
<VARIANCE> 39
 2.281231e+01 4.826717e+01 2.910253e+01 7.081732e+01 5.582439e+01 7.872138e+01 7.434982e+01 5.907291e+01 4.589884e+01 7.027711e+01 8.335388e+01 9.452111e+01 2.604000e+01 1.097700e+00 2.128519e+00 2.303252e+00 3.205693e+00 3.410080e+00 4.865633e+00 4.771874e+00 3.956742e+00 3.299642e+00 4.123228e+00 3.949853e+00 4.269742e+00 1.524843e+00 1.697475e-01 2.440952e-01 3.155325e-01 4.466371e-01 4.800452e-01 6.927760e-01 7.046464e-01 6.958922e-01 5.358962e-01 6.545731e-01 5.469859e-01 5.840064e-01 1.208978e-01
<GCONST> 1.265926e+02
<MIXTURE> 4 2.149440e-01
<MEAN> 39
 1.476286e+00 5.595992e-01 -1.559370e+00 -4.330594e+00 -3.115353e+00 -7.382266e-01 -1.449815e-01 1.859000e+00 2.678820e+00 1.322056e+00 1.942617e+00 -2.326418e-02 2.511755e+00 6.551217e-01 -5.200306e-01 -6.464696e-01 -7.946068e-01 -6.417279e-01 7.729944e-02 -9.080577e-02 7.652123e-02 8.880677e-01 7.765073e-01 1.087553e+00 6.540653e-01 1.387247e+00 -2.427516e-01 -4.331754e-02 1.240305e-01 4.105018e-01 3.573626e-01 9.689111e-02 -3.688252e-02 -2.010373e-01 -1.997292e-01 8.355181e-04 -1.024174e-02 1.182680e-02 -1.134319e-01
<VARIANCE> 39
 3.683615e+01 4.708374e+01 2.886301e+01 6.515082e+01 5.607393e+01 6.717937e+01 6.654653e+01 8.900217e+01 1.091224e+02 1.121702e+02 1.246804e+02 1.391978e+02 5.275866e+01 3.721231e+00 3.244605e+00 3.022511e+00 5.560122e+00 4.962761e+00 6.909985e+00 5.594325e+00 7.157780e+00 8.555512e+00 9.324839e+00 1.013852e+01 1.018670e+01 4.791508e+00 4.983639e-01 5.002277e-01 4.829242e-01 7.902077e-01 6.763361e-01 9.714890e-01 9.675107e-01 1.001885e+00 1.125241e+00 1.182137e+00 1.154688e+00 1.171307e+00 6.033835e-01
<GCONST> 1.471350e+02
<TRANSP> 6
 0.000000e+00 1.000000e+00 0.000000e+00 0.000000e+00 0.000000e+00 0.000000e+00
 0.000000e+00 3.580018e-01 6.419982e-01 0.000000e+00 0.000000e+00 0.000000e+00
 0.000000e+00 0.000000e+00 3.860218e-01 6.139782e-01 0.000000e+00 0.000000e+00
 0.000000e+00 0.000000e+00 0.000000e+00 3.747748e-01 6.252252e-01 0.000000e+00
 0.000000e+00 0.000000e+00 0.000000e+00 0.000000e+00 4.814446e-01 5.185554e-01
 0.000000e+00 0.000000e+00 0.000000e+00 0.000000e+00 0.000000e+00 0.000000e+00
<ENDHMM>
