~o
<STREAMINFO> 1 39
<VECSIZE> 39<NULLD><MFCC_D_A_Z_0><DIAGC>
~h "zh"
<BEGINHMM>
<NUMSTATES> 6
<STATE> 2
<NUMMIXES> 4
<MIXTURE> 1 2.477005e-01
<MEAN> 39
 -3.258451e+00 1.049517e+01 -4.971729e+00 -1.145531e+01 7.797028e+00 -9.256326e+00 4.645904e+00 1.834653e-01 -1.688631e+00 6.225604e+00 4.439038e+00 4.360557e+00 6.698723e+00 -2.138388e-02 1.388061e-01 7.345082e-02 -3.703991e-02 1.882210e-01 -1.649097e-01 1.110158e-01 7.681964e-02 3.150420e-02 4.652836e-02 3.613428e-02 1.093943e-01 -3.705905e-02 6.155058e-02 -1.474919e-01 9.934019e-02 -1.453926e-03 -1.793746e-01 1.277616e-01 -1.743148e-01 -1.854407e-03 7.088934e-02 -1.038074e-01 2.359715e-02 -2.011260e-02 -3.477266e-02
<VARIANCE> 39
 1.756819e+01 2.775814e+01 2.317359e+01 3.022427e+01 3.421552e+01 4.887499e+01 4.598055e+01 5.634681e+01 9.534142e+01 1.336427e+02 1.388779e+02 1.156759e+02 1.267188e+01 2.422100e-01 7.141956e-01 8.417161e-01 1.218748e+00 1.240652e+00 1.827392e+00 1.578515e+00 1.734254e+00 1.528850e+00 1.756192e+00 1.735819e+00 1.625494e+00 1.686325e-01 4.616979e-02 9.669329e-02 1.388097e-01 1.916944e-01 2.203028e-01 2.795752e-01 2.603707e-01 2.726271e-01 2.441442e-01 3.154457e-01 3.187875e-01 2.974718e-01 2.110752e-02
<GCONST> 9.846979e+01
<MIXTURE> 2 2.654545e-01
<MEAN> 39
 -2.373178e+00 5.834371e+00 2.380633e+00 -1.503059e-01 -1.244370e+00 -2.713716e+00 -4.023137e+00 -2.874052e+00 -6.391725e+00 -5.529310e+00 -4.204343e+00 -6.151446e-01 -3.740229e+00 -1.869611e+00 -3.389553e-01 -1.384257e-01 6.631632e-01 1.115718e+00 9.428488e-01 9.235590e-01 1.214173e+00 3.831832e-01 4.288512e-01 1.747663e-01 -3.696080e-01 -5.199960e-01 2.058944e-01 -3.129547e-01 -2.333410e-01 -2.474550e-01 -1.322176e-01 1.939056e-01 2.248240e-01 1.141598e-01 3.650744e-01 2.081424e-01 2.235445e-01 1.420016e-01 2.528409e-01
<VARIANCE> 39
 2.943277e+01 3.604498e+01 2.323987e+01 3.102261e+01 3.713589e+01 3.807346e+01 4.123175e+01 4.772149e+01 4.231728e+01 4.540614e+01 4.486396e+01 4.595254e+01 2.580105e+01 1.410967e+00 1.818054e+00 1.902016e+00 2.450710e+00 2.507096e+00 3.395106e+00 3.625252e+00 3.930719e+00 3.852430e+00 3.892879e+00 3.906567e+00 3.536072e+00 1.632053e+00 2.370820e-01 3.017217e-01 3.229820e-01 3.980484e-01 4.370917e-01 5.583605e-01 6.542805e-01 6.156853e-01 6.845390e-01 6.469960e-01 6.454235e-01 5.684822e-01 1.492826e-01
<GCONST> 1.208812e+02
<MIXTURE> 3 2.708021e-01
<MEAN> 39
 -1.406060e+00 -2.055391e+00 4.735084e-01 7.755172e-01 4.809452e-01 2.973542e+00 -2.565963e+00 -5.324917e-01 2.237739e+00 3.669714e-01 3.575727e+00 2.999894e+00 5.150077e+00 -1.431762e-01 2.601832e-01 1.289583e-02 -1.627318e-01 3.846081e-01 -7.967759e-02 1.815430e-01 2.150749e-01 1.886697e-01 1.298286e-01 1.068225e-01 2.040817e-02 -1.406541e-01 6.201653e-02 -7.679375e-02 -8.257263e-02 -6.434776e-02 -2.115297e-01 -1.256678e-01 1.078538e-01 -1.455737e-02 -1.112541e-01 4.731649e-02 -8.442017e-02 -5.382832e-02 -6.538123e-02
<VARIANCE> 39
 3.660443e+01 3.025722e+01 2.920203e+01 6.977966e+01 5.655149e+01 5.632162e+01 7.696997e+01 9.748965e+01 9.993245e+01 1.353253e+02 1.414810e+02 1.569906e+02 5.232916e+01 3.864663e-01 8.076169e-01 1.080027e+00 1.578992e+00 1.942436e+00 2.019330e+00 2.080805e+00 2.417537e+00 2.614241e+00 2.527236e+00 2.380311e+00 2.715221e+00 2.442077e-01 6.063315e-02 1.054473e-01 1.639323e-01 2.333440e-01 2.892145e-01 3.290422e-01 4.279277e-01 3.940170e-01 4.111167e-01 4.632140e-01 3.883500e-01 4.809034e-01 3.572729e-02
<GCONST> 1.123537e+02
<MIXTURE> 4 2.160428e-01
<MEAN> 39
 -2.326498e+00 1.540413e+00 -1.913754e+00 -4.622642e+00 1.800314e-01 9.368497e-01 4.208608e-01 8.080416e-01 2.427528e+00 1.630284e+00 4.003758e+00 2.991874e+00 4.249899e+00 -1.251527e+00 3.777247e-01 -1.111107e-01 -3.022758e-01 1.372765e+00 3.916986e-01 -1.027594e-01 3.024656e-01 -1.809178e-01 -1.593226e-01 2.789384e-01 9.994201e-02 4.787474e-01 2.175047e-01 -4.211042e-02 9.984969e-02 2.723504e-01 -5.899803e-02 -2.630436e-01 -6.181705e-02 -4.463835e-02 -1.365626e-01 8.828143e-02 -1.208081e-01 -1.613630e-01 -1.758198e-01
<VARIANCE> 39
 3.040482e+01 4.924836e+01 3.467604e+01 6.214529e+01 5.778893e+01 8.077352e+01 7.729733e+01 7.921640e+01 7.851610e+01 1.148756e+02 1.291999e+02 1.073251e+02 5.036690e+01 1.796761e+00 2.591551e+00 3.191493e+00 4.050938e+00 4.364572e+00 5.779819e+00 4.886162e+00 5.769795e+00 6.715194e+00 7.107605e+00 7.287370e+00 5.983650e+00 2.876159e+00 2.777883e-01 4.112807e-01 4.705670e-01 6.340281e-01 7.502832e-01 9.713927e-01 8.262538e-01 9.148848e-01 1.027932e+00 9.997075e-01 9.855455e-01 9.429859e-01 3.253553e-01
<GCONST> 1.406142e+02
<STATE> 3
<NUMMIXES> 4
<MIXTURE> 1 1.375126e-01
<MEAN> 39
 -8.115538e+00 3.214957e+00 -8.364547e-01 -7.856071e+00 1.221185e+01 -1.099402e+00 -2.149738e+00 1.155990e+00 -3.399176e+00 2.800319e+00 1.448989e+01 1.278192e+01 1.174336e+01 -2.695856e-02 3.079413e-02 -6.424968e-02 -2.040560e-02 1.106136e-03 -1.906129e-01 5.724364e-02 9.443807e-02 -6.893715e-02 4.818124e-02 6.921373e-02 2.766393e-02 -3.115820e-02 3.293659e-03 -2.925209e-02 -1.974003e-02 -1.821740e-02 -8.769372e-02 -2.079173e-03 -2.515698e-02 -1.430987e-02 1.305298e-02 -4.541280e-04 2.132653e-02 2.097740e-02 -1.349353e-02
<VARIANCE> 39
 6.933239e+00 1.290614e+01 1.349614e+01 1.903076e+01 1.889939e+01 3.554787e+01 2.377954e+01 2.342168e+01 2.872744e+01 6.152856e+01 6.078680e+01 4.856749e+01 6.473177e+00 1.974142e-01 4.341708e-01 4.776468e-01 5.059323e-01 6.392464e-01 7.651658e-01 8.126046e-01 5.692483e-01 4.529184e-01 7.322641e-01 9.323173e-01 8.143788e-01 4.797646e-02 3.497397e-02 7.050099e-02 7.922478e-02 1.012190e-01 1.204460e-01 1.126783e-01 1.329914e-01 1.111058e-01 7.310174e-02 1.182892e-01 1.570221e-01 1.571824e-01 1.000000e-02
<GCONST> 6.970518e+01
<MIXTURE> 2 3.287833e-01
<MEAN> 39
 -1.172155e+01 2.381129e+00 1.771188e+00 1.139849e+00 5.156620e+00 4.731704e+00 -1.107020e+00 3.803518e+00 -7.388552e-01 -4.688865e+00 -2.737865e+00 -6.653922e-01 7.382690e-01 -8.892277e-02 -6.534517e-02 7.611746e-02 8.851476e-02 8.232233e-02 4.246993e-02 -9.422598e-03 4.527541e-02 6.382160e-02 -1.587112e-03 -1.330574e-02 -5.673508e-02 -2.630169e-02 1.349900e-01 -2.343544e-02 8.215678e-03 -1.719286e-02 -1.004244e-01 -1.381318e-01 -1.016711e-01 -1.417055e-01 -5.202438e-02 -3.483666e-02 -1.832820e-02 -7.540292e-03 -6.889604e-02
<VARIANCE> 39
 1.168986e+01 3.625922e+01 1.794175e+01 2.844197e+01 3.856885e+01 4.174209e+01 3.929259e+01 4.158498e+01 4.486871e+01 4.301176e+01 3.001739e+01 3.005716e+01 1.948974e+01 3.096826e-01 5.088959e-01 7.654939e-01 1.181985e+00 1.483053e+00 1.881033e+00 2.221003e+00 2.533293e+00 2.347855e+00 2.259152e+00 1.920877e+00 1.947271e+00 2.566826e-01 6.144445e-02 8.796097e-02 1.536826e-01 2.360366e-01 3.025807e-01 3.793682e-01 4.571513e-01 5.073773e-01 4.762766e-01 4.382419e-01 4.068319e-01 3.798217e-01 2.947710e-02
<GCONST> 9.939645e+01
<MIXTURE> 3 3.058645e-01
<MEAN> 39
 -2.423242e+00 2.548899e+00 -9.456600e-01 -3.277621e+00 1.634596e+00 -1.099546e+00 -7.643718e-01 8.343253e-01 -1.111339e+00 -1.008697e+00 1.209472e+00 1.639075e+00 7.102863e-01 -4.994678e-01 -1.619574e-01 -8.395438e-02 7.986794e-02 1.275446e-01 1.695107e-01 1.629514e-01 3.351453e-01 1.559563e-01 2.523399e-02 -1.501567e-01 -1.852412e-01 -2.999184e-01 3.684610e-01 -4.739310e-02 5.941165e-02 6.174468e-02 -3.719980e-01 -1.540464e-01 -6.935228e-02 -2.719294e-01 -4.637364e-02 -6.488910e-03 -9.901228e-02 -6.538022e-03 -6.168496e-02
<VARIANCE> 39
 3.301720e+01 3.974368e+01 3.347913e+01 5.623790e+01 5.581383e+01 7.075341e+01 5.739941e+01 6.996595e+01 8.031538e+01 8.961713e+01 1.147346e+02 1.002027e+02 5.738317e+01 1.093902e+00 1.601030e+00 1.661446e+00 2.291701e+00 2.538081e+00 3.603086e+00 3.639295e+00 3.574193e+00 3.858952e+00 3.837706e+00 3.655141e+00 3.761472e+00 1.248323e+00 2.028375e-01 2.616670e-01 3.482165e-01 4.568075e-01 5.584142e-01 6.514055e-01 6.430237e-01 7.144791e-01 7.527118e-01 6.951473e-01 7.893901e-01 7.115207e-01 2.187992e-01
<GCONST> 1.281640e+02
<MIXTURE> 4 2.278396e-01
<MEAN> 39
 -5.116409e+00 -2.102557e+00 4.073149e-01 2.767466e+00 2.473048e+00 2.667183e+00 -5.453426e-01 4.611933e-01 7.505485e+00 5.844371e+00 5.550257e+00 -2.116033e-01 8.809440e+00 2.074736e-02 -9.295690e-02 -3.669406e-02 -5.227928e-02 -1.388901e-01 -8.068175e-02 6.805458e-02 -1.206642e-01 1.450785e-01 1.473626e-01 -1.239467e-01 6.341506e-03 -1.324772e-01 7.453476e-02 -5.322659e-02 -5.851140e-02 -8.242142e-02 -1.293421e-01 -3.279840e-02 1.049606e-02 -3.718642e-02 -8.262005e-02 -5.963871e-02 -4.890055e-02 -1.907560e-02 -5.687373e-02
<VARIANCE> 39
 3.892490e+01 4.706454e+01 3.437573e+01 8.399469e+01 6.195864e+01 6.000634e+01 6.859283e+01 8.184476e+01 9.782167e+01 1.250930e+02 1.334223e+02 2.037069e+02 2.629584e+01 2.789586e-01 5.032011e-01 6.906359e-01 1.068149e+00 1.189891e+00 1.295938e+00 1.379720e+00 1.579484e+00 1.846387e+00 1.913787e+00 2.043414e+00 2.157167e+00 1.219317e-01 5.769516e-02 1.026926e-01 1.398493e-01 1.695439e-01 2.112534e-01 2.514935e-01 2.519338e-01 2.922547e-01 2.840434e-01 3.410303e-01 3.130994e-01 3.535331e-01 2.359944e-02
<GCONST> 1.037939e+02
<STATE> 4
<NUMMIXES> 4
<MIXTURE> 1 2.586207e-01
<MEAN> 39
 -5.435575e+00 9.746964e+00 -5.787442e+00 -1.030511e+01 1.084629e+01 -1.109108e+01 4.391820e+00 -1.214130e+00 1.748371e+00 1.285809e+01 1.584084e+01 1.505531e+01 7.791989e+00 2.339762e-02 -3.416207e-02 1.889351e-02 -4.486722e-02 -1.978202e-02 5.209139e-03 -1.287658e-02 -1.117364e-02 9.757496e-02 6.851072e-02 1.819931e-02 2.737478e-03 -3.216125e-02 1.355240e-02 -3.648816e-02 1.888149e-02 -1.402674e-02 -3.630180e-02 1.667398e-02 -4.025114e-02 4.035938e-03 1.087735e-02 -4.046211e-02 1.581840e-02 -2.946963e-02 -1.081366e-02
<VARIANCE> 39
 1.023487e+01 1.741944e+01 2.039582e+01 2.760949e+01 3.591046e+01 3.077902e+01 2.685623e+01 4.556576e+01 4.678718e+01 6.353970e+01 6.574522e+01 4.219868e+01 1.160883e+01 1.390534e-01 3.177228e-01 4.654719e-01 5.461962e-01 5.792000e-01 7.155259e-01 7.814378e-01 8.690610e-01 8.104815e-01 9.099141e-01 8.427790e-01 8.295495e-01 7.088014e-02 2.513763e-02 5.222541e-02 8.225653e-02 9.539454e-02 9.906622e-02 1.168577e-01 1.307538e-01 1.626493e-01 1.402952e-01 1.532227e-01 1.490397e-01 1.465691e-01 1.000000e-02
<GCONST> 7.456141e+01
<MIXTURE> 2 2.095649e-01
<MEAN> 39
 -6.738923e+00 1.854259e+00 2.551528e+00 2.016078e+00 1.944444e+00 1.126704e+00 -6.784512e-01 7.760046e-01 -2.095787e+00 -4.002051e+00 -4.251544e+00 -2.558264e+00 -3.615417e+00 4.193423e-01 -8.848953e-02 4.328210e-02 -5.292864e-02 -3.719430e-01 -2.138991e-01 3.361489e-02 -2.208103e-01 -9.791755e-02 1.167074e-01 -1.117675e-01 -1.121650e-01 -3.165527e-01 4.796655e-01 9.679563e-02 -8.959942e-02 -2.143315e-01 -2.957979e-01 -2.541634e-01 -9.857904e-02 -1.433475e-01 -6.107126e-02 1.008935e-01 1.671136e-01 1.580584e-01 8.673362e-02
<VARIANCE> 39
 3.666681e+01 4.482616e+01 2.787811e+01 4.094502e+01 4.251582e+01 4.480717e+01 4.474288e+01 5.591165e+01 4.430968e+01 4.993167e+01 4.008323e+01 3.353081e+01 3.322658e+01 2.036721e+00 1.807500e+00 1.900018e+00 3.455182e+00 2.765956e+00 3.067369e+00 3.941450e+00 3.644498e+00 4.123284e+00 3.365523e+00 3.507162e+00 3.005077e+00 2.388626e+00 3.197807e-01 3.268865e-01 3.548798e-01 5.101932e-01 5.535084e-01 6.495254e-01 7.902798e-01 7.872766e-01 8.274320e-01 8.102916e-01 7.120564e-01 5.994693e-01 3.396146e-01
<GCONST> 1.259558e+02
<MIXTURE> 3 2.853038e-01
<MEAN> 39
 -1.333010e+00 1.834742e+00 -1.449906e+00 -3.642281e+00 1.043046e+00 -3.234588e+00 -3.611595e+00 -2.937723e+00 -3.765796e+00 -2.194845e+00 1.615573e+00 4.605942e+00 1.661519e+00 1.947019e-02 -2.111260e-01 -9.286049e-02 6.702638e-02 -3.774798e-01 -2.000561e-01 -2.315850e-01 -2.318013e-01 -1.217436e-01 -2.045618e-01 -2.383081e-01 -1.561996e-01 -3.419158e-01 1.195198e-01 8.014315e-03 1.044146e-01 1.277673e-01 -2.561357e-02 1.742157e-01 1.366616e-01 2.230115e-02 2.960903e-02 -3.299640e-02 -7.210533e-02 -3.433324e-02 -1.725340e-02
<VARIANCE> 39
 3.478394e+01 3.957526e+01 2.768222e+01 5.442653e+01 5.145004e+01 5.920441e+01 5.862351e+01 5.187161e+01 4.965105e+01 5.836013e+01 8.608816e+01 9.438593e+01 5.207606e+01 4.037857e-01 7.085491e-01 9.987607e-01 1.365426e+00 1.695802e+00 2.141378e+00 2.272790e+00 2.185943e+00 1.996123e+00 2.278167e+00 2.258878e+00 2.066033e+00 2.652750e-01 5.716476e-02 1.026772e-01 1.595265e-01 2.156181e-01 2.991062e-01 3.587793e-01 3.960297e-01 3.895999e-01 3.882875e-01 4.000193e-01 4.432211e-01 3.463702e-01 3.983026e-02
<GCONST> 1.073024e+02
<MIXTURE> 4 2.465107e-01
<MEAN> 39
 -2.919586e+00 -1.012959e+00 -8.604835e-01 -2.738554e+00 1.918932e+00 2.277681e+00 8.351654e-01 2.325145e+00 7.786239e+00 6.894825e+00 6.929314e+00 1.176462e+00 8.514148e+00 6.424670e-01 -2.952115e-02 7.584573e-02 -7.182856e-02 -1.092372e+00 -5.947926e-01 1.885772e-01 -4.841407e-01 -1.904080e-02 2.570758e-02 -2.815343e-01 -3.789951e-03 -7.281440e-01 1.692376e-01 6.702267e-02 4.851715e-02 1.372967e-01 -2.222481e-01 -3.107034e-01 -2.781107e-02 -1.376673e-01 -2.947702e-01 -1.190090e-01 -1.435770e-01 5.988208e-03 -2.836722e-01
<VARIANCE> 39
 2.423296e+01 5.305442e+01 3.712626e+01 9.078992e+01 6.092008e+01 8.138108e+01 6.845618e+01 9.271089e+01 1.178440e+02 1.539627e+02 1.845815e+02 2.213234e+02 2.661606e+01 7.885783e-01 1.415056e+00 1.939306e+00 3.013277e+00 3.233049e+00 3.961663e+00 3.838989e+00 3.720512e+00 3.885007e+00 4.500566e+00 4.345889e+00 5.713881e+00 8.089383e-01 1.143759e-01 2.212222e-01 3.048217e-01 4.238347e-01 4.728458e-01 5.970083e-01 6.017001e-01 6.495407e-01 6.612733e-01 7.021461e-01 7.953780e-01 8.548900e-01 1.306856e-01
<GCONST> 1.297589e+02
<STATE> 5
<NUMMIXES> 4
<MIXTURE> 1 2.714623e-01
<MEAN> 39
 -9.096466e-01 2.240772e-01 -2.819687e+00 -1.258793e+00 1.431197e+00 -1.751528e+00 1.327425e-01 -8.851980e-01 2.333052e+00 4.055444e+00 7.459696e+00 6.244932e+00 6.415316e+00 1.238507e-01 -1.035203e-01 -1.368913e-02 1.392426e-01 -1.955328e-01 -2.768263e-02 8.809362e-02 7.076558e-02 8.659069e-03 3.668694e-03 1.497394e-01 2.114706e-01 -1.635570e-01 1.733600e-02 5.023507e-02 6.756471e-02 -3.899721e-02 -2.980929e-02 6.597971e-02 4.483264e-02 4.585368e-02 -2.040637e-02 -5.944103e-02 -6.688916e-02 -2.694392e-02 -7.898328e-03
<VARIANCE> 39
 2.746096e+01 6.968580e+01 3.501209e+01 8.957403e+01 6.476313e+01 9.205111e+01 7.528768e+01 9.370440e+01 9.737633e+01 1.633943e+02 1.857788e+02 1.783436e+02 3.219687e+01 3.330948e-01 6.993263e-01 9.721187e-01 1.405373e+00 1.438290e+00 1.838722e+00 2.078913e+00 1.981040e+00 2.007398e+00 2.184923e+00 2.345440e+00 2.438197e+00 1.770705e-01 5.176503e-02 1.000316e-01 1.431027e-01 2.115621e-01 2.731400e-01 3.009236e-01 3.500346e-01 3.157696e-01 3.672154e-01 3.966952e-01 4.300488e-01 4.069286e-01 2.504294e-02
<GCONST> 1.103098e+02
<MIXTURE> 2 3.260698e-01
<MEAN> 39
 -4.266658e+00 1.619879e+00 2.717397e+00 1.103455e+00 6.719631e-02 5.455513e-03 -1.899640e+00 -5.085826e-01 -3.843458e+00 -4.616198e+00 -4.855986e+00 -2.256843e+00 -6.315120e+00 1.609516e-01 -7.937913e-02 1.215822e-01 4.327916e-01 4.568584e-02 1.036137e-01 2.504377e-01 4.835024e-02 -1.539005e-01 -8.496587e-02 -2.575771e-01 -2.723507e-01 -6.349427e-01 8.813950e-02 6.809220e-02 -3.542658e-02 -6.234397e-02 6.474641e-02 3.680470e-02 2.669497e-02 5.135208e-02 5.925504e-02 7.425521e-02 1.822365e-01 9.906913e-02 7.667072e-02
<VARIANCE> 39
 2.308798e+01 2.071564e+01 2.077641e+01 2.641730e+01 3.392444e+01 3.759772e+01 3.761509e+01 4.312572e+01 4.783774e+01 4.517976e+01 3.603106e+01 3.945794e+01 2.784952e+01 7.620057e-01 8.044939e-01 9.992480e-01 1.622750e+00 1.989078e+00 2.663377e+00 2.703521e+00 2.992974e+00 2.658819e+00 2.847566e+00 2.528050e+00 2.294246e+00 8.382960e-01 1.022154e-01 1.541681e-01 1.928316e-01 2.711484e-01 3.341388e-01 4.548942e-01 5.117313e-01 5.439827e-01 5.254033e-01 5.187967e-01 4.695823e-01 4.440795e-01 1.052245e-01
<GCONST> 1.089374e+02
<MIXTURE> 3 2.312943e-01
<MEAN> 39
 3.033250e+00 3.254811e+00 -7.418118e-01 -6.017715e+00 -3.205770e+00 -5.026015e+00 -2.631136e+00 -5.449464e+00 -3.904200e+00 -4.071156e+00 -1.645645e-01 3.581799e+00 2.202459e+00 7.998924e-01 2.520703e-01 6.586847e-01 4.781294e-01 -6.604538e-01 -7.001770e-01 -3.933256e-01 -6.284371e-01 -8.676649e-01 -6.007057e-01 -9.850802e-01 -3.784749e-01 -1.551277e+00 -2.907870e-01 -5.766930e-02 -4.318041e-03 2.953118e-01 4.426442e-01 3.395798e-01 1.269607e-01 3.645800e-01 1.051298e-01 2.000257e-01 1.423185e-01 -7.530646e-04 -8.214105e-02
<VARIANCE> 39
 2.343634e+01 4.898910e+01 3.006436e+01 6.020338e+01 5.311638e+01 7.212078e+01 6.492017e+01 5.403431e+01 6.419189e+01 8.400311e+01 1.047593e+02 1.026284e+02 2.699636e+01 1.342142e+00 2.080590e+00 2.132971e+00 3.329688e+00 3.295315e+00 5.214509e+00 4.612468e+00 3.992530e+00 4.262545e+00 3.963735e+00 4.039492e+00 4.533308e+00 2.285306e+00 2.178640e-01 3.352451e-01 3.395929e-01 4.958746e-01 5.055484e-01 8.247752e-01 8.660070e-01 7.754766e-01 7.965375e-01 7.834519e-01 6.919131e-01 7.631068e-01 2.461077e-01
<GCONST> 1.309313e+02
<MIXTURE> 4 1.711735e-01
<MEAN> 39
 -2.139484e+00 8.727965e-01 -1.380337e+00 -3.282432e+00 -1.871241e+00 -3.437976e-01 2.450905e+00 4.205775e+00 6.202269e+00 6.186883e+00 2.773170e+00 -2.261423e+00 4.151886e+00 1.206078e+00 -2.867872e-01 -5.250902e-01 -8.658455e-01 -1.001872e+00 -6.440398e-01 -1.311313e-01 -4.679402e-01 2.002761e-01 7.606492e-01 1.182247e+00 1.022066e+00 3.003212e-01 -1.044217e-01 1.399245e-02 1.100064e-01 2.296218e-01 3.427841e-01 1.338413e-01 -6.796517e-02 -1.739578e-01 -2.357119e-01 -2.638166e-01 -9.842414e-02 1.327461e-01 -6.292183e-02
<VARIANCE> 39
 2.962387e+01 7.067931e+01 3.041506e+01 7.177747e+01 5.984205e+01 7.018680e+01 8.281220e+01 8.620927e+01 1.378737e+02 1.381761e+02 1.554645e+02 1.500224e+02 4.898061e+01 2.777260e+00 2.661691e+00 2.886756e+00 5.416806e+00 4.516928e+00 6.506556e+00 6.246086e+00 7.412021e+00 8.232757e+00 8.450191e+00 8.939219e+00 9.790149e+00 4.445078e+00 4.109521e-01 4.280174e-01 4.373027e-01 7.918872e-01 7.493313e-01 8.375294e-01 1.076178e+00 9.898019e-01 1.125924e+00 1.075180e+00 1.333685e+00 1.336167e+00 4.598202e-01
<GCONST> 1.469947e+02
<TRANSP> 6
 0.000000e+00 1.000000e+00 0.000000e+00 0.000000e+00 0.000000e+00 0.000000e+00
 0.000000e+00 4.472727e-01 5.527273e-01 0.000000e+00 0.000000e+00 0.000000e+00
 0.000000e+00 0.000000e+00 5.645433e-01 4.354567e-01 0.000000e+00 0.000000e+00
 0.000000e+00 0.000000e+00 0.000000e+00 4.696223e-01 5.303777e-01 0.000000e+00
 0.000000e+00 0.000000e+00 0.000000e+00 0.000000e+00 3.216067e-01 6.783933e-01
 0.000000e+00 0.000000e+00 0.000000e+00 0.000000e+00 0.000000e+00 0.000000e+00
<ENDHMM>
