~o
<STREAMINFO> 1 39
<VECSIZE> 39<NULLD><MFCC_D_A_Z_0><DIAGC>
~h "ae"
<BEGINHMM>
<NUMSTATES> 6
<STATE> 2
<NUMMIXES> 8
<MIXTURE> 1 1.086291e-01
<MEAN> 39
 -1.916654e+00 -1.167029e+01 -3.167452e+00 -1.946524e+00 1.680115e+00 1.171672e+00 2.774735e+00 2.872784e+00 -3.266931e+00 5.735989e-01 8.785017e+00 1.335534e+01 1.158022e+01 2.235628e-02 -1.976477e-02 1.482462e-02 6.080021e-02 7.804736e-02 1.050415e-02 -2.958798e-02 3.407173e-02 8.496648e-03 -9.977695e-03 3.150530e-02 1.142555e-02 -1.757527e-02 1.586984e-01 2.389452e-01 2.237125e-01 2.019238e-01 1.809448e-01 1.897106e-01 1.964938e-01 1.653828e-01 1.026996e-01 -3.015938e-02 -1.217181e-01 -1.459330e-01 5.093192e-02
<VARIANCE> 39
 1.155974e+01 2.078441e+01 2.993388e+01 3.671060e+01 6.457029e+01 4.522129e+01 5.554252e+01 5.049197e+01 6.817951e+01 7.733312e+01 7.177827e+01 6.275515e+01 1.613929e+01 2.346917e-01 4.946996e-01 6.563776e-01 7.958729e-01 9.737874e-01 9.844518e-01 1.129443e+00 1.077654e+00 1.101671e+00 1.114037e+00 1.219383e+00 1.097429e+00 8.681048e-02 2.887844e-02 5.906673e-02 8.494949e-02 1.120603e-01 1.314161e-01 1.461779e-01 1.683791e-01 1.750147e-01 1.883706e-01 1.960479e-01 1.928715e-01 1.742666e-01 1.098709e-02
<GCONST> 8.553981e+01
<MIXTURE> 2 1.376887e-01
<MEAN> 39
 6.179496e-01 -1.415073e+00 5.888011e+00 -6.006955e+00 -9.300320e+00 -1.337606e-01 4.553590e+00 -7.392035e-01 -3.706340e+00 1.061239e+00 -1.690083e+00 -1.441541e+00 7.987412e+00 4.251698e-02 -2.434195e-01 -1.677849e-01 -1.381121e-02 1.272497e-01 1.815920e-01 1.625235e-01 1.663862e-01 -1.338779e-01 -9.563914e-02 9.700005e-03 -6.880548e-02 6.415582e-02 2.192647e-04 7.354049e-03 -8.482075e-02 1.143032e-01 1.230854e-01 -8.129129e-02 -1.050459e-01 2.893789e-02 4.855391e-02 -9.523857e-02 1.839511e-02 7.830973e-02 -5.896551e-02
<VARIANCE> 39
 1.698081e+01 2.709106e+01 3.254802e+01 5.216409e+01 5.082733e+01 5.814143e+01 6.044367e+01 6.133664e+01 5.616990e+01 6.169318e+01 6.149427e+01 6.488213e+01 2.733471e+01 2.766093e-01 6.988736e-01 9.294558e-01 1.080482e+00 1.328931e+00 1.531998e+00 1.795751e+00 2.075868e+00 1.936423e+00 2.036441e+00 1.794257e+00 1.656487e+00 2.231120e-01 5.094810e-02 1.019062e-01 1.366344e-01 1.834290e-01 2.313013e-01 2.678245e-01 3.077249e-01 3.206874e-01 3.283015e-01 3.375145e-01 3.175058e-01 2.861106e-01 3.686889e-02
<GCONST> 1.006108e+02
<MIXTURE> 3 9.674412e-02
<MEAN> 39
 3.660792e-01 -8.513658e+00 -2.316025e+00 -3.810754e+00 6.390021e-01 1.567832e+00 6.350507e+00 6.338462e+00 -6.240195e-01 -2.568813e+00 6.459533e-01 4.371881e+00 1.278675e+01 -2.786215e-01 -4.682579e-01 -8.472980e-02 3.174398e-01 7.094886e-01 6.291991e-01 4.484900e-01 4.833918e-02 -5.487589e-01 -4.271792e-01 1.059542e-01 1.300402e-01 3.607391e-01 6.501921e-02 2.601698e-01 5.508961e-02 1.787280e-01 -1.151603e-01 -2.362014e-01 -4.084685e-01 -3.471039e-01 3.728330e-02 1.649867e-01 3.744843e-02 -9.414002e-02 -3.220643e-01
<VARIANCE> 39
 1.759878e+01 2.336461e+01 3.455954e+01 3.792387e+01 6.370790e+01 5.699177e+01 7.580224e+01 6.536649e+01 8.318430e+01 7.018883e+01 7.974309e+01 9.867736e+01 2.121323e+01 7.585334e-01 1.425027e+00 1.561842e+00 1.950286e+00 3.063870e+00 3.420623e+00 4.050719e+00 3.787791e+00 3.755805e+00 3.613847e+00 3.563425e+00 3.477449e+00 6.700443e-01 1.294916e-01 2.321608e-01 2.671289e-01 3.692494e-01 4.141666e-01 5.017256e-01 6.806292e-01 6.913880e-01 6.757517e-01 6.355534e-01 6.017991e-01 6.426049e-01 1.456755e-01
<GCONST> 1.214066e+02
<MIXTURE> 4 9.985053e-02
<MEAN> 39
 2.614138e+00 -4.357601e+00 -9.874762e-01 -2.364951e+00 -6.150409e+00 -2.884408e+00 4.312133e+00 7.825896e+00 1.328969e+00 -3.781837e+00 -3.141408e+00 -9.074141e-01 1.050223e+01 -1.901476e-01 -7.628539e-01 -2.898737e-01 -2.117326e-01 4.032087e-01 8.246034e-01 8.613378e-01 4.574915e-01 -3.809668e-01 -5.470619e-01 -3.943327e-02 -2.190710e-02 4.648056e-01 -2.565946e-02 2.177026e-01 9.274817e-02 1.723585e-01 1.957801e-01 -4.925217e-02 -3.177776e-01 -5.048845e-01 -1.549940e-01 1.040081e-01 9.289128e-02 4.311599e-02 -2.800857e-01
<VARIANCE> 39
 1.090264e+01 1.894389e+01 2.581346e+01 2.434010e+01 4.321469e+01 4.580641e+01 5.070643e+01 4.210643e+01 6.168690e+01 4.512389e+01 3.903440e+01 3.389742e+01 1.973417e+01 3.274512e-01 7.077383e-01 1.038920e+00 1.080385e+00 1.665030e+00 1.705128e+00 2.208073e+00 2.297814e+00 2.406690e+00 2.192955e+00 2.008229e+00 1.719392e+00 2.812625e-01 7.119869e-02 1.160367e-01 1.481134e-01 1.883265e-01 2.605389e-01 2.926552e-01 3.533310e-01 3.444857e-01 3.735005e-01 3.445273e-01 3.086699e-01 2.769302e-01 6.060392e-02
<GCONST> 9.939583e+01
<MIXTURE> 5 1.192752e-01
<MEAN> 39
 1.062053e+00 -9.771896e+00 -4.999380e+00 -3.136837e+00 2.587110e+00 8.131067e-01 1.857089e+00 3.606610e+00 -1.984426e+00 -5.762056e+00 -2.523501e+00 1.081047e+00 1.181237e+01 2.319608e-02 -1.480274e-01 -8.587556e-02 6.098048e-02 1.425970e-01 4.020217e-02 -1.857849e-01 -1.661342e-01 -8.651309e-02 -5.634064e-02 8.592425e-02 7.095512e-02 -6.385681e-02 5.161479e-02 1.486996e-01 1.793219e-01 8.106540e-02 -3.142895e-03 7.428762e-02 1.712978e-01 1.633976e-01 1.217503e-01 1.533177e-01 1.162248e-01 9.894492e-02 -1.478787e-03
<VARIANCE> 39
 1.512168e+01 2.319630e+01 2.837739e+01 3.889467e+01 6.712850e+01 5.366632e+01 6.686368e+01 6.610353e+01 6.837488e+01 4.616346e+01 4.717475e+01 4.782466e+01 1.885393e+01 3.288494e-01 6.914878e-01 9.040588e-01 1.227217e+00 1.732752e+00 1.687815e+00 2.064112e+00 2.227552e+00 2.153468e+00 1.885751e+00 1.777417e+00 1.704670e+00 2.138393e-01 5.473899e-02 1.056010e-01 1.359792e-01 2.037416e-01 2.758871e-01 2.918969e-01 3.273211e-01 3.592794e-01 3.728844e-01 3.266902e-01 2.928689e-01 2.744466e-01 3.183156e-02
<GCONST> 1.005588e+02
<MIXTURE> 6 1.854197e-01
<MEAN> 39
 1.350086e-01 -9.718332e+00 -1.688389e+00 -8.765996e-03 4.519147e+00 3.894795e+00 5.364257e+00 5.149236e+00 -3.016801e+00 -2.446356e+00 4.379645e+00 8.888588e+00 1.270974e+01 1.065004e-02 -6.661612e-02 -2.738697e-02 5.259529e-02 9.625274e-02 9.131312e-03 -6.828050e-02 -1.681473e-02 -1.909175e-02 -2.313125e-02 1.824508e-02 1.231415e-02 -3.077736e-02 -7.187351e-02 -8.712710e-02 -1.574455e-01 -2.057547e-01 -2.258453e-01 -2.156532e-01 -1.785058e-01 -1.125957e-01 -1.903364e-02 -1.250157e-02 -5.845167e-02 -2.993826e-02 -7.371977e-02
<VARIANCE> 39
 1.276996e+01 1.862116e+01 2.670209e+01 3.538330e+01 5.831759e+01 4.316118e+01 5.811801e+01 5.329658e+01 5.440914e+01 5.332793e+01 6.667585e+01 6.536266e+01 1.799954e+01 2.899846e-01 5.890129e-01 7.339504e-01 9.698831e-01 1.282386e+00 1.296875e+00 1.519665e+00 1.487927e+00 1.451501e+00 1.454539e+00 1.497641e+00 1.402300e+00 1.259117e-01 3.947273e-02 7.582719e-02 9.602883e-02 1.308956e-01 1.636243e-01 1.932053e-01 2.229639e-01 2.280351e-01 2.419735e-01 2.377141e-01 2.473556e-01 2.382115e-01 1.639301e-02
<GCONST> 9.132733e+01
<MIXTURE> 7 1.626578e-01
<MEAN> 39
 -9.541011e-01 -9.545949e+00 -1.751912e+00 -3.949938e-01 3.750643e+00 3.746252e+00 5.326612e+00 3.937139e+00 -3.483103e+00 -5.137083e-01 7.729758e+00 1.262840e+01 1.290105e+01 8.574736e-03 -2.067312e-02 -8.052475e-03 1.943327e-02 3.327004e-02 -4.675762e-03 -3.210056e-02 8.577783e-03 1.071623e-02 -4.960441e-03 1.093276e-02 1.854782e-02 -1.325503e-02 -2.052787e-02 -2.093547e-02 -3.492305e-02 -4.400809e-02 -4.740766e-02 -3.421886e-02 -2.133647e-02 -1.112064e-02 -4.306782e-03 -6.672496e-03 3.442668e-03 5.738960e-03 -1.153056e-02
<VARIANCE> 39
 1.060087e+01 1.721655e+01 2.562584e+01 3.368070e+01 5.501044e+01 4.186459e+01 5.667528e+01 4.561430e+01 5.771148e+01 6.986552e+01 7.141093e+01 5.640018e+01 1.913435e+01 1.014063e-01 2.084995e-01 2.839804e-01 3.361340e-01 4.237589e-01 4.193743e-01 4.697796e-01 5.074535e-01 4.919679e-01 5.022890e-01 5.225284e-01 5.085008e-01 3.138147e-02 1.558711e-02 3.242516e-02 4.576994e-02 5.602982e-02 6.831969e-02 7.153849e-02 8.239580e-02 8.925420e-02 8.922270e-02 9.217869e-02 9.520449e-02 9.073413e-02 4.636774e-03
<GCONST> 6.453109e+01
<MIXTURE> 8 8.973497e-02
<MEAN> 39
 3.146021e+00 -3.201659e+00 1.655016e+00 -3.603482e+00 -7.444537e+00 -4.484642e+00 1.268244e+00 3.480319e+00 1.360626e-02 -1.037794e+00 -1.864368e+00 -5.800557e-01 9.066099e+00 1.103776e-01 -1.221921e+00 -2.436431e-01 -6.847628e-01 3.105729e-03 6.143304e-01 9.445617e-01 1.162386e+00 5.987564e-02 -3.257208e-01 -1.846916e-01 -1.496118e-01 1.219455e+00 -4.625777e-01 2.779046e-01 -3.970981e-02 4.435127e-01 5.867423e-01 4.199094e-01 1.707075e-01 -2.660005e-01 -1.451308e-01 -4.767517e-02 1.020144e-01 5.121076e-02 -5.227984e-01
<VARIANCE> 39
 1.666687e+01 3.460515e+01 4.337814e+01 4.348871e+01 5.674892e+01 5.793291e+01 6.767374e+01 6.675474e+01 6.939056e+01 5.906610e+01 5.564009e+01 5.713005e+01 2.766887e+01 1.227577e+00 2.402217e+00 2.138156e+00 2.518370e+00 3.230906e+00 3.614457e+00 4.471439e+00 4.631353e+00 4.074730e+00 3.464282e+00 3.054198e+00 3.036894e+00 1.844293e+00 2.812549e-01 3.892350e-01 3.921181e-01 5.319629e-01 5.897982e-01 6.174070e-01 7.327668e-01 8.602082e-01 7.921973e-01 7.006273e-01 6.538450e-01 6.026699e-01 3.954738e-01
<GCONST> 1.278349e+02
<STATE> 3
<NUMMIXES> 8
<MIXTURE> 1 7.839533e-02
<MEAN> 39
 1.401061e+00 -7.450444e+00 -2.088326e+00 -3.302812e+00 -2.343109e+00 5.438346e-01 3.822976e+00 5.378106e+00 -3.155849e+00 -5.015493e+00 -1.913074e+00 4.818847e-01 1.104244e+01 3.197895e-01 4.390854e-01 5.356633e-01 6.505643e-01 6.821460e-01 6.708115e-01 6.573090e-01 6.757660e-01 6.146818e-01 5.045367e-01 4.179023e-01 3.429125e-01 9.894163e-02 1.148735e-02 3.094645e-02 2.265670e-02 1.320788e-02 -2.034839e-03 4.784863e-03 1.610122e-02 2.038409e-02 3.593381e-02 2.205068e-02 -1.404750e-03 -5.190814e-03 -3.456426e-03
<VARIANCE> 39
 1.049844e+01 1.914879e+01 3.172144e+01 2.613397e+01 5.960302e+01 4.274853e+01 5.309503e+01 5.194091e+01 6.477094e+01 5.111748e+01 4.645827e+01 4.826985e+01 1.308247e+01 6.503209e-02 1.582569e-01 2.395436e-01 3.051677e-01 4.387743e-01 4.596476e-01 5.108518e-01 5.567571e-01 5.914031e-01 5.853862e-01 5.750750e-01 5.832588e-01 2.973662e-02 1.208487e-02 2.739585e-02 4.315430e-02 5.740167e-02 7.660142e-02 8.574093e-02 9.602945e-02 1.029363e-01 1.089132e-01 1.014388e-01 9.692305e-02 8.917295e-02 4.489069e-03
<GCONST> 6.381981e+01
<MIXTURE> 2 1.425322e-01
<MEAN> 39
 6.858724e-01 -1.275633e+00 6.571682e+00 -5.029621e+00 -1.150856e+01 2.994408e-01 4.901891e+00 1.679152e-01 -4.301372e+00 1.357816e+00 -1.135639e+00 -2.712650e+00 8.016159e+00 2.527524e-02 -2.010453e-02 -2.821023e-02 4.046950e-02 3.180923e-02 -1.369852e-02 -9.228696e-03 2.565650e-02 -3.647972e-02 -4.962030e-02 1.394215e-02 1.563695e-02 -3.924802e-02 2.714918e-03 -1.477097e-02 -4.216314e-02 1.420608e-02 2.759813e-02 -4.766649e-02 -3.711021e-02 1.501456e-02 9.218308e-03 -5.231320e-02 -1.378069e-02 2.070752e-02 -6.906580e-03
<VARIANCE> 39
 1.273555e+01 1.945143e+01 2.339139e+01 3.416755e+01 3.934793e+01 4.739320e+01 4.143450e+01 5.654377e+01 4.223026e+01 4.780830e+01 5.451892e+01 4.806972e+01 1.244341e+01 8.738071e-02 2.285705e-01 3.591990e-01 4.480596e-01 5.757460e-01 6.865285e-01 7.548288e-01 9.002694e-01 8.402470e-01 9.041483e-01 8.005363e-01 7.419879e-01 5.704749e-02 1.422597e-02 3.370476e-02 5.410042e-02 7.555969e-02 9.732428e-02 1.183559e-01 1.310650e-01 1.474040e-01 1.439235e-01 1.503799e-01 1.395107e-01 1.292121e-01 7.718277e-03
<GCONST> 7.218565e+01
<MIXTURE> 3 2.322219e-01
<MEAN> 39
 1.754095e+00 -6.812532e+00 -2.881693e+00 -3.052678e+00 -2.263520e+00 2.476748e-01 5.006427e+00 7.724776e+00 2.086218e+00 -4.221042e+00 -2.844149e+00 -9.952086e-01 1.231833e+01 2.149127e-02 -8.168678e-03 -4.340284e-02 1.819441e-02 4.819606e-02 2.589718e-02 -4.179310e-02 -1.832934e-02 -9.660226e-03 -6.202484e-02 -3.016169e-02 6.444336e-03 -4.785623e-02 9.267801e-03 2.453243e-02 1.015531e-02 -1.529051e-02 -4.341423e-02 -5.626307e-02 -6.526611e-02 -4.941063e-02 -2.206273e-02 3.128260e-02 3.716780e-04 -4.790238e-03 -3.154265e-02
<VARIANCE> 39
 1.390612e+01 1.796150e+01 2.569212e+01 2.725350e+01 5.426029e+01 5.817270e+01 6.610143e+01 5.007155e+01 7.017293e+01 4.785217e+01 4.411235e+01 4.075336e+01 1.372674e+01 1.452115e-01 3.129179e-01 4.686896e-01 5.676585e-01 8.829386e-01 1.000267e+00 1.131539e+00 1.179803e+00 1.212063e+00 1.158170e+00 1.090019e+00 1.004612e+00 8.827890e-02 2.328795e-02 4.928480e-02 7.389581e-02 9.540364e-02 1.378460e-01 1.696274e-01 1.914138e-01 2.011377e-01 2.041388e-01 1.952756e-01 1.864308e-01 1.705943e-01 1.330513e-02
<GCONST> 8.216803e+01
<MIXTURE> 4 1.992380e-01
<MEAN> 39
 1.230349e+00 -6.132198e+00 -1.819277e+00 -3.246263e+00 -3.240782e+00 5.073174e-01 5.505098e+00 6.943971e+00 1.077472e-01 -3.448073e+00 -2.038817e+00 -1.063498e-01 1.184568e+01 1.162028e-03 -3.537056e-03 -1.069208e-02 9.555567e-04 2.314543e-02 -9.221463e-03 -2.560731e-02 -3.312419e-03 3.270506e-03 -9.530422e-03 -6.269097e-03 3.355470e-03 -9.286584e-03 1.221957e-03 6.432444e-03 3.806514e-03 -8.534594e-04 -7.830220e-03 -5.589722e-03 -4.007094e-03 7.547482e-04 5.737596e-03 4.041540e-03 -7.212220e-05 -3.986333e-03 -3.237424e-03
<VARIANCE> 39
 1.125684e+01 1.747459e+01 2.945063e+01 2.335827e+01 5.433153e+01 4.646688e+01 6.099066e+01 5.005639e+01 6.845195e+01 4.668692e+01 3.934362e+01 4.606055e+01 1.442812e+01 3.713223e-02 8.352046e-02 1.339986e-01 1.699819e-01 2.447325e-01 2.711349e-01 3.109585e-01 3.333984e-01 3.490357e-01 3.503903e-01 3.273787e-01 3.062941e-01 1.632485e-02 6.855175e-03 1.512795e-02 2.431514e-02 3.202331e-02 4.443036e-02 5.056751e-02 5.741391e-02 6.313148e-02 6.639703e-02 6.570744e-02 6.160120e-02 5.743192e-02 2.547536e-03
<GCONST> 4.943629e+01
<MIXTURE> 5 9.850752e-02
<MEAN> 39
 4.687961e-01 -8.293842e+00 -3.142030e+00 -5.450223e+00 -4.829160e+00 -1.689703e+00 1.832710e+00 3.148310e+00 -4.882829e+00 -6.333200e+00 -3.473166e+00 -1.265126e+00 1.067548e+01 -5.761375e-03 -3.604480e-02 -6.213342e-02 -2.068055e-02 -5.774212e-04 -5.706120e-02 -9.206314e-02 -3.018929e-02 -4.038518e-02 -6.406695e-02 -2.869119e-02 -1.310762e-03 -3.342659e-02 1.444956e-01 2.259347e-01 2.656835e-01 2.983540e-01 2.991716e-01 3.065880e-01 3.233957e-01 3.196114e-01 3.124169e-01 2.658686e-01 2.012002e-01 1.619863e-01 4.730503e-02
<VARIANCE> 39
 1.114105e+01 2.119821e+01 3.413599e+01 2.786254e+01 6.310851e+01 4.546101e+01 5.382880e+01 5.373750e+01 6.479710e+01 5.375726e+01 4.840689e+01 5.136559e+01 1.373204e+01 8.547095e-02 2.058280e-01 3.114718e-01 4.059501e-01 5.522111e-01 6.084992e-01 6.684990e-01 7.060547e-01 7.201843e-01 6.993418e-01 6.388503e-01 5.833047e-01 3.803281e-02 1.353686e-02 2.980334e-02 4.723405e-02 6.156845e-02 8.410444e-02 9.439117e-02 1.034153e-01 1.132652e-01 1.206330e-01 1.232423e-01 1.211688e-01 1.157785e-01 5.439264e-03
<GCONST> 6.900507e+01
<MIXTURE> 6 8.136876e-02
<MEAN> 39
 1.527391e+00 -7.252141e+00 -1.796453e+00 -3.000018e+00 -2.157096e+00 8.810460e-01 4.198645e+00 5.809133e+00 -2.936858e+00 -4.781646e+00 -1.690876e+00 5.408342e-01 1.116025e+01 -2.943816e-01 -4.479275e-01 -5.694517e-01 -6.233473e-01 -6.148318e-01 -6.948887e-01 -7.328044e-01 -6.457793e-01 -6.021289e-01 -5.353105e-01 -4.207906e-01 -3.161952e-01 -1.436271e-01 -1.220107e-02 -7.072058e-03 -2.267231e-02 -3.656977e-02 -5.032963e-02 -5.655970e-02 -3.972338e-02 -3.202481e-02 -1.040894e-02 -2.247699e-02 -3.160586e-02 -2.994194e-02 -1.157586e-02
<VARIANCE> 39
 1.046725e+01 1.922318e+01 3.139103e+01 2.598048e+01 5.867009e+01 4.295808e+01 5.299912e+01 5.148262e+01 6.387138e+01 5.030082e+01 4.526850e+01 4.770625e+01 1.320975e+01 6.647298e-02 1.573579e-01 2.363552e-01 2.974854e-01 4.286601e-01 4.672475e-01 5.131220e-01 5.648424e-01 5.986090e-01 6.134800e-01 5.887970e-01 5.734915e-01 3.010801e-02 1.258019e-02 2.796637e-02 4.392869e-02 5.886281e-02 7.718273e-02 8.774552e-02 9.789493e-02 1.055033e-01 1.103708e-01 1.023165e-01 9.717991e-02 8.949350e-02 4.494702e-03
<GCONST> 6.399969e+01
<MIXTURE> 7 8.609717e-02
<MEAN> 39
 2.057137e+00 -6.543648e+00 -9.058818e-01 -1.937171e+00 -1.118730e+00 1.965712e+00 5.347658e+00 6.940052e+00 -1.842128e+00 -3.922561e+00 -1.116760e+00 9.772879e-01 1.140514e+01 4.650414e-02 4.879778e-02 3.939487e-02 7.798809e-02 1.005009e-01 6.178508e-02 3.368138e-02 9.180703e-02 7.454041e-02 3.245647e-02 3.021593e-02 5.230146e-02 -1.198577e-02 -1.267093e-01 -1.719477e-01 -2.311498e-01 -2.727948e-01 -2.888641e-01 -3.008768e-01 -2.894118e-01 -2.725609e-01 -2.316590e-01 -2.111896e-01 -1.835127e-01 -1.449154e-01 -5.827454e-02
<VARIANCE> 39
 1.028664e+01 1.822332e+01 3.058826e+01 2.561914e+01 5.845515e+01 4.243068e+01 5.112885e+01 5.003640e+01 6.340599e+01 4.931591e+01 4.406858e+01 4.584944e+01 1.339923e+01 7.229383e-02 1.673436e-01 2.601735e-01 3.290293e-01 4.643991e-01 4.909631e-01 5.585796e-01 5.804140e-01 6.035731e-01 5.656733e-01 5.402824e-01 4.921806e-01 3.093644e-02 1.174040e-02 2.667475e-02 4.099649e-02 5.245554e-02 6.954184e-02 7.991808e-02 9.076139e-02 9.983964e-02 1.046599e-01 1.072281e-01 1.045861e-01 1.018652e-01 4.430909e-03
<GCONST> 6.358158e+01
<MIXTURE> 8 8.163919e-02
<MEAN> 39
 1.724720e+00 -4.600428e+00 8.052628e-01 -3.053330e+00 -4.156807e+00 -1.514752e+00 3.191824e+00 3.973592e+00 -5.343452e-01 -1.859235e+00 -1.142883e+00 -1.070361e+00 9.043969e+00 7.187453e-02 3.727272e-02 -1.113050e-01 1.093515e-01 7.985735e-02 -4.917960e-02 -6.776307e-02 8.083610e-03 -9.667589e-03 -1.467974e-01 -5.116659e-02 6.687598e-03 -7.465865e-02 -7.535804e-03 1.200344e-01 -1.255313e-02 6.800167e-02 2.897131e-02 -3.879740e-02 -8.076297e-02 -9.093314e-02 6.344289e-05 2.888968e-02 -2.254730e-02 2.126874e-02 -1.277355e-01
<VARIANCE> 39
 2.254615e+01 4.168039e+01 4.559029e+01 4.368034e+01 7.393885e+01 6.432744e+01 7.607413e+01 7.960345e+01 7.347166e+01 6.448883e+01 6.392014e+01 6.679328e+01 3.618795e+01 4.874537e-01 9.399876e-01 1.298025e+00 1.484998e+00 2.021096e+00 2.139705e+00 2.573905e+00 2.799430e+00 2.615334e+00 2.369260e+00 2.158186e+00 2.015257e+00 4.848815e-01 9.330944e-02 1.841623e-01 2.067513e-01 2.754293e-01 3.569220e-01 3.945024e-01 4.617921e-01 5.109397e-01 4.710239e-01 4.294209e-01 3.928796e-01 3.677172e-01 1.186000e-01
<GCONST> 1.135930e+02
<STATE> 4
<NUMMIXES> 8
<MIXTURE> 1 7.294115e-02
<MEAN> 39
 2.439363e+00 -3.292565e+00 -1.444611e+00 -1.289164e+00 -1.236663e+00 -1.591337e+00 1.178864e+00 2.046973e+00 -4.147858e-01 -2.836535e+00 -1.339579e+00 2.346548e-01 5.457074e+00 5.870126e-02 2.509609e-01 -7.653426e-02 1.498496e-01 6.240293e-02 -1.459675e-01 -1.851876e-01 -1.137871e-01 1.204271e-02 -4.943848e-02 -7.083530e-02 1.659166e-02 -2.023289e-01 -5.372260e-04 1.131403e-01 4.234011e-02 5.204607e-02 -4.075589e-03 -9.482593e-03 -3.457345e-02 -7.097874e-02 -3.071714e-02 3.908679e-02 -1.585245e-02 -7.054292e-03 -9.718733e-02
<VARIANCE> 39
 2.282294e+01 4.161968e+01 4.781350e+01 4.365831e+01 7.303754e+01 6.022147e+01 6.602493e+01 6.770642e+01 7.289462e+01 6.719195e+01 6.817247e+01 7.953391e+01 3.542822e+01 7.718310e-01 1.346033e+00 1.541932e+00 1.935754e+00 2.494088e+00 2.627040e+00 2.970410e+00 3.277029e+00 2.940273e+00 2.685709e+00 2.558380e+00 2.376582e+00 8.722247e-01 1.344589e-01 2.497223e-01 2.748501e-01 3.416968e-01 4.255317e-01 4.661770e-01 5.376654e-01 6.215348e-01 5.504500e-01 5.069832e-01 4.715825e-01 4.444394e-01 1.527838e-01
<GCONST> 1.194651e+02
<MIXTURE> 2 1.949237e-01
<MEAN> 39
 2.257205e+00 -7.236192e-01 1.721699e+00 -1.574369e+00 -5.876068e+00 -1.784894e+00 3.769928e+00 2.258029e+00 -2.466231e+00 -3.729722e+00 -1.734588e+00 -1.560337e+00 4.175390e+00 2.633225e-02 3.713790e-02 -4.040606e-02 8.066232e-02 8.163636e-02 -8.820111e-02 -7.361028e-02 -3.032811e-03 -8.830220e-03 -7.714598e-02 -1.431834e-02 4.725854e-02 -9.427749e-02 5.644426e-03 -2.410252e-02 -5.873590e-02 5.298848e-03 5.975932e-02 -1.936562e-02 -9.688042e-02 -8.623749e-03 2.914076e-02 -2.241143e-02 -3.625352e-02 1.587927e-02 -7.462243e-03
<VARIANCE> 39
 1.034232e+01 1.331097e+01 2.091958e+01 2.632646e+01 4.229149e+01 3.813697e+01 4.058807e+01 4.478108e+01 5.282372e+01 4.448514e+01 3.615180e+01 3.897867e+01 9.492528e+00 1.396161e-01 3.447911e-01 5.599228e-01 7.044505e-01 9.785975e-01 1.104167e+00 1.257039e+00 1.426224e+00 1.417993e+00 1.396957e+00 1.288759e+00 1.172009e+00 1.033600e-01 2.189873e-02 5.273998e-02 8.560354e-02 1.197139e-01 1.590008e-01 1.906033e-01 2.196544e-01 2.489371e-01 2.460193e-01 2.416755e-01 2.278042e-01 2.083503e-01 1.461974e-02
<GCONST> 8.274863e+01
<MIXTURE> 3 2.794787e-02
<MEAN> 39
 -1.244614e+00 -3.831876e+00 -5.594248e-01 -1.761175e+00 -6.511979e-01 3.669782e+00 1.403200e+01 1.621876e+01 1.768196e+01 8.801824e+00 -4.747282e+00 -1.500918e+01 8.205389e+00 7.460816e-03 1.317098e-02 -2.736050e-02 1.156305e-02 2.630811e-04 1.745805e-05 -2.372398e-02 -6.169361e-04 2.911689e-03 1.806206e-03 -5.693207e-03 1.390616e-02 -3.200248e-02 6.539358e-03 4.115603e-03 -1.151580e-02 -7.575112e-03 -1.093200e-02 -6.457719e-03 -2.321508e-02 -1.993802e-02 -3.144588e-02 -2.211121e-02 2.108309e-02 5.405738e-02 -4.654283e-03
<VARIANCE> 39
 1.824672e+01 2.885526e+01 2.890134e+01 3.530749e+01 5.458117e+01 4.946737e+01 8.781311e+01 7.498135e+01 8.340821e+01 1.899897e+02 2.321814e+02 1.425351e+02 2.589688e+01 2.028446e-01 4.356166e-01 5.876610e-01 6.049190e-01 6.666242e-01 7.451496e-01 9.153093e-01 9.621060e-01 1.072987e+00 1.115036e+00 1.177850e+00 1.187783e+00 7.211474e-02 3.756782e-02 8.057754e-02 1.093664e-01 1.108956e-01 1.189013e-01 1.396979e-01 1.650060e-01 1.723117e-01 1.987341e-01 1.988543e-01 1.953090e-01 1.953296e-01 1.133985e-02
<GCONST> 8.964813e+01
<MIXTURE> 4 2.341760e-01
<MEAN> 39
 4.072127e+00 -1.728024e+00 -2.310461e+00 -1.917043e-01 -2.191056e+00 -1.291800e+00 1.584974e+00 5.133895e+00 4.314546e-01 -5.676725e+00 -3.715105e+00 -6.468078e-01 5.045727e+00 1.778182e-02 2.583686e-02 -7.086763e-03 1.181299e-02 3.309900e-02 -1.542023e-02 -5.191047e-02 -6.293701e-03 1.616846e-02 1.044950e-02 -9.380403e-03 -2.520924e-03 -4.425285e-02 -1.113061e-02 -2.355326e-03 -1.413637e-02 -2.915580e-02 -2.390083e-02 -3.139501e-02 -3.510229e-02 -4.103662e-02 -2.169650e-02 -8.971109e-03 -1.628512e-02 -2.280739e-02 -1.027692e-02
<VARIANCE> 39
 8.422190e+00 1.446172e+01 2.301336e+01 2.305692e+01 4.079967e+01 4.190474e+01 4.324208e+01 4.274865e+01 5.925487e+01 4.584489e+01 3.406663e+01 3.518948e+01 9.050328e+00 4.664321e-02 1.344643e-01 2.166945e-01 2.926280e-01 4.192272e-01 4.850628e-01 5.461194e-01 5.911312e-01 6.160240e-01 6.134722e-01 5.694437e-01 5.288591e-01 2.782738e-02 8.041044e-03 2.224383e-02 3.680674e-02 5.225519e-02 7.452527e-02 8.723895e-02 9.709425e-02 1.085882e-01 1.135921e-01 1.143034e-01 1.043918e-01 9.776477e-02 3.951613e-03
<GCONST> 5.967760e+01
<MIXTURE> 5 1.243989e-01
<MEAN> 39
 3.743545e+00 -3.238905e+00 -5.759301e+00 -2.759823e+00 -1.972240e-01 -8.288192e-01 -1.907220e+00 2.183675e+00 -9.825109e-01 -7.746695e+00 -6.646260e+00 -3.277668e+00 4.706543e+00 2.476398e-02 5.187626e-02 3.849742e-03 -3.537416e-03 1.575518e-02 -2.018452e-02 -5.617276e-02 -3.255728e-02 -9.141722e-03 3.446112e-02 3.845317e-03 -3.224361e-02 -7.300692e-02 5.667099e-02 1.006908e-01 1.533640e-01 1.530072e-01 1.046297e-01 1.298232e-01 2.233803e-01 1.878037e-01 1.312121e-01 1.607600e-01 1.845693e-01 1.575831e-01 1.761397e-02
<VARIANCE> 39
 8.201950e+00 1.716050e+01 2.266450e+01 2.657219e+01 4.316922e+01 4.682611e+01 4.510342e+01 4.416586e+01 6.564737e+01 5.449313e+01 3.815489e+01 3.904415e+01 1.084062e+01 9.191583e-02 2.459596e-01 3.664117e-01 5.238097e-01 7.123531e-01 8.456780e-01 9.487866e-01 1.029940e+00 1.053816e+00 1.036027e+00 9.559416e-01 9.013416e-01 5.457425e-02 1.419402e-02 3.841106e-02 5.900821e-02 8.552434e-02 1.237528e-01 1.526252e-01 1.516339e-01 1.736762e-01 1.886308e-01 1.868588e-01 1.613240e-01 1.483907e-01 7.418022e-03
<GCONST> 7.477516e+01
<MIXTURE> 6 1.277950e-01
<MEAN> 39
 2.401161e+00 -6.323329e+00 -3.286011e+00 -2.303853e+00 -1.438515e+00 -1.052849e+00 2.255621e+00 5.332146e+00 -2.081929e+00 -6.999394e+00 -3.074843e+00 2.255087e-01 8.817035e+00 1.765781e-01 3.353118e-01 -4.012852e-02 5.214337e-02 -1.659970e-01 -4.130428e-01 -3.667695e-01 1.405910e-02 2.271488e-01 1.346117e-01 -1.823801e-01 -1.011873e-01 -3.100618e-01 1.034951e-01 2.042345e-01 1.197314e-01 7.823768e-02 -4.269679e-02 -6.945177e-02 -1.095788e-01 -1.046887e-01 1.231892e-01 2.028848e-01 3.154399e-02 -2.169231e-02 -1.478007e-01
<VARIANCE> 39
 9.968766e+00 1.880181e+01 2.942150e+01 2.689573e+01 5.555280e+01 4.914542e+01 5.454033e+01 5.057566e+01 7.278867e+01 4.883728e+01 4.700417e+01 4.713881e+01 1.442576e+01 2.141914e-01 4.990956e-01 7.789788e-01 9.159349e-01 1.503186e+00 1.444687e+00 1.798814e+00 1.787950e+00 1.781705e+00 1.672951e+00 1.501741e+00 1.399981e+00 1.408980e-01 3.264099e-02 7.285781e-02 1.200368e-01 1.534054e-01 2.275749e-01 2.630500e-01 3.005098e-01 3.147771e-01 2.972112e-01 2.760379e-01 2.614442e-01 2.356016e-01 2.501944e-02
<GCONST> 9.302731e+01
<MIXTURE> 7 1.448292e-01
<MEAN> 39
 4.843658e+00 -3.301543e+00 -5.972888e+00 -5.794611e-01 3.062967e+00 1.509060e+00 4.192865e-01 4.966963e+00 1.699577e+00 -5.657279e+00 -3.722634e+00 3.512772e-01 5.474462e+00 3.033604e-02 9.357715e-02 -2.286981e-03 -1.408358e-02 -5.503756e-03 -2.527153e-02 -7.126290e-02 -5.387605e-02 1.200459e-02 5.256232e-02 -1.335618e-03 -5.322357e-02 -1.017223e-01 -8.708273e-02 -5.584046e-02 -1.348852e-02 -1.359219e-01 -2.042149e-01 -1.656392e-01 -9.243964e-02 -1.502794e-01 -1.621530e-01 -6.478281e-02 -6.109293e-02 -9.129334e-02 -2.179110e-02
<VARIANCE> 39
 7.954776e+00 1.780444e+01 2.041746e+01 2.683324e+01 4.063044e+01 4.535632e+01 4.952022e+01 4.696463e+01 5.996326e+01 5.246185e+01 4.704274e+01 5.573222e+01 1.077651e+01 1.589537e-01 3.994362e-01 5.552938e-01 7.286545e-01 1.032033e+00 1.162341e+00 1.297389e+00 1.384761e+00 1.360663e+00 1.343120e+00 1.227394e+00 1.144177e+00 1.131446e-01 1.943981e-02 5.382881e-02 8.734054e-02 1.123407e-01 1.453152e-01 1.811533e-01 2.099423e-01 2.236004e-01 2.222892e-01 2.242823e-01 2.157429e-01 1.990430e-01 1.305703e-02
<GCONST> 8.371219e+01
<MIXTURE> 8 7.298825e-02
<MEAN> 39
 2.163804e+00 -5.182745e+00 -6.118488e+00 -1.527634e+00 1.932232e+00 1.842840e-01 7.546828e-01 3.647306e+00 -3.180631e+00 -4.066971e+00 6.505915e+00 1.259146e+01 4.873062e+00 1.081302e-02 2.407927e-02 -2.359112e-03 -1.723822e-02 -1.773334e-02 -3.634006e-02 -4.372131e-02 1.467072e-02 2.459730e-02 -8.486374e-03 1.696398e-02 3.870109e-02 -5.732879e-02 1.952119e-02 3.951607e-02 3.832467e-02 9.974943e-03 -1.367359e-02 1.091798e-02 1.737976e-02 1.700627e-02 5.070907e-02 4.470125e-03 -8.111169e-02 -1.043031e-01 -1.899108e-03
<VARIANCE> 39
 6.054360e+00 1.133887e+01 1.951116e+01 1.856354e+01 4.784473e+01 3.004633e+01 4.198631e+01 3.930911e+01 4.126529e+01 4.265155e+01 5.931506e+01 4.857569e+01 8.490299e+00 1.013334e-01 2.447096e-01 3.744903e-01 5.000622e-01 6.508972e-01 6.568815e-01 8.008750e-01 8.281936e-01 8.832657e-01 8.267156e-01 8.599275e-01 8.168570e-01 4.374559e-02 1.677073e-02 4.035622e-02 6.565309e-02 8.846015e-02 1.168573e-01 1.179302e-01 1.455395e-01 1.555423e-01 1.618616e-01 1.582858e-01 1.568485e-01 1.512024e-01 6.411770e-03
<GCONST> 7.065154e+01
<STATE> 5
<NUMMIXES> 8
<MIXTURE> 1 1.217668e-01
<MEAN> 39
 3.039828e+00 -6.822556e+00 -9.464900e-01 -4.728849e+00 -3.218990e+00 -3.989173e+00 9.595144e-01 5.515234e+00 4.611538e-01 -5.039602e-01 -7.274191e-02 3.004110e+00 9.196902e+00 5.978464e-01 1.687116e+00 5.840529e-01 7.050968e-01 -7.352557e-01 -1.236125e+00 -1.549235e+00 -1.609343e+00 -1.357599e-01 2.571798e-01 -2.272669e-01 -3.135628e-01 -1.783930e+00 -1.783229e-01 4.073009e-01 1.017368e-01 5.513597e-01 3.168882e-01 2.881888e-01 6.406149e-02 -5.087597e-01 -3.421324e-01 -2.769564e-01 -8.484428e-02 -1.977448e-01 -4.515469e-01
<VARIANCE> 39
 1.847627e+01 2.568390e+01 4.822049e+01 3.630053e+01 6.666282e+01 6.473371e+01 7.904263e+01 7.269823e+01 8.832939e+01 7.976334e+01 8.843156e+01 1.036501e+02 2.046872e+01 9.287788e-01 1.643412e+00 2.296710e+00 2.576372e+00 3.500588e+00 3.604979e+00 4.115621e+00 4.499310e+00 4.744718e+00 4.326054e+00 3.952477e+00 3.961432e+00 9.608467e-01 2.142405e-01 2.868486e-01 3.914358e-01 4.198775e-01 6.254757e-01 6.673388e-01 8.090131e-01 8.491410e-01 8.756230e-01 8.552648e-01 7.687098e-01 7.238270e-01 1.745057e-01
<GCONST> 1.282576e+02
<MIXTURE> 2 1.853236e-01
<MEAN> 39
 4.041959e+00 1.565638e+00 -5.963313e-01 4.031778e-01 -2.159316e+00 -3.520673e+00 -5.207833e-01 1.316919e-01 -9.475476e-01 -3.982649e+00 -4.184294e+00 -2.604762e+00 1.474246e+00 -6.696592e-03 4.796863e-01 3.409297e-01 3.118333e-01 8.911259e-02 -1.099141e-01 -2.546478e-01 -5.082707e-01 -1.157914e-01 2.920085e-01 1.964250e-02 -4.132185e-02 -5.361590e-01 -5.172054e-02 -6.531240e-03 6.244628e-02 2.468507e-02 -2.841764e-03 5.591105e-02 3.393142e-02 -2.040938e-02 -2.261183e-02 2.190341e-02 5.090012e-02 4.687761e-02 -5.724588e-03
<VARIANCE> 39
 1.607436e+01 2.091138e+01 3.939520e+01 3.804514e+01 5.795001e+01 4.945545e+01 4.749307e+01 5.157582e+01 5.298539e+01 6.277414e+01 4.853294e+01 4.721803e+01 2.330720e+01 2.679920e-01 5.123198e-01 8.730255e-01 1.071072e+00 1.388343e+00 1.506529e+00 1.706656e+00 1.837032e+00 1.900143e+00 1.778379e+00 1.671050e+00 1.529272e+00 2.515471e-01 3.743985e-02 7.214113e-02 1.238878e-01 1.732569e-01 2.135407e-01 2.482420e-01 2.745519e-01 2.869797e-01 3.084422e-01 3.056067e-01 2.797360e-01 2.597452e-01 2.833659e-02
<GCONST> 9.638939e+01
<MIXTURE> 3 1.212136e-01
<MEAN> 39
 5.424247e+00 -2.499515e+00 -5.077590e+00 -1.482709e+00 2.322716e-01 -2.908493e+00 -4.698969e+00 2.432558e+00 4.626881e+00 -2.169329e+00 -5.154338e+00 -3.393191e+00 6.173480e+00 2.837468e-01 1.032493e+00 6.991137e-01 4.568419e-01 1.057674e-01 -2.582374e-01 -6.633834e-01 -1.563233e+00 -6.925206e-01 7.331988e-01 2.456737e-01 -3.041849e-01 -1.148865e+00 -1.611852e-01 1.481899e-01 3.561570e-01 1.833301e-01 -2.405782e-02 6.355446e-02 3.448873e-01 -1.540450e-01 -4.571273e-01 -1.399112e-01 1.290591e-01 1.834040e-01 -1.570737e-01
<VARIANCE> 39
 1.051227e+01 2.042773e+01 2.585008e+01 3.159946e+01 3.554531e+01 5.287227e+01 4.894626e+01 5.090005e+01 5.672397e+01 5.803763e+01 4.267777e+01 4.383079e+01 1.921523e+01 4.277031e-01 8.168800e-01 1.641851e+00 1.578458e+00 2.180950e+00 2.465998e+00 2.670246e+00 3.185421e+00 3.259167e+00 2.807227e+00 2.642164e+00 2.310016e+00 4.281127e-01 7.223864e-02 1.222017e-01 2.045180e-01 2.405654e-01 3.257015e-01 3.614337e-01 3.925016e-01 4.899860e-01 4.707387e-01 4.594707e-01 4.060972e-01 3.523836e-01 6.331149e-02
<GCONST> 1.068336e+02
<MIXTURE> 4 1.491438e-01
<MEAN> 39
 3.093254e+00 -1.745563e+00 2.035651e+00 -8.357148e-01 -8.582831e+00 -5.830827e+00 1.323235e+00 5.279734e+00 -3.142700e+00 -4.193474e+00 -1.181640e+00 3.424161e-01 6.770139e+00 4.791982e-01 9.894131e-01 4.340434e-01 8.219717e-01 3.430092e-01 -8.390262e-01 -1.193912e+00 -1.077536e+00 5.701997e-02 1.487254e-01 -3.766330e-01 1.133080e-01 -1.153436e+00 1.842272e-02 1.772715e-01 1.273748e-01 1.524851e-01 3.306566e-01 1.908600e-01 -2.088871e-02 -5.149211e-01 -4.352806e-02 8.756386e-02 -1.470575e-01 -1.467371e-01 -2.682814e-01
<VARIANCE> 39
 9.793449e+00 1.831109e+01 2.937244e+01 2.912002e+01 3.496096e+01 4.096188e+01 4.684274e+01 5.025982e+01 5.946143e+01 5.219474e+01 4.681140e+01 4.844482e+01 1.596713e+01 3.606751e-01 7.855884e-01 1.317845e+00 1.212654e+00 2.047313e+00 2.116569e+00 2.232543e+00 2.924766e+00 2.744198e+00 2.541239e+00 2.230690e+00 2.092061e+00 3.265682e-01 6.432336e-02 1.156228e-01 2.105258e-01 2.280781e-01 3.016030e-01 3.403538e-01 3.845237e-01 4.808737e-01 4.449840e-01 4.610055e-01 3.856261e-01 3.521490e-01 5.968566e-02
<GCONST> 1.037990e+02
<MIXTURE> 5 1.014495e-01
<MEAN> 39
 -3.161969e-02 2.832907e+00 -5.617264e-01 3.609567e+00 6.902354e-01 -1.704315e+00 1.248976e+00 -4.148762e-01 -1.579633e+00 -3.923602e+00 -3.225020e+00 -2.179498e+00 -9.935902e-01 -1.767776e+00 8.721693e-01 -4.026157e-02 6.793329e-01 8.571718e-01 7.408952e-01 6.220714e-01 1.229265e-02 1.813597e-01 5.038795e-01 4.974633e-01 2.128505e-02 -1.127126e+00 -1.986829e-01 -4.169834e-01 -1.219293e-01 -3.770685e-01 -1.799468e-01 -2.178928e-02 8.869629e-02 2.933685e-01 2.407189e-01 2.356579e-01 2.094269e-01 2.515259e-01 4.226584e-01
<VARIANCE> 39
 3.100065e+01 4.608152e+01 4.041126e+01 3.074398e+01 4.431947e+01 4.303716e+01 4.695052e+01 4.849969e+01 4.836958e+01 5.034525e+01 4.356377e+01 4.138872e+01 3.645103e+01 3.388279e+00 2.731668e+00 2.490315e+00 2.914212e+00 3.267419e+00 3.560606e+00 3.366255e+00 3.618123e+00 3.695421e+00 3.479601e+00 3.296398e+00 3.267374e+00 2.897527e+00 3.239145e-01 4.458198e-01 4.259096e-01 4.245741e-01 5.299543e-01 5.595712e-01 6.294878e-01 6.841650e-01 6.442068e-01 6.287171e-01 5.470570e-01 4.995076e-01 3.247899e-01
<GCONST> 1.263682e+02
<MIXTURE> 6 1.183029e-01
<MEAN> 39
 2.004794e+00 -8.033109e+00 -3.081410e+00 -3.138404e+00 -8.586633e-02 1.714312e-01 4.661515e+00 7.302288e+00 -9.825172e-01 -4.733178e+00 -2.527284e+00 9.390020e-01 1.096120e+01 4.818908e-01 8.041261e-01 2.664107e-01 -2.532930e-01 -1.191694e+00 -1.283598e+00 -9.450058e-01 -7.787407e-02 7.076321e-01 6.529679e-01 -2.185397e-01 -2.302177e-01 -7.389575e-01 1.023517e-01 3.627237e-01 2.286715e-01 2.354751e-01 -1.159042e-01 -2.806983e-01 -4.758389e-01 -5.710419e-01 -1.239034e-01 9.397666e-02 4.735800e-02 -2.429712e-02 -4.189919e-01
<VARIANCE> 39
 1.287038e+01 1.755229e+01 2.901019e+01 2.708679e+01 5.216734e+01 4.612668e+01 5.778250e+01 5.136854e+01 7.129036e+01 4.469337e+01 4.750758e+01 5.229030e+01 1.623124e+01 3.666201e-01 7.562433e-01 1.153888e+00 1.326766e+00 2.209142e+00 2.132734e+00 2.785277e+00 2.559187e+00 2.558776e+00 2.584600e+00 2.243287e+00 2.223969e+00 2.269040e-01 7.504945e-02 1.310356e-01 1.925663e-01 2.416830e-01 3.346509e-01 3.485451e-01 4.017919e-01 4.361629e-01 4.700574e-01 4.195115e-01 3.648651e-01 3.794301e-01 5.292524e-02
<GCONST> 1.047677e+02
<MIXTURE> 7 1.237246e-01
<MEAN> 39
 4.143551e+00 4.723562e-01 3.069870e-01 4.921468e-01 -4.710380e+00 -6.362041e+00 -2.190255e+00 1.828244e-01 -1.215165e+00 -3.150487e+00 -2.756217e+00 2.965919e-01 4.086186e+00 -7.224926e-01 2.191310e+00 5.278233e-01 1.701586e+00 6.939132e-01 7.041055e-02 -4.372829e-01 -1.631816e+00 -6.386039e-01 -3.153661e-01 -2.086364e-01 -7.015805e-01 -1.946558e+00 -5.389459e-01 -1.043800e-01 -1.494171e-01 6.097247e-02 3.925580e-01 5.786701e-01 5.850187e-01 2.544939e-01 -1.067289e-03 -8.458030e-03 7.998595e-02 -6.461509e-02 -1.980859e-02
<VARIANCE> 39
 1.273699e+01 2.715835e+01 4.139946e+01 2.966358e+01 4.543186e+01 4.144170e+01 4.627616e+01 4.824136e+01 5.507325e+01 5.380518e+01 5.726479e+01 5.709198e+01 1.853462e+01 2.060798e+00 2.167879e+00 2.676181e+00 2.621641e+00 3.861129e+00 3.861000e+00 4.281069e+00 4.480778e+00 4.383973e+00 3.997894e+00 3.677780e+00 3.783973e+00 1.422772e+00 2.268298e-01 3.158649e-01 3.262038e-01 3.814402e-01 4.854044e-01 4.891855e-01 5.320813e-01 6.266878e-01 6.221464e-01 6.087519e-01 5.864489e-01 5.394474e-01 1.523957e-01
<GCONST> 1.225851e+02
<MIXTURE> 8 7.907518e-02
<MEAN> 39
 3.004557e-01 -6.317531e+00 -2.120583e+00 -2.326372e+00 -8.972824e-01 -9.433609e-01 1.982706e+00 3.841399e+00 8.337778e-01 5.340696e+00 1.185544e+01 1.410416e+01 7.671141e+00 9.405123e-02 3.549932e-01 4.210841e-02 -2.783363e-02 -3.508199e-01 -4.058647e-01 -3.037139e-01 -1.235586e-01 9.822775e-02 2.671817e-01 2.569066e-01 1.458249e-01 -3.910059e-01 4.675552e-02 1.013494e-01 3.107390e-02 1.443271e-02 -9.308310e-02 -7.672454e-02 -3.819063e-02 -2.720937e-02 4.572868e-02 -7.789913e-02 -2.049773e-01 -2.180998e-01 -7.413299e-02
<VARIANCE> 39
 1.569849e+01 2.419035e+01 3.838406e+01 3.760101e+01 6.502168e+01 6.004399e+01 6.491093e+01 6.408392e+01 8.681787e+01 1.092465e+02 8.615269e+01 1.006356e+02 2.011224e+01 3.857945e-01 7.989252e-01 1.020630e+00 1.237750e+00 1.784101e+00 1.934638e+00 1.977884e+00 2.088306e+00 2.195005e+00 2.432707e+00 2.352755e+00 2.481627e+00 2.812737e-01 6.209127e-02 1.175597e-01 1.691804e-01 2.123100e-01 2.684760e-01 3.143518e-01 3.332274e-01 3.471160e-01 3.652735e-01 4.032116e-01 3.976582e-01 3.850568e-01 3.595555e-02
<GCONST> 1.066129e+02
<TRANSP> 6
 0.000000e+00 1.000000e+00 0.000000e+00 0.000000e+00 0.000000e+00 0.000000e+00
 0.000000e+00 8.809130e-01 1.190870e-01 0.000000e+00 0.000000e+00 0.000000e+00
 0.000000e+00 0.000000e+00 9.258941e-01 7.410583e-02 0.000000e+00 0.000000e+00
 0.000000e+00 0.000000e+00 0.000000e+00 8.988866e-01 1.011134e-01 0.000000e+00
 0.000000e+00 0.000000e+00 0.000000e+00 0.000000e+00 7.369864e-01 2.630136e-01
 0.000000e+00 0.000000e+00 0.000000e+00 0.000000e+00 0.000000e+00 0.000000e+00
<ENDHMM>
