~o
<STREAMINFO> 1 39
<VECSIZE> 39<NULLD><MFCC_D_A_Z_0><DIAGC>
~h "ch"
<BEGINHMM>
<NUMSTATES> 5
<STATE> 2
<NUMMIXES> 8
<MIXTURE> 1 4.256300e-02
<MEAN> 39
 -3.010710e+00 -3.325440e+00 1.214092e+00 1.313151e-01 1.650941e+00 1.903042e+00 1.556130e+00 -3.167848e-01 6.185817e+00 7.368931e+00 8.802768e+00 8.653310e-01 7.808234e+00 -3.904949e-02 3.451676e-02 1.857509e-02 8.746636e-02 1.326349e-02 -8.535997e-02 7.401221e-02 3.367499e-02 3.921072e-02 -5.531874e-02 -3.995499e-02 5.726697e-02 -3.238544e-02 2.055344e-02 9.327352e-04 -2.202798e-02 1.895682e-02 -2.949987e-03 -5.379877e-02 -3.416956e-02 4.508241e-02 -3.736017e-02 8.899678e-03 -4.999396e-02 -7.537038e-03 -2.575876e-03
<VARIANCE> 39
 2.358715e+01 2.285751e+01 4.174413e+01 2.530886e+01 9.174055e+01 5.123217e+01 3.834484e+01 6.642475e+01 6.253926e+01 1.203511e+02 1.117205e+02 6.347871e+01 2.481973e+01 1.512066e-01 2.680981e-01 4.127972e-01 4.418197e-01 6.361555e-01 8.956656e-01 7.645673e-01 1.044703e+00 1.025747e+00 8.664113e-01 7.582026e-01 6.491441e-01 4.558467e-02 2.452255e-02 4.023878e-02 7.017372e-02 7.673109e-02 1.094740e-01 1.573934e-01 1.199661e-01 1.710745e-01 1.784122e-01 1.814651e-01 1.391945e-01 1.337332e-01 6.754749e-03
<GCONST> 8.011882e+01
<MIXTURE> 2 1.892333e-01
<MEAN> 39
 -2.240644e+01 1.140704e+01 7.057227e+00 1.068826e+00 7.935693e+00 5.639550e+00 5.074789e+00 3.219793e+00 4.009619e+00 3.545533e+00 5.138944e+00 3.696332e-01 3.349538e+00 -1.205974e+00 7.021744e-02 9.739025e-01 2.987596e-01 3.113836e-01 1.110574e+00 8.636515e-01 3.919457e-01 5.751773e-01 2.520449e-01 6.357200e-01 2.355591e-01 9.715159e-01 9.407884e-01 -7.102636e-01 -3.802210e-01 -1.950225e-01 -6.196193e-01 -5.603701e-01 -3.035755e-01 -3.430690e-01 -2.738443e-01 -2.396690e-01 -2.300033e-01 -8.004180e-02 -2.986084e-01
<VARIANCE> 39
 9.894109e+00 2.978143e+01 2.597915e+01 2.310562e+01 2.669201e+01 3.312180e+01 3.533655e+01 3.115448e+01 2.661817e+01 2.686448e+01 2.694429e+01 2.871856e+01 1.889569e+01 1.145063e+00 1.811279e+00 1.685513e+00 1.403953e+00 1.808709e+00 1.740153e+00 1.865527e+00 1.937420e+00 1.860398e+00 1.834526e+00 1.666260e+00 1.492645e+00 7.664475e-01 2.694012e-01 2.475751e-01 2.208551e-01 2.165839e-01 3.135632e-01 3.117591e-01 3.345214e-01 3.046451e-01 3.230163e-01 3.196775e-01 3.113697e-01 2.775282e-01 1.322911e-01
<GCONST> 1.025081e+02
<MIXTURE> 3 1.578817e-01
<MEAN> 39
 -1.539751e+01 1.040448e+01 1.682995e+00 6.442811e-01 5.910447e+00 2.587175e-01 2.114033e+00 3.435503e-01 -2.066696e-01 -1.482989e+00 -1.110469e+00 -2.363361e+00 5.539324e-01 -2.901379e+00 8.661125e-01 4.252732e-01 -4.363638e-01 6.445095e-01 1.249695e+00 6.954637e-01 6.312921e-01 7.615125e-01 9.006090e-01 1.012764e+00 2.585576e-01 8.113518e-01 8.119713e-01 -5.727888e-01 1.702788e-01 -5.663248e-03 -5.296384e-01 -1.765356e-01 -1.134344e-01 -2.484381e-02 9.616085e-02 1.478703e-01 2.076400e-01 1.902768e-01 -2.185086e-02
<VARIANCE> 39
 1.688464e+01 2.631834e+01 5.058240e+01 2.986299e+01 3.210424e+01 3.904437e+01 3.706938e+01 3.649346e+01 3.612544e+01 3.183794e+01 2.746237e+01 3.040266e+01 1.900956e+01 2.188347e+00 2.542270e+00 2.250156e+00 1.853030e+00 2.157361e+00 2.488263e+00 2.616169e+00 2.495727e+00 2.601239e+00 2.774120e+00 2.203349e+00 2.258043e+00 1.529759e+00 2.764782e-01 3.129981e-01 4.881884e-01 3.570170e-01 4.332474e-01 4.497059e-01 4.877420e-01 5.247331e-01 4.627734e-01 4.179639e-01 3.609901e-01 3.928198e-01 1.779745e-01
<GCONST> 1.143494e+02
<MIXTURE> 4 8.995248e-02
<MEAN> 39
 -3.397281e+00 2.825806e+00 1.793295e+00 1.743745e+00 4.352477e-01 -5.826067e-01 1.246866e+00 -6.293862e-01 -4.404737e-01 -2.932287e-01 1.494671e-01 2.201107e-01 -1.909455e+00 -7.258208e-01 2.289696e-01 8.923610e-02 1.227057e-01 9.059584e-02 4.343545e-02 1.371936e-01 1.456202e-01 1.394693e-01 8.158890e-02 1.194064e-01 5.836859e-02 -1.013410e-01 1.097461e-01 -5.460305e-02 1.063673e-02 -1.452491e-02 -1.122720e-02 -5.084464e-02 -6.881842e-02 1.505018e-02 2.981990e-02 -6.993642e-02 -1.002212e-01 -7.187300e-02 6.434868e-02
<VARIANCE> 39
 4.749028e+01 2.803191e+01 4.180005e+01 4.179468e+01 4.832891e+01 5.323896e+01 3.625585e+01 4.569215e+01 3.931510e+01 3.803069e+01 3.044570e+01 3.483261e+01 2.868966e+01 9.712500e-01 9.689198e-01 1.471418e+00 1.687774e+00 1.804917e+00 2.275377e+00 2.148060e+00 2.252843e+00 2.244850e+00 2.084373e+00 1.585551e+00 1.706141e+00 6.775071e-01 1.105261e-01 1.302030e-01 1.629058e-01 2.379480e-01 2.973316e-01 3.276459e-01 3.453569e-01 4.597961e-01 3.921738e-01 3.479526e-01 2.982812e-01 2.872711e-01 7.635027e-02
<GCONST> 1.065409e+02
<MIXTURE> 5 1.387601e-01
<MEAN> 39
 -1.950618e+01 4.450861e+00 6.058301e+00 -4.838849e+00 3.859709e+00 5.395580e+00 -3.701683e-01 2.760878e+00 2.107197e+00 1.393460e+00 4.000083e+00 2.095637e+00 3.392718e+00 -2.406075e+00 5.143191e-01 9.564914e-01 4.470849e-02 -3.843564e-01 9.657803e-01 9.398160e-01 2.968406e-01 7.329559e-01 3.167884e-01 7.662978e-01 5.586695e-01 1.711680e+00 1.182817e+00 -2.038070e-01 -4.802440e-02 6.143305e-01 -2.330987e-01 -5.147626e-01 1.414025e-01 -1.779575e-01 -1.835259e-01 -1.221632e-01 -3.319860e-01 -1.821481e-01 -5.268593e-01
<VARIANCE> 39
 1.593662e+01 2.486733e+01 2.669089e+01 2.341035e+01 3.282211e+01 2.879509e+01 3.087720e+01 2.996268e+01 3.170069e+01 2.640993e+01 2.713971e+01 2.321264e+01 1.949022e+01 2.494901e+00 2.432737e+00 2.134604e+00 1.838935e+00 2.129183e+00 2.412886e+00 2.362556e+00 2.184757e+00 2.399418e+00 2.225472e+00 2.099781e+00 1.656171e+00 1.641910e+00 3.958463e-01 3.883792e-01 3.430944e-01 3.103944e-01 4.458566e-01 4.938511e-01 5.396824e-01 4.711586e-01 5.097995e-01 4.559001e-01 3.994133e-01 3.164034e-01 2.430357e-01
<GCONST> 1.118528e+02
<MIXTURE> 6 1.563204e-01
<MEAN> 39
 -1.025041e+01 -5.100175e-01 1.028976e+00 -3.097847e+00 3.819459e+00 1.031991e+00 -3.889374e-01 1.440932e+00 9.610291e-01 1.685170e+00 2.411507e+00 3.788936e-01 -2.393318e+00 -3.446856e+00 5.620131e-01 4.075006e-01 -1.195154e+00 3.329189e-01 8.786924e-01 1.961132e-01 6.458268e-01 6.539878e-01 6.540644e-01 1.076918e+00 4.682199e-01 2.339183e+00 -3.790375e-04 6.076967e-01 3.451470e-01 4.757807e-01 -1.089020e-01 1.944762e-02 2.410242e-01 -3.522443e-02 1.465933e-03 -1.443516e-01 -1.627132e-01 -3.660582e-03 1.666949e-01
<VARIANCE> 39
 2.130213e+01 2.848974e+01 3.328339e+01 3.042350e+01 3.003226e+01 3.739183e+01 3.363862e+01 3.530788e+01 2.995628e+01 2.897904e+01 2.703668e+01 2.466334e+01 3.375007e+01 2.655686e+00 3.308975e+00 3.075209e+00 2.844861e+00 3.107741e+00 3.332790e+00 3.069249e+00 3.006456e+00 3.085425e+00 2.776141e+00 2.739195e+00 2.500769e+00 3.338594e+00 3.540886e-01 4.296272e-01 4.760973e-01 5.466868e-01 4.772868e-01 5.705197e-01 5.484886e-01 5.319612e-01 4.799578e-01 4.479482e-01 4.365656e-01 3.680584e-01 5.895194e-01
<GCONST> 1.204212e+02
<MIXTURE> 7 1.610725e-01
<MEAN> 39
 -1.758229e+01 8.915781e+00 -1.491947e+00 -9.199239e-01 5.108027e+00 -1.079131e+00 4.181794e+00 2.015453e+00 3.837381e+00 5.875354e+00 5.215638e+00 1.124126e+00 2.519280e+00 -2.355568e+00 1.341472e+00 8.252866e-01 3.422703e-02 8.763446e-01 1.125922e+00 7.988532e-01 7.858098e-01 5.525585e-01 5.743497e-01 7.777129e-01 1.689544e-01 1.216841e+00 7.690377e-01 -3.066417e-01 4.918247e-01 2.234124e-01 -2.379586e-01 5.349002e-02 -1.370689e-01 -2.285137e-01 -3.183413e-01 -5.837988e-01 -3.746665e-01 -1.416111e-01 -3.555249e-01
<VARIANCE> 39
 1.342665e+01 3.168520e+01 2.667002e+01 3.352381e+01 3.436185e+01 3.318253e+01 3.760491e+01 3.858766e+01 3.227723e+01 2.474291e+01 2.802794e+01 3.712403e+01 1.933051e+01 1.922134e+00 2.324705e+00 1.852872e+00 1.816601e+00 1.707658e+00 1.939370e+00 2.254581e+00 2.083601e+00 1.997242e+00 2.214631e+00 1.987162e+00 1.875129e+00 1.273651e+00 2.438024e-01 3.239355e-01 3.046368e-01 3.362460e-01 4.171843e-01 3.832787e-01 4.676630e-01 4.775046e-01 4.469196e-01 3.560790e-01 3.512660e-01 4.143014e-01 1.870529e-01
<GCONST> 1.103453e+02
<MIXTURE> 8 6.421650e-02
<MEAN> 39
 -7.980272e-01 -5.440225e+00 -2.213822e+00 -2.214221e+00 -1.370388e+00 -6.072761e-01 2.786866e+00 3.986840e+00 7.673225e-01 4.794003e-01 4.308473e+00 6.633673e+00 8.292927e+00 -1.170155e-01 5.442928e-01 3.861651e-01 2.167655e-01 -5.896318e-01 -7.653773e-01 2.010088e-01 1.634603e-01 -2.461585e-01 -4.487738e-02 -7.543501e-02 1.072408e-01 -3.981547e-01 1.393640e-01 1.825585e-01 8.409286e-02 2.088897e-01 2.406371e-01 -5.080746e-02 -3.534089e-01 -1.519807e-01 -1.719601e-02 -4.559530e-02 -1.323769e-01 -1.353369e-01 -3.107486e-01
<VARIANCE> 39
 1.733058e+01 3.065754e+01 3.770309e+01 3.762271e+01 5.564919e+01 6.319338e+01 7.321404e+01 6.580827e+01 5.981497e+01 6.899198e+01 9.011613e+01 9.275291e+01 2.657516e+01 6.614407e-01 1.257712e+00 1.742083e+00 1.884157e+00 2.830192e+00 4.101426e+00 3.413180e+00 3.471057e+00 2.998299e+00 3.612910e+00 2.896581e+00 3.007539e+00 9.445645e-01 1.321107e-01 2.161784e-01 2.410067e-01 3.583218e-01 4.687604e-01 5.930547e-01 5.744248e-01 7.144654e-01 5.750518e-01 6.410842e-01 4.854634e-01 5.456405e-01 1.548871e-01
<GCONST> 1.205429e+02
<STATE> 3
<NUMMIXES> 8
<MIXTURE> 1 3.971536e-02
<MEAN> 39
 -1.622518e+00 -6.547060e+00 -1.322085e+00 -9.695812e-01 2.339569e-01 -3.149873e-01 2.717830e+00 6.519007e+00 1.942294e+00 4.788846e+00 1.028219e+01 1.042008e+01 7.907250e+00 1.553113e-01 1.179946e-01 4.414877e-02 -4.615730e-02 -1.371362e-01 -3.368238e-01 -2.883504e-02 2.035179e-01 -8.106439e-02 -1.698194e-01 -9.047814e-02 -6.080052e-02 -2.029622e-01 8.326361e-02 8.785511e-02 -2.516190e-02 -9.234717e-02 -6.514105e-02 -6.171966e-02 -1.614094e-01 -2.520938e-01 1.103916e-02 9.587615e-02 7.982455e-03 -1.066948e-01 -9.268534e-02
<VARIANCE> 39
 1.359004e+01 2.740385e+01 4.020944e+01 3.850826e+01 6.689163e+01 5.517349e+01 6.025603e+01 6.347010e+01 9.219498e+01 1.190871e+02 1.190493e+02 1.116698e+02 2.229908e+01 4.778316e-01 7.980360e-01 1.259111e+00 1.289278e+00 2.458991e+00 2.199606e+00 2.547904e+00 2.126359e+00 2.658405e+00 2.830105e+00 2.996768e+00 2.458618e+00 2.761532e-01 5.690791e-02 1.177994e-01 2.113796e-01 2.178351e-01 2.547030e-01 3.117458e-01 4.124194e-01 4.039395e-01 3.838939e-01 5.749407e-01 4.245774e-01 4.837405e-01 4.199074e-02
<GCONST> 1.102621e+02
<MIXTURE> 2 2.540994e-01
<MEAN> 39
 -2.277523e+01 9.993972e+00 6.706209e+00 1.888371e+00 6.343545e+00 5.690269e+00 7.031130e+00 2.985534e+00 5.235351e+00 3.414359e+00 5.532965e+00 6.962759e-01 4.334075e+00 -6.285914e-02 -3.355186e-01 2.365682e-01 2.266608e-02 -1.365418e-01 1.632584e-01 1.931580e-01 2.311478e-02 8.168929e-02 2.438353e-02 1.114041e-01 1.634736e-02 5.517982e-02 2.454613e-01 -1.049272e-01 -1.364624e-01 -1.216346e-01 -2.104487e-01 -2.244470e-01 -1.673107e-01 -1.134894e-01 -1.390426e-01 -8.780786e-02 -9.714776e-02 -1.863471e-02 -1.064328e-01
<VARIANCE> 39
 9.606063e+00 3.744001e+01 3.203398e+01 2.948447e+01 3.131873e+01 3.320846e+01 3.037735e+01 2.645172e+01 2.784561e+01 2.503051e+01 2.418094e+01 3.271734e+01 1.724879e+01 4.250214e-01 6.615872e-01 8.438650e-01 9.339182e-01 1.120249e+00 1.096006e+00 1.198520e+00 1.294115e+00 1.335799e+00 1.313851e+00 1.261714e+00 1.267772e+00 3.155661e-01 9.520902e-02 1.106055e-01 1.418989e-01 1.596894e-01 1.911446e-01 2.214582e-01 2.298212e-01 2.406130e-01 2.506925e-01 2.572271e-01 2.490208e-01 2.575589e-01 4.140829e-02
<GCONST> 9.006293e+01
<MIXTURE> 3 1.666497e-01
<MEAN> 39
 -1.880213e+01 8.438999e+00 4.622266e+00 -1.729436e+00 2.949496e+00 2.417803e+00 3.134971e-01 6.981541e-02 -2.501025e-01 -4.004135e-01 2.334307e+00 -9.013296e-01 3.289995e+00 -2.496700e-01 -3.711231e-01 4.014166e-01 1.953798e-01 -2.318744e-01 3.910176e-01 4.276472e-01 8.014768e-02 3.403962e-01 1.269809e-01 2.290765e-01 1.302768e-01 1.119355e-01 4.882540e-01 -1.709318e-01 -2.735492e-02 1.746955e-01 -2.660581e-02 -8.816646e-02 1.540717e-01 1.565999e-01 1.309738e-01 1.351413e-01 4.083102e-02 8.158593e-02 -1.574560e-01
<VARIANCE> 39
 1.651849e+01 3.268040e+01 3.878420e+01 2.819547e+01 3.533369e+01 3.992234e+01 3.167631e+01 3.848703e+01 3.332201e+01 2.869324e+01 2.746617e+01 3.376391e+01 1.244522e+01 9.782127e-01 8.558707e-01 1.134385e+00 1.129854e+00 1.407576e+00 1.468582e+00 1.843138e+00 1.874763e+00 1.870238e+00 1.801445e+00 1.661189e+00 1.502880e+00 4.618358e-01 2.082557e-01 1.778186e-01 2.261767e-01 2.059694e-01 2.497306e-01 2.903471e-01 3.284559e-01 3.663726e-01 3.341399e-01 3.373548e-01 3.031616e-01 2.933118e-01 7.281146e-02
<GCONST> 1.006069e+02
<MIXTURE> 4 7.236549e-02
<MEAN> 39
 -1.873476e+01 9.414765e+00 4.743601e+00 6.425627e-01 4.985735e+00 3.225999e+00 4.932328e+00 4.041502e-01 1.556125e+00 1.807664e+00 2.592646e+00 -2.129637e+00 4.109929e+00 2.666700e+00 -6.027173e-01 5.005143e-01 -7.960068e-01 -2.768268e+00 -2.103929e+00 -1.306834e+00 -8.264861e-01 -5.410396e-01 -8.263306e-02 8.842921e-01 1.174672e+00 5.916317e-01 1.409775e+00 -5.413387e-01 -1.606119e-01 -2.931556e-01 -1.013827e+00 -8.197537e-01 -5.209185e-01 -1.401202e-01 -2.082544e-01 -1.326517e-01 9.172265e-02 4.626619e-01 6.687826e-02
<VARIANCE> 39
 1.752681e+01 2.873065e+01 4.247208e+01 2.756432e+01 3.438832e+01 3.809771e+01 3.828390e+01 3.531964e+01 3.549752e+01 3.411079e+01 3.256640e+01 3.183572e+01 1.827463e+01 3.702176e+00 2.068691e+00 2.744598e+00 2.650991e+00 3.745548e+00 3.098312e+00 3.308038e+00 2.624166e+00 2.482513e+00 2.685328e+00 2.630226e+00 3.077737e+00 1.115829e+00 4.320279e-01 4.169695e-01 4.744973e-01 4.114205e-01 5.524655e-01 5.524434e-01 5.899217e-01 5.887018e-01 5.343240e-01 6.244676e-01 6.719439e-01 7.230551e-01 2.551906e-01
<GCONST> 1.202537e+02
<MIXTURE> 5 1.831021e-01
<MEAN> 39
 -2.042558e+01 2.600287e+00 6.488575e+00 -2.311199e+00 5.833686e-01 4.414252e+00 4.479863e+00 3.149876e+00 3.762221e+00 3.289217e+00 5.633586e+00 2.630617e+00 4.855920e+00 9.717893e-01 -8.485469e-01 -2.625932e-01 1.897548e-01 -8.744845e-01 -7.258432e-01 3.873248e-02 -1.457708e-01 -1.659852e-01 -1.163665e-01 -2.036005e-01 7.857515e-02 -2.724653e-01 6.375464e-01 2.203587e-01 5.654178e-02 2.297163e-01 1.535798e-01 -2.246239e-01 -2.720309e-01 -2.087406e-01 -3.306028e-01 -3.037225e-01 -3.510575e-01 -2.209484e-01 -2.530105e-01
<VARIANCE> 39
 1.536632e+01 3.291243e+01 2.910474e+01 2.234487e+01 3.246878e+01 3.442292e+01 3.454752e+01 3.124136e+01 2.799747e+01 2.946348e+01 2.787029e+01 2.898287e+01 2.127499e+01 1.110835e+00 9.690740e-01 1.275203e+00 1.451224e+00 1.620271e+00 1.696573e+00 1.861151e+00 1.872705e+00 1.659818e+00 1.861804e+00 1.897818e+00 1.579688e+00 8.362015e-01 2.816491e-01 2.133565e-01 3.033504e-01 2.292039e-01 2.757549e-01 3.203733e-01 3.066913e-01 3.465715e-01 3.382958e-01 3.694378e-01 3.773235e-01 3.206392e-01 1.040229e-01
<GCONST> 1.032463e+02
<MIXTURE> 6 8.906747e-02
<MEAN> 39
 -7.281624e+00 3.672115e+00 3.027144e+00 6.105263e-01 -1.927639e-01 -4.892893e-01 1.915939e+00 3.355613e-01 -3.158941e-01 -1.192188e+00 8.673557e-01 5.027339e-01 5.119246e-01 9.715906e-02 -2.849766e-02 8.647772e-02 2.084845e-01 1.483620e-01 -5.194076e-02 -1.024984e-01 -1.144573e-01 -1.874046e-02 -9.688643e-02 -2.002183e-01 -1.046668e-01 -1.963798e-01 9.162023e-02 -2.993077e-02 1.803438e-02 -4.076069e-03 8.693421e-03 2.563970e-02 -1.791731e-02 -8.675368e-03 2.630365e-02 2.828860e-02 7.633643e-03 -5.128096e-02 -2.939778e-02
<VARIANCE> 39
 8.682014e+01 4.490404e+01 4.316954e+01 3.719841e+01 6.191130e+01 4.709772e+01 4.161219e+01 4.757092e+01 4.001808e+01 3.350497e+01 3.611956e+01 3.902273e+01 2.571903e+01 3.295912e-01 3.566100e-01 5.728089e-01 7.224547e-01 1.078165e+00 1.231033e+00 1.308022e+00 1.456400e+00 1.244296e+00 1.344420e+00 1.054308e+00 1.089026e+00 2.352635e-01 3.776931e-02 6.566329e-02 1.075074e-01 1.455458e-01 1.902342e-01 2.483051e-01 2.324312e-01 2.868213e-01 2.393014e-01 2.829115e-01 2.301069e-01 2.474769e-01 2.370518e-02
<GCONST> 9.248674e+01
<MIXTURE> 7 7.147398e-02
<MEAN> 39
 -7.523676e+00 5.750725e-01 2.768091e+00 5.495826e-02 -2.396405e+00 -2.329636e+00 8.669486e-01 1.261565e+00 1.674508e+00 2.745121e-01 7.049811e-01 1.450680e+00 3.419958e+00 9.615495e-01 9.987918e-02 2.692537e-01 9.236038e-01 8.790345e-02 -4.599577e-01 -6.154093e-01 -4.446728e-01 -4.144439e-01 -4.100635e-01 -6.111590e-01 -3.638629e-01 -9.277633e-01 3.372253e-01 1.345979e-01 -3.998010e-02 6.570887e-02 4.574021e-01 2.983105e-01 -7.265335e-02 -1.620585e-01 -1.436654e-01 -7.251985e-03 -7.901999e-02 -1.594253e-01 -3.136725e-01
<VARIANCE> 39
 7.537083e+01 3.053962e+01 5.121412e+01 4.924053e+01 4.488103e+01 6.199720e+01 5.176326e+01 5.858855e+01 5.160872e+01 3.957951e+01 4.165503e+01 5.037894e+01 4.840564e+01 2.935205e+00 2.781829e+00 2.770308e+00 2.968042e+00 3.086237e+00 3.597136e+00 3.553315e+00 3.552400e+00 3.068964e+00 3.219820e+00 2.551734e+00 2.662621e+00 2.711257e+00 5.445486e-01 4.794283e-01 5.785142e-01 6.553783e-01 5.944371e-01 8.493732e-01 7.502372e-01 8.192273e-01 7.706534e-01 6.336643e-01 5.751687e-01 6.506005e-01 3.687748e-01
<GCONST> 1.305236e+02
<MIXTURE> 8 1.235265e-01
<MEAN> 39
 -2.240278e+01 7.803626e+00 5.980910e+00 1.379670e-01 6.155077e+00 6.329262e+00 6.924846e+00 3.381385e+00 5.281258e+00 4.152489e+00 6.197197e+00 1.303167e+00 5.154964e+00 7.746520e-01 -6.580257e-01 4.063711e-01 4.742870e-02 -1.121352e+00 -4.316905e-01 -4.938204e-02 -3.323800e-01 -3.847296e-01 -3.275449e-01 7.192881e-03 4.820409e-02 1.814870e-01 1.334566e+00 2.723275e-02 -2.107444e-02 -1.082012e-01 -9.151214e-01 -1.122849e+00 -8.844584e-01 -7.122169e-01 -7.727037e-01 -5.888314e-01 -4.813782e-01 -2.017003e-01 -1.187608e-01
<VARIANCE> 39
 1.146988e+01 3.326312e+01 3.671429e+01 2.601088e+01 3.154404e+01 3.466586e+01 3.639559e+01 3.260091e+01 2.945762e+01 2.816350e+01 2.613727e+01 3.460673e+01 1.702208e+01 1.221274e+00 1.230766e+00 1.640828e+00 1.527279e+00 1.673181e+00 1.837735e+00 2.067819e+00 2.072056e+00 2.046095e+00 1.932683e+00 1.648512e+00 1.580878e+00 7.736245e-01 3.694647e-01 3.024311e-01 3.394071e-01 3.131875e-01 3.524774e-01 3.358773e-01 3.711087e-01 3.699089e-01 3.847940e-01 4.163670e-01 3.701625e-01 4.078602e-01 1.238000e-01
<GCONST> 1.065388e+02
<STATE> 4
<NUMMIXES> 8
<MIXTURE> 1 6.557047e-02
<MEAN> 39
 -1.283760e+00 1.749599e+00 2.727174e+00 -2.529255e+00 -6.080775e+00 -6.732020e+00 -1.147271e+00 -4.656601e-01 1.074745e+00 4.313641e+00 8.232474e+00 7.113147e+00 6.090912e+00 2.471040e+00 -1.651003e+00 -2.613935e-01 -9.359407e-01 -1.496586e+00 -1.094642e+00 -6.681159e-01 1.647813e-01 -2.845779e-01 3.560257e-01 1.034780e+00 1.788946e+00 8.109260e-01 -7.633684e-01 -1.393209e-01 -4.073123e-02 2.044501e-01 7.514549e-01 8.083422e-01 5.402294e-01 2.265159e-01 -5.980238e-02 -2.434058e-01 -4.495710e-01 -4.466982e-01 -6.620862e-02
<VARIANCE> 39
 3.240887e+01 4.049155e+01 4.528166e+01 5.355075e+01 5.329580e+01 6.289872e+01 5.074756e+01 5.912816e+01 5.947167e+01 6.898550e+01 7.612940e+01 7.484528e+01 3.348547e+01 4.118411e+00 5.161032e+00 4.558096e+00 4.084995e+00 7.294020e+00 6.349371e+00 5.502540e+00 5.231264e+00 5.194998e+00 6.995641e+00 7.327531e+00 7.018932e+00 3.079554e+00 4.688715e-01 5.243254e-01 5.139853e-01 6.985807e-01 8.930448e-01 8.587780e-01 8.194947e-01 8.780383e-01 8.715340e-01 7.825857e-01 1.001420e+00 9.370514e-01 2.460684e-01
<GCONST> 1.402165e+02
<MIXTURE> 2 1.568920e-01
<MEAN> 39
 -1.886460e+01 3.909050e+00 6.671164e+00 -3.643683e-01 1.885202e+00 3.830404e+00 5.109572e+00 2.345678e+00 3.415419e+00 2.803836e+00 5.494101e+00 1.848535e+00 4.538030e+00 3.791176e+00 5.356914e-01 9.763865e-01 3.837304e-01 -2.184131e+00 -2.493610e+00 -1.866640e+00 -1.774194e+00 -2.074382e+00 -1.814693e+00 -1.456331e+00 -8.228841e-01 1.694354e-01 1.204068e+00 1.860061e-01 7.520720e-03 -1.234903e-01 -6.306684e-01 -6.948863e-01 -5.436465e-01 -3.267973e-01 -4.644689e-01 -4.163863e-01 -4.191703e-01 -2.944381e-01 2.132559e-01
<VARIANCE> 39
 1.610653e+01 3.421175e+01 3.077360e+01 2.673803e+01 3.626933e+01 3.468324e+01 3.384174e+01 3.108331e+01 3.295169e+01 2.646460e+01 2.967801e+01 3.242932e+01 1.950899e+01 2.256808e+00 1.593047e+00 1.693159e+00 2.107631e+00 3.329389e+00 2.892969e+00 2.618287e+00 2.690889e+00 2.745350e+00 2.410729e+00 2.167368e+00 2.114791e+00 6.869503e-01 2.357809e-01 3.622751e-01 3.243247e-01 3.652639e-01 4.620496e-01 5.089254e-01 4.729575e-01 4.701329e-01 5.120147e-01 4.669267e-01 4.809545e-01 4.346677e-01 1.308544e-01
<GCONST> 1.126404e+02
<MIXTURE> 3 1.424932e-01
<MEAN> 39
 -1.005696e+01 8.605349e+00 1.011992e+01 1.457198e+00 -1.578818e+00 -1.943364e+00 -3.245510e-01 -3.380359e+00 -2.584039e+00 -1.992037e+00 1.449666e+00 -4.746437e-01 4.698596e+00 4.958014e+00 1.441429e-02 5.080588e-01 -2.544805e-01 -3.298372e+00 -3.055985e+00 -1.943851e+00 -1.434517e+00 -1.870751e+00 -1.719708e+00 -1.231038e+00 -6.188029e-01 8.218095e-01 6.535217e-02 -6.164358e-01 -5.172383e-01 -3.528790e-01 -1.784530e-01 1.976762e-01 3.440082e-01 5.626316e-01 3.775855e-01 3.097423e-01 1.125675e-01 3.247849e-02 1.780590e-01
<VARIANCE> 39
 2.788708e+01 2.784243e+01 2.757953e+01 2.333383e+01 3.149411e+01 4.118109e+01 3.491006e+01 4.006423e+01 3.153617e+01 2.731941e+01 2.770040e+01 3.420829e+01 2.182601e+01 1.655648e+00 2.908048e+00 2.412608e+00 3.039223e+00 3.558344e+00 3.529175e+00 3.432577e+00 3.692339e+00 3.937622e+00 3.236219e+00 3.395191e+00 3.846440e+00 7.290319e-01 3.343578e-01 2.665229e-01 2.943780e-01 2.755377e-01 4.224356e-01 4.581264e-01 4.565144e-01 4.569576e-01 4.959164e-01 5.226258e-01 4.981048e-01 4.203106e-01 1.306480e-01
<GCONST> 1.162495e+02
<MIXTURE> 4 9.103951e-02
<MEAN> 39
 1.802834e+00 -3.986306e-01 4.094466e+00 2.728831e-01 -7.863147e+00 -8.006074e+00 -1.413107e+00 3.347906e+00 3.828834e-01 -4.505219e+00 -8.072764e-01 6.537030e-01 9.610469e+00 2.031026e+00 -2.196041e+00 -1.476257e+00 -2.523465e-01 -5.499117e-01 8.387158e-02 5.181231e-01 1.548081e+00 1.110548e+00 -5.286632e-02 -4.604106e-01 -4.018950e-01 9.087467e-01 -1.215907e+00 6.637144e-02 -2.006917e-02 -1.589400e-01 9.003009e-01 9.636961e-01 4.839257e-01 -1.838629e-02 1.216590e-01 4.156824e-01 2.962751e-01 1.219541e-02 -3.205028e-01
<VARIANCE> 39
 1.248006e+01 2.297285e+01 3.151712e+01 2.620705e+01 3.158474e+01 3.797405e+01 4.516002e+01 2.801758e+01 3.721600e+01 3.662582e+01 3.485849e+01 3.465499e+01 1.647764e+01 2.292651e+00 1.974659e+00 2.188959e+00 1.660140e+00 5.139917e+00 4.453421e+00 3.375490e+00 3.887059e+00 3.845512e+00 3.550362e+00 3.742003e+00 2.666929e+00 8.353378e-01 2.296203e-01 3.545949e-01 3.469951e-01 3.679547e-01 4.382212e-01 6.043810e-01 5.678824e-01 5.637106e-01 5.419466e-01 6.463436e-01 5.683185e-01 4.392380e-01 8.779760e-02
<GCONST> 1.167375e+02
<MIXTURE> 5 1.067858e-01
<MEAN> 39
 -6.602783e-01 3.288490e+00 9.098244e+00 -3.892889e+00 -1.266310e+01 -4.496475e+00 6.284295e-01 -3.536707e+00 -4.887094e+00 -1.811061e+00 1.058857e-01 -2.806286e+00 7.497760e+00 1.411685e+00 -2.074637e+00 -1.830159e-01 -7.311116e-01 -7.045326e-01 7.457482e-01 1.001958e+00 1.349088e+00 4.282224e-03 4.607483e-01 -3.390922e-01 6.179610e-02 5.174346e-01 -9.970257e-01 5.103811e-02 -1.660606e-01 2.733244e-01 1.119014e+00 6.485102e-01 3.290064e-01 3.600408e-01 4.288209e-01 2.657540e-01 2.104868e-01 1.652406e-01 -2.092765e-01
<VARIANCE> 39
 1.120169e+01 2.303321e+01 3.066244e+01 2.818785e+01 2.896141e+01 3.389431e+01 3.206668e+01 3.863968e+01 3.453608e+01 3.495894e+01 3.181571e+01 5.241620e+01 1.519742e+01 9.222037e-01 1.740638e+00 1.985034e+00 1.813092e+00 2.856879e+00 2.303628e+00 2.976443e+00 2.749963e+00 3.163234e+00 3.195904e+00 2.836082e+00 2.593155e+00 3.179232e-01 1.668349e-01 2.909267e-01 2.506872e-01 2.968191e-01 4.058556e-01 4.341410e-01 4.202685e-01 4.436074e-01 4.994738e-01 4.750158e-01 4.224633e-01 5.061573e-01 6.071998e-02
<GCONST> 1.093211e+02
<MIXTURE> 6 1.888892e-01
<MEAN> 39
 -9.416840e+00 3.676325e+00 3.577496e+00 2.334992e+00 2.254370e+00 4.375973e-01 1.931404e+00 7.790263e-01 2.526628e-01 -2.948464e-01 5.255535e-01 -9.754251e-02 -2.627664e+00 1.246718e+00 -1.208544e-01 -3.052448e-01 3.555908e-01 2.681847e-01 -4.919466e-02 -1.725792e-01 -3.470524e-01 -2.973569e-01 -1.376428e-01 -3.004997e-01 -2.274992e-01 -9.403187e-01 2.711816e-02 2.020786e-02 9.194890e-03 -1.605902e-01 -1.284825e-01 -2.110044e-02 2.105733e-02 1.235539e-02 -3.565792e-03 6.216582e-02 1.199217e-01 7.372857e-02 2.388234e-01
<VARIANCE> 39
 5.072108e+01 4.340046e+01 4.005833e+01 3.240590e+01 4.077788e+01 4.258735e+01 4.469799e+01 3.599239e+01 3.718130e+01 3.568254e+01 3.084479e+01 3.613557e+01 3.647026e+01 2.481019e+00 1.713412e+00 1.850894e+00 1.828517e+00 2.668154e+00 2.695593e+00 2.244623e+00 2.406240e+00 2.671830e+00 2.446874e+00 2.181536e+00 1.982123e+00 1.961371e+00 3.235240e-01 3.247758e-01 3.046840e-01 3.322257e-01 4.355394e-01 4.381362e-01 4.712416e-01 4.543387e-01 5.233120e-01 5.036251e-01 4.055974e-01 3.673792e-01 2.530543e-01
<GCONST> 1.171776e+02
<MIXTURE> 7 1.441250e-01
<MEAN> 39
 -3.497849e+00 7.656740e+00 8.182356e+00 -2.157413e+00 -9.589578e+00 -7.669728e+00 -3.170754e+00 -5.773562e+00 -4.879225e+00 -3.929081e+00 3.997960e-01 -2.159484e+00 7.137522e+00 4.237979e+00 -1.392547e+00 -3.056089e-01 -9.349949e-01 -3.175286e+00 -2.058933e+00 -8.250925e-01 -1.050797e-01 -1.059793e+00 -7.164240e-01 -8.990569e-01 -3.942908e-01 9.202473e-01 -9.348496e-01 -6.659222e-01 -3.700663e-01 2.320966e-02 8.886781e-01 1.169782e+00 9.487555e-01 1.015861e+00 8.309934e-01 7.030949e-01 3.092610e-01 2.068903e-01 -4.665199e-02
<VARIANCE> 39
 1.592926e+01 2.506648e+01 2.875770e+01 2.752802e+01 3.055029e+01 3.345579e+01 3.379450e+01 3.661729e+01 3.221703e+01 3.236872e+01 3.514275e+01 4.580303e+01 1.656651e+01 1.720241e+00 2.886230e+00 2.752347e+00 2.417168e+00 3.329027e+00 3.665708e+00 3.668856e+00 4.027038e+00 4.033686e+00 3.901010e+00 4.081766e+00 4.100877e+00 6.807938e-01 2.233403e-01 2.325820e-01 2.689763e-01 3.550902e-01 4.878213e-01 4.306392e-01 4.928015e-01 4.547375e-01 5.078536e-01 4.925615e-01 5.831026e-01 5.198374e-01 7.029551e-02
<GCONST> 1.158171e+02
<MIXTURE> 8 1.042048e-01
<MEAN> 39
 5.331534e-01 -5.428807e-01 2.980296e+00 -4.318108e-01 -3.700439e+00 -2.879915e+00 1.842775e-01 1.398972e+00 -6.573553e-01 -1.150796e+00 1.669783e+00 1.957678e+00 3.674222e+00 2.569039e-01 -1.948285e-01 -1.547001e-01 -2.373325e-03 8.996167e-02 6.925519e-02 -1.263686e-01 3.629540e-02 1.210493e-01 1.873056e-01 -6.195972e-03 -9.500252e-02 -2.067114e-01 -8.466146e-02 8.717848e-02 1.264462e-02 -2.367971e-02 3.406258e-02 6.671714e-02 1.122090e-02 -9.612743e-02 -1.716779e-02 4.034766e-02 5.742345e-02 -8.092423e-03 -6.789124e-02
<VARIANCE> 39
 1.705289e+01 3.873043e+01 5.581879e+01 4.179989e+01 6.393197e+01 5.461867e+01 5.667381e+01 5.965728e+01 5.558171e+01 6.190574e+01 7.592727e+01 7.456252e+01 3.273658e+01 3.485889e-01 7.499542e-01 9.441110e-01 1.290378e+00 1.482700e+00 1.431126e+00 1.696532e+00 1.940254e+00 1.750510e+00 1.833457e+00 1.902605e+00 1.671916e+00 2.907419e-01 8.057625e-02 1.149619e-01 1.370680e-01 2.044508e-01 2.513535e-01 2.591929e-01 2.991640e-01 3.236091e-01 3.256586e-01 3.538015e-01 3.181392e-01 2.840045e-01 3.227590e-02
<GCONST> 1.030493e+02
<TRANSP> 5
 0.000000e+00 1.000000e+00 0.000000e+00 0.000000e+00 0.000000e+00
 0.000000e+00 6.756042e-01 3.243958e-01 0.000000e+00 0.000000e+00
 0.000000e+00 0.000000e+00 7.419212e-01 2.580788e-01 0.000000e+00
 0.000000e+00 0.000000e+00 0.000000e+00 7.207123e-01 2.792877e-01
 0.000000e+00 0.000000e+00 0.000000e+00 0.000000e+00 0.000000e+00
<ENDHMM>
