~o
<STREAMINFO> 1 39
<VECSIZE> 39<NULLD><MFCC_D_A_Z_0><DIAGC>
~h "ey"
<BEGINHMM>
<NUMSTATES> 6
<STATE> 2
<NUMMIXES> 8
<MIXTURE> 1 6.423297e-02
<MEAN> 39
 1.932164e+00 -4.895870e+00 1.636491e+00 -4.957668e+00 -5.508584e+00 -4.916024e+00 2.012306e+00 4.975510e+00 2.942808e+00 3.471838e+00 2.547168e+00 2.996212e+00 9.911287e+00 -4.628882e-02 -8.126423e-01 5.313878e-01 -6.751856e-01 -1.171424e-01 4.388336e-01 7.711398e-01 4.580195e-01 -4.651801e-01 1.311135e-01 1.265177e-01 2.522331e-01 7.325393e-01 -2.945560e-01 5.108641e-01 -7.648165e-02 5.105627e-01 2.538657e-01 3.558216e-01 -2.368018e-02 -4.512613e-01 -2.916498e-01 -2.008764e-01 -9.432863e-02 -1.830006e-01 -5.381515e-01
<VARIANCE> 39
 2.656251e+01 3.652687e+01 4.800157e+01 4.951381e+01 5.939190e+01 6.940966e+01 9.298731e+01 8.490655e+01 8.538889e+01 8.587807e+01 1.092963e+02 1.113638e+02 3.541377e+01 1.444898e+00 2.759462e+00 2.323817e+00 3.023077e+00 3.697209e+00 4.261895e+00 4.969193e+00 5.361320e+00 5.004724e+00 4.645411e+00 4.483932e+00 4.279583e+00 1.809970e+00 3.842590e-01 3.852478e-01 4.404370e-01 5.797801e-01 6.753489e-01 8.227905e-01 9.725090e-01 1.019264e+00 9.814806e-01 9.120613e-01 9.521879e-01 9.661213e-01 3.342167e-01
<GCONST> 1.364048e+02
<MIXTURE> 2 1.223215e-01
<MEAN> 39
 1.524353e+00 -5.136609e+00 -1.326315e+00 -4.421100e+00 -6.578418e+00 -3.718766e+00 2.991563e+00 3.026420e+00 -3.253216e+00 -4.944828e+00 -3.291256e+00 -1.314457e+00 8.831796e+00 -7.896640e-02 -2.811896e-02 1.794631e-01 -1.375031e-01 -1.880091e-01 1.683141e-01 1.874779e-01 -2.162027e-01 -2.485290e-01 9.662360e-02 1.099404e-01 -5.751676e-02 -4.852097e-02 8.708100e-02 1.794701e-01 1.953906e-01 2.050807e-01 1.335267e-01 1.164073e-01 1.163347e-01 2.099755e-01 2.944274e-01 2.643975e-01 1.485651e-01 1.262065e-01 3.750886e-05
<VARIANCE> 39
 1.578567e+01 3.487663e+01 3.241104e+01 3.769730e+01 5.847316e+01 5.331076e+01 6.244033e+01 5.592464e+01 4.931551e+01 4.420894e+01 4.585436e+01 4.701261e+01 3.135442e+01 2.459182e-01 5.577872e-01 7.711531e-01 1.005508e+00 1.345179e+00 1.525036e+00 1.715799e+00 1.880261e+00 1.824950e+00 1.753827e+00 1.549425e+00 1.455271e+00 1.762781e-01 4.158592e-02 9.040239e-02 1.173519e-01 1.735974e-01 2.259883e-01 2.623079e-01 2.903327e-01 2.867610e-01 2.907188e-01 2.758252e-01 2.690726e-01 2.493372e-01 2.584617e-02
<GCONST> 9.632808e+01
<MIXTURE> 3 5.881388e-02
<MEAN> 39
 4.352591e+00 -4.259999e+00 -2.672288e+00 -1.340505e+00 -2.534279e+00 -4.260011e+00 -3.871243e+00 5.968094e+00 6.857138e+00 -6.623953e-01 -4.314116e+00 -4.084203e-01 9.092329e+00 -6.137770e-01 -4.897891e-01 9.822128e-01 4.659737e-01 -1.337133e+00 -8.320737e-01 1.749340e+00 1.589136e+00 -9.114931e-01 -1.505562e+00 1.273684e-01 1.048785e+00 4.015556e-01 6.890797e-02 3.005125e-01 8.725331e-02 -2.149176e-01 -3.455242e-02 3.567932e-01 1.439066e-01 -6.602682e-01 -6.403561e-01 3.108515e-01 5.920132e-01 -2.558328e-02 -2.157655e-01
<VARIANCE> 39
 1.251326e+01 2.072346e+01 2.460856e+01 2.962514e+01 4.551722e+01 4.551839e+01 4.905738e+01 4.926142e+01 4.698801e+01 5.601793e+01 6.129680e+01 6.028724e+01 2.027428e+01 2.593027e-01 6.190209e-01 1.085092e+00 1.165986e+00 1.813996e+00 2.114351e+00 2.631211e+00 2.508866e+00 3.274942e+00 2.185180e+00 3.078131e+00 1.768204e+00 2.114611e-01 4.644743e-02 9.380943e-02 1.524468e-01 2.131322e-01 2.637689e-01 3.392045e-01 3.635836e-01 4.691476e-01 4.540998e-01 5.603840e-01 3.745925e-01 5.168079e-01 3.805112e-02
<GCONST> 1.027746e+02
<MIXTURE> 4 1.880203e-01
<MEAN> 39
 1.666387e+00 -5.630657e+00 4.489357e-02 -4.112706e+00 -4.441990e+00 -1.078200e+00 7.043845e+00 8.446330e+00 1.462399e+00 -2.987638e-01 -9.198815e-01 -5.449088e-01 1.160952e+01 -1.185180e-02 -6.100325e-02 9.772690e-02 -9.460852e-02 -1.091785e-01 1.778519e-01 1.609696e-01 -1.598152e-01 -2.137474e-01 6.093445e-02 8.006520e-02 -6.692866e-02 -7.859638e-02 -3.201154e-02 4.255629e-02 -2.720664e-02 -5.820404e-04 -1.611265e-01 -2.098511e-01 -2.940480e-01 -2.588801e-01 -1.384802e-01 -5.986317e-02 -8.944082e-03 6.095193e-02 -1.010462e-01
<VARIANCE> 39
 1.686840e+01 2.287348e+01 2.790068e+01 3.155990e+01 5.451785e+01 6.046643e+01 7.684567e+01 7.090668e+01 7.142161e+01 5.601645e+01 4.964510e+01 5.876772e+01 2.195389e+01 3.268331e-01 7.390723e-01 9.287849e-01 1.167564e+00 1.697530e+00 1.930421e+00 2.222097e+00 2.454509e+00 2.352804e+00 2.129382e+00 1.967454e+00 1.922849e+00 2.269801e-01 5.167672e-02 1.088571e-01 1.417019e-01 1.914211e-01 2.343396e-01 2.992007e-01 3.684525e-01 3.863671e-01 3.705015e-01 3.459737e-01 3.177410e-01 3.169330e-01 3.351394e-02
<GCONST> 1.023409e+02
<MIXTURE> 5 1.864937e-01
<MEAN> 39
 2.989897e+00 -3.245373e+00 3.091274e+00 1.113244e+00 -1.061765e+01 -7.261518e+00 1.187249e+00 7.056816e+00 2.265888e+00 -1.875365e+00 1.747059e+00 2.184597e+00 9.158135e+00 -1.716793e-01 6.305709e-02 4.501734e-01 -1.484911e-01 -5.046328e-01 1.043125e-01 5.166394e-01 -1.261149e-01 -5.713649e-01 2.167941e-02 3.870571e-01 -7.508649e-02 -2.770209e-02 1.302087e-02 6.052667e-02 -4.597438e-02 -4.280740e-02 1.334922e-01 3.730686e-02 -1.451109e-01 -2.007806e-01 -3.445224e-02 9.931275e-02 -8.235785e-02 -9.675099e-02 -6.174798e-02
<VARIANCE> 39
 1.010775e+01 2.004976e+01 2.351776e+01 2.490788e+01 3.558074e+01 4.190971e+01 4.644725e+01 3.572869e+01 4.739088e+01 4.123898e+01 4.907874e+01 3.567732e+01 2.034752e+01 1.729993e-01 3.850607e-01 6.596435e-01 7.290915e-01 1.000883e+00 1.202641e+00 1.380252e+00 1.470989e+00 1.554232e+00 1.470269e+00 1.377144e+00 1.254042e+00 1.305401e-01 2.737153e-02 5.647060e-02 8.701271e-02 1.179419e-01 1.580679e-01 1.917775e-01 2.256730e-01 2.315778e-01 2.479578e-01 2.458885e-01 2.264093e-01 1.997535e-01 2.076899e-02
<GCONST> 8.566451e+01
<MIXTURE> 6 1.931440e-01
<MEAN> 39
 2.605652e+00 -5.411227e+00 -3.149918e+00 -1.720689e+00 -3.142280e+00 -2.810218e+00 3.237980e+00 8.404503e+00 3.729847e+00 -3.331083e+00 -2.581614e+00 4.124016e-01 1.036562e+01 -1.540922e-02 1.608262e-02 7.713424e-02 1.562568e-02 -9.289553e-02 -1.014438e-02 7.548663e-02 1.747386e-02 -1.135062e-01 -6.029784e-03 7.612565e-02 3.815872e-02 -2.664233e-02 -5.696648e-03 1.078475e-02 2.316612e-02 -1.896171e-02 -5.405972e-02 -3.228286e-02 -1.995830e-02 -3.453719e-02 -2.493754e-02 1.804358e-02 9.351018e-03 -1.268297e-02 -1.267340e-02
<VARIANCE> 39
 1.402903e+01 2.326692e+01 1.970925e+01 2.754204e+01 4.857095e+01 5.375568e+01 7.872940e+01 5.938758e+01 6.264495e+01 5.335381e+01 4.744490e+01 4.566119e+01 2.287406e+01 8.996319e-02 2.110984e-01 3.364441e-01 4.176136e-01 6.082631e-01 6.754852e-01 7.987272e-01 8.180116e-01 8.231857e-01 8.142755e-01 7.618647e-01 7.152791e-01 4.450870e-02 1.508536e-02 3.470789e-02 5.479211e-02 7.368754e-02 9.762708e-02 1.172058e-01 1.347192e-01 1.506702e-01 1.447508e-01 1.469191e-01 1.364644e-01 1.268777e-01 6.490614e-03
<GCONST> 7.326559e+01
<MIXTURE> 7 7.462608e-02
<MEAN> 39
 2.335687e+00 2.388034e-01 3.142869e+00 -8.522362e-01 -1.073250e+01 -7.838076e+00 1.221887e-01 2.519764e+00 2.915204e-01 -3.349135e-01 -1.305157e-01 7.406698e-01 9.014511e+00 4.035496e-01 -1.471939e+00 2.253011e-01 -1.197624e+00 -7.907484e-01 5.605082e-01 1.079347e+00 1.345615e+00 2.520193e-01 3.214826e-01 1.672104e-01 -2.120477e-01 1.034434e+00 -7.017899e-01 2.722874e-01 -8.442505e-02 2.776268e-01 7.633238e-01 6.321619e-01 3.590725e-01 -1.913741e-01 -1.068589e-01 9.178299e-02 7.112754e-02 -8.593666e-02 -5.183337e-01
<VARIANCE> 39
 1.043599e+01 2.143520e+01 3.355594e+01 3.219621e+01 3.520823e+01 4.303929e+01 4.526867e+01 4.323213e+01 4.358506e+01 4.056047e+01 4.588416e+01 4.571053e+01 2.271981e+01 9.105446e-01 1.609308e+00 1.594689e+00 1.918957e+00 2.896271e+00 2.837911e+00 3.288253e+00 3.180320e+00 3.008650e+00 2.922153e+00 2.931754e+00 2.480704e+00 7.658798e-01 2.562675e-01 2.780688e-01 3.129816e-01 3.451543e-01 4.114914e-01 5.226333e-01 5.132082e-01 5.414771e-01 5.558652e-01 5.109806e-01 5.477498e-01 4.988892e-01 1.347581e-01
<GCONST> 1.148255e+02
<MIXTURE> 8 1.123476e-01
<MEAN> 39
 1.213735e+00 -4.876851e+00 3.212025e+00 -3.844173e+00 -9.051383e+00 -3.680828e+00 5.194726e+00 6.587140e+00 -2.838266e+00 -9.342237e-01 6.019124e-01 2.401963e+00 1.060131e+01 -5.740559e-01 -1.253036e-01 6.545201e-01 -6.539319e-01 -4.635264e-01 1.083282e+00 1.397580e+00 -3.800480e-01 -9.914417e-01 4.161762e-01 3.792306e-01 -4.600015e-01 3.437083e-01 1.267514e-01 3.828925e-01 -1.089170e-01 2.072966e-01 2.978838e-01 -5.456899e-02 -5.616100e-01 -6.274419e-01 2.477948e-01 2.524883e-01 -1.163036e-01 -2.150035e-01 -3.763703e-01
<VARIANCE> 39
 1.317866e+01 2.157796e+01 2.983860e+01 3.140770e+01 4.414645e+01 4.764814e+01 4.583223e+01 4.934862e+01 4.820688e+01 5.178119e+01 6.196663e+01 7.283484e+01 1.699738e+01 4.119404e-01 9.697067e-01 1.371565e+00 1.372883e+00 2.464427e+00 2.183898e+00 2.651699e+00 2.754528e+00 2.845701e+00 2.663998e+00 2.690838e+00 2.154932e+00 2.663707e-01 1.014868e-01 1.576814e-01 2.074612e-01 2.999040e-01 3.555555e-01 4.340217e-01 4.445771e-01 5.153144e-01 4.934898e-01 5.373260e-01 4.496185e-01 4.721129e-01 7.718591e-02
<GCONST> 1.087698e+02
<STATE> 3
<NUMMIXES> 8
<MIXTURE> 1 1.662028e-01
<MEAN> 39
 -9.293947e-01 -6.484616e+00 4.806609e+00 -5.804610e+00 -9.110771e+00 -1.118500e-01 6.385314e+00 3.159755e+00 -3.674361e+00 5.448234e+00 5.221037e+00 5.424192e+00 1.066433e+01 -1.083710e-01 2.394751e-01 2.859961e-01 -2.207319e-01 -3.345200e-01 3.998109e-02 -1.781068e-01 -4.991099e-01 -1.803761e-02 4.315285e-01 -1.952780e-03 2.724680e-02 -1.548757e-01 5.647879e-02 8.830407e-02 -6.899667e-03 8.168597e-02 4.466762e-02 -5.540013e-02 -1.103808e-01 -1.323379e-02 1.086557e-01 -3.690537e-02 -8.414757e-02 -4.592624e-03 -4.975221e-02
<VARIANCE> 39
 1.356213e+01 2.152008e+01 3.256948e+01 3.613392e+01 5.018716e+01 5.902017e+01 5.314764e+01 5.376692e+01 7.266344e+01 8.345411e+01 8.870522e+01 1.098785e+02 1.591836e+01 2.902457e-01 6.760419e-01 9.962090e-01 1.099869e+00 1.440505e+00 1.528775e+00 1.806229e+00 2.041348e+00 2.066928e+00 2.236250e+00 2.052098e+00 1.989923e+00 1.596761e-01 4.828943e-02 9.793358e-02 1.531240e-01 1.838640e-01 2.330478e-01 2.610664e-01 3.094581e-01 3.218370e-01 3.307419e-01 3.426069e-01 3.351021e-01 3.178497e-01 2.527028e-02
<GCONST> 1.005727e+02
<MIXTURE> 2 1.249209e-01
<MEAN> 39
 2.557218e-01 -5.693205e+00 2.071953e+00 -6.905590e+00 -1.126694e+01 -2.229642e+00 4.754791e+00 1.514418e+00 -5.985914e+00 -1.735464e+00 -2.046137e+00 -1.914078e+00 9.506789e+00 1.101285e-02 1.354468e-01 2.034487e-01 1.505232e-02 -3.193317e-02 1.606503e-01 7.439632e-02 -7.136335e-02 5.353864e-02 2.245308e-01 6.016666e-02 1.688538e-02 -3.203635e-02 1.160711e-01 1.741660e-01 2.081147e-01 2.375212e-01 2.420937e-01 2.386025e-01 2.390965e-01 2.542630e-01 2.616661e-01 2.125867e-01 1.572524e-01 1.530794e-01 3.221504e-02
<VARIANCE> 39
 9.223817e+00 1.744810e+01 2.179904e+01 2.626810e+01 3.862794e+01 4.589867e+01 3.961785e+01 4.668083e+01 3.881705e+01 4.603057e+01 4.088966e+01 5.123184e+01 1.681789e+01 9.180664e-02 2.229981e-01 3.464190e-01 4.329547e-01 5.813509e-01 6.609834e-01 7.328207e-01 8.165570e-01 8.092867e-01 7.965787e-01 6.917467e-01 6.689023e-01 4.282447e-02 1.289377e-02 3.121534e-02 4.904044e-02 6.446916e-02 8.940458e-02 1.025670e-01 1.159488e-01 1.233298e-01 1.322900e-01 1.285341e-01 1.240422e-01 1.196331e-01 5.650871e-03
<GCONST> 6.847858e+01
<MIXTURE> 3 1.541680e-01
<MEAN> 39
 2.467064e+00 -2.376457e+00 5.559524e+00 1.227654e+00 -1.380374e+01 -6.318356e+00 2.273001e+00 5.270417e+00 9.828625e-01 -1.205949e+00 4.439584e+00 1.833041e+00 9.042032e+00 -1.619991e-02 6.315929e-02 1.110208e-01 8.447701e-04 -8.638120e-02 3.407104e-03 3.888039e-02 -9.536906e-02 -1.339550e-01 5.817743e-02 9.429911e-02 -3.582803e-02 -4.175893e-02 2.336319e-06 -1.424041e-03 -4.494163e-03 -2.206659e-02 2.125453e-02 -8.966886e-03 -1.836663e-02 -2.251316e-02 -2.774694e-02 1.238990e-02 -2.875378e-02 -6.829963e-03 -5.456423e-03
<VARIANCE> 39
 8.580592e+00 1.279756e+01 1.970480e+01 2.040637e+01 2.502129e+01 3.079062e+01 3.531694e+01 3.059436e+01 3.706658e+01 4.417878e+01 4.411992e+01 3.624640e+01 1.827816e+01 5.110017e-02 1.171670e-01 2.043946e-01 2.525523e-01 3.672820e-01 4.232115e-01 4.658443e-01 5.396945e-01 5.723660e-01 5.746195e-01 5.353344e-01 4.563163e-01 3.191218e-02 8.638551e-03 1.871541e-02 3.242051e-02 4.564754e-02 6.345504e-02 7.664277e-02 8.349958e-02 9.358199e-02 9.894591e-02 1.023190e-01 9.532107e-02 8.402100e-02 4.468192e-03
<GCONST> 5.614400e+01
<MIXTURE> 4 1.167572e-01
<MEAN> 39
 1.285503e+00 -5.149903e+00 2.725363e+00 -5.586530e+00 -8.971053e+00 5.570911e-02 7.213755e+00 5.123999e+00 -3.086386e+00 7.081441e-01 -4.974996e-01 -6.202672e-01 1.147860e+01 5.978951e-03 4.498620e-02 8.708393e-02 4.803028e-04 -2.412085e-02 6.202408e-02 3.064247e-02 -2.601792e-02 2.672241e-02 1.001780e-01 8.073355e-03 -3.418332e-03 -1.042566e-02 -8.909010e-03 -5.748841e-03 -1.366675e-02 -1.308849e-02 -3.643268e-02 -3.459276e-02 -2.918988e-02 -2.180779e-02 -4.905953e-03 -2.299823e-02 -6.982700e-03 -1.010659e-02 -8.604568e-03
<VARIANCE> 39
 8.718990e+00 1.445732e+01 2.115575e+01 1.911941e+01 3.723632e+01 3.966116e+01 3.407336e+01 4.929681e+01 3.530971e+01 3.986927e+01 3.737831e+01 3.624166e+01 1.755248e+01 3.996975e-02 9.485184e-02 1.488542e-01 1.856118e-01 2.485575e-01 2.796826e-01 3.199330e-01 3.498360e-01 3.493511e-01 3.458444e-01 3.216676e-01 3.026170e-01 1.627437e-02 7.208728e-03 1.602285e-02 2.537424e-02 3.387919e-02 4.341934e-02 5.115637e-02 5.686921e-02 6.394801e-02 6.453266e-02 6.143066e-02 5.936561e-02 5.621682e-02 2.464141e-03
<GCONST> 4.689511e+01
<MIXTURE> 5 1.087979e-01
<MEAN> 39
 1.096843e+00 -4.606166e+00 3.487611e+00 -5.586033e+00 -9.269232e+00 2.252523e-01 7.213008e+00 3.447156e+00 -4.312055e+00 2.284499e-02 -1.199188e+00 -7.854071e-01 9.775330e+00 -2.954641e-01 -2.689700e-01 -3.075250e-01 -6.030831e-01 -6.613476e-01 -5.191326e-01 -6.259751e-01 -7.515222e-01 -5.340069e-01 -2.651238e-01 -3.735268e-01 -3.220403e-01 -1.506289e-01 -1.399406e-02 -9.502671e-03 -2.893647e-02 -2.871014e-02 -4.938620e-02 -7.007775e-02 -7.701409e-02 -4.827705e-02 -1.505640e-02 -2.467014e-02 -1.965038e-02 2.696889e-05 -1.777896e-02
<VARIANCE> 39
 8.916301e+00 1.638915e+01 2.085865e+01 2.475940e+01 3.861430e+01 4.489761e+01 3.741516e+01 4.704582e+01 3.919103e+01 4.458812e+01 3.948618e+01 5.021891e+01 1.644191e+01 7.243465e-02 1.998223e-01 3.118277e-01 3.571135e-01 4.954163e-01 5.549853e-01 6.287851e-01 7.106088e-01 7.463146e-01 7.548046e-01 6.998178e-01 7.045599e-01 4.146010e-02 1.489334e-02 3.451306e-02 5.250331e-02 7.222717e-02 9.409495e-02 1.095131e-01 1.206471e-01 1.324022e-01 1.382316e-01 1.287623e-01 1.197362e-01 1.148187e-01 5.914459e-03
<GCONST> 6.740091e+01
<MIXTURE> 6 1.963068e-01
<MEAN> 39
 1.566196e+00 -3.938260e+00 4.093421e+00 -5.320488e+00 -9.142241e+00 5.870511e-01 7.946007e+00 3.994546e+00 -3.618745e+00 4.497970e-01 -8.784003e-01 -1.012080e+00 9.528204e+00 8.122161e-02 2.573809e-01 3.481926e-01 1.291293e-01 7.693081e-02 3.314881e-01 2.300521e-01 5.834534e-02 2.325787e-01 4.013613e-01 1.143456e-01 7.367322e-02 -2.435967e-02 -5.525192e-02 -6.325797e-02 -1.046649e-01 -9.757265e-02 -1.329631e-01 -1.767239e-01 -1.957296e-01 -1.402259e-01 -8.651207e-02 -1.009263e-01 -8.131747e-02 -3.391070e-02 -3.765040e-02
<VARIANCE> 39
 8.294037e+00 1.597843e+01 2.019878e+01 2.463906e+01 3.636408e+01 4.557766e+01 3.743183e+01 4.714775e+01 3.948404e+01 4.445519e+01 3.731578e+01 4.240585e+01 1.648769e+01 1.061805e-01 2.735948e-01 4.008546e-01 5.106879e-01 7.007064e-01 7.673667e-01 8.687907e-01 9.850310e-01 9.585918e-01 9.816822e-01 8.681558e-01 8.288783e-01 6.021249e-02 1.747584e-02 4.222255e-02 6.341117e-02 8.849230e-02 1.152617e-01 1.297702e-01 1.464103e-01 1.630724e-01 1.695645e-01 1.596458e-01 1.478671e-01 1.432961e-01 8.268280e-03
<GCONST> 7.361058e+01
<MIXTURE> 7 5.041103e-02
<MEAN> 39
 2.059302e+00 -1.216900e+00 3.178968e+00 -2.784099e+00 -7.397161e+00 -3.824097e+00 1.307246e+00 1.689899e+00 1.297211e-01 6.845573e-01 -6.722014e-02 -8.163745e-01 6.263003e+00 -1.109027e-02 4.712362e-01 4.449335e-01 7.407788e-02 -1.864132e-01 2.238019e-02 -2.168008e-01 -6.870717e-01 -3.946166e-01 2.309100e-01 -1.806374e-02 -7.120727e-02 -3.711714e-01 -9.556600e-02 2.195323e-01 -4.933736e-02 2.770482e-01 3.446029e-01 1.215505e-01 -8.533739e-02 -2.319776e-01 -1.002696e-01 -7.690511e-02 -8.483809e-02 1.024026e-02 -2.924944e-01
<VARIANCE> 39
 2.546819e+01 3.692550e+01 4.855989e+01 5.096625e+01 6.981760e+01 6.249636e+01 7.563818e+01 6.858057e+01 6.039290e+01 6.130269e+01 6.601357e+01 6.199416e+01 4.325311e+01 6.808418e-01 1.287236e+00 1.564695e+00 1.781348e+00 2.231448e+00 2.685304e+00 2.848931e+00 3.389675e+00 3.255350e+00 2.925299e+00 2.669575e+00 2.511410e+00 7.922124e-01 1.793896e-01 2.587825e-01 2.926520e-01 3.786674e-01 4.711166e-01 4.913200e-01 5.967291e-01 6.143886e-01 5.803327e-01 5.404566e-01 5.295295e-01 4.757676e-01 2.070629e-01
<GCONST> 1.205985e+02
<MIXTURE> 8 8.243541e-02
<MEAN> 39
 -1.318020e+00 -7.291308e+00 2.868660e+00 -3.623235e+00 -6.263216e+00 2.470149e+00 4.933877e+00 2.369328e+00 -1.381618e+00 8.696280e+00 1.243128e+01 1.575199e+01 1.018701e+01 1.045573e-02 1.162210e-01 1.714661e-01 7.206036e-03 -8.456603e-02 7.637066e-02 4.656134e-02 -6.400096e-02 7.973531e-02 1.362663e-01 -1.118040e-02 -1.733437e-03 -2.508922e-02 1.086301e-03 9.803289e-03 -1.516320e-02 -3.609863e-02 -4.935455e-02 -4.807580e-02 -7.732338e-03 1.490667e-02 1.290250e-02 -2.414260e-02 -4.839729e-02 -5.444631e-02 -1.125844e-02
<VARIANCE> 39
 1.004665e+01 2.121150e+01 2.918735e+01 3.219063e+01 4.878101e+01 4.315693e+01 4.319523e+01 4.834309e+01 8.678508e+01 9.921593e+01 7.133190e+01 4.018761e+01 1.423172e+01 1.311411e-01 3.212132e-01 4.897324e-01 5.924199e-01 6.853067e-01 6.547042e-01 7.613839e-01 7.626947e-01 7.690977e-01 8.120239e-01 8.733386e-01 7.614710e-01 4.904059e-02 2.275205e-02 5.223896e-02 8.404037e-02 1.034845e-01 1.142580e-01 1.121239e-01 1.335434e-01 1.372695e-01 1.342105e-01 1.430225e-01 1.502468e-01 1.318881e-01 7.138724e-03
<GCONST> 7.656139e+01
<STATE> 4
<NUMMIXES> 8
<MIXTURE> 1 8.711228e-02
<MEAN> 39
 -1.233415e+00 2.561827e-02 8.050442e+00 -9.959611e+00 -1.001618e+01 2.385860e+00 1.062341e+00 -6.265385e+00 6.914230e-01 9.201468e+00 3.336221e+00 1.312782e+01 5.949687e+00 8.510146e-02 1.699198e-01 6.825903e-02 1.236999e-01 -4.323838e-02 -1.575979e-01 -2.264892e-01 -1.205542e-01 1.248351e-01 1.132400e-01 1.096895e-01 1.803168e-01 -1.594585e-01 4.378863e-02 -2.384494e-02 -7.110010e-02 1.140251e-01 -3.434499e-02 -1.256828e-01 4.748420e-02 1.219180e-01 -6.345631e-02 -1.324529e-01 -2.568084e-02 -2.112373e-01 -2.130396e-02
<VARIANCE> 39
 1.101876e+01 2.192211e+01 3.076091e+01 3.517806e+01 4.385098e+01 4.268842e+01 5.087779e+01 4.451226e+01 6.788042e+01 6.611830e+01 8.369674e+01 6.078083e+01 1.532187e+01 2.028172e-01 5.670659e-01 7.704903e-01 9.960216e-01 1.169969e+00 1.238823e+00 1.482023e+00 1.587767e+00 1.592437e+00 1.576148e+00 1.734396e+00 1.644285e+00 1.288445e-01 3.888036e-02 8.846767e-02 1.371058e-01 1.860772e-01 2.096557e-01 2.302113e-01 2.661304e-01 2.854691e-01 2.822076e-01 2.932031e-01 3.067212e-01 2.751354e-01 1.897707e-02
<GCONST> 9.392409e+01
<MIXTURE> 2 1.683257e-01
<MEAN> 39
 2.185798e+00 3.721761e+00 9.235877e+00 -6.350883e+00 -1.412503e+01 2.370440e+00 1.806241e+00 -5.306240e+00 -1.604944e+00 3.893051e+00 -5.914827e+00 -4.270600e+00 4.459802e+00 -4.362330e-04 1.219679e-01 1.082897e-01 -4.290211e-03 -6.668726e-03 2.458889e-02 -1.452051e-01 -1.511960e-01 6.655134e-02 4.833664e-02 -7.005900e-02 5.918337e-02 -9.648108e-02 -1.916258e-02 -3.872090e-02 -3.086572e-02 -1.757324e-02 -1.811858e-02 -9.551787e-02 -2.718397e-02 -1.313443e-02 -7.343499e-02 -5.302504e-02 8.233682e-03 -1.239288e-02 -2.365849e-03
<VARIANCE> 39
 7.502112e+00 1.449962e+01 2.144507e+01 2.222760e+01 2.986181e+01 3.056311e+01 4.096583e+01 4.808585e+01 4.216227e+01 4.170385e+01 4.049851e+01 4.222131e+01 9.327784e+00 6.545071e-02 2.021597e-01 3.144178e-01 4.283308e-01 5.530333e-01 6.596820e-01 7.742735e-01 8.417150e-01 8.492709e-01 8.650100e-01 7.993324e-01 7.116625e-01 4.204850e-02 1.039904e-02 3.060171e-02 5.018770e-02 7.250745e-02 9.359338e-02 1.126659e-01 1.285892e-01 1.430371e-01 1.449965e-01 1.511474e-01 1.376211e-01 1.263174e-01 5.346707e-03
<GCONST> 6.695604e+01
<MIXTURE> 3 6.165644e-02
<MEAN> 39
 1.290438e+00 -1.001998e+00 5.185763e+00 -3.533898e+00 -8.349035e+00 -4.251456e+00 5.516462e-01 -1.399259e-01 -1.436784e+00 2.700227e+00 9.452456e-01 9.116800e-02 6.773899e+00 -2.794160e-02 8.071743e-01 4.182773e-01 4.983163e-01 2.275804e-01 -3.337626e-02 -4.527394e-01 -1.052382e+00 -5.926373e-01 -5.611889e-02 -3.552499e-01 -5.995739e-02 -8.038056e-01 -4.630575e-02 1.229351e-01 -1.205761e-01 2.303042e-01 2.741922e-01 1.484450e-01 6.921246e-02 2.394264e-02 3.520960e-02 -1.537775e-01 -1.314830e-01 -4.719181e-02 -2.235952e-01
<VARIANCE> 39
 2.673392e+01 3.337667e+01 6.133247e+01 6.239848e+01 8.109042e+01 6.596336e+01 7.120834e+01 7.319801e+01 7.783271e+01 8.432177e+01 8.629025e+01 7.706196e+01 3.634677e+01 8.132005e-01 1.492055e+00 1.714907e+00 2.160640e+00 2.522236e+00 2.769356e+00 3.294059e+00 3.686643e+00 3.683161e+00 3.293677e+00 3.125772e+00 2.912543e+00 1.038845e+00 1.765815e-01 2.307412e-01 2.905824e-01 3.813496e-01 5.099879e-01 5.109920e-01 5.574830e-01 6.032271e-01 6.723427e-01 6.553023e-01 5.848865e-01 5.120413e-01 1.768608e-01
<GCONST> 1.241426e+02
<MIXTURE> 4 8.499054e-02
<MEAN> 39
 -1.521404e-01 3.119827e-01 8.049062e+00 -9.767523e+00 -1.488811e+01 -7.623780e-01 5.354904e-01 -6.746691e+00 -5.389460e+00 2.159494e+00 -7.870842e+00 -4.220778e+00 5.772387e+00 -6.054868e-03 1.765607e-01 1.422720e-01 -1.151455e-02 -4.464369e-02 1.488409e-02 -2.226160e-01 -2.463374e-01 3.828053e-02 7.283748e-02 -1.453610e-01 9.840930e-02 -1.388783e-01 1.261734e-01 1.580707e-01 1.936243e-01 2.855274e-01 2.673805e-01 2.279304e-01 2.896292e-01 3.097245e-01 2.582410e-01 2.236608e-01 2.617595e-01 2.046226e-01 2.971047e-02
<VARIANCE> 39
 1.059795e+01 1.617331e+01 2.544008e+01 3.647093e+01 3.620260e+01 4.175245e+01 4.320554e+01 4.469603e+01 5.120864e+01 4.631393e+01 5.106557e+01 6.274237e+01 1.283630e+01 1.216849e-01 3.283463e-01 4.735633e-01 6.356165e-01 7.868403e-01 8.861438e-01 1.093745e+00 1.172672e+00 1.137607e+00 1.150722e+00 1.027362e+00 9.802144e-01 7.488430e-02 1.581687e-02 4.071223e-02 6.380666e-02 9.147772e-02 1.223444e-01 1.442484e-01 1.531530e-01 1.694633e-01 1.777498e-01 1.830387e-01 1.679466e-01 1.628927e-01 8.922403e-03
<GCONST> 7.816532e+01
<MIXTURE> 5 1.378124e-01
<MEAN> 39
 1.419680e+00 2.584918e+00 1.181047e+01 2.149768e-01 -1.530932e+01 -4.803971e+00 3.310871e+00 -2.884729e+00 -6.430525e+00 3.418735e+00 3.132276e+00 -2.117482e+00 6.208321e+00 -3.882539e-03 9.708847e-02 1.054768e-01 2.571746e-02 -1.491665e-02 4.019933e-02 -2.383067e-02 -1.566274e-01 -1.130758e-01 6.507167e-02 -3.464720e-02 -5.581957e-02 -8.701048e-02 9.025116e-03 -5.739113e-03 -1.211498e-02 1.813094e-03 1.382305e-02 5.177761e-04 -2.184970e-02 1.197171e-02 1.692562e-02 -1.923159e-02 -1.846822e-02 1.607606e-02 -8.115961e-03
<VARIANCE> 39
 1.024670e+01 1.390643e+01 2.203621e+01 3.078632e+01 2.653714e+01 4.104438e+01 3.412844e+01 4.337063e+01 4.571872e+01 4.537407e+01 5.117153e+01 4.139550e+01 1.691194e+01 4.972677e-02 1.256113e-01 2.046381e-01 2.610489e-01 3.432423e-01 4.185672e-01 4.789799e-01 5.745464e-01 5.584643e-01 5.476822e-01 5.392054e-01 4.832503e-01 3.736689e-02 8.623890e-03 1.999594e-02 3.369140e-02 4.754814e-02 6.106625e-02 7.513309e-02 8.750218e-02 9.749423e-02 1.021979e-01 9.831365e-02 9.885418e-02 8.831438e-02 4.739567e-03
<GCONST> 5.857736e+01
<MIXTURE> 6 1.036358e-01
<MEAN> 39
 -9.979552e-01 7.076010e-01 1.089984e+01 -1.115105e+01 -1.021549e+01 2.673568e+00 7.252231e-01 -6.166291e+00 -1.921111e+00 8.697871e+00 -2.778508e+00 7.304548e+00 7.234953e+00 2.421968e-02 1.137102e-01 9.979620e-02 2.511162e-03 2.666837e-03 -9.116728e-03 -1.366477e-01 -1.020800e-01 4.826013e-02 8.254763e-02 -4.772657e-02 1.282061e-01 -8.402172e-02 1.953448e-05 -2.914031e-02 -5.617823e-02 1.395491e-02 -6.857924e-02 -6.201174e-02 -1.337753e-02 -4.338519e-03 -3.304565e-02 -5.306063e-02 1.203386e-02 -5.520593e-02 -1.434134e-02
<VARIANCE> 39
 9.472630e+00 1.655840e+01 2.475286e+01 2.564307e+01 3.566331e+01 3.705215e+01 5.123432e+01 4.261012e+01 5.853191e+01 5.421177e+01 7.565975e+01 9.846223e+01 1.095493e+01 8.057478e-02 2.189830e-01 3.161192e-01 4.013916e-01 4.920492e-01 5.213972e-01 6.115789e-01 6.702429e-01 6.491803e-01 6.332653e-01 6.208975e-01 6.394781e-01 4.072369e-02 1.292215e-02 3.119658e-02 4.899774e-02 6.819735e-02 8.274743e-02 8.832680e-02 9.740778e-02 1.116524e-01 1.087979e-01 1.081552e-01 1.091133e-01 1.060154e-01 5.039835e-03
<GCONST> 6.691541e+01
<MIXTURE> 7 1.884842e-01
<MEAN> 39
 1.695614e+00 1.484671e+00 1.037694e+01 1.572158e+00 -1.447716e+01 -6.944062e+00 2.283118e+00 2.144680e-01 -5.848793e+00 1.835242e+00 5.377196e+00 -4.196367e-01 6.117522e+00 -8.119362e-03 2.388195e-01 1.837818e-01 9.973693e-02 3.401429e-02 6.229544e-02 -6.925006e-02 -3.459598e-01 -2.551556e-01 6.052962e-02 -8.659226e-02 -1.440541e-01 -2.243849e-01 2.069340e-03 -1.981692e-03 -5.386246e-02 -2.512602e-02 8.203632e-02 2.143089e-02 -3.632543e-02 -2.285866e-02 4.138824e-02 -2.946458e-02 -1.161946e-01 9.710130e-04 -2.003147e-02
<VARIANCE> 39
 1.163566e+01 1.702638e+01 2.915184e+01 2.984459e+01 3.708352e+01 4.702931e+01 4.298789e+01 4.707048e+01 4.729663e+01 5.142714e+01 4.537793e+01 4.488356e+01 2.052224e+01 1.462375e-01 3.651772e-01 5.951695e-01 6.854638e-01 8.537972e-01 1.064716e+00 1.144359e+00 1.337006e+00 1.332129e+00 1.329128e+00 1.272046e+00 1.129146e+00 1.328744e-01 2.400229e-02 5.336919e-02 8.930670e-02 1.168354e-01 1.551030e-01 1.817329e-01 2.075624e-01 2.166705e-01 2.215593e-01 2.295842e-01 2.165224e-01 1.928280e-01 1.809156e-02
<GCONST> 8.460652e+01
<MIXTURE> 8 1.679826e-01
<MEAN> 39
 1.137445e+00 1.101257e+00 9.357084e+00 -8.812550e+00 -1.298857e+01 1.161501e+00 4.087360e+00 -2.912198e+00 -2.010933e+00 4.676289e+00 -5.828945e+00 -3.596182e+00 6.750457e+00 -3.883510e-02 4.117041e-01 3.382479e-01 -7.023641e-02 -1.543259e-01 1.967936e-02 -5.205525e-01 -6.009129e-01 5.524086e-02 1.644395e-01 -3.204394e-01 1.430035e-01 -3.097493e-01 -1.968774e-03 -4.356783e-02 -9.741231e-02 8.890158e-02 2.815793e-02 -1.294664e-01 -1.203535e-01 -6.896836e-02 -1.111917e-01 -1.497043e-01 5.107695e-02 7.046282e-02 -4.809806e-02
<VARIANCE> 39
 1.049394e+01 1.819639e+01 2.572186e+01 3.135703e+01 3.392198e+01 4.155141e+01 4.693509e+01 4.618922e+01 5.358200e+01 4.968141e+01 4.519234e+01 4.110371e+01 1.262588e+01 2.353558e-01 6.398338e-01 8.207723e-01 1.009740e+00 1.281491e+00 1.514730e+00 1.800701e+00 2.050500e+00 1.970802e+00 1.991482e+00 1.720213e+00 1.580307e+00 1.894149e-01 3.555861e-02 7.912834e-02 1.117836e-01 1.669270e-01 2.105682e-01 2.451053e-01 2.673013e-01 3.017311e-01 3.085601e-01 3.084955e-01 2.643676e-01 2.343592e-01 2.437894e-02
<GCONST> 9.291272e+01
<STATE> 5
<NUMMIXES> 8
<MIXTURE> 1 8.450819e-02
<MEAN> 39
 7.927362e-01 -2.904718e+00 7.719884e+00 -5.170864e+00 -1.142515e+01 -4.966899e+00 1.903317e+00 -7.376580e-01 -2.496029e+00 7.741856e+00 4.171204e+00 8.375172e+00 7.459795e+00 6.636291e-01 5.607837e-01 -7.610050e-01 1.326949e+00 5.753182e-01 -1.130289e+00 -1.189211e+00 -3.685206e-01 1.537097e-01 -1.213457e+00 -4.042400e-01 -3.444314e-01 -1.110241e+00 -6.795697e-02 3.855646e-01 -2.327693e-01 2.696265e-01 3.429773e-01 3.205815e-01 -6.759967e-02 -2.708092e-01 8.344770e-02 -3.346198e-01 -2.900513e-01 -5.628083e-01 -3.671717e-01
<VARIANCE> 39
 1.584476e+01 2.373231e+01 3.986521e+01 4.715695e+01 4.551863e+01 5.852028e+01 5.001759e+01 6.965383e+01 8.903918e+01 8.909981e+01 1.050555e+02 1.063921e+02 1.823506e+01 8.264028e-01 1.702933e+00 1.896663e+00 2.511567e+00 3.366682e+00 3.364187e+00 3.806024e+00 4.064131e+00 3.997765e+00 4.122542e+00 4.153524e+00 3.896476e+00 8.868695e-01 1.757531e-01 2.460176e-01 3.100443e-01 4.146540e-01 4.841856e-01 5.836084e-01 5.959411e-01 7.265461e-01 7.169583e-01 8.071471e-01 6.484683e-01 6.093963e-01 1.340370e-01
<GCONST> 1.241495e+02
<MIXTURE> 2 1.462402e-01
<MEAN> 39
 -5.733970e-01 6.771183e+00 7.250092e+00 3.861649e+00 -4.374712e+00 -2.918971e+00 2.943616e-01 -5.418216e+00 -3.688616e+00 -3.573334e-01 -2.090807e+00 -2.457641e+00 -2.659159e+00 -1.531992e+00 1.052618e-01 -1.039696e+00 8.044148e-01 1.779157e+00 6.585768e-01 5.763330e-01 6.740672e-01 7.402624e-01 -9.316158e-02 4.263484e-01 1.320132e-02 -9.681634e-01 -2.083686e-01 -4.743029e-01 -1.926921e-01 -4.304252e-01 -3.203594e-01 -4.857790e-02 1.620237e-02 3.114806e-01 1.840414e-01 3.109493e-01 2.138711e-01 2.997343e-01 4.936994e-01
<VARIANCE> 39
 3.200595e+01 3.505698e+01 4.070012e+01 3.557499e+01 4.952441e+01 4.061296e+01 3.983421e+01 4.885286e+01 4.430854e+01 4.160346e+01 4.742134e+01 4.662031e+01 3.354875e+01 2.655609e+00 2.877407e+00 2.607820e+00 3.047756e+00 3.471316e+00 3.362654e+00 3.186222e+00 3.461154e+00 3.423380e+00 3.348606e+00 3.517498e+00 3.299604e+00 2.974307e+00 3.442311e-01 4.086126e-01 4.409289e-01 4.293086e-01 6.281562e-01 6.122342e-01 6.004987e-01 6.494825e-01 6.403829e-01 6.402313e-01 5.952010e-01 5.774084e-01 3.710857e-01
<GCONST> 1.263624e+02
<MIXTURE> 3 9.646825e-02
<MEAN> 39
 2.997351e+00 2.319021e+00 3.161614e+00 1.850276e+00 -7.426080e+00 -8.265291e+00 -3.642172e+00 -2.219500e+00 -2.208602e+00 -7.095779e-01 -5.964409e-01 1.566580e+00 3.767946e+00 -7.002078e-01 1.890407e+00 -7.537002e-01 1.631232e+00 1.640684e+00 4.246332e-01 -3.455856e-01 -1.120641e+00 -3.531070e-02 -9.048098e-01 -4.902569e-01 -1.178680e+00 -1.561570e+00 -5.064589e-01 8.523220e-02 7.714417e-02 -1.802768e-01 1.216566e-01 5.944672e-01 5.366437e-01 7.440530e-02 3.480058e-03 2.964567e-01 1.035748e-01 -6.656542e-02 -5.458818e-02
<VARIANCE> 39
 2.098532e+01 3.451533e+01 3.855563e+01 3.704010e+01 5.273942e+01 4.357530e+01 4.402824e+01 5.070999e+01 5.517682e+01 5.876425e+01 7.197641e+01 7.088863e+01 2.150472e+01 2.713040e+00 2.215574e+00 2.854587e+00 3.286653e+00 4.347833e+00 4.256558e+00 4.584445e+00 4.501319e+00 4.622592e+00 4.794786e+00 4.343824e+00 4.317045e+00 1.596706e+00 2.045741e-01 3.551222e-01 3.495858e-01 3.752210e-01 5.539671e-01 5.435467e-01 5.319057e-01 7.243819e-01 6.999214e-01 6.477849e-01 6.423186e-01 5.977995e-01 1.415485e-01
<GCONST> 1.266318e+02
<MIXTURE> 4 8.902144e-02
<MEAN> 39
 8.536116e-01 1.063036e+00 1.022684e+01 -3.929490e+00 -1.472406e+01 -2.031405e+00 2.989390e+00 -4.127230e+00 -6.938484e+00 5.183000e+00 -3.941492e-01 -9.915316e-01 6.077664e+00 5.109590e-01 -2.405418e-01 -5.636328e-01 1.199639e+00 4.264956e-01 -1.229484e+00 -1.925297e-01 7.741994e-01 -3.438723e-01 -9.601316e-01 4.019283e-01 3.564476e-01 -4.029134e-01 1.343596e-01 8.758913e-02 -2.405968e-01 2.848800e-01 4.786587e-01 -1.868116e-01 -3.209967e-01 8.648892e-02 2.940549e-01 -3.374700e-01 -1.654617e-01 1.000391e-01 -2.116114e-01
<VARIANCE> 39
 1.151677e+01 2.302873e+01 2.749176e+01 3.615304e+01 3.336293e+01 4.664918e+01 4.183505e+01 5.483564e+01 5.048590e+01 5.003592e+01 6.825025e+01 6.828567e+01 1.658838e+01 2.214171e-01 6.567969e-01 8.717006e-01 1.055237e+00 1.355961e+00 1.600688e+00 1.889185e+00 2.099001e+00 1.995620e+00 1.883523e+00 1.854924e+00 1.603056e+00 2.266231e-01 5.003382e-02 9.993514e-02 1.414509e-01 1.820407e-01 2.459141e-01 3.048023e-01 3.326907e-01 3.596257e-01 3.260008e-01 3.393350e-01 3.289027e-01 2.983143e-01 4.393585e-02
<GCONST> 9.808796e+01
<MIXTURE> 5 1.314580e-01
<MEAN> 39
 2.299264e+00 4.075733e+00 9.358079e+00 3.265438e+00 -1.092391e+01 -6.791143e+00 9.785412e-01 -3.240855e+00 -7.439892e+00 8.869261e-01 1.035705e+00 -1.525897e+00 1.839206e+00 -3.690100e-02 6.088452e-01 -3.167230e-01 8.741966e-01 1.559871e+00 1.313452e-01 -1.299338e-01 -1.103692e-01 1.648541e-01 -5.485231e-01 -5.013624e-01 2.387846e-02 -1.204524e+00 -1.848134e-01 -2.185654e-02 -1.153253e-01 -1.769085e-01 2.578721e-01 2.702694e-01 4.908220e-02 6.511760e-02 2.862017e-01 8.727303e-02 -6.293870e-02 3.415459e-02 -5.008332e-02
<VARIANCE> 39
 1.103580e+01 1.969735e+01 2.935075e+01 2.780877e+01 3.806812e+01 3.621249e+01 3.503225e+01 4.277328e+01 4.310781e+01 3.889716e+01 4.298777e+01 3.932327e+01 2.244256e+01 6.282126e-01 9.720717e-01 1.308503e+00 1.497277e+00 2.309014e+00 2.549139e+00 2.489263e+00 2.685512e+00 2.559726e+00 2.509856e+00 2.356058e+00 2.109670e+00 8.173841e-01 8.997185e-02 1.646738e-01 1.917004e-01 2.181169e-01 3.821847e-01 3.511643e-01 3.619375e-01 4.247235e-01 4.069396e-01 3.751031e-01 3.729918e-01 3.419093e-01 1.161487e-01
<GCONST> 1.060271e+02
<MIXTURE> 6 2.369308e-01
<MEAN> 39
 2.000014e+00 8.509244e+00 1.189963e+01 -3.620473e+00 -1.170130e+01 7.058522e-01 -2.369733e+00 -9.963858e+00 -2.158276e+00 2.937890e+00 -6.142429e+00 -1.930004e+00 1.352149e-01 2.534168e-02 9.974556e-02 1.272402e-03 2.182903e-01 1.652171e-01 -4.539759e-02 -7.585751e-02 -9.789719e-02 -6.715309e-02 -1.044392e-01 2.104974e-02 7.025123e-03 -2.235093e-01 -9.908535e-04 -5.633682e-02 -4.436148e-02 4.708108e-02 1.390055e-02 -5.387354e-02 5.555093e-02 7.385197e-02 -3.867720e-02 -3.062767e-02 5.340926e-02 -1.221836e-02 4.919449e-03
<VARIANCE> 39
 9.272435e+00 1.516999e+01 2.755231e+01 4.092659e+01 4.204155e+01 4.197650e+01 5.049676e+01 4.160880e+01 5.160023e+01 4.823051e+01 5.534764e+01 4.733671e+01 1.270520e+01 1.258044e-01 3.331146e-01 5.110270e-01 7.385036e-01 9.402652e-01 1.022709e+00 1.177489e+00 1.277465e+00 1.299691e+00 1.287691e+00 1.274877e+00 1.098473e+00 1.288650e-01 2.183595e-02 5.295526e-02 8.889772e-02 1.327110e-01 1.669361e-01 1.943785e-01 2.093744e-01 2.399007e-01 2.388660e-01 2.410378e-01 2.307354e-01 2.034339e-01 1.545380e-02
<GCONST> 8.432993e+01
<MIXTURE> 7 1.088834e-01
<MEAN> 39
 2.820055e+00 -1.819070e+00 6.528273e-01 -7.319303e-01 -3.729578e+00 -3.893540e+00 -1.333659e+00 3.413647e+00 1.010966e-01 -1.445967e+00 -4.501571e-01 1.175306e+00 4.979655e+00 1.784854e-01 1.229607e-01 -5.143498e-01 1.963564e-01 9.108907e-01 6.119990e-02 -5.802970e-01 -2.951529e-01 3.577514e-01 -5.409041e-03 -2.314655e-01 -1.532048e-01 -3.365747e-01 -3.026063e-02 7.989311e-02 9.035160e-02 -6.577574e-02 -8.533567e-02 8.240013e-02 5.895773e-02 -2.238550e-01 -1.025562e-01 1.611362e-01 5.694287e-02 -6.996283e-02 -3.725839e-02
<VARIANCE> 39
 2.457684e+01 3.075454e+01 3.502956e+01 3.750235e+01 5.823582e+01 5.703619e+01 6.969654e+01 6.427715e+01 6.475771e+01 6.641463e+01 7.544136e+01 7.929281e+01 3.064465e+01 3.063715e-01 6.402953e-01 1.006125e+00 1.198009e+00 1.699211e+00 1.826136e+00 2.308596e+00 2.503799e+00 2.307445e+00 2.256309e+00 2.109637e+00 1.958897e+00 2.757474e-01 4.216539e-02 8.909044e-02 1.361972e-01 1.771199e-01 2.394498e-01 2.900057e-01 3.514306e-01 3.825516e-01 3.742722e-01 3.569471e-01 3.478849e-01 3.311271e-01 3.034752e-02
<GCONST> 1.040602e+02
<MIXTURE> 8 1.064896e-01
<MEAN> 39
 1.387421e+00 5.372344e+00 1.147683e+01 -7.317772e+00 -1.288395e+01 5.166333e-01 -2.042536e+00 -1.044596e+01 -1.506891e+00 4.338860e+00 -7.355541e+00 -3.727574e-02 2.082999e+00 3.210556e-02 6.213526e-01 -2.980893e-01 1.425166e+00 6.108797e-01 -2.811294e-01 3.595480e-02 -3.814816e-01 -2.546144e-01 -8.271310e-01 2.177774e-01 -5.983305e-01 -1.256644e+00 -1.479734e-01 -1.263111e-01 -3.206329e-01 3.636764e-01 3.503832e-01 -7.085143e-02 2.894544e-01 4.456557e-01 1.142637e-02 -1.763963e-01 3.502637e-01 -1.168645e-01 -1.249108e-01
<VARIANCE> 39
 1.137357e+01 2.126380e+01 2.670155e+01 3.733694e+01 3.381041e+01 3.569659e+01 4.510295e+01 4.355333e+01 5.734840e+01 5.605964e+01 6.340936e+01 7.110735e+01 1.922254e+01 7.305390e-01 1.304473e+00 1.570829e+00 2.420563e+00 2.587579e+00 2.552600e+00 2.882017e+00 3.225092e+00 2.925015e+00 3.226322e+00 3.264305e+00 3.007730e+00 1.197416e+00 1.448646e-01 2.198567e-01 2.468815e-01 3.205571e-01 3.887370e-01 3.947683e-01 4.501588e-01 5.249603e-01 4.998205e-01 5.609008e-01 5.003021e-01 5.187740e-01 1.293022e-01
<GCONST> 1.143418e+02
<TRANSP> 6
 0.000000e+00 1.000000e+00 0.000000e+00 0.000000e+00 0.000000e+00 0.000000e+00
 0.000000e+00 8.302279e-01 1.697721e-01 0.000000e+00 0.000000e+00 0.000000e+00
 0.000000e+00 0.000000e+00 8.987929e-01 1.012071e-01 0.000000e+00 0.000000e+00
 0.000000e+00 0.000000e+00 0.000000e+00 8.961524e-01 1.038476e-01 0.000000e+00
 0.000000e+00 0.000000e+00 0.000000e+00 0.000000e+00 8.143684e-01 1.856317e-01
 0.000000e+00 0.000000e+00 0.000000e+00 0.000000e+00 0.000000e+00 0.000000e+00
<ENDHMM>
