~o
<STREAMINFO> 1 39
<VECSIZE> 39<NULLD><MFCC_D_A_Z_0><DIAGC>
~h "iy"
<BEGINHMM>
<NUMSTATES> 6
<STATE> 2
<NUMMIXES> 8
<MIXTURE> 1 7.785746e-02
<MEAN> 39
 -8.546470e-01 -2.807351e+00 9.398813e+00 -7.856703e+00 -1.016327e+01 -1.847784e+00 2.305905e+00 -1.835389e+00 -1.597787e+00 1.150403e+01 5.443844e+00 9.185622e+00 8.324375e+00 -8.380168e-01 4.517349e-01 9.395562e-01 -1.201101e+00 2.431843e-02 1.647105e+00 1.946971e-01 -1.054340e+00 -1.727409e-02 8.848937e-01 -6.393348e-01 2.786217e-01 3.681804e-01 1.540387e-01 3.758180e-01 -4.598641e-01 4.880875e-01 3.366424e-01 -1.779000e-01 -3.940620e-01 -1.123081e-01 3.023808e-01 -5.285988e-01 -2.106112e-01 -2.650725e-01 -4.380497e-01
<VARIANCE> 39
 1.632509e+01 3.008707e+01 3.926353e+01 4.313603e+01 3.990251e+01 5.524714e+01 5.768867e+01 7.375123e+01 8.966470e+01 8.302903e+01 1.426702e+02 1.109412e+02 1.616894e+01 7.743756e-01 1.365659e+00 1.598374e+00 2.558919e+00 2.307877e+00 3.264333e+00 3.279744e+00 3.337833e+00 3.828279e+00 3.695095e+00 3.674815e+00 3.381268e+00 5.197619e-01 1.959161e-01 2.275044e-01 3.157773e-01 4.264386e-01 4.523655e-01 6.134860e-01 6.586245e-01 6.989923e-01 7.402945e-01 6.824310e-01 6.952422e-01 6.838685e-01 1.299821e-01
<GCONST> 1.224824e+02
<MIXTURE> 2 2.862908e-01
<MEAN> 39
 8.474651e-01 -1.401442e+00 7.553608e+00 6.305741e-01 -1.158315e+01 -6.582047e+00 9.059871e-01 1.635767e+00 -5.854236e+00 -2.129495e+00 3.834476e+00 -2.959896e-01 7.856931e+00 -1.695207e-01 2.113280e-01 4.095476e-01 -2.789958e-01 -3.581725e-01 3.586583e-01 3.399395e-01 -4.556174e-01 -3.743732e-01 3.764243e-01 1.120399e-01 -3.650182e-01 -7.408202e-02 4.298972e-02 2.464929e-02 -7.091014e-02 1.820989e-02 1.469568e-01 3.469808e-03 -1.444043e-01 -5.824037e-02 1.140151e-01 5.525655e-02 -1.480387e-01 3.265095e-02 -5.155382e-02
<VARIANCE> 39
 1.641044e+01 2.684368e+01 4.070391e+01 3.926754e+01 5.035872e+01 5.127687e+01 5.159659e+01 5.550535e+01 5.835869e+01 5.307390e+01 5.737746e+01 6.569390e+01 2.637039e+01 2.091938e-01 4.525222e-01 7.354473e-01 8.821608e-01 1.140743e+00 1.331072e+00 1.492314e+00 1.687966e+00 1.621380e+00 1.666427e+00 1.553328e+00 1.402341e+00 1.401417e-01 3.601641e-02 6.992074e-02 1.140075e-01 1.485209e-01 2.047708e-01 2.270135e-01 2.752619e-01 2.839663e-01 2.885356e-01 2.732091e-01 2.666838e-01 2.479448e-01 2.154080e-02
<GCONST> 9.408755e+01
<MIXTURE> 3 7.394959e-02
<MEAN> 39
 2.486160e+00 -2.492441e+00 5.919385e+00 2.795633e+00 -9.327523e+00 -9.231813e+00 -3.093007e+00 4.019418e+00 -2.610410e+00 -3.770318e+00 2.101676e+00 3.855803e+00 7.885427e+00 -8.039663e-01 8.658952e-02 1.494779e+00 -3.871416e-01 -1.955395e+00 2.452070e-01 2.027086e+00 1.839982e-01 -1.678484e+00 -4.184385e-02 1.302314e+00 -3.364611e-02 4.145242e-01 3.510385e-02 3.845045e-01 -1.158336e-01 -2.350285e-01 4.021204e-01 5.796313e-01 -2.496054e-02 -8.616731e-01 -1.147519e-01 6.111275e-01 -8.852813e-02 -5.241242e-01 -3.078104e-01
<VARIANCE> 39
 1.465953e+01 2.421709e+01 3.513826e+01 4.049025e+01 4.314360e+01 4.635071e+01 5.099124e+01 4.837473e+01 5.645333e+01 5.616584e+01 6.603992e+01 7.660204e+01 2.142002e+01 4.954748e-01 8.027045e-01 1.659778e+00 1.481285e+00 2.587558e+00 2.420512e+00 2.930847e+00 2.999412e+00 2.743295e+00 2.960614e+00 2.294510e+00 2.519844e+00 3.527231e-01 1.004007e-01 1.528192e-01 2.167087e-01 2.939576e-01 3.903305e-01 4.995835e-01 5.333332e-01 5.588367e-01 5.402759e-01 4.665920e-01 5.204457e-01 4.410574e-01 7.950575e-02
<GCONST> 1.115118e+02
<MIXTURE> 4 1.173061e-01
<MEAN> 39
 -4.667715e-02 4.904581e+00 1.132880e+01 -1.153482e+01 -8.928442e+00 1.554972e+00 -3.887690e+00 -8.561028e+00 -2.349500e-01 1.872900e+00 -8.457561e+00 -4.808103e-01 5.507628e+00 -1.543023e-01 3.340756e-01 1.677310e-01 -5.369425e-01 3.840593e-01 3.748991e-01 -5.472402e-01 -7.787853e-02 4.104669e-01 -2.468618e-01 -4.050435e-01 4.425103e-01 -7.576863e-02 9.243772e-02 -1.030565e-01 -1.279382e-01 3.615901e-01 -5.775388e-02 -2.637103e-01 2.053222e-01 1.811864e-01 -2.311707e-01 -1.088694e-02 3.167102e-01 -3.501479e-02 -5.872303e-02
<VARIANCE> 39
 1.456292e+01 2.346166e+01 3.444222e+01 4.772905e+01 4.313533e+01 4.376574e+01 4.853318e+01 4.663982e+01 5.430173e+01 5.130393e+01 5.449499e+01 6.010152e+01 1.356442e+01 3.072292e-01 7.313848e-01 8.664066e-01 1.333078e+00 1.483207e+00 1.612473e+00 1.980703e+00 1.932445e+00 2.103722e+00 2.083739e+00 2.091336e+00 1.823961e+00 1.813973e-01 6.769763e-02 1.152786e-01 1.736545e-01 2.785318e-01 2.748452e-01 3.527650e-01 3.380413e-01 3.793337e-01 3.762299e-01 3.799430e-01 3.553957e-01 3.221003e-01 3.651448e-02
<GCONST> 1.011004e+02
<MIXTURE> 5 1.253622e-01
<MEAN> 39
 6.579964e-01 2.409168e+00 1.186087e+01 -4.696570e+00 -1.450934e+01 -9.676107e-01 1.417850e+00 -6.379126e+00 -6.794912e+00 5.382545e+00 -3.181324e+00 -3.822569e+00 6.310070e+00 -4.879608e-01 7.046662e-01 6.146929e-01 -1.118220e+00 -7.194626e-02 1.368579e+00 -4.223969e-01 -1.200907e+00 6.554126e-01 7.704989e-01 -1.108138e+00 -1.241133e-01 -5.249286e-03 1.728277e-01 1.085796e-02 -3.399103e-01 3.577501e-01 4.506537e-01 -4.054923e-01 -3.332269e-01 2.805822e-01 2.322157e-01 -4.938921e-01 2.480134e-02 2.890156e-01 -1.853182e-01
<VARIANCE> 39
 1.273277e+01 2.234411e+01 2.799806e+01 3.559016e+01 2.957667e+01 4.125427e+01 3.973677e+01 4.146673e+01 4.840030e+01 4.189877e+01 6.241914e+01 5.423997e+01 1.434122e+01 2.072219e-01 5.367791e-01 7.244204e-01 9.848981e-01 1.173729e+00 1.433843e+00 1.592471e+00 1.693084e+00 1.796294e+00 1.766946e+00 1.614630e+00 1.566091e+00 1.375607e-01 5.969498e-02 1.021287e-01 1.454842e-01 1.993184e-01 2.513823e-01 2.827665e-01 3.202491e-01 3.200409e-01 3.433291e-01 3.090108e-01 3.269570e-01 2.669689e-01 3.694715e-02
<GCONST> 9.468617e+01
<MIXTURE> 6 1.182312e-01
<MEAN> 39
 -1.624017e+00 -4.242838e+00 1.196289e+01 -9.677315e+00 -1.069825e+01 6.421407e-01 1.502771e+00 -5.910946e-01 -8.269577e+00 1.035400e+01 -3.470114e+00 3.832601e+00 9.551494e+00 -1.083974e-01 2.203754e-01 1.508574e-01 -2.785146e-01 -4.657615e-02 3.274996e-01 -1.280116e-01 -4.044721e-01 1.500066e-01 2.510861e-01 -3.616442e-01 9.279841e-02 -7.442524e-02 6.330542e-02 -1.314537e-03 -1.052558e-01 1.336398e-01 -2.839127e-02 -1.650635e-01 -5.038787e-02 1.511802e-02 7.160758e-02 -2.122243e-01 1.280203e-01 2.489550e-02 -4.448843e-02
<VARIANCE> 39
 1.193626e+01 2.076268e+01 3.353125e+01 2.489035e+01 3.209717e+01 4.540274e+01 5.002473e+01 4.303708e+01 3.908531e+01 4.380115e+01 8.006651e+01 8.474711e+01 1.046385e+01 2.334903e-01 5.433803e-01 6.932072e-01 9.277824e-01 1.009746e+00 1.213587e+00 1.384350e+00 1.593390e+00 1.438244e+00 1.462640e+00 1.437410e+00 1.396745e+00 1.050646e-01 4.101903e-02 8.348264e-02 1.161070e-01 1.616530e-01 1.692460e-01 2.156747e-01 2.452939e-01 2.603599e-01 2.533231e-01 2.416031e-01 2.370703e-01 2.267784e-01 1.602308e-02
<GCONST> 8.960339e+01
<MIXTURE> 7 1.018748e-01
<MEAN> 39
 1.492603e+00 -9.776651e-02 1.053971e+01 -8.296722e-01 -1.409290e+01 -5.483830e+00 1.929637e+00 -9.541782e-01 -8.933909e+00 1.354009e+00 1.636126e+00 -2.432143e+00 7.028094e+00 -8.700866e-01 6.225808e-01 1.311176e+00 -1.446546e+00 -1.297402e+00 1.826060e+00 1.000678e+00 -1.484964e+00 -6.263026e-01 1.635884e+00 -1.594373e-01 -1.039470e+00 3.095870e-01 1.457118e-01 3.278423e-01 -3.829619e-01 9.653544e-02 7.925026e-01 1.106246e-01 -6.019244e-01 -4.045419e-01 6.075618e-01 -9.769801e-03 -5.383221e-01 1.894515e-02 -3.447168e-01
<VARIANCE> 39
 1.285800e+01 2.485368e+01 3.024123e+01 3.610067e+01 3.094333e+01 4.415540e+01 3.893743e+01 4.618677e+01 4.462197e+01 4.579357e+01 5.666093e+01 5.443442e+01 1.682865e+01 3.675451e-01 7.379259e-01 1.143042e+00 1.563833e+00 1.847049e+00 2.145957e+00 2.275690e+00 2.521465e+00 2.576888e+00 2.310619e+00 2.390437e+00 1.852153e+00 2.773153e-01 8.786678e-02 1.506734e-01 2.094442e-01 2.543042e-01 3.429265e-01 4.139452e-01 4.519214e-01 4.564750e-01 4.356123e-01 4.224447e-01 3.781823e-01 3.981774e-01 6.207579e-02
<GCONST> 1.048702e+02
<MIXTURE> 8 9.912772e-02
<MEAN> 39
 7.397126e-01 3.649555e+00 1.035379e+01 -9.490996e-01 -1.180996e+01 -5.539777e+00 -2.012027e+00 -5.796724e+00 -5.607300e+00 8.446208e-01 -5.358169e-01 -7.836741e-01 5.624269e+00 4.783481e-01 -6.351734e-01 1.215214e+00 -1.285951e+00 -1.213718e+00 5.872353e-01 -1.289508e-01 -2.579896e-01 -3.483094e-01 6.243253e-01 -3.833109e-01 -1.942757e-01 7.812024e-01 -6.111634e-01 1.165830e-01 -4.421526e-01 1.956718e-01 8.003982e-01 5.220661e-01 3.429012e-01 3.007253e-01 3.861042e-01 7.272565e-02 -8.646362e-03 -1.099820e-02 -3.947003e-01
<VARIANCE> 39
 1.832017e+01 3.350636e+01 4.778663e+01 5.405735e+01 4.636361e+01 4.556823e+01 4.301087e+01 4.987419e+01 5.285078e+01 5.110051e+01 6.175706e+01 6.033675e+01 2.514355e+01 2.074729e+00 2.338957e+00 2.574392e+00 3.545925e+00 4.108480e+00 3.834804e+00 3.758093e+00 3.756213e+00 3.756936e+00 3.944151e+00 4.520542e+00 3.723522e+00 1.454059e+00 3.514573e-01 3.909679e-01 3.995871e-01 5.068595e-01 5.743248e-01 6.371510e-01 5.822620e-01 6.188092e-01 6.117194e-01 6.093284e-01 6.111665e-01 5.755330e-01 2.130778e-01
<GCONST> 1.265328e+02
<STATE> 3
<NUMMIXES> 8
<MIXTURE> 1 7.902466e-02
<MEAN> 39
 -1.323787e+00 -9.716160e-02 9.157699e+00 -8.777004e+00 -1.171681e+01 2.020562e+00 1.226995e+00 -6.472080e+00 -6.436573e-01 1.162077e+01 6.639748e+00 1.745624e+01 6.806033e+00 8.585308e-03 3.011084e-03 9.677231e-03 -1.382755e-02 3.028053e-03 1.351940e-02 -4.114896e-03 -1.069212e-02 2.154897e-02 1.065729e-02 -1.436254e-02 2.619919e-02 -1.773207e-02 -6.448782e-03 -2.346107e-02 -3.210860e-02 -1.471268e-02 -2.727003e-02 -4.279147e-02 -1.874433e-02 5.213702e-03 -1.319180e-02 -2.976425e-02 -9.656516e-03 -4.088556e-02 -6.834763e-03
<VARIANCE> 39
 1.001323e+01 1.986809e+01 2.252225e+01 2.840960e+01 3.902277e+01 4.041324e+01 4.352877e+01 4.430907e+01 5.145935e+01 5.327242e+01 6.052794e+01 3.391452e+01 1.529265e+01 7.710919e-02 2.101149e-01 3.257455e-01 4.199200e-01 4.828770e-01 4.599115e-01 5.315295e-01 5.873534e-01 5.433773e-01 5.376299e-01 5.536773e-01 5.354904e-01 2.834712e-02 1.285865e-02 3.404150e-02 5.427507e-02 7.318208e-02 8.558485e-02 8.238342e-02 9.612355e-02 1.076353e-01 1.001798e-01 9.712762e-02 1.039243e-01 1.005078e-01 4.225394e-03
<GCONST> 6.439069e+01
<MIXTURE> 2 1.015427e-01
<MEAN> 39
 -1.719261e+00 5.657500e-02 9.316884e+00 -8.563467e+00 -1.532292e+01 -1.664967e+00 -9.758033e-01 -7.697498e+00 -7.279878e+00 2.962325e+00 -5.475116e+00 -2.684808e+00 6.935112e+00 7.459181e-03 2.104890e-02 1.441389e-02 -1.457369e-02 -4.632110e-04 3.306274e-02 2.190670e-03 -1.910030e-02 1.332302e-02 2.179210e-02 -3.714967e-02 2.590488e-02 -2.927923e-02 1.249771e-01 1.652164e-01 2.166717e-01 2.920017e-01 2.863213e-01 2.574285e-01 2.953917e-01 3.006026e-01 2.476321e-01 2.092947e-01 2.171424e-01 1.734772e-01 4.080770e-02
<VARIANCE> 39
 1.090291e+01 2.052724e+01 2.778048e+01 4.461225e+01 3.572506e+01 5.042767e+01 4.745463e+01 4.741246e+01 5.434786e+01 5.629895e+01 6.990445e+01 8.415216e+01 1.333639e+01 9.328621e-02 2.263121e-01 3.519489e-01 4.802472e-01 5.909678e-01 6.991633e-01 7.723435e-01 8.165516e-01 8.064137e-01 7.821031e-01 7.302116e-01 6.854391e-01 4.295604e-02 1.248236e-02 2.961625e-02 4.664790e-02 6.576041e-02 8.664134e-02 1.017294e-01 1.126566e-01 1.227326e-01 1.257595e-01 1.304199e-01 1.279882e-01 1.210005e-01 5.464516e-03
<GCONST> 7.125066e+01
<MIXTURE> 3 1.506191e-01
<MEAN> 39
 2.004043e-01 1.311498e+00 1.096863e+01 1.298416e+00 -1.427641e+01 -5.852408e+00 1.752251e+00 -1.902012e+00 -7.814935e+00 -6.492879e-01 4.263242e+00 -2.232191e+00 8.171260e+00 -1.415825e-03 9.538951e-03 1.065908e-02 -6.204830e-03 -6.243029e-03 1.028664e-02 1.208672e-02 -6.862680e-03 -1.817156e-02 2.148187e-02 9.993757e-03 -3.209716e-02 -1.623068e-02 9.749880e-04 -6.904047e-03 -1.180637e-02 -1.420800e-02 6.092444e-03 -6.919053e-03 -2.325284e-02 -1.293547e-02 9.482995e-04 9.684375e-03 -3.691811e-02 4.365986e-03 -4.640840e-03
<VARIANCE> 39
 1.488677e+01 2.019749e+01 3.954839e+01 3.713559e+01 4.070661e+01 4.964543e+01 3.946300e+01 5.197967e+01 5.781266e+01 5.778148e+01 4.356546e+01 5.503522e+01 1.805064e+01 4.831670e-02 1.118052e-01 1.989061e-01 2.589677e-01 3.474497e-01 4.111210e-01 4.480002e-01 5.186461e-01 5.202009e-01 5.165571e-01 4.980983e-01 4.379478e-01 2.449013e-02 8.138764e-03 1.818457e-02 3.307400e-02 4.515122e-02 6.224827e-02 7.305836e-02 8.040399e-02 9.101901e-02 9.434284e-02 9.405686e-02 9.041844e-02 8.088571e-02 3.465502e-03
<GCONST> 5.962036e+01
<MIXTURE> 4 1.285556e-01
<MEAN> 39
 -2.862454e-01 4.397623e+00 1.115078e+01 -1.257567e+01 -7.903870e+00 3.334160e+00 -3.412453e+00 -7.382175e+00 -5.628355e-01 2.919073e+00 -7.201414e+00 2.314407e+00 5.429085e+00 1.893189e-02 1.955565e-02 2.037211e-02 -3.595370e-02 1.954627e-02 4.126192e-02 -2.716570e-02 -2.158239e-02 3.324210e-02 -1.165821e-02 -2.964391e-02 7.423981e-02 -5.190587e-02 -1.598283e-02 -7.615841e-02 -6.982033e-02 2.649513e-02 -1.437730e-01 -1.171477e-01 1.139812e-02 -4.923422e-02 -1.258336e-01 -1.804048e-02 3.334476e-02 -7.930089e-02 -8.783967e-03
<VARIANCE> 39
 1.003556e+01 1.830179e+01 2.394859e+01 3.309532e+01 3.729070e+01 3.969826e+01 5.079365e+01 4.320669e+01 5.336749e+01 5.782427e+01 5.973332e+01 6.378553e+01 9.697047e+00 1.046698e-01 2.793669e-01 3.942780e-01 5.640641e-01 7.149599e-01 7.884203e-01 9.345073e-01 9.398000e-01 9.477445e-01 9.316388e-01 8.817680e-01 8.431668e-01 5.253272e-02 1.601813e-02 3.999854e-02 6.076664e-02 9.578768e-02 1.062317e-01 1.304175e-01 1.518891e-01 1.581667e-01 1.581606e-01 1.611030e-01 1.521138e-01 1.364798e-01 6.983682e-03
<GCONST> 7.498968e+01
<MIXTURE> 5 1.543500e-01
<MEAN> 39
 -2.831424e-01 3.181262e+00 1.272839e+01 -6.979734e+00 -1.381729e+01 1.849383e+00 6.363145e-02 -7.615368e+00 -5.472775e+00 6.700072e+00 -5.375399e+00 -1.753560e+00 6.573431e+00 2.938065e-03 4.272464e-03 1.266886e-02 -1.002175e-02 -5.878963e-03 9.419306e-03 -5.046099e-03 -1.820908e-02 7.376863e-03 1.957592e-02 -2.942442e-02 9.944726e-03 -2.025684e-02 -6.415152e-03 -2.048073e-02 -2.789916e-02 -7.301879e-03 -2.556512e-02 -4.930366e-02 -1.906857e-02 -6.108433e-03 -2.386720e-02 -4.805539e-02 9.700899e-03 -1.522966e-02 -5.568324e-03
<VARIANCE> 39
 8.533285e+00 2.058304e+01 2.061771e+01 2.941171e+01 2.701759e+01 3.369352e+01 4.308491e+01 3.621902e+01 4.547242e+01 4.018259e+01 5.789777e+01 5.690996e+01 9.125319e+00 4.222863e-02 1.079309e-01 1.651977e-01 2.341593e-01 3.005411e-01 3.539416e-01 3.951031e-01 4.318598e-01 4.405896e-01 4.345397e-01 4.152747e-01 3.741981e-01 2.086325e-02 7.001638e-03 1.759795e-02 2.771267e-02 4.045952e-02 5.112979e-02 6.139901e-02 6.910556e-02 7.647542e-02 7.832148e-02 7.737489e-02 7.297862e-02 6.759066e-02 2.777084e-03
<GCONST> 5.209868e+01
<MIXTURE> 6 8.206966e-02
<MEAN> 39
 -1.930679e+00 3.465368e-01 9.166068e+00 -9.504431e+00 -1.111729e+01 1.923260e+00 4.931372e-01 -7.223954e+00 6.692823e-01 1.095316e+01 5.335849e+00 1.607863e+01 6.071424e+00 2.081525e-03 5.815475e-02 6.648195e-03 -1.699259e-02 -4.316287e-02 6.160324e-02 -2.980660e-02 -8.478020e-02 8.601370e-02 1.479084e-02 -3.797100e-02 2.598903e-02 -7.087573e-02 4.028862e-02 -2.575554e-02 -3.608358e-02 8.599201e-02 -8.591265e-03 -9.148759e-02 3.192968e-02 9.547221e-02 -5.699461e-02 -7.940584e-02 -4.876141e-03 -1.469943e-01 -1.468094e-02
<VARIANCE> 39
 1.098890e+01 2.225350e+01 2.602480e+01 3.579557e+01 3.782267e+01 4.554606e+01 4.981835e+01 4.558941e+01 5.819143e+01 6.130291e+01 8.180944e+01 4.750222e+01 1.587111e+01 2.210024e-01 5.283666e-01 7.510284e-01 9.627322e-01 1.126285e+00 1.191611e+00 1.421449e+00 1.402242e+00 1.519636e+00 1.572983e+00 1.731812e+00 1.513770e+00 1.257501e-01 3.976758e-02 8.492437e-02 1.309036e-01 1.723918e-01 1.986289e-01 2.206950e-01 2.405740e-01 2.581432e-01 2.545436e-01 2.709152e-01 2.839640e-01 2.499186e-01 1.773216e-02
<GCONST> 9.193596e+01
<MIXTURE> 7 5.860370e-02
<MEAN> 39
 1.760036e-01 2.084364e+00 1.002573e+01 -2.586524e+00 -1.091174e+01 -2.739834e+00 -5.411503e-01 -4.747808e+00 -5.174701e+00 1.778191e+00 -1.039980e+00 -1.696793e+00 5.550275e+00 -7.708216e-03 2.466112e-01 2.889005e-02 9.747019e-02 4.376233e-02 1.224318e-01 2.333242e-02 -2.084236e-01 -2.474055e-02 2.185915e-02 -1.201006e-01 -6.138726e-02 -2.119312e-01 5.030272e-03 3.819187e-02 -1.871576e-01 1.875119e-01 2.208831e-01 -3.877022e-02 5.454875e-02 9.231638e-02 8.308703e-02 -4.937645e-02 3.406782e-02 4.830033e-02 -1.224982e-01
<VARIANCE> 39
 2.277117e+01 3.500688e+01 5.617642e+01 6.544820e+01 6.657638e+01 5.777329e+01 6.331296e+01 6.706019e+01 7.572308e+01 7.198700e+01 8.058563e+01 7.765543e+01 3.240086e+01 7.004674e-01 1.182738e+00 1.330799e+00 1.660006e+00 2.199303e+00 2.341236e+00 2.547946e+00 2.857262e+00 2.656990e+00 2.624954e+00 2.475495e+00 2.295849e+00 7.319161e-01 1.659435e-01 2.004402e-01 2.972250e-01 3.847986e-01 5.128230e-01 4.939027e-01 5.130259e-01 5.459978e-01 5.408964e-01 5.682511e-01 5.065420e-01 4.623150e-01 1.363759e-01
<GCONST> 1.187548e+02
<MIXTURE> 8 2.452345e-01
<MEAN> 39
 -2.573281e-01 1.933186e+00 1.224366e+01 -2.097885e+00 -1.518138e+01 -2.000561e+00 2.093958e+00 -4.579776e+00 -7.667637e+00 3.619051e+00 -1.721898e-01 -4.347959e+00 7.248868e+00 -4.483487e-03 6.937155e-02 3.321383e-02 -4.872955e-02 -1.647976e-02 9.857904e-02 -2.327867e-02 -1.199223e-01 1.258264e-02 7.956546e-02 -1.021884e-01 -4.201080e-02 -6.885049e-02 -1.544276e-03 -5.570342e-02 -8.458387e-02 -2.615461e-02 -4.653922e-03 -1.075606e-01 -8.826819e-02 -1.433121e-02 -3.538258e-02 -1.026272e-01 -3.748624e-02 3.109935e-02 -1.606054e-02
<VARIANCE> 39
 1.195409e+01 1.846568e+01 3.080033e+01 3.292042e+01 3.087513e+01 4.932398e+01 4.505384e+01 4.987005e+01 5.015834e+01 5.195736e+01 6.430450e+01 4.918599e+01 1.278303e+01 1.360359e-01 3.085908e-01 4.806876e-01 6.314893e-01 7.842310e-01 9.857158e-01 1.062986e+00 1.184200e+00 1.143488e+00 1.175768e+00 1.115826e+00 1.001251e+00 8.261862e-02 2.182507e-02 4.414755e-02 7.270668e-02 1.001824e-01 1.334127e-01 1.621580e-01 1.753663e-01 1.972943e-01 1.946500e-01 1.965917e-01 1.839810e-01 1.673209e-01 1.115590e-02
<GCONST> 8.073353e+01
<STATE> 4
<NUMMIXES> 8
<MIXTURE> 1 5.334011e-02
<MEAN> 39
 -2.711770e+00 -4.329232e+00 7.695473e+00 -5.176870e+00 -1.074775e+01 1.805503e-01 4.400974e+00 5.473440e-01 2.907089e+00 1.814397e+01 1.365611e+01 1.314596e+01 9.344277e+00 8.031159e-02 -1.471334e-01 -2.434694e-01 2.092964e-01 8.099052e-02 -2.456066e-01 8.636606e-02 2.837639e-01 -7.147088e-02 -2.367627e-01 1.193764e-01 3.436519e-02 -5.262075e-02 7.875806e-02 1.628744e-03 -1.067833e-01 7.167116e-02 7.227085e-02 -1.324112e-01 -9.487700e-02 7.724316e-02 1.862602e-02 -1.933117e-01 -8.545471e-02 -1.107141e-02 -4.493247e-02
<VARIANCE> 39
 1.511679e+01 2.527631e+01 2.938832e+01 3.910363e+01 4.001273e+01 5.138655e+01 4.530210e+01 5.609724e+01 1.013971e+02 9.741202e+01 7.875676e+01 8.575131e+01 1.828930e+01 3.092858e-01 7.242856e-01 8.933521e-01 1.162222e+00 1.302792e+00 1.461400e+00 1.655366e+00 1.684292e+00 2.200550e+00 2.278409e+00 2.093688e+00 2.090986e+00 1.556980e-01 5.584712e-02 1.108267e-01 1.630828e-01 1.988163e-01 2.283462e-01 2.709947e-01 2.939539e-01 2.814150e-01 3.570836e-01 3.736461e-01 3.435596e-01 3.375921e-01 2.697788e-02
<GCONST> 1.009306e+02
<MIXTURE> 2 1.676406e-01
<MEAN> 39
 1.039043e+00 6.129149e+00 1.319658e+01 -5.720658e+00 -1.426130e+01 1.566634e+00 -8.742805e-01 -1.025735e+01 -4.270544e+00 5.663867e+00 -8.073607e+00 -3.504539e+00 2.921849e+00 1.135923e-01 5.908008e-03 -1.149171e-01 2.611819e-01 -4.378731e-02 -1.724667e-01 2.215802e-01 4.306273e-02 -1.375948e-01 -3.612731e-02 1.315165e-01 -5.616488e-02 -1.607043e-01 4.085022e-02 -1.469656e-02 -1.061004e-01 1.646401e-01 1.275985e-01 -1.568137e-01 2.037593e-02 1.671172e-01 -2.870204e-02 -1.951048e-01 1.632060e-01 6.783558e-02 -4.461885e-02
<VARIANCE> 39
 8.892672e+00 1.691063e+01 2.615080e+01 3.630503e+01 3.225302e+01 3.806894e+01 4.561647e+01 3.895675e+01 4.559685e+01 4.316476e+01 6.352987e+01 4.868732e+01 1.094607e+01 1.871103e-01 5.354415e-01 6.797667e-01 9.151776e-01 1.112244e+00 1.325840e+00 1.507309e+00 1.614519e+00 1.643657e+00 1.632337e+00 1.657678e+00 1.390986e+00 2.024353e-01 3.198373e-02 7.717291e-02 1.110566e-01 1.578468e-01 1.848422e-01 2.468752e-01 2.464913e-01 2.835170e-01 2.701923e-01 2.832328e-01 2.681452e-01 2.334189e-01 2.493436e-02
<GCONST> 9.005528e+01
<MIXTURE> 3 1.915810e-01
<MEAN> 39
 1.938275e+00 7.554668e+00 1.381603e+01 3.338654e+00 -1.092344e+01 -3.403147e+00 1.632376e+00 -6.474487e+00 -8.789441e+00 2.740361e+00 1.368031e+00 -1.762675e+00 8.487481e-01 1.242471e-02 2.176236e-02 -8.422373e-03 1.657264e-02 4.100374e-02 3.196039e-02 -7.851152e-03 -2.967387e-03 -1.351348e-02 4.938401e-03 -1.415187e-02 -1.186853e-02 -7.148751e-02 -2.453965e-03 -1.180809e-02 -1.241727e-02 -1.959630e-02 5.780985e-03 1.619663e-02 -3.611590e-02 -7.377937e-04 4.861449e-02 -2.081864e-02 -3.810343e-02 3.696520e-03 4.857311e-04
<VARIANCE> 39
 8.238452e+00 1.624603e+01 3.042190e+01 2.976160e+01 3.686650e+01 3.799873e+01 3.421014e+01 3.818297e+01 3.493499e+01 4.755317e+01 3.861581e+01 4.291053e+01 1.139876e+01 6.579155e-02 1.753334e-01 3.038921e-01 4.133000e-01 5.692973e-01 6.559215e-01 7.266493e-01 8.247082e-01 8.218678e-01 8.177729e-01 7.839689e-01 7.123737e-01 5.924351e-02 1.129978e-02 3.025897e-02 5.447467e-02 7.487699e-02 1.030115e-01 1.207275e-01 1.367602e-01 1.556554e-01 1.529009e-01 1.573101e-01 1.465154e-01 1.359627e-01 7.687646e-03
<GCONST> 6.899227e+01
<MIXTURE> 4 2.453623e-01
<MEAN> 39
 2.564609e+00 8.981701e+00 1.198886e+01 -5.263122e+00 -1.257901e+01 2.578130e+00 -3.508793e+00 -1.005975e+01 -5.419340e-01 3.133654e+00 -8.313761e+00 -2.830553e+00 4.963449e-01 9.214540e-03 1.246660e-02 4.606468e-03 4.931894e-03 8.126665e-03 1.341295e-02 -8.237640e-03 -1.944366e-02 6.693400e-04 -1.072984e-02 -1.773688e-02 5.439798e-03 -4.441155e-02 -2.327205e-03 -8.831262e-03 -6.050833e-03 2.226117e-02 -8.406203e-05 -3.775886e-02 2.094332e-02 1.581756e-02 -3.860831e-02 -1.233215e-02 3.257962e-02 -6.345334e-03 -1.873721e-03
<VARIANCE> 39
 6.666257e+00 1.550482e+01 2.418717e+01 2.795961e+01 3.670053e+01 3.162144e+01 4.271979e+01 3.911137e+01 3.917522e+01 4.331755e+01 4.869291e+01 4.405408e+01 9.071626e+00 5.024868e-02 1.531803e-01 2.491261e-01 3.610232e-01 4.767309e-01 5.775345e-01 6.577503e-01 7.104260e-01 7.261783e-01 7.350824e-01 7.123317e-01 6.443953e-01 3.358695e-02 9.145317e-03 2.782264e-02 4.614632e-02 6.680363e-02 8.977595e-02 1.099631e-01 1.234593e-01 1.355649e-01 1.383442e-01 1.392672e-01 1.350723e-01 1.241757e-01 4.761172e-03
<GCONST> 6.434509e+01
<MIXTURE> 5 1.729183e-01
<MEAN> 39
 2.083372e+00 1.017029e+01 1.181694e+01 -4.253181e+00 -9.642141e+00 1.757385e+00 -5.746310e+00 -1.032657e+01 -5.440182e-01 -1.007882e-01 -6.980060e+00 -1.506049e+00 -1.299438e+00 -1.632366e-02 1.632694e-02 -2.889624e-02 9.587830e-02 9.312754e-02 1.166804e-02 -2.238137e-02 -7.106404e-02 -7.223596e-03 -5.415221e-02 4.655235e-03 -1.670912e-02 -1.463257e-01 -1.418696e-02 -7.364582e-02 7.533390e-03 2.109683e-02 -6.535725e-02 -1.896887e-02 1.163172e-01 4.750794e-03 -9.293315e-02 9.435205e-02 3.679297e-02 -5.328131e-02 2.993858e-02
<VARIANCE> 39
 8.265181e+00 1.959540e+01 2.882150e+01 4.414231e+01 4.062250e+01 4.042970e+01 4.380315e+01 4.693467e+01 4.501502e+01 4.378283e+01 5.084951e+01 5.336554e+01 1.610502e+01 1.571011e-01 3.739497e-01 5.670345e-01 8.477386e-01 1.064009e+00 1.163965e+00 1.302353e+00 1.347750e+00 1.385077e+00 1.492709e+00 1.405835e+00 1.263076e+00 1.418358e-01 2.695379e-02 6.465315e-02 1.046502e-01 1.527376e-01 1.893024e-01 2.180128e-01 2.407350e-01 2.592523e-01 2.649917e-01 2.699680e-01 2.635519e-01 2.341988e-01 1.873245e-02
<GCONST> 8.792353e+01
<MIXTURE> 6 5.377781e-02
<MEAN> 39
 8.171976e-01 3.409132e+00 1.060569e+01 -6.108866e+00 -9.000187e+00 -1.460340e+00 -2.362293e+00 -7.038646e+00 -2.859396e+00 2.911509e+00 -4.066517e+00 1.009584e+00 3.729182e+00 1.094923e-01 3.863660e-01 -4.391705e-01 9.092520e-01 1.861727e-01 -2.089132e-01 2.911320e-01 -1.652590e-01 -6.855302e-02 -3.447785e-01 1.152671e-01 -4.578476e-01 -6.459072e-01 -2.805790e-02 7.723098e-02 -2.814376e-01 3.437160e-01 2.295933e-01 -2.500154e-02 1.110867e-01 1.762104e-01 6.983059e-02 -1.664644e-01 1.189549e-01 -1.207774e-01 -1.986085e-01
<VARIANCE> 39
 2.348918e+01 3.361712e+01 5.784645e+01 7.814393e+01 6.012041e+01 5.645098e+01 5.895097e+01 6.958980e+01 7.598295e+01 7.280674e+01 8.400029e+01 8.697961e+01 2.677158e+01 1.301696e+00 2.021322e+00 1.943103e+00 2.713314e+00 3.294304e+00 3.028565e+00 3.256901e+00 3.422499e+00 3.347177e+00 3.626232e+00 3.527753e+00 3.299968e+00 1.375463e+00 2.193476e-01 2.861952e-01 3.601018e-01 4.910616e-01 5.648025e-01 5.509317e-01 5.549121e-01 6.265661e-01 6.249261e-01 6.602109e-01 5.852354e-01 5.575849e-01 1.882207e-01
<GCONST> 1.262274e+02
<MIXTURE> 7 7.880297e-02
<MEAN> 39
 1.060584e+00 2.472122e+00 1.166034e+01 2.329876e+00 -1.339040e+01 -5.930063e+00 1.798886e+00 -2.132120e+00 -9.037174e+00 -3.422298e-01 3.605343e+00 -2.579341e+00 4.803046e+00 1.962982e-01 -7.526345e-02 -3.908588e-01 3.275183e-01 3.250051e-01 -3.823973e-01 -8.524948e-02 4.334318e-01 1.758736e-01 -2.961994e-01 -8.477675e-02 2.820228e-01 -1.528731e-01 5.951316e-02 3.428075e-02 -1.538211e-01 5.618867e-02 2.712395e-01 -1.683571e-02 -1.621419e-01 7.493464e-03 2.094926e-01 -2.201641e-02 -2.184455e-01 9.735756e-02 -7.986860e-02
<VARIANCE> 39
 1.251520e+01 2.235303e+01 4.335093e+01 4.206301e+01 4.265629e+01 4.736425e+01 3.846954e+01 4.564957e+01 5.151986e+01 4.847049e+01 4.324421e+01 5.510930e+01 2.550612e+01 1.810690e-01 4.486649e-01 6.218020e-01 7.489104e-01 9.773250e-01 1.159894e+00 1.243304e+00 1.472048e+00 1.477811e+00 1.411292e+00 1.347149e+00 1.179126e+00 1.909067e-01 3.741016e-02 7.193434e-02 1.151510e-01 1.387436e-01 2.069471e-01 2.227468e-01 2.464477e-01 2.590675e-01 2.609107e-01 2.530245e-01 2.324026e-01 2.217860e-01 3.079493e-02
<GCONST> 9.069028e+01
<MIXTURE> 8 3.657700e-02
<MEAN> 39
 -1.749813e+00 -1.847569e+00 6.938126e+00 -6.696967e+00 -1.073250e+01 3.194657e+00 4.140523e+00 1.498978e+00 1.047906e+01 2.563466e+01 1.588413e+01 1.083381e+01 8.368599e+00 1.599070e-02 -1.161052e-02 -6.778484e-03 5.769086e-03 8.977282e-03 1.214335e-02 1.919876e-02 2.706067e-02 2.991391e-02 1.520343e-02 -1.990149e-02 -2.867692e-02 -2.126097e-02 1.034652e-03 -2.037183e-02 -1.910369e-02 9.867058e-03 -1.281233e-02 -3.357719e-02 6.405944e-03 9.148827e-03 -3.371714e-02 -4.345164e-02 2.826852e-03 1.851205e-02 -4.866305e-03
<VARIANCE> 39
 1.397945e+01 2.495044e+01 2.584171e+01 3.310769e+01 2.780149e+01 4.994295e+01 4.421006e+01 6.245067e+01 8.318415e+01 4.348951e+01 5.263651e+01 1.163625e+02 1.642291e+01 1.114676e-01 2.661838e-01 4.216022e-01 5.010892e-01 5.046853e-01 5.240166e-01 6.483684e-01 7.306239e-01 7.770962e-01 7.209406e-01 7.432168e-01 8.273301e-01 4.173051e-02 2.003901e-02 4.729572e-02 7.440232e-02 9.117614e-02 9.430280e-02 1.009494e-01 1.233750e-01 1.370152e-01 1.389004e-01 1.357167e-01 1.366722e-01 1.407171e-01 6.405294e-03
<GCONST> 7.410122e+01
<STATE> 5
<NUMMIXES> 8
<MIXTURE> 1 8.051582e-02
<MEAN> 39
 -6.154869e-01 -3.316245e+00 6.125926e+00 -5.003546e+00 -1.018634e+01 -3.793807e+00 2.582664e+00 4.085080e-01 -7.114440e-02 9.325614e+00 8.185756e+00 1.061587e+01 7.429481e+00 4.659256e-01 -1.432894e-01 -1.255822e+00 7.739899e-01 7.821813e-01 -8.578458e-01 -4.510184e-01 5.593137e-01 2.724944e-01 -1.320638e+00 -3.628976e-01 -2.612355e-01 -4.861357e-01 -6.402071e-03 2.624501e-01 -7.478756e-02 1.083971e-01 2.680709e-01 1.873584e-01 -2.312074e-01 -2.950762e-01 3.207529e-02 -2.012667e-01 -3.904606e-01 -3.669923e-01 -2.556037e-01
<VARIANCE> 39
 1.599985e+01 2.629312e+01 3.400101e+01 3.735074e+01 4.397747e+01 5.706059e+01 5.884447e+01 7.388940e+01 8.408798e+01 9.797467e+01 9.374773e+01 1.096808e+02 2.557645e+01 9.673700e-01 1.768910e+00 1.836795e+00 2.302379e+00 2.889136e+00 3.548336e+00 4.124400e+00 4.040385e+00 4.133360e+00 4.281604e+00 4.251683e+00 4.332632e+00 1.073245e+00 1.531715e-01 2.197284e-01 2.774050e-01 3.281420e-01 4.022468e-01 5.037109e-01 6.181868e-01 6.285312e-01 6.555272e-01 7.093447e-01 6.175846e-01 6.572506e-01 1.368760e-01
<GCONST> 1.235590e+02
<MIXTURE> 2 1.548850e-01
<MEAN> 39
 -6.625479e-01 6.873160e+00 7.555017e+00 4.687266e+00 -3.854946e+00 -3.794991e+00 6.033488e-02 -5.467676e+00 -4.814058e+00 -1.206906e+00 -1.712188e+00 -2.397006e+00 -2.467020e+00 -1.367590e+00 3.010533e-01 -1.304574e+00 8.343415e-01 1.965282e+00 7.340701e-01 5.142186e-01 4.369825e-01 8.569977e-01 -1.136711e-01 2.061766e-01 4.609580e-02 -1.109399e+00 -2.094731e-01 -3.711635e-01 -1.089785e-01 -4.270719e-01 -3.069013e-01 1.262888e-01 1.772314e-02 1.984720e-01 1.133252e-01 3.014104e-01 1.263351e-01 1.565170e-01 3.311678e-01
<VARIANCE> 39
 3.073464e+01 3.331431e+01 4.392376e+01 3.285754e+01 4.769410e+01 4.552501e+01 4.059232e+01 4.528138e+01 4.707011e+01 4.160996e+01 4.386577e+01 4.426423e+01 4.023797e+01 2.578254e+00 3.695730e+00 2.819036e+00 3.428159e+00 4.043379e+00 3.813838e+00 3.455467e+00 3.977891e+00 3.515466e+00 3.736397e+00 3.654734e+00 3.464887e+00 3.202486e+00 3.540269e-01 4.057899e-01 4.484399e-01 4.227637e-01 5.983549e-01 6.533762e-01 6.075743e-01 6.131755e-01 6.190681e-01 6.505614e-01 5.825875e-01 5.144622e-01 3.550660e-01
<GCONST> 1.274063e+02
<MIXTURE> 3 1.590336e-01
<MEAN> 39
 1.481292e+00 5.155014e+00 7.976191e+00 2.290008e+00 -6.433663e+00 -3.793808e+00 -3.633016e-01 -5.042198e+00 -5.697821e+00 -2.226844e-01 -1.128647e+00 -1.893697e+00 -1.016815e+00 -1.188219e-01 1.030582e-01 -3.996153e-01 4.800993e-01 9.695256e-01 1.486598e-01 1.775001e-01 1.764628e-01 1.197761e-01 -2.048536e-01 -7.454650e-02 5.702793e-02 -6.374166e-01 -8.448299e-02 -7.233798e-02 -6.817284e-03 -8.029988e-02 -1.169776e-03 9.751984e-02 3.043726e-02 6.748579e-02 7.455817e-02 2.994654e-02 -5.411272e-03 2.506131e-02 3.880997e-02
<VARIANCE> 39
 1.770415e+01 2.258853e+01 3.394188e+01 3.402272e+01 4.105874e+01 4.390772e+01 4.119587e+01 4.186145e+01 4.871880e+01 4.430677e+01 4.209390e+01 4.229741e+01 2.492473e+01 4.547960e-01 7.712806e-01 8.987851e-01 1.195384e+00 1.773321e+00 1.833353e+00 1.865340e+00 2.024794e+00 1.967375e+00 2.062997e+00 1.880244e+00 1.677920e+00 4.782559e-01 5.864965e-02 9.718173e-02 1.402929e-01 1.815447e-01 2.550462e-01 2.880088e-01 3.078057e-01 3.276611e-01 3.406883e-01 3.414065e-01 2.996980e-01 2.835660e-01 4.785663e-02
<GCONST> 9.999283e+01
<MIXTURE> 4 1.280993e-01
<MEAN> 39
 5.321906e-01 1.919149e+00 1.137701e+01 -5.080827e+00 -1.441532e+01 -9.567696e-01 2.431074e+00 -5.563633e+00 -7.078438e+00 5.463128e+00 -2.905215e+00 -2.721900e+00 5.949928e+00 5.403726e-01 -7.187533e-01 -1.046662e+00 1.271912e+00 4.405591e-01 -1.504769e+00 3.384938e-01 1.598857e+00 -3.644078e-01 -1.217755e+00 8.291896e-01 3.640918e-01 -1.086943e-01 1.324372e-01 5.889431e-02 -3.211803e-01 2.345921e-01 5.628555e-01 -1.828185e-01 -4.218932e-01 1.548009e-01 3.567947e-01 -4.391763e-01 -1.695866e-01 2.109569e-01 -1.675519e-01
<VARIANCE> 39
 1.218223e+01 2.342458e+01 2.797579e+01 3.951364e+01 3.285994e+01 4.365346e+01 4.265948e+01 4.868256e+01 5.309676e+01 4.766733e+01 6.595645e+01 6.348860e+01 1.630230e+01 2.832233e-01 7.107142e-01 9.085497e-01 1.302440e+00 1.518505e+00 1.934072e+00 2.165613e+00 2.267678e+00 2.306917e+00 2.201761e+00 1.946666e+00 1.908805e+00 3.307024e-01 5.375094e-02 1.167708e-01 1.628671e-01 2.018015e-01 2.639313e-01 3.253668e-01 3.727221e-01 3.938177e-01 3.844184e-01 3.395467e-01 3.521002e-01 2.990133e-01 5.045961e-02
<GCONST> 1.011452e+02
<MIXTURE> 5 7.578601e-02
<MEAN> 39
 5.240427e+00 -8.433612e-01 2.268480e+00 1.333417e+00 -3.811541e+00 -7.774626e+00 -7.268384e+00 -4.706965e-01 -1.201109e-01 6.623620e-01 -3.458521e+00 2.422547e-01 4.561037e+00 8.238639e-01 7.333595e-01 -1.495477e+00 -1.952155e-01 2.178725e+00 1.189857e+00 -1.163368e+00 -1.965590e+00 5.532171e-01 7.842764e-01 -2.535375e-01 -1.039552e+00 -1.015776e+00 -1.925726e-01 2.987555e-01 3.886370e-01 -3.461040e-01 -4.268457e-01 5.118202e-01 7.504994e-01 -3.972208e-01 -6.706811e-01 1.417380e-01 4.597477e-01 -6.760301e-02 -9.205796e-02
<VARIANCE> 39
 1.392945e+01 2.580399e+01 3.365552e+01 3.899445e+01 4.010352e+01 4.303798e+01 4.503882e+01 5.707925e+01 5.869430e+01 6.447385e+01 7.678580e+01 8.685952e+01 1.949774e+01 6.175467e-01 1.077851e+00 2.003830e+00 2.296378e+00 2.615038e+00 3.219248e+00 3.742859e+00 3.360165e+00 4.140110e+00 3.501595e+00 3.559867e+00 2.766244e+00 6.613579e-01 8.411771e-02 1.388127e-01 2.356867e-01 2.977320e-01 3.874560e-01 4.962802e-01 4.910783e-01 7.216360e-01 5.325090e-01 6.867727e-01 5.135282e-01 5.347296e-01 6.062219e-02
<GCONST> 1.154958e+02
<MIXTURE> 6 1.216189e-01
<MEAN> 39
 1.684463e+00 7.453213e+00 1.066080e+01 -3.161036e+00 -1.143799e+01 -3.005376e-01 -2.120554e+00 -1.089575e+01 -3.264511e+00 1.488714e+00 -6.012108e+00 -1.983601e+00 -9.617601e-01 -2.977586e-01 3.211329e-01 -6.292630e-01 1.636969e+00 1.258688e+00 -2.127959e-01 4.513963e-01 1.396130e-01 -8.847333e-02 -8.585045e-01 5.130883e-01 -6.154870e-01 -1.370234e+00 -2.927426e-01 -2.371580e-01 -1.735244e-01 1.547006e-01 4.200082e-01 2.965487e-02 1.372692e-01 3.664186e-01 7.684898e-02 3.416143e-02 2.010690e-01 1.000213e-01 -3.284950e-02
<VARIANCE> 39
 1.090496e+01 2.063416e+01 2.630381e+01 3.406472e+01 3.107447e+01 3.724453e+01 4.145855e+01 3.680744e+01 4.976476e+01 4.605372e+01 5.574317e+01 5.955491e+01 2.107637e+01 1.061286e+00 1.589312e+00 1.611851e+00 2.320164e+00 2.845102e+00 2.831374e+00 2.809829e+00 3.042540e+00 3.032739e+00 3.249603e+00 3.177684e+00 3.103465e+00 1.229106e+00 1.319576e-01 2.091212e-01 2.448309e-01 3.107999e-01 3.653611e-01 4.084110e-01 4.308817e-01 4.541344e-01 4.924556e-01 5.130688e-01 4.818018e-01 4.745625e-01 1.642158e-01
<GCONST> 1.136681e+02
<MIXTURE> 7 1.595279e-01
<MEAN> 39
 1.772286e+00 -2.145366e+00 3.274658e+00 -1.177942e+00 -8.301280e+00 -6.148053e+00 1.584556e+00 4.144823e+00 -2.057699e+00 -1.776875e+00 6.110730e-02 2.359190e+00 7.562849e+00 2.819459e-01 -2.099170e-01 -9.532175e-01 2.245538e-01 1.085037e+00 -1.745231e-01 -6.835097e-01 4.856379e-01 8.161729e-01 -5.224084e-01 -5.878755e-01 1.730945e-01 -8.909526e-02 1.267888e-02 8.949720e-02 1.279634e-02 -5.298259e-02 9.271305e-02 1.322732e-01 -1.811153e-01 -3.124979e-01 4.464198e-02 1.948083e-01 -8.147468e-02 -1.530487e-01 -7.152655e-02
<VARIANCE> 39
 1.445063e+01 2.324939e+01 2.786402e+01 3.588391e+01 4.449765e+01 5.257985e+01 5.577757e+01 5.312891e+01 6.284663e+01 5.483887e+01 6.598650e+01 7.556229e+01 2.081932e+01 2.012391e-01 5.069416e-01 9.493754e-01 9.232455e-01 1.488421e+00 1.518899e+00 1.995359e+00 2.051298e+00 2.191471e+00 2.208928e+00 1.864904e+00 1.648715e+00 1.567830e-01 2.785232e-02 6.753648e-02 1.152251e-01 1.459062e-01 1.995254e-01 2.459300e-01 2.832780e-01 3.200303e-01 3.144248e-01 3.175917e-01 3.004248e-01 2.700526e-01 1.862669e-02
<GCONST> 9.593144e+01
<MIXTURE> 8 1.205333e-01
<MEAN> 39
 2.382638e+00 1.093978e+00 9.345964e+00 1.752200e+00 -1.277239e+01 -8.244605e+00 1.646371e-01 -1.122000e+00 -8.446819e+00 -1.088724e+00 -1.469556e-01 -1.404917e+00 5.127641e+00 6.248552e-01 4.399529e-01 -1.322064e+00 1.429592e+00 2.129202e+00 -7.778134e-01 -1.043887e+00 2.781368e-01 9.990152e-01 -1.151830e+00 -6.921021e-01 2.599207e-01 -1.128888e+00 -1.481643e-01 3.808054e-01 -5.214188e-02 -1.666112e-01 5.396597e-01 6.460395e-01 -9.820098e-02 -5.539188e-01 3.149856e-01 3.335331e-01 -2.465503e-01 -2.267322e-01 -3.154121e-01
<VARIANCE> 39
 1.304803e+01 2.420174e+01 3.430032e+01 3.898583e+01 3.378815e+01 4.001649e+01 3.869356e+01 4.512280e+01 4.882205e+01 4.882530e+01 5.731673e+01 5.164283e+01 1.922346e+01 9.767263e-01 1.597861e+00 1.838025e+00 1.939077e+00 2.606072e+00 3.139977e+00 3.470224e+00 3.559113e+00 3.401675e+00 3.292311e+00 3.079971e+00 2.801313e+00 8.758808e-01 1.575157e-01 1.978111e-01 2.600012e-01 3.144454e-01 3.754027e-01 4.544212e-01 4.965640e-01 5.592297e-01 5.197188e-01 4.978049e-01 4.610001e-01 4.255058e-01 1.065891e-01
<GCONST> 1.145587e+02
<TRANSP> 6
 0.000000e+00 1.000000e+00 0.000000e+00 0.000000e+00 0.000000e+00 0.000000e+00
 0.000000e+00 7.754300e-01 2.245700e-01 0.000000e+00 0.000000e+00 0.000000e+00
 0.000000e+00 0.000000e+00 9.213189e-01 7.868111e-02 0.000000e+00 0.000000e+00
 0.000000e+00 0.000000e+00 0.000000e+00 8.844439e-01 1.155561e-01 0.000000e+00
 0.000000e+00 0.000000e+00 0.000000e+00 0.000000e+00 7.725452e-01 2.274548e-01
 0.000000e+00 0.000000e+00 0.000000e+00 0.000000e+00 0.000000e+00 0.000000e+00
<ENDHMM>
