~o
<STREAMINFO> 1 39
<VECSIZE> 39<NULLD><MFCC_D_A_Z_0><DIAGC>
~h "jh"
<BEGINHMM>
<NUMSTATES> 5
<STATE> 2
<NUMMIXES> 8
<MIXTURE> 1 1.464481e-01
<MEAN> 39
 -2.063675e+01 8.188692e+00 9.110144e+00 1.881951e-01 4.675251e+00 5.826078e+00 2.856164e+00 2.074436e+00 3.286781e+00 8.339347e-01 4.197546e+00 -1.641004e-01 3.000712e+00 -1.196288e-01 -4.876658e-01 1.595232e-01 1.257510e-01 -3.409640e-01 -2.244497e-02 3.706322e-01 9.422390e-02 1.610291e-01 -2.975360e-02 1.037196e-01 1.181152e-01 2.576406e-01 7.283301e-01 -8.788165e-02 -8.908077e-02 5.325536e-02 -2.242866e-01 -3.972678e-01 -2.528609e-01 -2.068239e-01 -2.267025e-01 -1.134017e-01 -1.731670e-01 -5.307590e-02 -1.739366e-01
<VARIANCE> 39
 1.574067e+01 3.747861e+01 3.347238e+01 2.458647e+01 3.464509e+01 3.083589e+01 3.089581e+01 3.568347e+01 2.814161e+01 2.771234e+01 2.487569e+01 3.282969e+01 1.856372e+01 8.917042e-01 8.384449e-01 1.123321e+00 1.187480e+00 1.274265e+00 1.538245e+00 1.585196e+00 1.671730e+00 1.629663e+00 1.453042e+00 1.336064e+00 1.350902e+00 6.416863e-01 3.292059e-01 1.999647e-01 2.359805e-01 2.483755e-01 2.615972e-01 3.370743e-01 3.294093e-01 3.417202e-01 2.934352e-01 3.000376e-01 3.005208e-01 2.785778e-01 9.609752e-02
<GCONST> 1.002658e+02
<MIXTURE> 2 1.592620e-01
<MEAN> 39
 -1.986401e+01 1.049310e+01 5.002621e+00 8.369370e-01 6.883208e+00 4.900190e+00 3.640241e+00 2.326464e+00 3.398524e+00 2.887601e+00 3.654228e+00 -1.266935e+00 2.705656e+00 -8.226534e-01 4.804422e-01 7.136903e-01 -3.157245e-01 -7.645277e-01 -6.409332e-02 3.208251e-01 2.448999e-01 1.291439e-01 2.461798e-01 8.512301e-01 4.514328e-01 1.478764e+00 1.950644e+00 -4.206404e-01 1.847746e-01 -4.889814e-04 -1.225251e+00 -1.182533e+00 -7.282384e-01 -6.418051e-01 -6.618354e-01 -5.521320e-01 -3.178996e-01 2.364506e-02 -2.757456e-01
<VARIANCE> 39
 1.536424e+01 2.748742e+01 3.637818e+01 3.025423e+01 3.010933e+01 3.602932e+01 3.570730e+01 3.599683e+01 3.525017e+01 3.266050e+01 3.002862e+01 3.478550e+01 1.731347e+01 3.501906e+00 2.693889e+00 2.408937e+00 1.878177e+00 2.711588e+00 2.734061e+00 2.648923e+00 2.788014e+00 2.797055e+00 2.644089e+00 2.171242e+00 1.953200e+00 1.832138e+00 4.959594e-01 4.966061e-01 4.697438e-01 4.867323e-01 5.397166e-01 4.720903e-01 5.166132e-01 5.824361e-01 5.729623e-01 6.079164e-01 6.545398e-01 5.949831e-01 2.551352e-01
<GCONST> 1.187250e+02
<MIXTURE> 3 1.274931e-01
<MEAN> 39
 -1.312365e+01 1.530812e+01 6.527516e+00 9.340611e-01 1.824445e+00 -2.944724e+00 -2.140263e+00 -5.265371e+00 -4.345842e+00 -4.835267e+00 -2.216371e+00 -5.642229e+00 3.684044e+00 -4.630974e-01 -9.025666e-02 4.310428e-01 -5.331924e-01 -1.331556e+00 -8.265345e-01 -1.298795e-01 2.166088e-01 1.125959e-01 2.271219e-01 1.175782e+00 9.245284e-01 1.197679e+00 1.580870e+00 -1.140317e+00 1.673454e-02 -1.440325e-01 -9.078976e-01 -3.769410e-01 -3.225073e-02 2.703183e-01 1.889544e-01 1.715211e-01 1.119665e-01 3.252536e-01 -9.343822e-02
<VARIANCE> 39
 1.787288e+01 2.716465e+01 3.632973e+01 2.680032e+01 4.401238e+01 4.133491e+01 4.410100e+01 3.550508e+01 3.949207e+01 3.376563e+01 3.787281e+01 4.898962e+01 1.482152e+01 4.235464e+00 2.771065e+00 2.058093e+00 1.614054e+00 3.660834e+00 2.867833e+00 2.389244e+00 2.583113e+00 2.337939e+00 2.559431e+00 2.489004e+00 2.338680e+00 9.043297e-01 4.100997e-01 3.999984e-01 4.468473e-01 3.814650e-01 5.212392e-01 5.816160e-01 5.199347e-01 4.918343e-01 5.824611e-01 5.946729e-01 6.627604e-01 5.804772e-01 1.288476e-01
<GCONST> 1.181090e+02
<MIXTURE> 4 8.050499e-02
<MEAN> 39
 -4.926563e-01 -4.241596e-01 1.826184e+00 -2.030293e+00 -1.198671e+00 -6.849374e-01 5.205109e-02 -1.055053e-01 1.504650e-01 -3.684832e-01 7.234917e-01 2.175095e+00 3.944420e+00 -1.629595e-01 3.060076e-02 1.586415e-01 1.731285e-01 1.336391e-01 7.232686e-02 2.459795e-01 1.097925e-01 4.404077e-02 -6.528609e-02 -1.045098e-01 -5.771706e-02 6.630526e-02 9.615099e-02 -2.448457e-02 -7.334866e-02 7.999422e-02 -4.401078e-02 -1.241002e-01 -5.679532e-02 2.372148e-03 -4.904883e-02 -1.353262e-02 -6.235626e-02 -9.135749e-02 -7.311507e-02
<VARIANCE> 39
 2.961467e+01 3.969382e+01 5.243180e+01 4.800045e+01 6.551153e+01 5.333345e+01 5.647393e+01 6.602584e+01 6.275811e+01 6.888411e+01 8.134293e+01 8.087558e+01 3.516786e+01 4.840313e-01 7.515063e-01 1.058854e+00 1.212326e+00 1.609452e+00 1.878096e+00 1.927990e+00 2.328572e+00 2.245955e+00 2.238249e+00 1.951754e+00 1.696938e+00 3.773715e-01 7.353875e-02 1.362902e-01 1.750496e-01 2.428581e-01 2.783687e-01 3.162918e-01 3.941446e-01 4.103686e-01 3.685457e-01 4.085082e-01 3.550101e-01 3.632258e-01 7.491574e-02
<GCONST> 1.088220e+02
<MIXTURE> 5 1.030010e-01
<MEAN> 39
 -1.134400e+01 9.893381e+00 9.242587e+00 2.755610e+00 5.802174e+00 2.557214e+00 -1.635922e+00 -2.614981e+00 -2.289790e+00 -3.327330e+00 -1.586764e+00 -3.662321e+00 -6.435600e-01 -4.486627e+00 3.481126e-01 -4.138891e-01 -8.948198e-01 1.074777e+00 1.355571e+00 6.671700e-01 1.028269e+00 1.163767e+00 7.333137e-01 1.332441e+00 5.139987e-01 2.110333e+00 7.199915e-01 -1.487557e-01 -1.158134e-01 -8.249654e-02 -8.366634e-01 -4.960232e-01 1.158935e-01 8.241139e-02 1.655659e-02 1.697888e-01 1.616487e-01 2.258194e-01 6.208961e-02
<VARIANCE> 39
 3.200464e+01 3.369286e+01 4.165356e+01 2.608638e+01 3.638224e+01 3.788872e+01 3.439550e+01 4.114581e+01 3.136718e+01 3.249392e+01 3.361718e+01 4.510356e+01 2.023696e+01 2.320447e+00 3.262130e+00 3.033829e+00 2.237160e+00 2.784799e+00 2.803381e+00 3.072302e+00 2.764215e+00 2.596210e+00 3.366217e+00 2.504295e+00 2.539397e+00 1.938440e+00 5.964074e-01 5.109130e-01 5.013504e-01 3.844116e-01 5.432551e-01 6.086324e-01 4.701012e-01 5.604502e-01 5.033081e-01 4.967997e-01 4.805808e-01 4.498802e-01 2.747529e-01
<GCONST> 1.207213e+02
<MIXTURE> 6 1.778536e-01
<MEAN> 39
 -1.436905e+01 1.107470e+01 6.570243e+00 -5.631239e-02 3.850414e+00 1.031768e+00 -4.681535e-01 -6.504467e-01 2.687864e-01 -4.718492e-01 1.035081e+00 -1.623324e+00 1.319273e+00 -2.413492e+00 7.732755e-01 5.078740e-01 -9.546629e-02 4.456147e-01 7.758812e-01 5.550929e-01 5.355830e-01 4.298919e-01 2.235736e-01 5.750173e-01 2.383269e-01 9.470166e-01 8.490069e-01 -4.439528e-01 6.667317e-02 2.070137e-01 -3.903760e-01 -2.092378e-01 3.642693e-02 -1.525009e-01 -1.539117e-01 -7.062893e-02 -1.054762e-01 1.086728e-02 -1.722605e-01
<VARIANCE> 39
 2.951810e+01 2.656889e+01 4.914763e+01 2.595267e+01 4.007384e+01 3.342727e+01 3.391233e+01 3.971971e+01 3.429293e+01 3.496146e+01 2.866835e+01 3.636338e+01 1.689159e+01 1.787390e+00 1.970535e+00 1.595407e+00 1.570821e+00 1.795337e+00 1.975883e+00 1.889379e+00 2.102123e+00 2.016216e+00 1.934783e+00 1.658821e+00 1.654477e+00 8.137470e-01 2.996816e-01 2.335093e-01 3.592163e-01 2.949027e-01 3.532402e-01 3.549565e-01 3.997384e-01 4.090032e-01 3.736683e-01 3.626529e-01 3.309740e-01 3.316488e-01 1.345638e-01
<GCONST> 1.087464e+02
<MIXTURE> 7 7.814952e-02
<MEAN> 39
 -2.780468e+00 4.369169e+00 5.966881e+00 3.372654e+00 -1.901022e-01 -1.050842e-01 -9.893317e-01 -2.273938e+00 -1.868213e+00 -2.978037e+00 -1.238075e+00 -4.030119e-01 -1.090863e+00 -7.316673e-01 -3.258878e-01 1.668524e-01 -5.231187e-01 -5.148166e-01 -3.217918e-01 -2.620740e-01 2.546806e-01 4.002265e-01 2.464324e-01 4.728245e-01 5.130758e-01 1.217371e+00 2.050458e-01 -2.517899e-01 -2.203205e-01 -2.865375e-01 -2.617789e-01 -3.040532e-01 -9.870140e-02 1.987009e-01 1.847134e-01 2.679676e-01 1.400750e-01 4.857837e-02 2.923477e-01
<VARIANCE> 39
 3.252159e+01 3.697786e+01 5.328364e+01 3.951438e+01 5.735174e+01 5.285817e+01 4.533187e+01 4.293040e+01 4.633138e+01 3.906831e+01 4.235692e+01 4.649926e+01 3.392158e+01 3.689812e+00 2.733727e+00 2.762742e+00 2.905753e+00 3.688362e+00 3.973464e+00 3.453269e+00 3.654503e+00 3.342803e+00 3.246685e+00 2.983894e+00 3.112667e+00 2.320393e+00 4.598325e-01 4.858521e-01 4.786878e-01 5.252478e-01 7.642871e-01 6.936376e-01 6.358708e-01 6.323582e-01 7.129693e-01 6.178697e-01 6.184866e-01 7.130097e-01 3.894308e-01
<GCONST> 1.286854e+02
<MIXTURE> 8 1.272877e-01
<MEAN> 39
 -1.334466e+01 4.198754e-01 3.242556e+00 -3.421192e+00 1.913668e+00 2.866571e+00 4.695571e-01 4.163492e-01 2.170013e+00 2.360113e+00 2.797358e+00 9.476303e-01 3.056402e+00 -2.427976e+00 6.447641e-01 5.195386e-01 -5.623930e-01 -3.785686e-01 1.101162e-01 3.935639e-01 4.254540e-01 4.623335e-01 2.811162e-01 7.339621e-01 4.637515e-01 2.333470e+00 9.986708e-01 5.945379e-01 4.536339e-01 7.741906e-01 -1.448099e-01 -4.886940e-01 -2.880040e-02 -1.913263e-01 -4.029319e-01 -3.821344e-01 -3.206780e-01 -1.670998e-01 -5.717170e-01
<VARIANCE> 39
 3.876726e+01 3.460944e+01 4.296008e+01 2.974315e+01 4.122046e+01 4.314977e+01 4.061264e+01 3.738443e+01 3.933465e+01 3.372458e+01 3.143185e+01 3.113285e+01 2.221704e+01 5.130299e+00 3.509889e+00 3.373743e+00 2.911141e+00 2.923214e+00 3.221309e+00 3.171877e+00 3.126411e+00 3.202098e+00 2.707488e+00 2.502246e+00 2.061915e+00 2.726140e+00 8.368521e-01 5.399542e-01 6.598139e-01 4.377556e-01 7.174627e-01 6.679959e-01 7.217697e-01 5.956907e-01 6.723559e-01 6.011024e-01 4.857729e-01 4.471082e-01 3.473454e-01
<GCONST> 1.254273e+02
<STATE> 3
<NUMMIXES> 8
<MIXTURE> 1 9.431431e-02
<MEAN> 39
 -9.953927e+00 9.902371e+00 4.047337e+00 2.217178e-01 -1.668900e+00 -3.267652e+00 5.367683e-01 -8.302703e-01 1.823401e+00 2.595011e+00 4.596520e+00 9.729559e-01 4.045804e+00 3.372962e+00 -1.761740e+00 1.752219e-01 -1.735594e+00 -3.038744e+00 -2.196307e+00 -8.846837e-01 7.441063e-01 3.788247e-01 8.856604e-01 1.786570e+00 1.775257e+00 1.648459e+00 7.876305e-01 -9.971362e-01 -1.603980e-01 -1.389878e-01 1.053784e-02 4.814239e-02 -2.003733e-02 3.285468e-01 -2.787500e-02 -6.699217e-02 -1.933372e-01 1.316132e-01 -9.308348e-02
<VARIANCE> 39
 5.576165e+01 4.277441e+01 3.851950e+01 3.305376e+01 4.339727e+01 5.035106e+01 5.085999e+01 4.780511e+01 4.421214e+01 4.581270e+01 5.508658e+01 5.166037e+01 2.309367e+01 4.791817e+00 3.716110e+00 3.689298e+00 3.117965e+00 5.135306e+00 4.844259e+00 5.745375e+00 5.872856e+00 6.386550e+00 5.819299e+00 6.521508e+00 7.857971e+00 1.735436e+00 7.359360e-01 5.955467e-01 5.063502e-01 5.579455e-01 7.069746e-01 7.102305e-01 7.461891e-01 8.212796e-01 7.011612e-01 7.319676e-01 9.369987e-01 9.383461e-01 3.408075e-01
<GCONST> 1.358144e+02
<MIXTURE> 2 1.652774e-01
<MEAN> 39
 -1.864921e+01 7.202695e+00 7.545712e+00 -7.687129e-02 3.665627e+00 4.071939e+00 3.498560e+00 1.626097e+00 2.099811e+00 1.627198e+00 3.603796e+00 2.765208e-01 4.290837e+00 3.093946e+00 3.519365e-01 1.117614e+00 1.733544e-01 -2.712539e+00 -2.780779e+00 -1.665900e+00 -1.395401e+00 -1.494515e+00 -1.332771e+00 -5.438222e-01 -3.081447e-02 1.050619e+00 1.661210e+00 -3.856707e-01 -1.776174e-01 -5.350742e-02 -8.002312e-01 -9.696546e-01 -6.860463e-01 -2.464191e-01 -3.326126e-01 -3.705316e-01 -3.397779e-01 -5.026666e-02 -1.689079e-02
<VARIANCE> 39
 1.786236e+01 3.698620e+01 4.010914e+01 2.793433e+01 3.443811e+01 3.754203e+01 3.508120e+01 3.438869e+01 3.179751e+01 3.150311e+01 3.107545e+01 3.146070e+01 1.690190e+01 3.092785e+00 2.138838e+00 2.228672e+00 2.518306e+00 3.186601e+00 2.402187e+00 2.419973e+00 2.642427e+00 2.801524e+00 2.467100e+00 2.627435e+00 2.482141e+00 9.994298e-01 4.406961e-01 5.404536e-01 4.647011e-01 4.376623e-01 4.925593e-01 5.297629e-01 4.738585e-01 5.533327e-01 5.452535e-01 4.953857e-01 5.494981e-01 4.907005e-01 1.663905e-01
<GCONST> 1.172643e+02
<MIXTURE> 3 1.315216e-01
<MEAN> 39
 -1.040431e+01 1.014431e+01 1.165490e+01 1.239281e+00 -1.023890e+00 -2.519546e+00 -2.568213e+00 -3.246358e+00 -2.664408e+00 -5.007998e+00 3.378937e-02 7.689221e-03 5.801349e+00 1.633973e+00 -1.141378e+00 6.828190e-02 1.113454e-01 -1.772561e+00 -1.639010e+00 -6.280417e-01 -1.356282e-01 -3.072452e-01 -1.876027e-01 2.022993e-01 6.168562e-01 6.434936e-01 7.897398e-01 -5.250745e-01 -3.317523e-01 4.053253e-04 -2.460976e-01 -1.563598e-01 -2.704813e-04 1.629254e-01 1.326494e-01 1.868803e-01 -4.716104e-02 -8.272570e-02 -1.395949e-01
<VARIANCE> 39
 2.065684e+01 2.641014e+01 3.798560e+01 2.647402e+01 4.267157e+01 4.518272e+01 3.541799e+01 3.223096e+01 3.605703e+01 3.251529e+01 3.093956e+01 4.618725e+01 1.533176e+01 1.867027e+00 1.575373e+00 1.815758e+00 1.449962e+00 2.129476e+00 2.234369e+00 2.109595e+00 2.434527e+00 2.026812e+00 1.911502e+00 1.856535e+00 1.728274e+00 3.750654e-01 2.619863e-01 1.931068e-01 2.378559e-01 2.227800e-01 3.320605e-01 4.139212e-01 3.588943e-01 3.672086e-01 4.105590e-01 3.742351e-01 3.544117e-01 3.447944e-01 5.583422e-02
<GCONST> 1.065475e+02
<MIXTURE> 4 1.204274e-01
<MEAN> 39
 -1.216992e+01 2.854323e+00 5.934535e+00 1.882764e+00 -4.053913e-02 6.979892e-01 1.777621e+00 1.347592e+00 3.997812e-01 -1.455327e-01 2.350429e+00 -5.698997e-01 -9.212096e-01 1.134163e+00 -4.414998e-01 -4.379803e-01 3.792111e-01 -9.123995e-02 -5.271075e-01 3.829580e-03 -2.302477e-02 -7.641791e-02 7.080092e-02 -2.095539e-01 -2.014427e-01 -9.093448e-01 3.736244e-01 1.635599e-01 -1.067970e-01 -2.064708e-02 1.070108e-01 4.607083e-03 -1.478480e-01 -1.474927e-01 -2.763880e-02 -1.980435e-02 -1.606713e-01 -6.934096e-02 -1.110063e-01
<VARIANCE> 39
 4.678522e+01 4.571007e+01 3.379004e+01 2.658989e+01 3.624191e+01 4.380294e+01 4.016106e+01 4.268744e+01 4.505482e+01 3.263864e+01 3.226012e+01 3.927106e+01 3.170573e+01 1.708158e+00 1.294787e+00 1.657956e+00 1.491563e+00 1.637129e+00 1.917687e+00 2.098547e+00 2.034828e+00 2.201075e+00 2.221281e+00 1.833030e+00 1.788932e+00 1.817795e+00 3.083999e-01 2.706904e-01 3.297954e-01 2.714882e-01 3.889464e-01 4.040019e-01 4.110422e-01 4.354895e-01 4.346837e-01 4.007628e-01 3.905050e-01 3.574008e-01 2.662022e-01
<GCONST> 1.130164e+02
<MIXTURE> 5 1.284160e-01
<MEAN> 39
 -4.507679e+00 9.428094e+00 7.459147e+00 -3.271798e+00 -1.046935e+01 -7.369549e+00 -4.016526e+00 -5.032052e+00 -3.558391e+00 -2.798007e+00 1.083712e+00 -4.967544e+00 6.912649e+00 3.844959e+00 -2.673253e+00 -1.727686e-01 -1.358801e+00 -2.883623e+00 -1.682564e+00 -1.345677e-01 9.863008e-01 -2.568810e-01 -2.634723e-01 -4.141175e-01 4.017155e-01 1.043531e+00 -3.670070e-01 -6.155210e-01 -3.806190e-01 1.517036e-01 1.151202e+00 8.606182e-01 6.724416e-01 8.996534e-01 5.244803e-01 2.185385e-01 -1.878548e-01 2.404429e-01 -1.740528e-01
<VARIANCE> 39
 1.585472e+01 2.221074e+01 2.592113e+01 2.086533e+01 3.113754e+01 3.283910e+01 3.103669e+01 3.968061e+01 3.189195e+01 3.742853e+01 3.355361e+01 3.823627e+01 1.338218e+01 2.110658e+00 2.955130e+00 3.016083e+00 2.108220e+00 3.418622e+00 3.946417e+00 4.060485e+00 4.306237e+00 4.224244e+00 4.386035e+00 4.582602e+00 4.183820e+00 5.756783e-01 4.816859e-01 2.979144e-01 3.137226e-01 2.743015e-01 4.893452e-01 4.789440e-01 5.759384e-01 5.785545e-01 5.478339e-01 5.748204e-01 5.298601e-01 4.675501e-01 7.845665e-02
<GCONST> 1.171403e+02
<MIXTURE> 6 1.239205e-01
<MEAN> 39
 -1.037712e+01 1.038193e+01 1.166115e+01 1.401860e+00 -1.166915e+00 -3.600227e+00 -2.777613e+00 -3.577668e+00 -3.535931e+00 -3.281389e+00 1.038630e+00 1.116479e-01 6.663375e+00 4.645129e+00 -8.016595e-01 4.847953e-01 1.814158e-01 -3.645114e+00 -3.656434e+00 -2.108055e+00 -1.016721e+00 -1.139772e+00 -1.238233e+00 -5.881864e-01 1.815339e-01 1.223036e+00 4.283340e-01 -9.119217e-01 -7.203125e-01 -2.699302e-01 -7.204087e-02 2.005607e-01 2.225423e-01 6.548190e-01 6.361354e-01 4.048423e-01 4.345292e-02 6.096438e-02 -1.048631e-01
<VARIANCE> 39
 2.161212e+01 2.291381e+01 2.705449e+01 2.267281e+01 3.396988e+01 3.749608e+01 3.767494e+01 3.402602e+01 3.089971e+01 3.133455e+01 3.252638e+01 3.536243e+01 1.789013e+01 1.886056e+00 3.192661e+00 2.704063e+00 2.828249e+00 3.108184e+00 2.776067e+00 2.601060e+00 3.091390e+00 3.877228e+00 3.246936e+00 3.552538e+00 2.939001e+00 7.555001e-01 4.332169e-01 2.952999e-01 3.218820e-01 3.052160e-01 4.356298e-01 5.104334e-01 5.190032e-01 5.109338e-01 5.050013e-01 5.272810e-01 5.854828e-01 4.906145e-01 1.203371e-01
<GCONST> 1.161865e+02
<MIXTURE> 7 1.313204e-01
<MEAN> 39
 -6.881144e+00 1.695337e-01 3.356272e+00 -1.090030e-02 4.886181e-01 6.490908e-01 2.037926e+00 1.211581e+00 4.052545e-01 -6.340362e-01 2.147058e+00 7.820289e-01 3.676543e+00 8.857910e-02 -8.653197e-02 -3.443050e-02 6.742608e-02 -1.714964e-02 -1.124910e-01 -7.028625e-02 5.733860e-02 -9.150207e-02 -3.913667e-02 6.119167e-03 2.586939e-04 -2.787531e-02 7.691863e-02 -2.375432e-02 -4.072868e-02 -2.224612e-02 -2.487720e-02 -5.601940e-02 -8.468805e-02 -2.399720e-02 -2.947550e-02 8.647598e-03 -2.240771e-02 -2.240027e-02 -5.801240e-02
<VARIANCE> 39
 5.966544e+01 5.867832e+01 4.427818e+01 4.583999e+01 6.032356e+01 3.886676e+01 5.339555e+01 7.038857e+01 4.685600e+01 5.252706e+01 7.073508e+01 9.778257e+01 3.496859e+01 2.773843e-01 4.454085e-01 5.601238e-01 7.910171e-01 1.166842e+00 1.406207e+00 1.520446e+00 1.654679e+00 1.831832e+00 1.575581e+00 1.565359e+00 1.586684e+00 1.966103e-01 4.348107e-02 7.838997e-02 1.055746e-01 1.442087e-01 1.830293e-01 2.435255e-01 2.682541e-01 3.076785e-01 3.189450e-01 2.642127e-01 2.663169e-01 2.788921e-01 2.214534e-02
<GCONST> 9.815032e+01
<MIXTURE> 8 1.048023e-01
<MEAN> 39
 -1.926671e+00 3.309314e+00 9.828531e+00 2.485538e+00 -6.698311e+00 -1.007837e+01 -5.425841e+00 -1.596649e+00 -2.895662e+00 -4.440823e+00 5.793340e-01 4.222590e+00 9.069263e+00 3.750567e+00 -2.517994e+00 -1.151132e+00 -1.878228e-02 -2.579266e+00 -2.132373e+00 -1.336848e+00 8.421041e-01 1.034172e+00 1.563715e-01 7.819496e-02 3.959592e-01 1.242723e+00 -7.157026e-01 -2.313008e-01 -6.618850e-01 -4.655930e-01 7.763115e-01 1.152696e+00 5.728120e-01 6.300455e-01 7.519614e-01 6.317325e-01 5.819319e-02 -4.144289e-01 -2.608918e-01
<VARIANCE> 39
 1.578016e+01 1.801457e+01 2.278279e+01 2.682056e+01 3.037209e+01 2.478487e+01 3.590047e+01 2.725315e+01 3.994809e+01 3.267939e+01 3.509760e+01 2.259251e+01 1.872166e+01 2.076929e+00 2.260447e+00 3.005210e+00 1.996705e+00 3.677689e+00 4.104153e+00 3.589885e+00 3.579436e+00 4.003942e+00 3.662147e+00 3.789362e+00 3.046983e+00 7.325506e-01 3.723591e-01 2.811238e-01 3.234259e-01 3.448198e-01 4.933848e-01 4.685976e-01 5.331419e-01 5.020369e-01 6.337736e-01 4.647551e-01 5.966032e-01 3.913168e-01 8.558441e-02
<GCONST> 1.150899e+02
<STATE> 4
<NUMMIXES> 8
<MIXTURE> 1 1.048759e-01
<MEAN> 39
 -6.215216e-01 -3.572190e+00 4.762416e+00 -4.442997e+00 -5.344706e+00 -6.319268e+00 -9.688606e-01 4.458774e+00 5.468240e-01 3.640326e+00 8.949352e+00 1.155352e+01 9.784242e+00 4.968190e-01 -1.300317e+00 -9.998685e-01 -2.584458e-01 1.557365e+00 5.345516e-01 5.583520e-01 1.142184e+00 3.319767e-01 -4.055594e-01 -1.010005e+00 5.820603e-01 2.013335e-01 -4.037437e-01 6.333102e-01 -2.690803e-01 2.793005e-01 3.170247e-01 2.616386e-01 -2.038360e-02 -3.839436e-01 3.266219e-02 -2.931020e-01 -4.518600e-01 -6.446776e-01 -2.477413e-01
<VARIANCE> 39
 1.943581e+01 2.644296e+01 4.219433e+01 3.178349e+01 4.512815e+01 5.197494e+01 6.063873e+01 5.303003e+01 6.185576e+01 7.678625e+01 8.570787e+01 6.950519e+01 1.608772e+01 5.477328e-01 1.634141e+00 2.291830e+00 2.334444e+00 3.108855e+00 3.583257e+00 3.696075e+00 3.644353e+00 3.590566e+00 4.296717e+00 3.606609e+00 3.571008e+00 4.740526e-01 2.234064e-01 3.401210e-01 3.883868e-01 4.359827e-01 4.798003e-01 5.430218e-01 6.521915e-01 6.691016e-01 6.798560e-01 7.766802e-01 7.010413e-01 6.054015e-01 8.127511e-02
<GCONST> 1.214825e+02
<MIXTURE> 2 1.488295e-01
<MEAN> 39
 7.169583e-01 5.971885e-01 5.555022e+00 -5.926793e+00 -9.666370e+00 -6.948369e+00 1.703487e-01 2.844811e+00 -1.562818e+00 -3.656718e+00 -1.642659e+00 -4.057833e+00 8.624414e+00 1.462843e+00 -2.400295e+00 -9.456205e-01 -7.274879e-01 6.440772e-01 6.372299e-01 1.352111e+00 2.358775e+00 7.206838e-01 -1.091396e-01 -1.070628e+00 2.634031e-01 6.645457e-01 -7.945480e-01 5.136641e-01 -1.875488e-01 4.685670e-01 1.059569e+00 5.408102e-01 2.149240e-03 -2.133304e-01 1.161225e-01 7.542753e-02 8.639149e-02 2.197303e-01 -2.542069e-01
<VARIANCE> 39
 1.295739e+01 2.402656e+01 2.947334e+01 2.115230e+01 3.245279e+01 3.375603e+01 4.102826e+01 5.680502e+01 4.619038e+01 4.139185e+01 3.603504e+01 3.267258e+01 1.422090e+01 1.211268e+00 2.000823e+00 2.349846e+00 2.052138e+00 3.256355e+00 3.439234e+00 3.787986e+00 3.851911e+00 4.042790e+00 3.261652e+00 2.891350e+00 2.959838e+00 4.992283e-01 2.545384e-01 3.118410e-01 3.319915e-01 2.879892e-01 5.121900e-01 5.744976e-01 6.631249e-01 8.741069e-01 7.175373e-01 5.486156e-01 5.337934e-01 4.178946e-01 7.311136e-02
<GCONST> 1.157757e+02
<MIXTURE> 3 1.581719e-01
<MEAN> 39
 -1.189783e+00 4.450201e+00 9.904287e+00 1.688629e+00 -7.138113e+00 -7.738633e+00 -3.324272e+00 -2.555273e+00 -2.981126e+00 -3.272050e+00 1.561355e+00 1.233962e+00 6.434858e+00 1.784351e+00 -1.590641e+00 -5.364229e-01 -9.437812e-02 -1.167262e+00 -4.744585e-01 -1.097602e-01 6.592247e-01 4.774503e-01 2.923844e-01 2.990923e-02 1.170686e-01 2.760010e-01 -4.665862e-01 9.248476e-02 -2.400086e-01 -1.149480e-01 4.789605e-01 4.686166e-01 2.151194e-01 2.729198e-01 2.784584e-01 7.984260e-02 -1.441853e-01 -1.428414e-01 -9.149696e-02
<VARIANCE> 39
 1.388476e+01 2.103789e+01 3.209399e+01 3.256450e+01 3.982679e+01 3.392627e+01 3.438398e+01 3.656277e+01 3.248502e+01 3.461825e+01 3.490772e+01 4.568121e+01 1.511153e+01 1.071614e+00 1.523020e+00 1.589735e+00 1.597699e+00 2.209274e+00 2.157165e+00 2.197261e+00 2.840626e+00 2.270869e+00 2.273264e+00 2.203823e+00 2.037027e+00 2.795492e-01 2.226157e-01 1.991485e-01 2.024187e-01 1.971644e-01 3.176045e-01 3.149964e-01 3.294580e-01 3.549989e-01 3.361476e-01 3.411337e-01 3.376748e-01 3.412351e-01 3.993732e-02
<GCONST> 1.041175e+02
<MIXTURE> 4 1.207251e-01
<MEAN> 39
 -4.932480e+00 3.534703e+00 2.537294e+00 2.803859e+00 9.301257e-01 -1.402504e+00 -6.930511e-01 -1.042847e+00 5.035124e-01 -1.162674e+00 -4.000709e-01 -1.394754e+00 -1.080471e-01 1.287181e+00 -2.611689e-01 -7.957848e-01 -1.425547e-01 1.984041e-01 2.495352e-02 -4.442231e-01 -1.480754e-01 1.010325e-01 1.081893e-02 -3.684834e-01 -3.518932e-01 -1.277134e-01 -1.457023e-01 -9.425372e-02 5.051310e-02 -1.654330e-01 -3.923496e-02 1.349643e-01 1.083165e-01 1.120693e-01 4.787942e-02 3.905392e-02 7.095461e-02 1.287578e-01 1.695771e-01
<VARIANCE> 39
 7.093106e+01 6.513217e+01 4.556259e+01 4.073348e+01 5.574107e+01 5.770612e+01 5.666013e+01 5.092001e+01 5.192344e+01 4.472478e+01 4.772332e+01 4.921704e+01 5.418093e+01 3.671698e+00 3.230574e+00 2.562833e+00 3.204135e+00 3.590198e+00 3.799245e+00 3.545474e+00 3.708661e+00 3.623117e+00 3.606299e+00 2.977077e+00 2.838119e+00 3.097474e+00 5.201156e-01 4.329675e-01 3.537623e-01 4.870986e-01 5.099846e-01 6.613533e-01 6.598678e-01 6.486854e-01 6.276201e-01 6.300023e-01 5.428075e-01 4.833937e-01 4.324736e-01
<GCONST> 1.305035e+02
<MIXTURE> 5 1.531149e-01
<MEAN> 39
 2.448906e+00 -1.409651e+00 4.898697e+00 -7.107616e-01 -8.000100e+00 -8.217711e+00 -4.323816e+00 4.960918e+00 2.986328e+00 -1.960784e+00 6.018149e-01 1.882683e+00 9.025884e+00 5.816005e-01 -8.785977e-01 -1.565011e+00 -5.610139e-01 7.327861e-01 5.176579e-01 1.972242e-01 1.209396e+00 1.271415e+00 4.033339e-01 -7.585657e-01 -5.292808e-01 3.049354e-01 -4.520934e-01 4.619300e-01 -3.956718e-03 4.390475e-02 5.032737e-01 2.866938e-01 7.815130e-02 -4.782402e-01 -2.825567e-01 -8.389449e-02 -1.320647e-01 -1.366023e-01 -1.867975e-01
<VARIANCE> 39
 9.444057e+00 1.729599e+01 2.615654e+01 2.462478e+01 3.010060e+01 2.877393e+01 4.432288e+01 3.109474e+01 3.868044e+01 4.342702e+01 3.681403e+01 2.870131e+01 1.730473e+01 3.506482e-01 7.071812e-01 1.222772e+00 1.206110e+00 1.789141e+00 1.775824e+00 2.257963e+00 2.643233e+00 2.689931e+00 2.759986e+00 2.303319e+00 2.174756e+00 2.170238e-01 1.079372e-01 1.351365e-01 1.983984e-01 2.114220e-01 2.687832e-01 3.471361e-01 3.580660e-01 3.764043e-01 3.634566e-01 4.301106e-01 3.977624e-01 3.059601e-01 4.373145e-02
<GCONST> 9.963174e+01
<MIXTURE> 6 1.017749e-01
<MEAN> 39
 1.685712e+00 -2.122709e+00 6.845836e+00 1.551627e+00 -1.040996e+01 -9.750669e+00 -6.635741e+00 1.736639e+00 1.938331e+00 -3.057617e+00 1.644174e+00 3.805558e+00 1.090289e+01 1.673818e+00 -2.148296e+00 -1.812285e+00 -9.364587e-01 -5.346857e-01 4.460883e-01 -1.850589e-01 1.884634e+00 2.191014e+00 9.970203e-01 -1.021107e-01 -5.767662e-01 7.717835e-01 -9.921337e-01 6.229211e-01 -2.194938e-01 -3.155007e-01 1.233404e+00 9.369493e-01 5.877531e-01 4.148228e-02 2.429299e-02 2.311751e-01 -2.810375e-01 -4.704217e-01 -3.433892e-01
<VARIANCE> 39
 1.287425e+01 1.645031e+01 2.743680e+01 2.165090e+01 2.731808e+01 2.823400e+01 3.642843e+01 3.324964e+01 4.078039e+01 4.301500e+01 4.126947e+01 2.876262e+01 1.762014e+01 1.037629e+00 1.607916e+00 2.217650e+00 1.746043e+00 3.367003e+00 3.097882e+00 4.009818e+00 3.958044e+00 3.537317e+00 4.065037e+00 3.877626e+00 2.873249e+00 4.646697e-01 2.444230e-01 2.495424e-01 3.280202e-01 2.976658e-01 3.888759e-01 6.820933e-01 5.048511e-01 5.412970e-01 6.520104e-01 6.076338e-01 6.073221e-01 4.552971e-01 9.172931e-02
<GCONST> 1.135220e+02
<MIXTURE> 7 1.213762e-01
<MEAN> 39
 3.809802e-01 6.673309e-01 3.172977e+00 -7.964348e-01 -3.628029e+00 -4.009942e+00 -5.359177e-01 2.827704e-01 -1.109919e+00 -1.832167e+00 -7.515242e-01 1.031780e+00 4.011064e+00 2.125093e-01 -1.291556e-01 -3.698153e-01 4.309703e-03 2.753554e-01 -9.357094e-02 -1.042394e-01 1.949880e-01 8.177773e-02 -1.185545e-01 -2.495480e-01 -5.667657e-02 -1.148882e-01 -4.634959e-02 8.426454e-02 1.255676e-02 3.737724e-02 1.165659e-01 8.596883e-02 -6.783043e-02 -4.593518e-02 5.222487e-02 7.669938e-03 6.249761e-02 9.603842e-03 -4.635772e-02
<VARIANCE> 39
 2.705165e+01 3.684578e+01 6.049958e+01 4.743703e+01 6.802258e+01 5.538923e+01 5.098029e+01 5.393770e+01 5.212064e+01 5.165147e+01 6.391017e+01 7.342410e+01 2.827554e+01 2.338950e-01 4.818892e-01 7.038369e-01 7.953005e-01 1.214128e+00 1.229002e+00 1.527462e+00 1.626590e+00 1.536838e+00 1.360975e+00 1.345245e+00 1.347980e+00 1.542090e-01 4.448412e-02 7.731549e-02 1.071307e-01 1.511374e-01 2.004258e-01 2.310413e-01 2.815406e-01 3.135147e-01 2.580934e-01 2.753249e-01 2.368082e-01 2.256650e-01 2.304673e-02
<GCONST> 9.576258e+01
<MIXTURE> 8 9.113155e-02
<MEAN> 39
 -1.523945e+00 2.589262e+00 4.526205e+00 -5.143449e+00 -9.572361e+00 -8.625355e+00 -3.024868e+00 7.721582e-01 1.961923e+00 5.903276e+00 1.130213e+01 7.955625e+00 8.365584e+00 2.815522e+00 -3.489144e+00 -2.643833e-01 -1.453162e+00 -7.859756e-01 -7.747445e-01 1.036943e-01 1.450738e+00 3.097859e-01 6.147205e-01 1.063151e+00 2.241838e+00 1.261889e+00 -9.602700e-01 6.720702e-02 -2.473711e-01 4.958990e-01 1.404498e+00 1.026638e+00 6.284232e-01 2.212184e-01 -6.372005e-02 -6.041498e-01 -1.046119e+00 -6.401222e-01 -3.392854e-01
<VARIANCE> 39
 2.055491e+01 3.266379e+01 4.628694e+01 2.792591e+01 3.673518e+01 3.974242e+01 5.054174e+01 4.669836e+01 6.042142e+01 6.632298e+01 5.884026e+01 6.359334e+01 1.664044e+01 2.832377e+00 2.959176e+00 3.798980e+00 3.826255e+00 6.005682e+00 5.248606e+00 5.077625e+00 5.827379e+00 5.562566e+00 6.496369e+00 6.548285e+00 7.247442e+00 1.082970e+00 3.898284e-01 5.355088e-01 4.662845e-01 4.672520e-01 6.136407e-01 6.366343e-01 6.603419e-01 7.267435e-01 7.677905e-01 8.525332e-01 6.636405e-01 6.917319e-01 1.209847e-01
<GCONST> 1.308274e+02
<TRANSP> 5
 0.000000e+00 1.000000e+00 0.000000e+00 0.000000e+00 0.000000e+00
 0.000000e+00 6.758659e-01 3.241342e-01 0.000000e+00 0.000000e+00
 0.000000e+00 0.000000e+00 6.579810e-01 3.420190e-01 0.000000e+00
 0.000000e+00 0.000000e+00 0.000000e+00 6.494076e-01 3.505925e-01
 0.000000e+00 0.000000e+00 0.000000e+00 0.000000e+00 0.000000e+00
<ENDHMM>
