~o
<STREAMINFO> 1 39
<VECSIZE> 39<NULLD><MFCC_D_A_Z_0><DIAGC>
~h "n"
<BEGINHMM>
<NUMSTATES> 5
<STATE> 2
<NUMMIXES> 8
<MIXTURE> 1 1.166417e-01
<MEAN> 39
 2.902787e+00 1.607066e-01 4.314964e+00 -2.662143e+00 -6.093935e+00 -4.924865e+00 2.128433e+00 -3.021348e+00 -3.572162e+00 2.282614e+00 7.918203e-01 4.834657e+00 3.371595e+00 1.086208e-01 3.152140e-01 7.581511e-02 1.591401e-01 -1.044155e-01 -9.508167e-02 -2.916726e-02 -3.635021e-01 -5.269011e-02 7.948778e-02 -1.020843e-01 -7.956050e-05 -2.978318e-01 -6.207881e-03 1.823936e-03 -1.224535e-01 8.455334e-02 1.141356e-01 5.508301e-02 -2.121298e-01 1.026653e-01 9.667784e-02 -1.118666e-01 -2.091194e-02 -1.510110e-01 -5.537606e-03
<VARIANCE> 39
 2.450641e+01 2.991147e+01 5.029389e+01 4.510944e+01 7.040587e+01 7.290907e+01 6.220698e+01 8.548912e+01 8.390244e+01 1.003437e+02 1.223749e+02 1.243172e+02 2.475209e+01 3.713726e-01 7.565614e-01 1.065250e+00 1.307860e+00 1.666031e+00 1.943798e+00 2.186540e+00 2.374720e+00 2.373452e+00 2.519066e+00 2.440895e+00 2.270356e+00 3.483663e-01 7.979855e-02 1.373837e-01 2.014396e-01 2.604736e-01 3.355879e-01 4.032712e-01 4.113476e-01 5.075340e-01 4.828037e-01 5.116815e-01 5.001577e-01 4.699898e-01 6.600886e-02
<GCONST> 1.127399e+02
<MIXTURE> 2 8.173535e-02
<MEAN> 39
 5.248990e+00 3.825963e+00 6.136861e+00 9.456638e-01 -3.049969e+00 -5.525445e+00 -1.104054e+00 -6.323919e+00 -3.969232e+00 -2.115133e+00 -4.288908e+00 -2.262137e+00 -5.302921e-01 4.187102e-01 -5.893608e-02 2.524414e-01 -1.651946e-01 -3.166843e-01 -4.033201e-01 -3.912673e-02 -2.226359e-01 -5.072628e-02 2.016265e-02 -2.357183e-01 1.041127e-01 3.226968e-01 -3.145785e-01 -2.248432e-01 -3.153782e-01 -8.682276e-02 -2.825064e-02 2.782603e-01 1.459908e-02 5.074013e-01 1.590829e-01 7.749610e-02 1.646241e-01 8.660171e-02 2.427404e-01
<VARIANCE> 39
 4.448584e+01 4.017913e+01 6.387714e+01 5.967909e+01 6.958701e+01 7.174615e+01 6.373201e+01 7.176669e+01 6.616891e+01 7.033509e+01 7.269221e+01 6.296853e+01 3.236709e+01 2.810878e+00 2.982761e+00 3.442581e+00 4.055495e+00 4.589301e+00 4.671957e+00 4.683759e+00 5.826426e+00 4.747432e+00 4.740883e+00 4.466785e+00 4.114099e+00 3.337534e+00 4.749764e-01 5.399016e-01 6.516322e-01 7.543760e-01 8.780140e-01 9.223149e-01 9.332633e-01 1.118065e+00 9.545015e-01 9.096713e-01 8.529165e-01 7.480775e-01 4.171673e-01
<GCONST> 1.393673e+02
<MIXTURE> 3 1.183142e-01
<MEAN> 39
 5.761920e+00 1.406879e+00 -9.557205e-01 -9.890877e-01 -1.072152e+00 -2.736416e+00 -4.811901e+00 -2.926673e+00 -3.083723e+00 -3.318376e+00 -4.879154e+00 -4.565185e+00 2.329926e+00 2.751538e-02 4.642113e-01 5.566744e-01 4.624273e-01 -1.959733e-01 -2.189761e-01 5.481145e-02 -6.356918e-01 -2.746965e-01 9.493054e-02 -2.148964e-01 1.445493e-02 -4.899774e-01 -3.827634e-02 5.707864e-02 1.445647e-01 4.946180e-02 -1.493136e-02 1.467551e-02 1.496947e-01 2.337193e-02 1.199150e-02 -5.545580e-03 8.062863e-02 1.390472e-01 -2.543560e-02
<VARIANCE> 39
 1.181720e+01 2.202818e+01 3.740411e+01 3.704626e+01 5.160953e+01 5.274714e+01 5.133596e+01 6.245249e+01 6.207108e+01 6.021757e+01 4.994457e+01 4.510272e+01 1.619579e+01 3.424125e-01 8.141326e-01 1.584054e+00 1.631598e+00 1.993043e+00 2.336883e+00 2.467208e+00 3.074674e+00 2.972797e+00 2.707876e+00 2.528670e+00 2.218180e+00 3.774764e-01 4.402396e-02 9.284510e-02 1.696595e-01 2.114829e-01 2.797524e-01 3.246672e-01 3.410206e-01 4.474591e-01 4.413928e-01 4.128754e-01 3.725664e-01 3.209193e-01 3.296592e-02
<GCONST> 1.049138e+02
<MIXTURE> 4 1.356062e-01
<MEAN> 39
 5.601831e+00 4.236868e+00 5.205361e+00 3.583316e+00 -3.810030e+00 -5.896046e+00 -2.468832e+00 -5.883061e+00 -4.241847e+00 -1.823310e+00 -4.305319e+00 -1.799277e+00 -1.763500e-02 1.562256e-01 4.842781e-01 4.278669e-01 1.989181e-01 -5.344833e-02 7.246829e-02 2.034420e-01 -8.546256e-01 -1.105234e-01 2.393050e-01 -2.480868e-01 -2.179142e-02 -4.740737e-01 -6.184316e-02 -2.024997e-01 -2.392413e-01 -2.562010e-01 -1.874226e-02 5.985167e-02 -1.424447e-02 4.520785e-01 1.072479e-01 -1.103331e-01 1.222587e-01 1.870513e-02 2.184885e-01
<VARIANCE> 39
 9.717630e+00 1.676959e+01 2.373401e+01 2.813753e+01 3.622373e+01 3.696339e+01 3.949284e+01 4.383969e+01 4.399265e+01 4.677615e+01 4.757379e+01 4.716435e+01 1.208788e+01 2.014994e-01 5.002608e-01 9.648012e-01 1.012555e+00 1.291051e+00 1.464673e+00 1.635119e+00 2.059398e+00 1.924786e+00 1.843554e+00 1.843029e+00 1.676180e+00 1.684267e-01 4.013242e-02 9.137280e-02 1.751355e-01 1.864533e-01 2.603819e-01 2.945502e-01 3.372546e-01 3.945077e-01 4.037029e-01 3.792818e-01 3.728111e-01 3.383965e-01 3.044434e-02
<GCONST> 9.486127e+01
<MIXTURE> 5 2.259524e-01
<MEAN> 39
 5.126032e+00 2.727534e+00 9.323308e-01 6.414743e-01 -3.148392e+00 -4.712340e+00 -1.399505e+00 -5.240940e-01 -4.810241e+00 -5.921077e+00 -5.978672e+00 -3.667384e+00 1.619955e+00 3.295753e-02 1.499989e-01 9.892306e-02 7.016520e-02 -4.537902e-02 -1.447600e-02 1.878937e-02 -1.608993e-01 -5.797116e-02 7.141389e-02 -1.813146e-02 -1.660040e-02 -1.571655e-01 -7.894952e-03 -1.203113e-03 1.759458e-02 -8.213426e-03 1.140249e-02 2.779804e-02 -2.263274e-02 -4.204943e-02 2.494686e-02 4.561908e-02 4.161792e-02 9.739536e-03 -1.202379e-03
<VARIANCE> 39
 9.284247e+00 1.360180e+01 2.613505e+01 2.999798e+01 4.764889e+01 4.628477e+01 5.120021e+01 4.684328e+01 5.869772e+01 6.029384e+01 4.735847e+01 5.052916e+01 8.091249e+00 1.139849e-01 3.083571e-01 5.221479e-01 6.522204e-01 9.222131e-01 1.020692e+00 1.188519e+00 1.319413e+00 1.310617e+00 1.338710e+00 1.262274e+00 1.154640e+00 9.238564e-02 1.873793e-02 4.842444e-02 8.420122e-02 1.135834e-01 1.575802e-01 1.855162e-01 2.114103e-01 2.313322e-01 2.406495e-01 2.396089e-01 2.266385e-01 2.103122e-01 1.147869e-02
<GCONST> 8.265623e+01
<MIXTURE> 6 9.359519e-02
<MEAN> 39
 2.052478e+00 5.190808e-01 3.921855e+00 -2.251107e+00 -7.930050e+00 -3.547897e+00 2.705332e+00 -2.380103e+00 -3.752025e+00 2.209018e+00 6.193622e-01 3.607758e+00 4.746833e+00 1.409730e-02 6.811310e-02 3.078685e-02 1.051766e-03 -1.832136e-02 5.723622e-03 -3.782287e-03 -8.111023e-02 -8.501753e-03 5.845829e-02 -3.762404e-02 7.648025e-03 -6.588975e-02 1.221757e-02 2.795344e-03 -3.341867e-02 1.178401e-02 1.453710e-02 -4.375049e-02 -5.451879e-02 3.543398e-02 1.667863e-02 -5.104531e-02 -1.748577e-02 -1.993247e-02 -1.634793e-02
<VARIANCE> 39
 1.206691e+01 1.958153e+01 3.767094e+01 3.797494e+01 5.842298e+01 6.301009e+01 6.036231e+01 6.988908e+01 7.924765e+01 9.523510e+01 1.090300e+02 1.265839e+02 1.478587e+01 8.699977e-02 2.305485e-01 3.837265e-01 4.948722e-01 6.304786e-01 7.139204e-01 8.209266e-01 8.952069e-01 8.851450e-01 8.984865e-01 8.660457e-01 7.791813e-01 4.924412e-02 1.575717e-02 3.795917e-02 6.406658e-02 8.952430e-02 1.113597e-01 1.293861e-01 1.486449e-01 1.612333e-01 1.621743e-01 1.621081e-01 1.595869e-01 1.447196e-01 7.610380e-03
<GCONST> 7.897267e+01
<MIXTURE> 7 9.760554e-02
<MEAN> 39
 4.197293e+00 -2.604869e+00 -2.273550e-01 -1.772259e+00 -3.393321e+00 -5.068440e+00 -4.445294e+00 3.763736e+00 -1.359378e+00 -1.763510e+00 2.813361e-01 1.999384e+00 5.583484e+00 4.169840e-01 1.329034e+00 1.019685e+00 9.889321e-01 -3.090497e-01 -1.007106e+00 -4.980068e-01 -1.982217e+00 -4.666075e-01 1.799028e-01 -4.951010e-01 -1.841318e-01 -1.540224e+00 -1.069089e-01 1.748449e-01 1.084189e-01 1.242457e-01 2.471768e-01 2.414625e-01 2.539802e-01 -4.541642e-01 -7.589598e-02 8.747202e-03 -9.106594e-02 -1.156829e-01 -1.728145e-01
<VARIANCE> 39
 1.378399e+01 2.505522e+01 4.240939e+01 3.697495e+01 6.238667e+01 5.856163e+01 6.424474e+01 6.586106e+01 7.871619e+01 7.520792e+01 7.799728e+01 9.219162e+01 1.967863e+01 8.694474e-01 1.485208e+00 2.524159e+00 2.430005e+00 4.038222e+00 3.944523e+00 4.278661e+00 4.972104e+00 5.095084e+00 4.525251e+00 4.069044e+00 3.781858e+00 8.658710e-01 1.353051e-01 2.054227e-01 3.409322e-01 3.666286e-01 5.210387e-01 5.682006e-01 6.392394e-01 7.603372e-01 7.157124e-01 6.860150e-01 6.073944e-01 5.830074e-01 1.152478e-01
<GCONST> 1.240907e+02
<MIXTURE> 8 1.305494e-01
<MEAN> 39
 5.442705e+00 2.383663e+00 4.218361e+00 2.713031e+00 -3.983684e+00 -6.863028e+00 -4.134054e+00 -3.546790e+00 -4.167396e+00 -2.838011e+00 -3.284935e+00 -1.017330e+00 1.389016e+00 3.769291e-01 1.267802e+00 1.034707e+00 9.524636e-01 3.349876e-01 -2.817931e-01 6.559385e-02 -2.263323e+00 -5.670164e-01 2.362118e-01 -6.975347e-01 -2.525379e-01 -1.469309e+00 -1.550844e-01 -2.467448e-01 -2.107729e-01 -3.467026e-01 -1.892905e-02 2.952825e-01 2.725118e-01 4.173389e-01 1.424185e-01 -1.395180e-02 1.004756e-01 1.816358e-02 2.936302e-01
<VARIANCE> 39
 9.631575e+00 2.044229e+01 2.831061e+01 3.015404e+01 4.016242e+01 3.956762e+01 4.284395e+01 5.036336e+01 5.104729e+01 4.966177e+01 5.297773e+01 5.637583e+01 1.538514e+01 6.417146e-01 1.166747e+00 2.392417e+00 2.184059e+00 3.124768e+00 3.533676e+00 3.594369e+00 4.127833e+00 4.672196e+00 4.207416e+00 3.682636e+00 3.398809e+00 4.364035e-01 7.089683e-02 1.487918e-01 2.564993e-01 2.612359e-01 3.937577e-01 4.258427e-01 4.535243e-01 6.099232e-01 5.594093e-01 5.272401e-01 4.850590e-01 4.550701e-01 7.647846e-02
<GCONST> 1.128417e+02
<STATE> 3
<NUMMIXES> 8
<MIXTURE> 1 5.889829e-02
<MEAN> 39
 6.383106e+00 4.517659e+00 5.964746e+00 3.312581e+00 -4.059399e+00 -6.669912e+00 -1.963961e+00 -7.837982e+00 -4.320992e+00 -1.296738e+00 -4.745279e+00 -1.246449e+00 -4.314885e-01 -3.454071e-02 -5.651011e-02 7.338323e-02 -2.916044e-02 1.058534e-01 -2.835287e-02 -1.342833e-01 2.363766e-01 1.088168e-01 -2.694848e-03 -6.269517e-04 -4.457264e-03 5.966626e-02 -2.489430e-01 -5.313168e-01 -3.180359e-01 -4.462237e-01 -5.099995e-02 2.393131e-01 -1.475151e-01 9.843674e-01 2.236928e-01 -1.588112e-01 2.938027e-01 9.916349e-02 5.812109e-01
<VARIANCE> 39
 1.142331e+01 2.853396e+01 3.358223e+01 3.937225e+01 4.460069e+01 4.765234e+01 5.415685e+01 6.239356e+01 6.195975e+01 6.485432e+01 6.714771e+01 7.205908e+01 1.945379e+01 2.253380e-01 6.950882e-01 9.382885e-01 1.078632e+00 1.314604e+00 1.534180e+00 1.781086e+00 2.256433e+00 2.043417e+00 1.956143e+00 1.839366e+00 1.771500e+00 3.587937e-01 1.041041e-01 2.487272e-01 4.261275e-01 4.472722e-01 5.729227e-01 6.419351e-01 7.247190e-01 7.801356e-01 8.664840e-01 7.617158e-01 6.711314e-01 6.271001e-01 9.844407e-02
<GCONST> 1.115005e+02
<MIXTURE> 2 1.446543e-01
<MEAN> 39
 5.703184e+00 8.857108e+00 4.951034e+00 5.013861e+00 -1.870581e+00 -3.462611e+00 -3.803773e+00 -7.552493e+00 -5.781656e+00 -6.291790e+00 -7.925539e+00 -7.367509e+00 -5.623054e+00 -3.915083e-02 6.888763e-02 6.779807e-02 1.163468e-01 6.770168e-02 1.427264e-02 -3.182467e-02 -7.772058e-02 -2.032651e-02 -1.994499e-02 9.960098e-03 -7.524760e-05 -1.496738e-01 -1.671524e-02 -3.321088e-02 1.008985e-02 -2.794411e-02 -1.308430e-02 4.358596e-02 7.195088e-02 3.810813e-02 2.186862e-02 9.041800e-02 1.029572e-01 8.032420e-02 2.455158e-02
<VARIANCE> 39
 1.157705e+01 2.085523e+01 3.174777e+01 3.229631e+01 4.081334e+01 3.892558e+01 3.494277e+01 4.132025e+01 4.382632e+01 4.094817e+01 3.695366e+01 3.716117e+01 1.616320e+01 1.260549e-01 2.829539e-01 4.783820e-01 6.732687e-01 8.769373e-01 9.908748e-01 1.097310e+00 1.222584e+00 1.292288e+00 1.323465e+00 1.274620e+00 1.133786e+00 8.804462e-02 2.171482e-02 5.280731e-02 9.127414e-02 1.300600e-01 1.678231e-01 1.946723e-01 2.116649e-01 2.411301e-01 2.623815e-01 2.567237e-01 2.476958e-01 2.232443e-01 1.275438e-02
<GCONST> 8.284881e+01
<MIXTURE> 3 1.411398e-01
<MEAN> 39
 5.497369e+00 6.983646e+00 4.847336e+00 2.565908e+00 -4.697948e+00 -4.060590e+00 -1.701780e+00 -6.246343e+00 -4.737553e+00 -3.293401e+00 -5.030756e+00 -4.087166e+00 -2.704594e+00 -1.321863e-01 3.335468e-01 6.556682e-02 3.057024e-01 2.836230e-01 6.273208e-02 -8.475342e-02 -8.506020e-02 -4.052791e-02 -1.074298e-01 -2.327478e-02 -6.818281e-02 -3.092457e-01 -1.290188e-01 -5.931562e-02 -1.126578e-02 3.087313e-02 1.450620e-01 8.122139e-02 1.030256e-04 7.856181e-02 5.933410e-02 4.918001e-02 8.752476e-02 5.024735e-02 1.138448e-02
<VARIANCE> 39
 1.701216e+01 2.336762e+01 3.500549e+01 3.674958e+01 4.758900e+01 4.293221e+01 4.339042e+01 4.902639e+01 4.596391e+01 5.094635e+01 4.585910e+01 4.293657e+01 1.910493e+01 5.991886e-01 1.035608e+00 1.381491e+00 1.690691e+00 2.177142e+00 2.159734e+00 2.228830e+00 2.473045e+00 2.379844e+00 2.451174e+00 2.267254e+00 2.074110e+00 6.033866e-01 1.193167e-01 1.596144e-01 2.058859e-01 2.634714e-01 3.493315e-01 3.578662e-01 3.732171e-01 4.135717e-01 4.029867e-01 4.055792e-01 3.814033e-01 3.463973e-01 6.825688e-02
<GCONST> 1.074905e+02
<MIXTURE> 4 1.481893e-01
<MEAN> 39
 3.827538e+00 4.713909e+00 3.051596e+00 4.027264e+00 1.217824e+00 -6.832553e-01 5.860399e-01 -3.207275e+00 -1.646702e+00 7.949609e-02 -1.177369e+00 -1.025579e+00 -5.031335e+00 -2.459202e-02 1.319142e-02 3.736988e-02 4.801411e-02 6.012952e-02 4.150999e-02 2.245232e-02 -1.595496e-02 -1.319095e-02 -1.708514e-03 7.292161e-03 2.548723e-03 -9.427685e-02 -2.020909e-02 -1.000592e-02 -1.954596e-05 -3.016401e-02 -4.608686e-02 -2.992357e-02 -2.743489e-02 2.668715e-03 -1.155654e-02 -4.084272e-02 -3.230772e-02 -2.109411e-02 1.792132e-02
<VARIANCE> 39
 9.095480e+00 1.408684e+01 1.907723e+01 2.056297e+01 2.382144e+01 2.602811e+01 2.925954e+01 2.909377e+01 2.552958e+01 2.289442e+01 2.158851e+01 2.461199e+01 1.482169e+01 1.524679e-01 3.031814e-01 4.869380e-01 6.745959e-01 8.885681e-01 1.076104e+00 1.188601e+00 1.294864e+00 1.308264e+00 1.299502e+00 1.259639e+00 1.154673e+00 9.188934e-02 2.732730e-02 5.660980e-02 9.040639e-02 1.254890e-01 1.627525e-01 2.000797e-01 2.262701e-01 2.477861e-01 2.463157e-01 2.373997e-01 2.270877e-01 2.128162e-01 1.405977e-02
<GCONST> 7.834845e+01
<MIXTURE> 5 2.191744e-01
<MEAN> 39
 5.545532e+00 6.178292e+00 5.122179e+00 2.776991e+00 -4.765367e+00 -2.643251e+00 -7.600939e-01 -4.980361e+00 -3.316597e+00 -7.881563e-01 -3.038882e+00 -1.754741e+00 -1.486564e+00 1.283715e-02 3.294858e-02 1.294169e-02 1.696160e-02 7.481054e-03 4.058975e-03 -1.616373e-02 -2.947215e-02 -7.542503e-03 6.921030e-03 -1.623694e-02 -5.582299e-03 -5.309641e-02 -8.176747e-03 2.154269e-03 -4.615027e-03 -3.179003e-03 8.672738e-03 -6.781070e-03 -5.009224e-03 -3.601028e-03 -5.244631e-03 -6.398190e-03 -9.765578e-03 -1.459297e-02 -4.287336e-03
<VARIANCE> 39
 9.765496e+00 1.838980e+01 3.127901e+01 3.268228e+01 4.653731e+01 4.305717e+01 4.653053e+01 5.445810e+01 4.502701e+01 5.012912e+01 5.115499e+01 4.938413e+01 1.599115e+01 4.815530e-02 1.434161e-01 2.403982e-01 3.383115e-01 4.537154e-01 5.458660e-01 6.300462e-01 7.063019e-01 7.213525e-01 7.206618e-01 7.026966e-01 6.494249e-01 3.195210e-02 8.532908e-03 2.521723e-02 4.390089e-02 6.343809e-02 8.428999e-02 1.030857e-01 1.185143e-01 1.345500e-01 1.374804e-01 1.368325e-01 1.353986e-01 1.240675e-01 4.678509e-03
<GCONST> 6.635789e+01
<MIXTURE> 6 1.448515e-01
<MEAN> 39
 4.441488e+00 7.111219e+00 9.110238e+00 9.407148e-01 -9.798985e+00 -1.813481e+00 9.632629e-01 -8.716039e+00 -4.774358e+00 9.902726e-01 -5.288019e+00 -3.551439e+00 -5.956862e-01 4.336201e-02 8.313610e-02 -9.530251e-03 7.782882e-02 5.552188e-02 -1.821966e-02 -3.126803e-02 -3.395319e-02 1.015750e-02 -7.460185e-03 -3.034089e-02 2.291026e-02 -1.118329e-01 3.806730e-03 -2.354361e-02 -8.134037e-02 5.196024e-02 1.442862e-01 -6.328905e-02 -8.889075e-02 1.209142e-01 1.663214e-02 -9.871863e-02 4.363771e-02 1.558029e-02 -6.108883e-03
<VARIANCE> 39
 1.361508e+01 2.072031e+01 2.861148e+01 4.934912e+01 4.519687e+01 5.440115e+01 5.276427e+01 5.666553e+01 5.383322e+01 5.315490e+01 6.331895e+01 5.564043e+01 1.390082e+01 1.260256e-01 3.345163e-01 5.134872e-01 6.982544e-01 8.876556e-01 1.075519e+00 1.210375e+00 1.321585e+00 1.303703e+00 1.362604e+00 1.300142e+00 1.190367e+00 1.122970e-01 2.270934e-02 5.792336e-02 9.075924e-02 1.310651e-01 1.618947e-01 2.063233e-01 2.296893e-01 2.539448e-01 2.504573e-01 2.527286e-01 2.479219e-01 2.244668e-01 1.665340e-02
<GCONST> 8.714716e+01
<MIXTURE> 7 7.071940e-02
<MEAN> 39
 4.367095e+00 2.271791e+00 2.446466e+00 4.323868e-01 -3.901495e+00 -6.281971e+00 -3.523937e+00 -3.990518e+00 -1.593574e+00 1.555605e+00 1.240815e+00 3.688102e+00 1.812987e-01 -5.901722e-01 3.506111e-01 -1.481519e-01 2.923906e-01 7.477745e-02 2.537861e-01 8.936813e-02 1.193007e-01 5.375934e-02 -2.838134e-01 -1.353412e-01 -5.242609e-01 -6.398406e-02 -4.289234e-01 -2.499696e-01 -1.990652e-01 -1.355419e-01 1.712335e-01 4.357128e-01 3.004773e-01 5.003334e-01 8.451226e-02 -1.021256e-01 2.968575e-02 -1.100614e-01 3.179562e-01
<VARIANCE> 39
 2.437589e+01 3.565341e+01 4.919683e+01 4.234062e+01 5.720124e+01 5.923190e+01 5.950853e+01 7.435495e+01 7.354956e+01 8.791119e+01 1.021268e+02 1.065667e+02 3.169005e+01 2.016305e+00 3.761529e+00 3.238801e+00 4.023029e+00 4.357559e+00 4.464739e+00 4.592767e+00 6.595987e+00 5.091018e+00 5.184393e+00 4.864123e+00 5.066776e+00 3.371319e+00 3.217309e-01 4.023547e-01 4.868757e-01 5.511524e-01 6.763887e-01 7.698689e-01 7.869385e-01 9.646249e-01 8.767059e-01 9.281172e-01 8.555163e-01 8.344130e-01 3.196011e-01
<GCONST> 1.368279e+02
<MIXTURE> 8 7.237297e-02
<MEAN> 39
 4.217056e+00 3.116464e+00 2.716300e-01 -6.940312e-01 -2.977401e+00 -4.064985e+00 -2.863250e+00 -4.406557e+00 -4.374176e-01 4.237292e+00 6.187284e+00 7.854480e+00 -1.245341e+00 -8.214270e-04 1.016676e-01 1.352236e-02 3.295901e-02 -1.898425e-02 -1.853214e-02 -7.623138e-02 -3.383712e-02 6.300721e-02 -2.308756e-02 -5.331710e-03 -3.072546e-02 -1.385837e-01 -2.749504e-02 -3.288644e-02 2.818214e-02 -3.896096e-03 -1.294020e-02 2.579865e-02 4.616068e-02 9.812563e-02 -1.696778e-02 -1.208666e-01 -1.757481e-01 -1.669490e-01 2.662619e-02
<VARIANCE> 39
 1.730057e+01 3.227228e+01 3.240416e+01 3.907655e+01 5.045830e+01 6.135818e+01 5.500614e+01 7.679473e+01 7.324168e+01 7.449454e+01 6.952013e+01 9.019028e+01 3.317997e+01 1.922836e-01 4.209835e-01 6.637763e-01 8.204994e-01 1.048501e+00 1.190795e+00 1.372885e+00 1.541641e+00 1.610278e+00 1.655011e+00 1.653315e+00 1.510969e+00 1.426416e-01 3.709467e-02 8.310073e-02 1.258938e-01 1.671390e-01 1.997672e-01 2.455670e-01 2.735569e-01 3.277878e-01 3.212262e-01 3.234385e-01 3.093510e-01 2.913284e-01 2.587171e-02
<GCONST> 9.678567e+01
<STATE> 4
<NUMMIXES> 8
<MIXTURE> 1 9.253261e-02
<MEAN> 39
 1.770800e+00 -3.608254e+00 1.371467e+00 -4.194026e+00 -3.813244e+00 -3.738525e+00 -6.244559e-01 2.482023e+00 5.085737e-01 3.480677e+00 3.760355e+00 4.673884e+00 7.212015e+00 -5.453205e-01 -7.333992e-01 -1.772258e-01 -5.896077e-01 3.494040e-01 7.352175e-01 4.048610e-01 5.910967e-01 4.700365e-02 4.738306e-03 2.771965e-01 2.053033e-01 9.625345e-01 6.133368e-03 3.496149e-01 3.685061e-02 3.775913e-01 2.107292e-01 1.108865e-01 -1.965981e-02 -4.126818e-01 -1.467522e-01 -1.882446e-01 -2.261687e-01 -1.051233e-01 -3.906347e-01
<VARIANCE> 39
 2.717739e+01 4.000323e+01 6.246299e+01 5.326471e+01 7.989704e+01 7.313222e+01 7.723608e+01 8.993697e+01 9.586135e+01 9.072995e+01 1.106430e+02 1.186417e+02 3.209223e+01 1.993821e+00 3.187694e+00 3.437565e+00 4.275933e+00 5.477804e+00 5.820146e+00 5.719536e+00 6.712628e+00 6.033607e+00 6.104867e+00 5.456868e+00 5.463892e+00 2.805640e+00 2.898505e-01 4.145234e-01 5.293117e-01 6.360919e-01 8.213351e-01 9.188236e-01 9.887202e-01 1.117189e+00 1.109562e+00 1.024652e+00 9.632993e-01 9.453326e-01 2.966963e-01
<GCONST> 1.414294e+02
<MIXTURE> 2 1.478401e-01
<MEAN> 39
 3.606333e+00 8.808466e+00 4.458030e+00 4.805279e+00 -2.048510e+00 -4.481300e+00 -3.401984e+00 -7.126969e+00 -5.588714e+00 -5.137109e+00 -5.760079e+00 -4.704945e+00 -3.751051e+00 -1.980937e+00 4.896974e-01 -3.235712e-01 8.112564e-01 1.137583e+00 8.856664e-01 6.161679e-01 3.948452e-01 3.249053e-01 6.565753e-02 4.054496e-01 -2.025162e-01 -4.464912e-01 -5.288060e-01 -4.673348e-01 -2.879163e-01 -2.623415e-01 -3.902458e-02 1.323335e-01 2.655184e-01 4.408644e-01 3.728145e-01 4.010613e-01 3.709144e-01 3.332636e-01 3.890840e-01
<VARIANCE> 39
 2.487774e+01 2.812160e+01 3.649007e+01 3.538386e+01 4.610547e+01 4.036707e+01 3.927035e+01 4.457894e+01 4.021682e+01 4.473141e+01 4.063856e+01 4.074903e+01 2.883338e+01 2.647360e+00 3.232700e+00 2.973563e+00 3.036497e+00 3.414379e+00 3.605379e+00 3.700701e+00 4.062718e+00 3.742963e+00 3.778225e+00 3.568729e+00 3.478661e+00 2.053415e+00 3.402461e-01 4.279053e-01 4.441317e-01 4.993862e-01 5.700767e-01 5.872033e-01 5.729256e-01 6.647466e-01 6.265504e-01 6.086225e-01 5.597506e-01 5.354458e-01 3.055559e-01
<GCONST> 1.252647e+02
<MIXTURE> 3 1.278972e-01
<MEAN> 39
 -5.384482e+00 6.062225e+00 8.409084e-01 4.657887e+00 1.428275e+00 -1.025403e-01 7.821751e-01 -2.342667e+00 -1.268329e+00 -1.043193e+00 -9.178907e-01 -2.175897e+00 -2.579913e+00 -2.063877e+00 -2.480944e-01 -7.426016e-01 -1.947007e-01 2.211004e-01 4.399037e-01 7.363275e-01 8.797985e-01 8.922580e-01 6.906961e-01 8.559860e-01 5.182585e-01 7.000730e-01 3.744473e-01 -1.456365e-01 1.128303e-01 -2.436745e-01 -3.505970e-01 -3.137850e-01 -1.552746e-01 -1.718716e-02 -3.977162e-02 8.445413e-03 -2.464008e-03 1.716967e-01 2.363369e-01
<VARIANCE> 39
 4.094666e+01 5.200730e+01 4.814136e+01 4.131440e+01 5.018745e+01 4.283451e+01 4.227901e+01 4.385110e+01 4.010929e+01 3.802259e+01 3.571494e+01 3.709880e+01 4.559666e+01 4.339366e+00 3.549065e+00 3.233608e+00 3.064757e+00 3.393078e+00 3.654036e+00 3.469728e+00 3.563849e+00 3.421936e+00 3.386332e+00 3.257034e+00 3.126780e+00 3.083035e+00 4.849317e-01 5.971839e-01 5.328633e-01 5.416535e-01 6.097295e-01 5.982180e-01 6.090684e-01 6.361884e-01 6.088554e-01 6.074032e-01 5.572091e-01 5.596772e-01 4.804508e-01
<GCONST> 1.290989e+02
<MIXTURE> 4 1.565815e-01
<MEAN> 39
 2.804093e+00 -1.720259e+00 4.075353e-01 -1.589825e+00 -1.891037e+00 -2.156442e+00 -2.318232e+00 1.235169e+00 -1.184636e+00 -1.800056e+00 -9.314811e-01 7.106690e-01 5.001069e+00 -5.980015e-02 -1.169280e-01 -1.450338e-01 -1.474772e-01 7.123259e-02 1.069674e-01 -1.999344e-02 2.580163e-01 1.655892e-01 -7.432793e-02 4.572751e-02 1.478418e-02 1.927002e-02 2.274301e-02 8.722779e-02 3.732378e-02 6.036596e-02 1.011658e-02 -3.604492e-02 1.078774e-02 -1.205900e-01 -2.391022e-02 6.169579e-02 -2.071284e-02 -2.911898e-02 -6.738884e-02
<VARIANCE> 39
 2.261052e+01 3.376493e+01 4.845266e+01 4.165463e+01 6.892727e+01 5.681682e+01 6.115840e+01 7.196967e+01 7.045213e+01 7.132302e+01 7.464713e+01 8.027257e+01 2.806924e+01 3.534013e-01 7.339437e-01 1.214218e+00 1.359305e+00 1.911149e+00 2.026038e+00 2.237384e+00 2.544353e+00 2.380823e+00 2.341285e+00 2.213076e+00 2.025599e+00 3.672290e-01 5.522797e-02 1.046047e-01 1.769251e-01 2.176505e-01 2.912659e-01 3.252142e-01 3.656154e-01 4.262321e-01 4.137129e-01 3.952115e-01 3.810468e-01 3.469698e-01 4.703174e-02
<GCONST> 1.080862e+02
<MIXTURE> 5 1.079490e-01
<MEAN> 39
 2.785540e+00 -5.232795e+00 -4.612118e-01 -2.414365e+00 -3.150230e+00 -2.280865e+00 -2.361113e+00 8.062098e+00 -8.876913e-01 -5.500891e+00 -2.678289e+00 8.848383e-01 9.217419e+00 -4.462419e-01 -8.891449e-01 -1.205551e+00 -2.389227e-01 1.000280e+00 1.260887e+00 7.917613e-01 7.545293e-01 1.983627e-01 -4.352444e-01 -5.573763e-02 -1.195525e-01 8.184923e-01 1.828879e-01 5.565689e-01 2.613271e-01 3.653741e-01 1.881114e-01 -1.978719e-01 -7.382249e-02 -1.134616e+00 -9.911015e-02 3.323815e-01 -1.142823e-01 -1.341560e-01 -5.571827e-01
<VARIANCE> 39
 1.236959e+01 2.116766e+01 3.075755e+01 3.066670e+01 5.149077e+01 4.295847e+01 6.079178e+01 4.942076e+01 8.469244e+01 4.854954e+01 5.408416e+01 6.092109e+01 1.813779e+01 4.743554e-01 1.209342e+00 1.831920e+00 1.863512e+00 3.477100e+00 2.943454e+00 3.531368e+00 3.924938e+00 3.598996e+00 3.083719e+00 2.803702e+00 2.729951e+00 5.010737e-01 8.311313e-02 1.640801e-01 2.665174e-01 3.307239e-01 4.931253e-01 5.342331e-01 6.569437e-01 6.006515e-01 8.241833e-01 5.847071e-01 5.546866e-01 4.790561e-01 7.791777e-02
<GCONST> 1.149064e+02
<MIXTURE> 6 1.484726e-01
<MEAN> 39
 2.789981e+00 6.696826e+00 4.657375e+00 5.271949e+00 -3.023070e-01 -2.601883e+00 -2.333299e+00 -5.370028e+00 -4.337048e+00 -2.394447e+00 -2.596041e+00 -2.318825e+00 -4.963360e+00 -7.655392e-01 -9.813775e-02 -5.871923e-02 2.479800e-01 7.464899e-01 5.289716e-01 3.804058e-01 4.828274e-01 2.568220e-01 1.362349e-02 1.811102e-01 1.648648e-02 -4.913279e-01 -1.486051e-01 -2.258643e-01 -1.597876e-01 -1.807227e-01 -6.500798e-02 2.994611e-02 1.310825e-01 2.273746e-01 1.739888e-01 7.900400e-02 4.247720e-02 4.264852e-02 1.416548e-01
<VARIANCE> 39
 1.779915e+01 2.221875e+01 2.666650e+01 2.558367e+01 3.691552e+01 3.375959e+01 3.469524e+01 3.721720e+01 3.404179e+01 3.890887e+01 3.524028e+01 3.629133e+01 2.593130e+01 7.289044e-01 9.434422e-01 1.070653e+00 1.343166e+00 1.636338e+00 1.817329e+00 1.948585e+00 2.110577e+00 2.098958e+00 2.064656e+00 1.899617e+00 1.850629e+00 6.345133e-01 1.008093e-01 1.387119e-01 1.892309e-01 2.100548e-01 2.681894e-01 3.021918e-01 3.382609e-01 3.557737e-01 3.641466e-01 3.559874e-01 3.308169e-01 3.185476e-01 6.919364e-02
<GCONST> 1.017441e+02
<MIXTURE> 7 1.055433e-01
<MEAN> 39
 4.527410e+00 -1.885411e+00 3.560355e+00 -1.038385e+00 -5.452139e+00 -6.249862e+00 -5.333193e+00 3.407457e+00 -9.672558e-01 -3.171987e+00 -2.458487e+00 5.182171e-01 6.618996e+00 -7.726206e-01 -2.199296e+00 -1.416169e+00 -1.520709e+00 -6.190468e-02 1.074848e+00 2.261474e-01 3.407731e+00 8.317013e-01 -5.847210e-01 6.239224e-01 3.382392e-01 2.229273e+00 -2.537687e-02 2.563119e-01 -1.518263e-01 1.853545e-01 2.974129e-01 3.360740e-01 5.045532e-01 -5.492207e-01 -1.716099e-01 5.862769e-02 -1.544155e-01 -1.466914e-01 -2.607540e-01
<VARIANCE> 39
 9.999686e+00 2.161348e+01 3.747277e+01 3.631273e+01 4.624143e+01 4.164200e+01 4.700911e+01 4.920753e+01 5.999078e+01 4.526655e+01 4.832571e+01 5.016800e+01 1.724729e+01 9.078370e-01 1.931588e+00 3.413438e+00 2.849492e+00 5.101385e+00 4.962249e+00 5.668828e+00 5.480552e+00 7.268672e+00 5.321717e+00 4.645878e+00 4.061855e+00 9.693154e-01 9.645741e-02 2.436884e-01 3.692541e-01 4.350797e-01 5.993959e-01 6.080141e-01 6.096018e-01 7.241831e-01 6.603542e-01 5.972189e-01 5.674562e-01 5.458437e-01 1.280441e-01
<GCONST> 1.226280e+02
<MIXTURE> 8 1.131835e-01
<MEAN> 39
 5.994416e+00 4.315574e+00 6.068105e+00 3.332145e+00 -4.061881e+00 -6.641889e+00 -2.703963e+00 -6.270798e+00 -3.941084e+00 -1.552729e+00 -4.836616e+00 -1.383881e+00 4.625879e-01 -5.914726e-01 -1.770020e+00 -6.616842e-01 -1.259984e+00 -1.095533e-01 2.571945e-01 -6.529858e-01 2.784193e+00 8.207332e-01 -3.996826e-01 7.332303e-01 4.284563e-01 1.798813e+00 -2.114653e-01 -5.675980e-01 -4.110426e-01 -4.571531e-01 -4.310349e-02 3.335414e-01 9.302194e-02 8.667538e-01 1.957898e-01 -1.729799e-01 1.955953e-01 1.021423e-01 5.506447e-01
<VARIANCE> 39
 1.054052e+01 2.275063e+01 2.901548e+01 3.448323e+01 3.979975e+01 4.077846e+01 4.506470e+01 4.763723e+01 4.828704e+01 5.131531e+01 5.334068e+01 5.477993e+01 1.685019e+01 6.785864e-01 1.658617e+00 3.005306e+00 2.838157e+00 3.876950e+00 4.292129e+00 4.532006e+00 4.838414e+00 5.388845e+00 4.593525e+00 3.954981e+00 3.626498e+00 8.299869e-01 8.909593e-02 2.144296e-01 3.441422e-01 3.578163e-01 5.565554e-01 5.774732e-01 6.370641e-01 6.909683e-01 7.581062e-01 6.215149e-01 5.713181e-01 5.134472e-01 1.176132e-01
<GCONST> 1.194686e+02
<TRANSP> 5
 0.000000e+00 1.000000e+00 0.000000e+00 0.000000e+00 0.000000e+00
 0.000000e+00 7.737945e-01 2.262055e-01 0.000000e+00 0.000000e+00
 0.000000e+00 0.000000e+00 8.514491e-01 1.485509e-01 0.000000e+00
 0.000000e+00 0.000000e+00 0.000000e+00 6.917483e-01 3.082517e-01
 0.000000e+00 0.000000e+00 0.000000e+00 0.000000e+00 0.000000e+00
<ENDHMM>
