~o
<STREAMINFO> 1 39
<VECSIZE> 39<NULLD><MFCC_D_A_Z_0><DIAGC>
~h "SIL"
<BEGINHMM>
<NUMSTATES> 6
<STATE> 2
<NUMMIXES> 8
<MIXTURE> 1 1.333479e-01
<MEAN> 39
 -7.263592e+00 -9.003981e-01 -4.585800e-01 2.007136e+00 4.817330e+00 2.268521e+00 2.339715e+00 3.418662e-01 -1.589353e-01 2.091523e+00 1.846922e+00 1.484959e+00 -1.308778e+01 -1.493809e-02 -2.096460e-02 -6.781268e-03 -3.325174e-02 -2.290091e-02 -2.424509e-02 1.107153e-02 -2.840051e-03 1.122065e-02 2.181703e-02 1.181666e-02 1.011737e-02 4.361051e-02 3.715704e-02 1.606512e-02 2.846401e-02 3.500715e-03 -2.798931e-02 -3.269939e-02 -4.138001e-02 -6.049048e-02 -1.002108e-01 -1.386548e-01 -1.437302e-01 -9.315485e-02 2.803488e-02
<VARIANCE> 39
 1.651975e+01 1.731385e+01 2.398273e+01 2.303468e+01 3.013292e+01 3.302428e+01 3.008813e+01 2.570893e+01 2.907030e+01 2.551611e+01 2.178843e+01 2.055059e+01 1.631062e+01 6.550845e-01 9.661949e-01 1.220172e+00 1.384493e+00 1.626138e+00 1.816165e+00 1.920612e+00 2.001652e+00 2.060920e+00 1.961496e+00 1.804187e+00 1.631950e+00 5.174122e-01 1.082108e-01 1.622851e-01 2.069796e-01 2.382898e-01 2.830006e-01 3.244980e-01 3.484727e-01 3.557421e-01 3.610639e-01 3.308103e-01 2.936626e-01 2.888007e-01 8.288953e-02
<GCONST> 9.841138e+01
<MIXTURE> 2 8.013858e-02
<MEAN> 39
 -4.478211e+00 1.599575e+00 2.537709e+00 4.589771e+00 4.466001e+00 2.709528e+00 1.048589e+00 -2.236192e+00 -3.237350e+00 -2.915342e+00 -3.924753e+00 -2.600797e+00 -1.188019e+01 -1.061632e-01 -4.914251e-02 -3.393045e-02 7.270939e-02 1.080838e-01 1.011313e-01 8.998737e-02 7.675029e-02 7.998968e-02 5.884599e-02 5.779539e-02 5.165568e-02 -1.328889e-01 -3.203294e-02 -1.057216e-01 -1.429580e-01 -1.712422e-01 -1.083935e-01 -3.575771e-02 4.296478e-02 1.384262e-01 2.237700e-01 3.308827e-01 3.752927e-01 2.327067e-01 3.716754e-04
<VARIANCE> 39
 2.788236e+01 3.096091e+01 3.325851e+01 3.022484e+01 4.874727e+01 4.812465e+01 3.968516e+01 4.152332e+01 3.868710e+01 3.503941e+01 3.191522e+01 3.831299e+01 2.282458e+01 3.841968e-01 6.143364e-01 8.027780e-01 1.022048e+00 1.304481e+00 1.532701e+00 1.628047e+00 1.786852e+00 1.874024e+00 1.892732e+00 1.773802e+00 1.589450e+00 2.407750e-01 6.061862e-02 1.036661e-01 1.367843e-01 1.810937e-01 2.434213e-01 2.932470e-01 3.030386e-01 3.400624e-01 3.541182e-01 3.406473e-01 3.017005e-01 3.044936e-01 3.289878e-02
<GCONST> 9.736817e+01
<MIXTURE> 3 1.745233e-01
<MEAN> 39
 -5.938579e+00 1.191058e-01 1.661647e+00 3.273214e+00 5.698372e+00 2.691437e+00 6.196595e-01 -1.855041e+00 -2.924896e+00 5.615774e-01 1.627020e+00 1.581826e+00 -1.529508e+01 -2.379257e-03 -6.564737e-03 -1.489960e-02 -8.095991e-03 -2.076388e-02 -2.824015e-03 -6.382067e-03 9.112801e-03 5.691818e-03 6.784878e-04 5.529128e-03 8.754162e-03 -2.624423e-02 -4.597097e-02 -8.770404e-02 -1.305142e-01 -1.503488e-01 -9.904152e-02 6.240840e-03 1.583757e-01 2.426556e-01 1.785717e-01 4.293157e-02 -6.655811e-02 -6.823048e-02 -5.267523e-03
<VARIANCE> 39
 1.224227e+01 1.024989e+01 1.636717e+01 1.332881e+01 1.998685e+01 2.302910e+01 2.207938e+01 1.727733e+01 2.102068e+01 2.035435e+01 1.816334e+01 1.759786e+01 7.495621e+00 1.096551e-01 2.402259e-01 4.157104e-01 6.093729e-01 8.096110e-01 9.855137e-01 1.150193e+00 1.264773e+00 1.338430e+00 1.328672e+00 1.266933e+00 1.169569e+00 4.265658e-02 2.031360e-02 4.334441e-02 7.230941e-02 1.045480e-01 1.446286e-01 1.770139e-01 1.912071e-01 1.950508e-01 2.304735e-01 2.346835e-01 2.116935e-01 2.198371e-01 7.698425e-03
<GCONST> 7.103912e+01
<MIXTURE> 4 1.579406e-01
<MEAN> 39
 -6.880622e+00 -8.235674e-01 2.374719e-01 2.775241e+00 6.414539e+00 4.407560e+00 4.823381e+00 2.600586e+00 -5.454836e-01 -1.584783e-01 -1.152426e+00 -5.858238e-01 -1.520164e+01 3.084447e-04 5.713794e-03 4.946792e-03 3.759815e-03 -7.109158e-03 -3.304946e-03 -1.635010e-02 -2.431957e-03 -8.283993e-03 -2.710358e-03 -1.162193e-03 -3.776714e-03 -2.179141e-02 -2.311389e-03 -1.440905e-02 -4.085494e-02 -9.801297e-02 -1.787957e-01 -2.536066e-01 -3.204950e-01 -2.955120e-01 -9.871641e-02 1.158323e-01 2.366540e-01 1.873549e-01 1.066144e-02
<VARIANCE> 39
 1.021791e+01 1.053518e+01 1.662839e+01 1.616203e+01 1.812009e+01 2.363068e+01 2.109140e+01 1.721910e+01 2.101622e+01 2.031582e+01 1.594055e+01 1.626476e+01 8.379806e+00 1.243065e-01 2.752231e-01 4.498599e-01 6.600087e-01 8.927113e-01 1.086766e+00 1.232193e+00 1.363080e+00 1.410127e+00 1.412550e+00 1.342136e+00 1.238921e+00 5.402584e-02 2.430310e-02 5.219765e-02 8.325382e-02 1.181772e-01 1.594547e-01 1.901680e-01 1.885266e-01 2.050508e-01 2.493317e-01 2.431461e-01 2.079588e-01 2.185205e-01 9.791663e-03
<GCONST> 7.326198e+01
<MIXTURE> 5 1.034783e-01
<MEAN> 39
 -2.852601e+00 -1.224468e+00 -3.274274e-01 1.355261e+00 2.511690e+00 2.431963e+00 1.856453e+00 2.678387e-01 8.416120e-01 2.021816e+00 2.437074e+00 1.876118e+00 -9.321160e+00 -3.223855e-03 3.355243e-02 1.393792e-03 4.557976e-02 9.050940e-03 1.705131e-04 -1.997030e-02 -1.664872e-02 -1.922382e-02 -9.704538e-03 -2.673480e-02 -2.406085e-02 -1.021179e-01 -6.520105e-03 1.859562e-02 2.513768e-02 3.827576e-02 2.978845e-02 -2.239104e-03 -9.529433e-03 -2.677009e-02 -5.259276e-02 -7.596160e-02 -8.631862e-02 -5.028658e-02 -9.816536e-03
<VARIANCE> 39
 3.126546e+01 4.190189e+01 5.313586e+01 5.232661e+01 7.278762e+01 7.705650e+01 6.629229e+01 7.055215e+01 7.581319e+01 7.368803e+01 7.651274e+01 8.985574e+01 4.719875e+01 1.443258e-01 3.107051e-01 4.762484e-01 6.640285e-01 9.154373e-01 1.074622e+00 1.246544e+00 1.360357e+00 1.474374e+00 1.404046e+00 1.413867e+00 1.300359e+00 8.710460e-02 2.553366e-02 5.857028e-02 9.263123e-02 1.311656e-01 1.817846e-01 2.215025e-01 2.541216e-01 2.790381e-01 3.002475e-01 2.810380e-01 2.758011e-01 2.702303e-01 1.202903e-02
<GCONST> 9.407417e+01
<MIXTURE> 6 1.315788e-01
<MEAN> 39
 -7.199304e+00 -1.679720e+00 -1.423067e+00 8.599535e-02 2.663349e+00 -1.741797e-01 -9.466477e-02 -1.624304e+00 -3.428079e+00 -1.118500e+00 -9.435455e-01 -6.526472e-02 -1.469592e+01 7.493247e-03 2.418922e-02 1.138474e-02 1.747961e-02 1.803808e-02 7.167280e-03 -4.353620e-03 -4.384658e-03 -1.285950e-02 -1.662109e-02 -2.460841e-02 -1.909720e-02 -1.994014e-02 3.029286e-02 7.968985e-02 1.447279e-01 2.165252e-01 2.586107e-01 2.764761e-01 2.720483e-01 2.697111e-01 2.710072e-01 2.546517e-01 2.185591e-01 1.243422e-01 1.962747e-02
<VARIANCE> 39
 1.262282e+01 1.046314e+01 1.528421e+01 1.370298e+01 1.849168e+01 2.208024e+01 2.336074e+01 1.900887e+01 2.129853e+01 1.935392e+01 1.790174e+01 1.744514e+01 1.026143e+01 1.508140e-01 3.171200e-01 5.138980e-01 7.233217e-01 9.534687e-01 1.160028e+00 1.299542e+00 1.436675e+00 1.489060e+00 1.477190e+00 1.381175e+00 1.291036e+00 7.045419e-02 2.946458e-02 5.815815e-02 8.744920e-02 1.155941e-01 1.558048e-01 1.957269e-01 2.178695e-01 2.376955e-01 2.491949e-01 2.451231e-01 2.296934e-01 2.422850e-01 1.243938e-02
<GCONST> 7.603068e+01
<MIXTURE> 7 6.098244e-02
<MEAN> 39
 -3.757956e+00 -6.944902e-01 7.170828e-01 2.095555e+00 2.695376e+00 1.360347e+00 2.102983e+00 -2.769187e-01 4.930629e-01 6.357464e-01 3.125031e-01 3.540890e-01 -7.902412e+00 -1.683693e-01 6.409065e-02 -1.049897e-01 1.282085e-02 -1.591103e-03 -3.141309e-03 3.974011e-02 2.959271e-02 8.688170e-03 -4.979024e-02 5.831257e-03 -1.758576e-02 3.399329e-01 -5.126419e-03 5.157641e-03 1.701294e-02 4.496513e-02 3.496946e-02 5.065671e-02 3.391885e-03 6.173626e-04 -2.608497e-02 -1.342782e-02 -6.209504e-03 -9.433927e-03 -1.609255e-01
<VARIANCE> 39
 5.262998e+01 5.294378e+01 5.768328e+01 6.241878e+01 7.370901e+01 6.990826e+01 6.105229e+01 6.665299e+01 6.125467e+01 5.697936e+01 5.561054e+01 5.566977e+01 5.403273e+01 2.567565e+00 2.964078e+00 2.991292e+00 3.209095e+00 3.587970e+00 3.517866e+00 3.501223e+00 3.584649e+00 3.675873e+00 3.466940e+00 3.131822e+00 2.879370e+00 2.820539e+00 3.979391e-01 4.837780e-01 5.040907e-01 5.585644e-01 6.283236e-01 6.418367e-01 6.366290e-01 6.570197e-01 6.697176e-01 6.266046e-01 5.554986e-01 5.136442e-01 4.637181e-01
<GCONST> 1.323942e+02
<MIXTURE> 8 1.580101e-01
<MEAN> 39
 -7.372950e+00 -1.712807e+00 -8.797450e-01 7.713589e-01 3.725101e+00 1.991732e+00 2.579487e+00 1.861805e+00 1.154275e+00 3.948691e+00 4.036529e+00 2.743741e+00 -1.512817e+01 5.204893e-03 1.875796e-03 -8.140700e-03 1.841857e-03 -4.562703e-03 1.106806e-02 -2.365410e-03 -6.547705e-03 -5.649876e-03 1.768947e-03 -5.921721e-03 -8.873438e-03 -1.570542e-02 3.456530e-02 6.649821e-02 9.405592e-02 1.197169e-01 1.103101e-01 4.014415e-02 -6.498080e-02 -2.008581e-01 -3.045156e-01 -3.643258e-01 -3.516716e-01 -2.198407e-01 1.969344e-02
<VARIANCE> 39
 9.476290e+00 9.644232e+00 1.711237e+01 1.396673e+01 1.719594e+01 2.267407e+01 2.320909e+01 1.865977e+01 1.988902e+01 1.906485e+01 1.629784e+01 1.603865e+01 8.760036e+00 1.254300e-01 2.704478e-01 4.522378e-01 6.537811e-01 8.625678e-01 1.059590e+00 1.215797e+00 1.361077e+00 1.423566e+00 1.438294e+00 1.372642e+00 1.248586e+00 5.197873e-02 2.397771e-02 5.260298e-02 8.541732e-02 1.164623e-01 1.566622e-01 1.963195e-01 2.247203e-01 2.321579e-01 2.343869e-01 2.251803e-01 2.119224e-01 2.247448e-01 9.212263e-03
<GCONST> 7.309575e+01
<STATE> 3
<NUMMIXES> 8
<MIXTURE> 1 1.332622e-01
<MEAN> 39
 -4.190644e+00 3.854528e+00 3.022087e-01 7.257230e+00 3.922968e+00 5.524343e+00 6.367935e+00 8.603418e-01 3.214674e+00 -5.251142e-01 -1.735361e+00 -4.490368e+00 -1.491174e+01 2.936325e-03 3.939797e-03 -1.670932e-03 -1.789691e-03 -1.576469e-02 -1.054814e-02 -1.741682e-02 -1.675594e-02 -4.523082e-04 -3.101297e-03 -1.043339e-02 -3.993057e-03 -1.743270e-02 1.938968e-02 4.727434e-02 5.980110e-02 1.524479e-02 -1.085316e-01 -2.736618e-01 -3.916351e-01 -3.804637e-01 -1.528017e-01 1.090502e-01 2.088298e-01 1.478022e-01 1.240591e-02
<VARIANCE> 39
 1.329259e+01 1.094749e+01 1.613755e+01 1.631457e+01 2.102571e+01 2.332499e+01 2.124649e+01 1.875541e+01 2.002990e+01 1.911008e+01 2.017713e+01 2.520880e+01 7.801135e+00 1.182419e-01 2.619609e-01 4.301425e-01 6.381121e-01 8.514343e-01 1.042442e+00 1.199021e+00 1.334420e+00 1.409529e+00 1.384575e+00 1.323073e+00 1.223472e+00 4.515661e-02 2.186084e-02 4.760392e-02 7.311583e-02 1.097515e-01 1.517706e-01 1.749874e-01 1.770627e-01 1.888595e-01 2.230491e-01 2.141267e-01 2.012732e-01 2.268326e-01 8.024612e-03
<GCONST> 7.261007e+01
<MIXTURE> 2 1.040134e-01
<MEAN> 39
 -4.956120e+00 4.759388e+00 2.762063e+00 9.743701e+00 5.114014e+00 4.921210e+00 4.750171e+00 -3.863439e-02 5.176445e+00 4.102485e+00 2.164669e+00 -2.534871e+00 -1.493467e+01 2.960345e-04 -5.836877e-03 -1.111384e-02 -6.192936e-03 -1.445138e-02 2.671721e-03 9.507812e-03 2.101668e-02 2.990079e-02 2.423164e-02 1.928904e-02 1.686442e-02 -1.922409e-02 -1.099756e-02 -8.206383e-02 -1.822920e-01 -2.518235e-01 -2.136588e-01 -1.368200e-01 -9.692674e-02 -1.681396e-01 -3.108354e-01 -3.387279e-01 -1.631128e-01 3.690150e-03 1.502711e-02
<VARIANCE> 39
 1.368043e+01 1.121294e+01 1.705378e+01 1.531038e+01 1.875530e+01 2.514325e+01 2.835166e+01 2.401804e+01 1.738973e+01 1.701310e+01 1.872390e+01 2.487908e+01 7.777908e+00 1.562689e-01 3.243836e-01 5.100223e-01 7.067147e-01 9.379789e-01 1.131921e+00 1.293060e+00 1.380656e+00 1.465223e+00 1.452247e+00 1.376306e+00 1.256996e+00 7.215473e-02 3.025275e-02 5.831619e-02 8.225931e-02 1.116586e-01 1.618113e-01 2.176026e-01 2.514821e-01 2.504787e-01 2.248379e-01 2.163180e-01 2.263264e-01 2.380911e-01 1.382196e-02
<GCONST> 7.678382e+01
<MIXTURE> 3 1.389183e-01
<MEAN> 39
 -3.643045e+00 4.426956e+00 1.120459e+00 7.925495e+00 4.146715e+00 3.601207e+00 2.804406e+00 -4.039231e+00 -4.609030e-01 1.484448e-01 2.757046e+00 -3.698147e-01 -1.478343e+01 1.051830e-03 5.623817e-03 -2.378059e-03 4.494478e-03 6.585402e-03 1.105887e-02 1.440674e-02 1.437708e-02 2.556941e-03 4.134645e-03 1.262806e-03 6.728237e-03 -1.795102e-02 -1.563757e-02 -3.168799e-02 -6.082991e-02 -9.920478e-02 -1.183290e-01 -6.416608e-02 7.480888e-02 2.685041e-01 3.302257e-01 6.583809e-02 -2.481478e-01 -2.434778e-01 1.287046e-03
<VARIANCE> 39
 1.275190e+01 9.938003e+00 1.485542e+01 1.477538e+01 1.877223e+01 2.243545e+01 2.409375e+01 1.942920e+01 1.703273e+01 1.707897e+01 1.534386e+01 1.877686e+01 6.448287e+00 1.095679e-01 2.474684e-01 4.198323e-01 6.185607e-01 8.235089e-01 1.002844e+00 1.162230e+00 1.269857e+00 1.333968e+00 1.346618e+00 1.274276e+00 1.194711e+00 3.995777e-02 2.006117e-02 4.438973e-02 7.175877e-02 1.036115e-01 1.348514e-01 1.720340e-01 2.118661e-01 2.019461e-01 1.806601e-01 2.097771e-01 1.822163e-01 1.988043e-01 7.301700e-03
<GCONST> 6.997958e+01
<MIXTURE> 4 1.296123e-01
<MEAN> 39
 -3.714626e+00 4.869052e+00 1.950062e+00 8.748629e+00 4.333215e+00 3.781189e+00 2.824172e+00 -3.816239e+00 -1.186075e+00 -3.622446e+00 -4.488252e+00 -6.246778e+00 -1.458445e+01 -6.146458e-03 5.623400e-04 -1.986582e-03 8.347182e-03 5.594703e-03 1.144606e-02 4.191636e-03 5.265885e-03 7.134590e-03 1.648584e-02 9.559046e-03 5.552457e-03 -2.208164e-02 -2.862728e-02 -7.581133e-02 -1.303809e-01 -1.814172e-01 -1.759112e-01 -1.090109e-01 2.507610e-02 1.770159e-01 3.125480e-01 3.843748e-01 3.803552e-01 2.315661e-01 2.120126e-03
<VARIANCE> 39
 1.538158e+01 1.237985e+01 1.565505e+01 1.675513e+01 2.413221e+01 2.607384e+01 2.563778e+01 2.245885e+01 2.319226e+01 2.067403e+01 2.135152e+01 2.445576e+01 9.332859e+00 1.595660e-01 3.350878e-01 5.013812e-01 7.106268e-01 9.189209e-01 1.119118e+00 1.271146e+00 1.389827e+00 1.462435e+00 1.445521e+00 1.382678e+00 1.284188e+00 7.668421e-02 3.023674e-02 6.061887e-02 8.920292e-02 1.236402e-01 1.638702e-01 2.017257e-01 2.273949e-01 2.338550e-01 2.446383e-01 2.450582e-01 2.231458e-01 2.348469e-01 1.348019e-02
<GCONST> 7.812928e+01
<MIXTURE> 5 1.058947e-01
<MEAN> 39
 -4.844636e+00 3.738820e+00 3.987505e-01 6.986168e+00 2.703421e+00 2.846333e+00 3.515000e+00 -2.124679e+00 2.416552e+00 5.405504e-01 -5.954676e-02 -3.448317e+00 -1.203340e+01 -3.043043e-02 -5.989275e-02 -3.987923e-03 -1.235064e-02 1.724177e-02 -1.349326e-02 1.098711e-02 3.631563e-02 4.176404e-03 3.196640e-03 -4.235082e-03 -1.139545e-03 1.367135e-01 1.760360e-02 1.514646e-03 1.000860e-02 1.366548e-02 8.028849e-03 1.321814e-02 -8.113686e-03 -1.003781e-02 -1.610577e-02 -1.693937e-02 -5.953077e-03 -5.289258e-03 -5.880438e-02
<VARIANCE> 39
 2.271710e+01 2.309087e+01 2.708124e+01 2.762476e+01 3.482842e+01 3.693258e+01 3.589851e+01 3.556490e+01 3.263846e+01 3.232534e+01 3.044191e+01 3.000952e+01 2.032542e+01 9.419860e-01 1.368877e+00 1.524970e+00 1.714715e+00 1.858889e+00 1.993818e+00 2.082552e+00 2.126779e+00 2.150939e+00 2.076788e+00 1.904281e+00 1.682404e+00 1.032829e+00 1.731135e-01 2.572080e-01 2.858350e-01 3.243583e-01 3.542392e-01 3.856890e-01 4.079931e-01 4.163691e-01 4.185852e-01 3.943872e-01 3.660945e-01 3.293367e-01 1.839616e-01
<GCONST> 1.075035e+02
<MIXTURE> 6 1.529878e-01
<MEAN> 39
 -2.397907e+00 5.200678e+00 8.561730e-01 6.442718e+00 8.081450e-01 1.021012e+00 1.770483e+00 -2.598319e+00 2.889868e+00 8.059939e-02 -7.675576e-01 -4.096770e+00 -1.439002e+01 -8.623934e-04 1.291213e-02 8.219092e-03 1.244525e-02 4.936322e-03 1.092120e-02 1.058305e-05 -1.033861e-02 -1.924003e-02 -1.559563e-02 -9.783592e-03 -7.749810e-03 -2.034615e-02 -6.683388e-02 -9.615938e-02 -6.907964e-02 3.477907e-02 1.618833e-01 2.036613e-01 1.487380e-01 -6.378550e-03 -1.293728e-01 -5.098972e-02 8.509181e-02 9.654009e-02 -2.024568e-02
<VARIANCE> 39
 1.367876e+01 1.108975e+01 1.326049e+01 1.497045e+01 1.887205e+01 2.118726e+01 1.954261e+01 1.928131e+01 1.881591e+01 1.853769e+01 1.785186e+01 2.049271e+01 8.583249e+00 1.002949e-01 2.313144e-01 3.914270e-01 5.770175e-01 7.706968e-01 9.665185e-01 1.107183e+00 1.230961e+00 1.301496e+00 1.288899e+00 1.236568e+00 1.138535e+00 3.618932e-02 1.731146e-02 3.850837e-02 6.533659e-02 9.580431e-02 1.258268e-01 1.570594e-01 1.793211e-01 2.010647e-01 1.950142e-01 2.086742e-01 1.921416e-01 1.990092e-01 6.275934e-03
<GCONST> 6.895308e+01
<MIXTURE> 7 1.120894e-01
<MEAN> 39
 -4.199395e+00 2.972244e+00 -1.446020e+00 4.787586e+00 3.581978e-01 6.437875e-02 1.004691e+00 -4.852469e+00 -2.936671e-02 -1.844115e+00 -1.289245e+00 -3.706342e+00 -1.476616e+01 3.370819e-03 9.376541e-03 1.143340e-03 6.370809e-03 -4.835456e-03 -1.386743e-03 -3.471275e-03 -5.470166e-04 6.416019e-03 5.749894e-03 1.259680e-02 -6.094336e-03 -1.352600e-02 6.208376e-02 1.362872e-01 2.181297e-01 2.665708e-01 2.904975e-01 2.952220e-01 2.882624e-01 2.915446e-01 2.615182e-01 2.009364e-01 1.226137e-01 3.598120e-02 2.858456e-02
<VARIANCE> 39
 1.485449e+01 1.016923e+01 1.403538e+01 1.561971e+01 2.051185e+01 2.334466e+01 2.494964e+01 2.167123e+01 2.139580e+01 2.097189e+01 2.306290e+01 2.541506e+01 8.069517e+00 1.547890e-01 3.244511e-01 5.188226e-01 7.253264e-01 9.405062e-01 1.157130e+00 1.323228e+00 1.424661e+00 1.476069e+00 1.459657e+00 1.399886e+00 1.290469e+00 6.611807e-02 2.730973e-02 5.321340e-02 7.940830e-02 1.137139e-01 1.536282e-01 1.953618e-01 2.316129e-01 2.426491e-01 2.465289e-01 2.511040e-01 2.473297e-01 2.553578e-01 1.152213e-02
<GCONST> 7.687598e+01
<MIXTURE> 8 1.232218e-01
<MEAN> 39
 -4.544142e+00 2.978373e+00 -1.129771e+00 5.672086e+00 1.865697e+00 2.562081e+00 3.816848e+00 -7.183083e-01 5.250765e+00 3.958723e+00 3.954601e+00 -4.802410e-01 -1.464704e+01 4.649610e-03 8.604227e-03 -3.983614e-03 -5.529855e-03 1.090070e-03 -3.607467e-03 -5.337073e-03 -9.370639e-03 -9.571783e-03 -1.162572e-02 -1.595038e-03 2.248797e-03 -1.142252e-02 5.380820e-02 1.194882e-01 1.790432e-01 1.889065e-01 1.447539e-01 5.905608e-02 -4.942334e-02 -1.843990e-01 -3.432842e-01 -4.204916e-01 -4.183758e-01 -2.728598e-01 2.529113e-02
<VARIANCE> 39
 1.289624e+01 1.057567e+01 1.521975e+01 1.546622e+01 2.003635e+01 2.419445e+01 2.548955e+01 2.232605e+01 2.009332e+01 1.945676e+01 1.769071e+01 2.232881e+01 7.805120e+00 1.427189e-01 3.028164e-01 4.933252e-01 6.901463e-01 8.936031e-01 1.086607e+00 1.258975e+00 1.371759e+00 1.469486e+00 1.447483e+00 1.414872e+00 1.285677e+00 6.102748e-02 2.658188e-02 5.156382e-02 7.725967e-02 1.103391e-01 1.528595e-01 1.985655e-01 2.328406e-01 2.407119e-01 2.337323e-01 2.260731e-01 2.125579e-01 2.272885e-01 1.068254e-02
<GCONST> 7.519522e+01
<STATE> 4
<NUMMIXES> 8
<MIXTURE> 1 1.108576e-01
<MEAN> 39
 -4.662490e+00 -6.665991e-01 5.476027e-01 3.085337e+00 3.140064e+00 2.204693e+00 1.736060e+00 4.157978e-01 7.060685e-01 6.565542e-01 9.517982e-01 -3.837051e-01 -5.948997e+00 -3.418066e-02 1.247436e-02 1.296128e-02 -2.764252e-02 -3.500748e-03 -5.182727e-03 1.884433e-02 7.323125e-03 2.172639e-02 1.419749e-02 2.911067e-03 -1.604106e-03 1.031903e-01 1.865636e-02 1.823599e-03 -7.450007e-04 7.036716e-03 1.303670e-02 2.356704e-02 1.956364e-02 9.271887e-04 -8.774917e-03 -1.166152e-02 1.331304e-03 6.121022e-03 -4.742325e-02
<VARIANCE> 39
 2.028827e+01 2.632611e+01 2.656536e+01 2.855347e+01 2.948763e+01 3.312718e+01 3.119877e+01 3.146374e+01 3.181335e+01 2.897655e+01 2.777087e+01 2.447518e+01 2.644137e+01 9.388203e-01 1.187739e+00 1.351046e+00 1.568215e+00 1.743353e+00 1.893657e+00 2.001911e+00 2.087027e+00 2.065938e+00 1.997404e+00 1.872177e+00 1.689154e+00 1.089151e+00 1.695583e-01 2.158345e-01 2.558981e-01 2.983179e-01 3.327196e-01 3.658756e-01 3.842556e-01 3.995152e-01 4.026792e-01 3.816056e-01 3.608280e-01 3.357755e-01 1.939182e-01
<GCONST> 1.056395e+02
<MIXTURE> 2 1.345218e-02
<MEAN> 39
 -4.810600e+00 1.498393e+01 4.656821e+00 1.371725e+01 5.998128e+00 7.598009e+00 3.037811e+00 1.310265e+00 3.042569e+00 -1.234332e+00 1.116501e+00 -3.255424e+00 -1.831721e+01 -9.520198e-04 8.073312e-03 -5.869518e-04 -1.560008e-04 4.146947e-03 1.507521e-03 2.500016e-03 3.637281e-03 -1.129650e-03 -9.852982e-04 -3.469195e-03 3.462539e-03 -5.327463e-03 2.262900e-03 -1.318748e-02 -5.871025e-03 -6.099175e-03 -7.093390e-03 -6.772834e-03 -2.571152e-03 -7.060695e-03 -3.533985e-03 4.950264e-03 2.600096e-03 -4.619830e-04 5.878445e-03
<VARIANCE> 39
 6.671045e+00 4.498724e+00 1.021307e+01 9.745565e+00 2.478606e+01 1.059847e+01 1.854416e+01 1.692568e+01 1.594570e+01 2.097551e+01 2.810560e+01 3.556035e+01 4.603651e+00 1.008147e-01 2.710622e-01 4.142749e-01 6.101692e-01 8.681226e-01 9.895216e-01 1.165013e+00 1.285353e+00 1.335461e+00 1.305202e+00 1.333957e+00 1.146586e+00 4.354449e-02 2.061174e-02 5.605447e-02 8.549383e-02 1.263294e-01 1.833824e-01 2.100512e-01 2.389393e-01 2.652348e-01 2.794262e-01 2.746734e-01 2.859941e-01 2.431722e-01 8.678264e-03
<GCONST> 7.108243e+01
<MIXTURE> 3 1.824929e-01
<MEAN> 39
 -2.984926e+00 -5.261801e-01 7.186646e-01 3.407908e+00 4.951915e+00 3.911214e+00 2.894384e+00 -3.181476e-01 -2.113820e+00 -3.127979e+00 -2.416614e+00 -2.174233e+00 -8.320000e+00 3.337180e-03 7.012528e-04 3.168537e-03 9.438795e-03 1.210915e-02 1.029461e-02 8.825488e-03 1.389768e-02 5.529018e-03 7.852255e-03 9.665851e-05 -1.486814e-02 -1.453975e-02 -1.073169e-02 -2.382766e-02 -4.735382e-02 -8.824467e-02 -1.368483e-01 -1.493368e-01 -9.178202e-02 4.980279e-02 2.724572e-01 4.392632e-01 3.926586e-01 1.891152e-01 1.087402e-03
<VARIANCE> 39
 1.178867e+01 1.646269e+01 1.571653e+01 1.730500e+01 1.902003e+01 2.403902e+01 2.253741e+01 2.412961e+01 2.137104e+01 1.686406e+01 1.522006e+01 2.176266e+01 7.059674e+00 1.405615e-01 2.933432e-01 4.869747e-01 6.822512e-01 9.119443e-01 1.118209e+00 1.252889e+00 1.409540e+00 1.466434e+00 1.438282e+00 1.388839e+00 1.292064e+00 5.902074e-02 2.732057e-02 5.598833e-02 9.068187e-02 1.277852e-01 1.724128e-01 2.091260e-01 2.430020e-01 2.709990e-01 2.460496e-01 2.063161e-01 2.050600e-01 2.442424e-01 1.040534e-02
<GCONST> 7.589474e+01
<MIXTURE> 4 1.549767e-01
<MEAN> 39
 -2.946468e+00 -1.261486e-01 1.176883e+00 4.010335e+00 4.598133e+00 2.257828e+00 8.220545e-01 -2.351980e+00 -1.404183e+00 1.373538e+00 3.761384e+00 1.615911e+00 -8.415670e+00 4.821401e-03 -5.362527e-04 4.281168e-04 7.584235e-03 -3.666146e-04 -1.547692e-02 2.999923e-03 1.409588e-02 -5.096577e-03 6.191882e-03 7.861828e-03 1.076037e-02 -2.003738e-02 -2.093559e-02 -4.968835e-02 -1.049569e-01 -1.558717e-01 -1.214259e-01 9.095252e-04 1.659359e-01 2.864307e-01 2.089721e-01 -7.622676e-02 -3.287105e-01 -2.505038e-01 1.603466e-03
<VARIANCE> 39
 1.092540e+01 1.470307e+01 1.425614e+01 1.514213e+01 1.658349e+01 2.120518e+01 2.001234e+01 1.818335e+01 1.990818e+01 1.748267e+01 1.414754e+01 1.704673e+01 6.699615e+00 1.387113e-01 2.815583e-01 4.689948e-01 6.607071e-01 8.623788e-01 1.045826e+00 1.211591e+00 1.322476e+00 1.401903e+00 1.375078e+00 1.327653e+00 1.210453e+00 5.644334e-02 2.525098e-02 5.096653e-02 8.084126e-02 1.077157e-01 1.433870e-01 1.864523e-01 2.155463e-01 2.053280e-01 2.289413e-01 2.356641e-01 1.787957e-01 2.033794e-01 9.552422e-03
<GCONST> 7.231715e+01
<MIXTURE> 5 9.701456e-03
<MEAN> 39
 7.137935e-02 1.249881e+01 3.038398e+00 7.474754e+00 2.335844e+00 -2.993084e+00 6.774255e+00 -8.684762e+00 -6.618012e-01 1.899289e+00 -5.616186e+00 -1.061815e+01 -1.883026e+01 3.212078e-03 5.931814e-03 -5.835083e-03 3.507923e-03 2.565575e-03 -1.993618e-03 -3.369073e-03 3.625203e-03 -6.506436e-03 3.393140e-03 3.552921e-03 -3.634524e-03 -8.336701e-03 -2.422451e-03 -7.729435e-03 -9.448668e-04 -1.463317e-03 4.093134e-03 5.447674e-03 1.745717e-03 9.978682e-03 5.291759e-03 -1.126304e-03 4.605753e-03 6.321468e-03 2.695572e-03
<VARIANCE> 39
 1.579191e+00 5.212884e+00 2.652090e+01 2.073800e+01 9.563084e+00 1.690568e+01 1.069820e+01 1.231631e+01 1.880169e+01 4.757724e+01 1.949882e+01 2.171395e+01 7.006957e+00 9.095280e-02 2.286156e-01 3.942116e-01 5.603729e-01 7.582205e-01 9.032488e-01 1.010625e+00 1.151360e+00 1.181515e+00 1.252866e+00 1.236022e+00 1.128475e+00 3.786533e-02 1.836199e-02 4.654729e-02 8.329279e-02 1.155473e-01 1.590413e-01 1.875820e-01 2.035210e-01 2.359221e-01 2.409446e-01 2.545058e-01 2.541818e-01 2.328540e-01 7.233465e-03
<GCONST> 6.789001e+01
<MIXTURE> 6 1.684293e-01
<MEAN> 39
 -2.998170e+00 -1.727761e+00 -1.217912e+00 2.582467e-01 1.097656e+00 2.138069e-02 -2.866339e-02 -1.580453e+00 -8.236433e-01 2.758178e-01 1.051585e+00 -1.913096e-01 -8.313745e+00 3.693066e-03 1.819282e-03 -2.926940e-03 1.063006e-02 9.957143e-03 1.284394e-02 -7.282355e-03 -1.571984e-02 -1.058086e-02 -1.628923e-02 -1.466903e-02 -1.142166e-02 -1.197225e-02 2.350466e-02 7.682405e-02 1.543054e-01 2.493763e-01 3.043761e-01 2.972842e-01 2.623158e-01 1.949078e-01 1.137274e-01 5.303318e-02 2.303548e-02 -6.922446e-03 1.115057e-02
<VARIANCE> 39
 1.020749e+01 1.408670e+01 1.275411e+01 1.419098e+01 1.588159e+01 2.054365e+01 2.076790e+01 1.837218e+01 1.971182e+01 1.769545e+01 1.656435e+01 1.846648e+01 6.165017e+00 1.282867e-01 2.760398e-01 4.602617e-01 6.660157e-01 8.751758e-01 1.064060e+00 1.221260e+00 1.355866e+00 1.417442e+00 1.420216e+00 1.349349e+00 1.240709e+00 4.615323e-02 2.559250e-02 5.287560e-02 8.185449e-02 1.038024e-01 1.378675e-01 1.800400e-01 2.083597e-01 2.286123e-01 2.515459e-01 2.497760e-01 2.330655e-01 2.387351e-01 8.770305e-03
<GCONST> 7.251560e+01
<MIXTURE> 7 1.795480e-01
<MEAN> 39
 -3.851104e+00 -1.741982e+00 -8.303540e-01 2.038988e+00 3.647649e+00 3.689556e+00 4.264364e+00 3.230948e+00 3.134577e+00 3.227311e+00 3.349115e+00 7.071374e-01 -8.389609e+00 6.765597e-03 -8.733622e-03 -7.852293e-03 -1.709305e-02 -1.933955e-02 -1.483719e-03 -7.537907e-03 -1.239981e-02 -6.230134e-03 3.035450e-03 5.741899e-03 1.748552e-02 -9.665488e-03 4.429330e-02 8.690929e-02 1.055283e-01 7.895774e-02 -7.377763e-03 -1.243939e-01 -2.617264e-01 -3.691540e-01 -3.571256e-01 -3.142913e-01 -2.692768e-01 -1.512439e-01 2.010067e-02
<VARIANCE> 39
 1.081881e+01 1.504352e+01 1.370855e+01 1.718514e+01 1.961477e+01 2.455349e+01 2.135813e+01 1.893275e+01 2.020347e+01 1.922048e+01 1.781342e+01 1.881551e+01 7.529757e+00 1.479738e-01 3.080312e-01 4.894803e-01 7.102509e-01 9.236749e-01 1.120425e+00 1.276657e+00 1.400650e+00 1.491923e+00 1.482211e+00 1.405474e+00 1.305351e+00 6.417442e-02 2.776687e-02 5.578759e-02 8.741187e-02 1.276004e-01 1.737420e-01 2.087480e-01 2.169977e-01 2.168829e-01 2.411404e-01 2.552356e-01 2.412209e-01 2.486345e-01 1.104231e-02
<GCONST> 7.588432e+01
<MIXTURE> 8 1.805417e-01
<MEAN> 39
 -2.689748e+00 1.010836e+00 1.646811e+00 4.050787e+00 4.252614e+00 3.058492e+00 2.823295e+00 8.786566e-01 2.353717e+00 1.797427e+00 -2.102365e-01 -2.419889e+00 -8.548072e+00 8.549510e-04 -2.831886e-03 -7.199376e-03 3.320499e-03 4.998759e-04 2.788197e-03 -5.612297e-03 -2.727272e-03 -1.310310e-03 -5.464004e-03 2.245741e-03 1.077113e-02 -1.407316e-02 -4.440481e-02 -8.346243e-02 -1.046395e-01 -9.035406e-02 -4.125141e-02 -1.901067e-02 -4.419608e-02 -1.159083e-01 -1.983630e-01 -1.066651e-01 1.293800e-01 1.743978e-01 -1.034674e-02
<VARIANCE> 39
 7.022974e+00 8.789583e+00 1.021801e+01 1.163440e+01 1.486968e+01 1.842965e+01 1.685400e+01 1.608854e+01 1.494251e+01 1.232576e+01 1.252129e+01 1.515483e+01 5.299318e+00 1.003956e-01 2.318720e-01 3.946819e-01 5.727870e-01 7.845604e-01 9.673180e-01 1.116848e+00 1.252833e+00 1.301281e+00 1.286708e+00 1.234416e+00 1.133662e+00 3.403624e-02 1.836245e-02 4.159234e-02 7.107098e-02 1.029028e-01 1.426384e-01 1.825323e-01 1.990064e-01 2.013122e-01 1.940881e-01 1.875999e-01 1.786205e-01 1.919955e-01 6.469975e-03
<GCONST> 6.552023e+01
<STATE> 5
<NUMMIXES> 8
<MIXTURE> 1 1.520408e-01
<MEAN> 39
 -6.760932e+00 3.635039e+00 6.761057e-01 4.834501e+00 5.107369e+00 3.032910e+00 5.979082e+00 1.339800e+00 3.243739e+00 3.365506e+00 1.971185e+00 -8.603892e-02 -2.148176e+01 -6.030465e-03 -1.198169e-02 -2.193203e-02 -2.517517e-02 -3.531297e-02 -2.450227e-02 -1.976908e-02 -4.974111e-03 6.756396e-03 1.332064e-02 9.696450e-03 1.469612e-02 -1.973611e-02 3.603585e-02 5.352473e-02 5.939388e-02 3.269845e-02 -5.229650e-02 -1.734267e-01 -3.105392e-01 -4.135556e-01 -4.248945e-01 -3.384882e-01 -1.824330e-01 -7.687535e-02 2.483378e-02
<VARIANCE> 39
 1.383941e+01 1.604923e+01 1.578265e+01 2.110161e+01 2.563556e+01 2.295223e+01 2.539331e+01 2.417777e+01 2.664578e+01 1.991239e+01 2.215756e+01 2.644942e+01 1.023403e+01 1.327741e-01 2.897588e-01 4.753442e-01 6.769722e-01 9.142477e-01 1.104889e+00 1.276583e+00 1.383486e+00 1.456522e+00 1.452907e+00 1.388883e+00 1.269624e+00 5.535589e-02 2.627960e-02 5.662904e-02 9.151925e-02 1.309266e-01 1.747618e-01 2.009871e-01 2.077350e-01 2.008049e-01 2.144967e-01 2.335229e-01 2.525552e-01 2.510259e-01 1.050880e-02
<GCONST> 7.750108e+01
<MIXTURE> 2 1.298994e-01
<MEAN> 39
 -5.620312e+00 7.570896e+00 1.590314e+00 9.500651e+00 3.178590e+00 2.370625e+00 4.528697e+00 -4.640010e+00 3.727621e+00 -1.534152e+00 -8.034254e-01 -6.713979e+00 -2.176328e+01 2.376452e-03 1.415266e-02 1.132515e-02 1.414806e-02 1.277431e-02 1.871291e-02 1.065144e-02 1.297568e-02 4.479172e-03 1.180009e-03 -3.142017e-03 -1.220450e-02 -1.082977e-02 -4.251565e-02 -8.551664e-02 -9.879555e-02 -1.253059e-01 -4.751068e-02 -2.723271e-02 -2.049807e-03 1.110810e-02 -9.016282e-02 -9.818127e-03 6.832135e-02 1.313774e-01 -5.397152e-03
<VARIANCE> 39
 8.220996e+00 1.033555e+01 1.367649e+01 1.456181e+01 2.203495e+01 2.369083e+01 2.204299e+01 2.295447e+01 1.983707e+01 1.769817e+01 2.466333e+01 2.046406e+01 8.445997e+00 1.203185e-01 2.718093e-01 4.383543e-01 6.614729e-01 8.775817e-01 1.059398e+00 1.213709e+00 1.333704e+00 1.380286e+00 1.386495e+00 1.320459e+00 1.216817e+00 4.689946e-02 2.258751e-02 4.936674e-02 8.153250e-02 1.178027e-01 1.596526e-01 1.975201e-01 2.209021e-01 2.409860e-01 2.314783e-01 2.354866e-01 2.439424e-01 2.297728e-01 8.900402e-03
<GCONST> 7.358391e+01
<MIXTURE> 3 1.211669e-01
<MEAN> 39
 -5.839141e+00 5.216191e+00 1.687587e+00 6.367635e+00 4.769488e+00 2.244195e+00 4.015198e+00 -2.078963e+00 3.856792e-01 4.707367e-02 -2.510146e-01 -2.004514e+00 -1.935517e+01 -4.283282e-02 -1.992857e-02 -5.039523e-03 -2.036507e-02 1.780614e-02 9.132614e-03 1.691123e-02 1.907448e-02 4.487228e-02 4.671814e-02 1.472447e-02 2.170135e-02 -6.923948e-03 -2.471377e-03 -9.700247e-02 -8.537940e-02 -1.154369e-01 -8.676463e-02 -8.799102e-02 -2.258586e-02 2.907103e-02 3.367545e-02 4.715743e-02 5.549205e-02 4.977173e-02 6.757360e-02
<VARIANCE> 39
 2.040542e+01 2.173625e+01 2.183340e+01 2.662694e+01 2.960633e+01 2.979761e+01 3.420251e+01 3.317984e+01 3.157401e+01 2.552242e+01 2.599850e+01 3.539014e+01 2.046980e+01 8.631602e-01 1.284229e+00 1.424529e+00 1.581954e+00 1.754927e+00 1.903303e+00 1.953390e+00 2.004240e+00 1.964474e+00 1.900102e+00 1.748688e+00 1.555537e+00 8.871589e-01 1.496834e-01 2.031553e-01 2.291251e-01 2.595707e-01 2.961701e-01 3.343077e-01 3.573540e-01 3.668625e-01 3.573706e-01 3.457141e-01 3.183253e-01 2.976215e-01 1.530623e-01
<GCONST> 1.031896e+02
<MIXTURE> 4 1.520007e-01
<MEAN> 39
 -5.867733e+00 4.264510e+00 2.448333e+00 5.352938e+00 7.044693e+00 3.205988e+00 4.565930e+00 -1.359709e+00 -3.174620e+00 -1.875875e+00 -2.385864e+00 -1.313457e+00 -2.146763e+01 -9.213284e-03 1.600651e-04 -9.746563e-03 -7.452942e-03 -5.725130e-03 1.460248e-02 -2.151454e-04 9.689814e-03 1.044708e-02 1.621083e-02 1.948898e-02 3.874672e-03 -2.877489e-02 -2.704686e-02 -6.081588e-02 -1.079868e-01 -1.518717e-01 -2.318888e-01 -2.279372e-01 -1.428007e-01 1.177172e-02 2.603172e-01 3.568669e-01 3.149859e-01 1.521742e-01 -9.966270e-04
<VARIANCE> 39
 1.517524e+01 1.698912e+01 1.757045e+01 2.085278e+01 2.548679e+01 2.423187e+01 2.991095e+01 2.903400e+01 2.382947e+01 2.167612e+01 2.092633e+01 2.983324e+01 1.225750e+01 1.330166e-01 2.901259e-01 4.719562e-01 6.772711e-01 8.958486e-01 1.092213e+00 1.247824e+00 1.360052e+00 1.427830e+00 1.428694e+00 1.364414e+00 1.257373e+00 5.976179e-02 2.621538e-02 5.451365e-02 8.550698e-02 1.208869e-01 1.533384e-01 1.846886e-01 2.271643e-01 2.566880e-01 2.395594e-01 2.166081e-01 2.130317e-01 2.391021e-01 1.058543e-02
<GCONST> 7.804970e+01
<MIXTURE> 5 1.313862e-01
<MEAN> 39
 -6.399738e+00 3.662838e+00 -1.638336e-01 3.645458e+00 1.706489e+00 -1.029411e+00 1.513285e+00 -4.225253e+00 -1.376015e+00 -1.784304e+00 -1.719172e+00 -2.985435e+00 -2.176480e+01 -4.506862e-03 1.495058e-03 -7.135039e-03 -4.838264e-03 -1.060865e-02 -1.602963e-02 -1.198056e-02 -1.252019e-02 -1.859156e-02 -1.823230e-02 2.854916e-03 1.999502e-03 -2.020435e-02 5.076902e-02 1.037353e-01 1.766759e-01 2.511384e-01 3.209991e-01 3.205329e-01 2.923820e-01 2.536633e-01 2.255571e-01 2.411581e-01 2.269841e-01 1.324817e-01 2.906412e-02
<VARIANCE> 39
 1.335755e+01 1.426763e+01 1.541199e+01 1.988919e+01 2.165775e+01 2.162764e+01 2.506889e+01 2.693611e+01 2.765610e+01 2.106314e+01 2.107288e+01 3.119548e+01 1.090129e+01 1.441672e-01 3.153033e-01 5.045008e-01 7.211085e-01 9.548465e-01 1.131102e+00 1.315116e+00 1.433274e+00 1.495782e+00 1.465126e+00 1.399933e+00 1.291849e+00 6.002520e-02 2.804472e-02 5.765266e-02 8.493192e-02 1.137245e-01 1.442115e-01 1.784429e-01 2.249253e-01 2.573467e-01 2.728716e-01 2.533085e-01 2.327574e-01 2.464152e-01 1.092330e-02
<GCONST> 7.811067e+01
<MIXTURE> 6 9.349047e-02
<MEAN> 39
 -6.522288e+00 6.906946e-01 -5.752348e-01 3.168489e+00 3.213319e+00 -8.975922e-01 3.371882e+00 4.844942e-01 1.480248e+00 1.863392e+00 2.289156e+00 9.633145e-01 -1.661344e+01 2.749598e-02 3.804054e-02 1.838855e-02 3.945040e-02 1.608671e-02 1.850202e-02 -2.104694e-02 -4.766275e-02 -4.602674e-02 -6.220809e-02 -5.929402e-02 -4.095707e-02 -7.816496e-02 3.058551e-02 1.162271e-01 1.275890e-01 1.448418e-01 1.338525e-01 1.395501e-01 3.914054e-02 -7.186660e-02 -1.056708e-01 -1.410017e-01 -1.744642e-01 -1.389984e-01 -3.387582e-02
<VARIANCE> 39
 2.701483e+01 2.949131e+01 3.129983e+01 3.493721e+01 4.862101e+01 4.060241e+01 4.885729e+01 5.225608e+01 4.512730e+01 4.331932e+01 3.697088e+01 4.073818e+01 4.322375e+01 2.850311e-01 5.234476e-01 7.299196e-01 9.523857e-01 1.209432e+00 1.430190e+00 1.560856e+00 1.727649e+00 1.778329e+00 1.788123e+00 1.697367e+00 1.593912e+00 3.142141e-01 5.755985e-02 1.044886e-01 1.531386e-01 2.012029e-01 2.504065e-01 2.841672e-01 3.245277e-01 3.497106e-01 3.576606e-01 3.673786e-01 3.413603e-01 3.191205e-01 4.045982e-02
<GCONST> 9.885155e+01
<MIXTURE> 7 1.675338e-01
<MEAN> 39
 -6.152811e+00 3.804987e+00 1.706691e+00 4.421525e+00 4.801725e+00 1.021321e+00 2.072252e+00 -2.453904e+00 -1.498615e+00 2.231513e+00 3.097735e+00 2.419497e+00 -2.161955e+01 1.408541e-03 1.584020e-02 8.473987e-03 2.121436e-02 1.811647e-02 1.421058e-02 1.561228e-02 8.458645e-03 -2.059946e-03 -3.086162e-03 -3.614065e-04 1.965994e-03 -1.944491e-02 -1.520726e-02 -2.794814e-02 -3.787196e-02 -1.381946e-02 2.238891e-02 9.930038e-02 1.770512e-01 1.767441e-01 7.982175e-02 -1.483943e-01 -2.925812e-01 -2.308871e-01 2.777501e-03
<VARIANCE> 39
 1.466463e+01 1.529943e+01 1.535654e+01 1.645803e+01 2.303208e+01 2.429054e+01 2.529341e+01 2.365963e+01 2.305455e+01 1.824977e+01 1.574084e+01 1.855301e+01 1.086168e+01 1.187527e-01 2.638144e-01 4.396220e-01 6.356928e-01 8.424240e-01 1.025168e+00 1.192973e+00 1.302511e+00 1.354633e+00 1.357015e+00 1.299544e+00 1.204788e+00 4.837706e-02 2.164096e-02 4.882531e-02 8.023076e-02 1.147032e-01 1.461485e-01 1.759246e-01 1.941561e-01 2.018957e-01 2.182666e-01 2.111074e-01 1.910426e-01 2.096467e-01 8.345717e-03
<GCONST> 7.351079e+01
<MIXTURE> 8 5.248187e-02
<MEAN> 39
 -3.403540e+00 2.800912e+00 1.240913e+00 3.799292e+00 3.019091e+00 5.554882e-01 3.576483e+00 -1.290345e+00 9.835673e-01 6.111329e-01 2.093696e-01 -1.323547e+00 -1.212917e+01 3.164687e-01 -8.100508e-02 1.630058e-01 -1.598171e-01 -5.926431e-02 -8.724024e-02 3.447099e-02 5.804328e-02 -2.737808e-03 1.322961e-02 1.588983e-02 4.006238e-02 3.433945e-01 -2.269504e-02 6.852438e-02 4.786783e-02 7.274262e-02 2.708877e-02 8.459618e-02 5.727651e-03 2.167787e-02 -1.483586e-03 -8.464064e-03 6.761330e-04 -1.807221e-03 -2.807681e-01
<VARIANCE> 39
 6.252181e+01 5.606785e+01 5.604812e+01 5.573466e+01 6.411183e+01 6.511703e+01 5.855609e+01 5.915883e+01 5.427769e+01 4.856924e+01 4.635099e+01 4.850430e+01 1.358327e+02 3.874398e+00 3.538590e+00 3.392510e+00 3.715049e+00 3.895957e+00 4.169320e+00 3.938750e+00 3.971383e+00 3.699921e+00 3.546693e+00 3.190839e+00 2.760440e+00 1.056530e+01 6.240532e-01 6.468358e-01 6.135300e-01 6.666892e-01 7.068206e-01 7.710106e-01 7.242577e-01 7.308430e-01 6.873152e-01 6.619376e-01 5.952886e-01 5.075036e-01 1.207337e+00
<GCONST> 1.378364e+02
<TRANSP> 6
 0.000000e+00 1.000000e+00 0.000000e+00 0.000000e+00 0.000000e+00 0.000000e+00
 0.000000e+00 9.941260e-01 5.873986e-03 0.000000e+00 0.000000e+00 0.000000e+00
 0.000000e+00 0.000000e+00 9.951489e-01 4.851090e-03 0.000000e+00 0.000000e+00
 0.000000e+00 0.000000e+00 0.000000e+00 9.930441e-01 6.955904e-03 0.000000e+00
 0.000000e+00 0.000000e+00 0.000000e+00 0.000000e+00 9.942135e-01 5.786593e-03
 0.000000e+00 0.000000e+00 0.000000e+00 0.000000e+00 0.000000e+00 0.000000e+00
<ENDHMM>
