~o
<STREAMINFO> 1 39
<VECSIZE> 39<NULLD><MFCC_D_A_Z_0><DIAGC>
~h "uw"
<BEGINHMM>
<NUMSTATES> 6
<STATE> 2
<NUMMIXES> 8
<MIXTURE> 1 6.908420e-02
<MEAN> 39
 3.958460e+00 3.953027e-01 3.656405e+00 -4.054327e-01 -4.665144e+00 -4.613062e+00 -5.653718e+00 -1.714363e+00 -1.190399e+00 5.859524e-01 -1.879616e-01 7.007743e-01 5.087674e+00 2.369439e-01 -2.282597e-01 -2.865486e-01 -1.833875e-01 1.599705e-01 2.245935e-01 -2.996233e-01 1.448331e-01 2.062475e-01 1.805504e-01 -2.724064e-02 4.818534e-02 1.250956e-01 -1.899692e-01 1.914583e-01 -6.175891e-02 5.982944e-02 1.839389e-01 1.608582e-01 1.886254e-01 -7.764819e-02 -3.280417e-02 1.714470e-02 -2.888647e-02 -7.872851e-02 -1.617352e-01
<VARIANCE> 39
 2.445569e+01 3.323082e+01 6.290365e+01 6.553255e+01 6.611833e+01 6.778718e+01 6.517064e+01 6.735191e+01 8.014754e+01 7.615113e+01 8.987649e+01 8.437530e+01 2.831737e+01 1.158560e+00 1.674244e+00 2.295755e+00 2.729949e+00 3.556567e+00 3.484489e+00 3.696390e+00 4.051208e+00 3.927734e+00 3.700600e+00 3.696641e+00 3.595995e+00 1.174322e+00 2.264107e-01 3.082002e-01 3.591535e-01 4.670905e-01 6.265718e-01 6.289276e-01 6.578782e-01 7.273927e-01 7.378148e-01 6.474553e-01 6.837338e-01 6.318095e-01 1.842006e-01
<GCONST> 1.282503e+02
<MIXTURE> 2 1.417383e-01
<MEAN> 39
 3.068998e+00 1.265486e-01 6.035586e+00 2.343252e+00 -9.567841e+00 -8.049261e+00 -2.475635e+00 2.768287e+00 -3.577112e+00 -2.416910e+00 -1.571055e+00 1.301879e+00 6.282012e+00 2.117362e-01 -1.294279e-02 -4.878351e-01 5.573940e-02 5.146612e-01 -4.412649e-02 -5.301570e-01 1.370295e-01 5.615460e-01 -6.280842e-02 -4.223222e-01 4.985847e-02 -1.133986e-01 -2.030586e-02 1.657384e-02 -4.010229e-02 -9.678450e-02 3.989362e-02 7.044273e-02 -9.565113e-02 -1.960206e-01 6.413570e-03 7.526652e-02 -4.519893e-02 -1.064156e-01 -2.151249e-02
<VARIANCE> 39
 1.324592e+01 2.057360e+01 2.854107e+01 4.508355e+01 3.424157e+01 4.166510e+01 5.552367e+01 4.421372e+01 5.621965e+01 5.269995e+01 5.963361e+01 6.034276e+01 1.463857e+01 1.236699e-01 2.742195e-01 5.781590e-01 5.991284e-01 8.997330e-01 9.248849e-01 1.164293e+00 1.245737e+00 1.349363e+00 1.283562e+00 1.196113e+00 1.141290e+00 6.922476e-02 1.678307e-02 4.200974e-02 6.712259e-02 9.151882e-02 1.228793e-01 1.528316e-01 1.648663e-01 1.864090e-01 1.910158e-01 1.997979e-01 1.825005e-01 1.730661e-01 8.541679e-03
<GCONST> 8.102277e+01
<MIXTURE> 3 1.403556e-01
<MEAN> 39
 4.560126e+00 1.839211e+00 1.579930e+00 -3.639919e+00 -6.179811e+00 2.121870e+00 -5.009363e+00 -5.943600e+00 -4.733341e-01 1.965345e+00 7.290455e-01 -1.608427e+00 5.701372e+00 1.455130e-02 5.086857e-02 -4.012467e-03 -5.359061e-02 -6.788256e-02 7.385960e-02 1.491312e-01 -3.926697e-02 -1.481432e-01 -2.963210e-02 9.790088e-02 5.269103e-02 -4.484750e-02 -1.833539e-02 -3.955716e-02 -2.414804e-02 2.362058e-02 3.559951e-02 -1.497261e-01 -4.516327e-02 1.302971e-01 -2.627201e-02 -9.684481e-02 -8.617257e-02 6.040666e-02 -4.842233e-04
<VARIANCE> 39
 1.723494e+01 2.741595e+01 5.229225e+01 5.945047e+01 5.657530e+01 7.124078e+01 7.574598e+01 6.116567e+01 7.781075e+01 6.695614e+01 8.429339e+01 6.637330e+01 2.000943e+01 1.637021e-01 4.046377e-01 6.057623e-01 8.728301e-01 9.965780e-01 1.318337e+00 1.402189e+00 1.592600e+00 1.573921e+00 1.591108e+00 1.500538e+00 1.299613e+00 1.220822e-01 2.567900e-02 6.046291e-02 9.761749e-02 1.369256e-01 1.731782e-01 2.075022e-01 2.458526e-01 2.496807e-01 2.796621e-01 2.708004e-01 2.607507e-01 2.228518e-01 1.727777e-02
<GCONST> 9.362764e+01
<MIXTURE> 4 9.389637e-02
<MEAN> 39
 1.569530e+00 -2.821742e+00 4.490673e+00 -1.893146e+00 -7.371461e+00 -6.995952e+00 -1.447787e+00 3.646052e+00 -3.048120e+00 1.063833e+00 2.475563e-01 6.699174e+00 7.647571e+00 2.105781e-01 -1.274658e-01 -4.927109e-01 1.242181e-01 5.305439e-01 -7.123297e-02 -4.429457e-01 3.335356e-01 4.231599e-01 -1.950187e-01 -4.431452e-01 1.568419e-01 -1.031974e-01 2.463926e-02 1.879395e-01 -3.788354e-02 3.219277e-02 1.243179e-01 1.392939e-01 -1.575729e-01 -3.242420e-01 1.115165e-01 9.929465e-02 -3.246719e-02 -2.217765e-01 -1.113778e-01
<VARIANCE> 39
 1.430316e+01 2.198451e+01 3.596030e+01 3.543269e+01 4.512104e+01 4.717700e+01 5.186224e+01 5.449643e+01 6.816966e+01 7.871434e+01 9.722590e+01 1.158698e+02 1.591005e+01 3.162785e-01 6.266492e-01 1.268660e+00 1.130044e+00 1.842897e+00 1.701201e+00 2.375831e+00 2.239073e+00 2.577341e+00 2.304312e+00 2.375467e+00 2.046914e+00 1.938490e-01 5.032419e-02 9.689572e-02 1.582285e-01 2.010224e-01 2.495606e-01 2.909833e-01 3.167046e-01 3.842240e-01 3.736624e-01 3.986963e-01 3.784257e-01 3.519357e-01 3.403800e-02
<GCONST> 1.033499e+02
<MIXTURE> 5 1.080827e-01
<MEAN> 39
 3.970310e+00 -2.591574e+00 -4.295122e+00 -5.028331e+00 3.986697e+00 7.465935e-01 -7.430106e+00 2.687446e+00 3.660821e+00 6.648871e-01 -3.915135e+00 -2.694018e-01 7.103641e+00 3.587085e-02 7.522389e-02 -8.302082e-02 -8.449844e-02 9.573152e-02 1.155750e-01 -1.018203e-01 -1.681480e-01 -6.145576e-02 5.857948e-02 7.940021e-02 -7.789224e-02 -7.618838e-02 -3.687876e-02 -2.037278e-02 -1.697239e-02 -5.528382e-02 -2.253741e-01 -1.153403e-01 -1.147881e-02 -1.716146e-01 -1.623404e-01 -7.531208e-02 8.704437e-03 -3.600525e-02 -4.466821e-02
<VARIANCE> 39
 1.058081e+01 1.885590e+01 2.310412e+01 3.139266e+01 4.086267e+01 6.077221e+01 6.950038e+01 5.422679e+01 5.676066e+01 6.605421e+01 7.197977e+01 7.983636e+01 1.180321e+01 1.786213e-01 4.098426e-01 6.159028e-01 8.353859e-01 1.133050e+00 1.273000e+00 1.355455e+00 1.501096e+00 1.505111e+00 1.400305e+00 1.433185e+00 1.321635e+00 1.054536e-01 2.614746e-02 5.950631e-02 9.101189e-02 1.259601e-01 1.487186e-01 1.838895e-01 2.234333e-01 2.227923e-01 2.389464e-01 2.299189e-01 2.209986e-01 2.065921e-01 1.336787e-02
<GCONST> 8.806147e+01
<MIXTURE> 6 7.275716e-02
<MEAN> 39
 4.744816e+00 1.573356e-01 9.067976e-01 1.643131e+00 -2.427378e+00 -7.099230e+00 -1.043732e+01 -5.800425e-01 1.488340e+00 8.864784e-01 -6.236992e+00 -1.197081e+00 5.355579e+00 4.686579e-01 3.977391e-01 -1.005746e+00 -5.826343e-01 1.161712e+00 1.131793e+00 -8.600327e-01 -1.316781e+00 3.648325e-01 1.133809e+00 7.288491e-02 -8.570799e-01 -3.653206e-01 -3.923670e-02 9.317715e-02 1.604185e-01 -1.340658e-01 -1.921825e-01 2.147827e-01 3.934606e-01 -1.707922e-01 -4.494823e-01 -1.567956e-02 4.326954e-01 1.016060e-01 -2.691690e-02
<VARIANCE> 39
 1.326849e+01 2.188239e+01 3.295741e+01 4.322505e+01 3.886780e+01 4.566830e+01 4.584373e+01 5.556167e+01 5.420472e+01 6.022992e+01 6.793800e+01 7.664725e+01 1.702264e+01 2.167403e-01 4.654993e-01 9.921722e-01 1.167030e+00 1.469810e+00 1.833044e+00 1.996536e+00 2.072886e+00 2.610372e+00 2.024024e+00 2.478524e+00 1.923918e+00 1.459584e-01 3.254027e-02 7.645285e-02 1.319620e-01 1.703712e-01 2.405483e-01 2.802655e-01 3.238860e-01 3.870508e-01 3.938316e-01 4.118938e-01 3.488239e-01 3.880808e-01 2.048534e-02
<GCONST> 9.871267e+01
<MIXTURE> 7 1.026487e-01
<MEAN> 39
 2.439068e+00 -2.614167e+00 -2.452827e+00 -5.395605e+00 -4.765932e+00 -2.606880e+00 -6.729599e+00 -9.465755e-01 -1.051205e+00 -2.535455e+00 -5.328074e+00 -2.765508e+00 6.783217e+00 4.849533e-02 3.031930e-02 -9.365652e-02 -2.047942e-02 9.892691e-02 6.150883e-02 -7.181992e-02 -3.428213e-02 6.421345e-02 2.724500e-02 -1.887688e-02 -2.008212e-02 -3.878722e-02 1.050760e-01 1.628054e-01 2.120901e-01 2.334106e-01 2.359230e-01 2.512219e-01 2.632184e-01 2.348898e-01 2.329622e-01 2.216778e-01 2.036982e-01 1.649123e-01 2.913180e-02
<VARIANCE> 39
 1.227994e+01 2.246793e+01 3.821329e+01 3.673260e+01 6.532839e+01 7.086732e+01 7.277147e+01 6.234500e+01 7.080402e+01 6.189045e+01 6.399245e+01 7.276974e+01 1.367853e+01 9.897117e-02 2.400674e-01 4.184479e-01 5.290428e-01 7.268307e-01 8.243670e-01 9.224343e-01 9.803442e-01 1.033879e+00 9.475588e-01 9.024548e-01 8.433201e-01 4.457999e-02 1.290679e-02 3.319788e-02 5.406205e-02 7.533385e-02 1.032636e-01 1.190680e-01 1.308034e-01 1.439102e-01 1.586426e-01 1.508151e-01 1.448812e-01 1.369110e-01 6.035877e-03
<GCONST> 7.719406e+01
<MIXTURE> 8 2.714369e-01
<MEAN> 39
 3.429625e+00 -6.700408e-01 -7.591021e-01 -3.661313e+00 -3.834126e+00 7.281901e-01 -4.321874e+00 -1.355380e+00 1.792603e+00 9.361544e-01 -1.251297e+00 -1.205014e+00 7.433638e+00 1.990964e-02 7.857994e-03 -3.850628e-02 -2.182285e-02 3.187222e-02 3.634547e-02 -3.189510e-02 -2.862983e-02 1.711540e-02 2.283384e-02 2.292930e-03 -2.544968e-02 -1.857277e-02 -1.224541e-02 -1.618215e-02 -2.123673e-02 -2.384490e-02 -3.178836e-02 -4.453383e-02 -3.485172e-02 -2.687593e-02 -3.533567e-02 -3.184428e-02 -2.465515e-02 -1.779960e-02 -7.892068e-03
<VARIANCE> 39
 1.402005e+01 2.460517e+01 4.076187e+01 4.256435e+01 5.594781e+01 7.898591e+01 7.213936e+01 7.142380e+01 7.671274e+01 6.302096e+01 6.856501e+01 6.404478e+01 1.428272e+01 5.219933e-02 1.306626e-01 2.200590e-01 3.005675e-01 4.028721e-01 4.843574e-01 5.185269e-01 5.713513e-01 5.995173e-01 5.901824e-01 5.586007e-01 5.065096e-01 2.492023e-02 8.380179e-03 2.080763e-02 3.439390e-02 5.002609e-02 6.595828e-02 7.950042e-02 8.829983e-02 9.628462e-02 1.036016e-01 1.012142e-01 9.762882e-02 8.917457e-02 3.538805e-03
<GCONST> 6.491937e+01
<STATE> 3
<NUMMIXES> 8
<MIXTURE> 1 1.357826e-01
<MEAN> 39
 3.516795e+00 8.078905e-02 -3.266118e+00 -3.007163e+00 -1.785977e+00 -4.577247e+00 -5.365654e+00 2.470053e+00 5.590608e+00 8.460259e+00 1.109748e+01 1.649454e+01 2.972847e+00 2.969696e-02 2.199982e-02 -7.384986e-02 -5.700428e-04 7.689305e-02 1.209179e-02 -6.373606e-02 -3.795509e-04 5.731093e-02 3.028240e-02 -1.138690e-02 -2.375446e-02 -4.407678e-02 5.378884e-03 1.558286e-02 2.428278e-02 1.243178e-02 -5.793730e-04 1.967830e-02 6.458450e-03 -1.966292e-02 -4.044815e-03 2.162336e-03 -3.197425e-02 -7.350851e-02 -1.162145e-03
<VARIANCE> 39
 7.260521e+00 1.548336e+01 2.801368e+01 2.215163e+01 4.663505e+01 3.946975e+01 5.188624e+01 4.831246e+01 6.288000e+01 9.591064e+01 7.535242e+01 6.297729e+01 1.252022e+01 1.314396e-01 3.316386e-01 5.557091e-01 6.940485e-01 8.647087e-01 8.774155e-01 1.020074e+00 1.204122e+00 1.182483e+00 1.234508e+00 1.218005e+00 1.121932e+00 5.900874e-02 2.321560e-02 5.963784e-02 9.873355e-02 1.309469e-01 1.536349e-01 1.591114e-01 1.840269e-01 2.140096e-01 2.090072e-01 2.148356e-01 2.117775e-01 1.960984e-01 8.783944e-03
<GCONST> 8.268007e+01
<MIXTURE> 2 1.771714e-01
<MEAN> 39
 4.303607e+00 4.241829e+00 3.213336e+00 2.130889e+00 -3.839258e+00 -3.573633e+00 -3.625964e+00 -3.484562e+00 -2.069317e+00 1.750284e-01 -3.821851e-01 4.507304e-02 2.192717e-01 1.840105e-02 6.359248e-02 -6.662049e-02 7.775392e-03 9.324987e-02 5.282835e-02 1.952137e-02 -4.380259e-02 -3.126595e-02 -4.352011e-02 -4.980946e-06 2.008011e-02 -9.616125e-02 -8.587612e-03 -1.656826e-02 -1.446409e-02 -7.992539e-03 3.642837e-02 -2.299438e-03 -3.450255e-02 2.399816e-02 5.263041e-02 9.749749e-03 -2.537822e-02 4.702822e-03 8.225488e-03
<VARIANCE> 39
 1.119239e+01 1.733375e+01 2.860132e+01 3.225990e+01 4.245519e+01 4.142662e+01 4.098214e+01 3.917074e+01 3.792307e+01 4.101224e+01 4.619646e+01 4.654279e+01 1.091463e+01 2.121190e-01 4.474812e-01 7.028385e-01 8.979899e-01 1.162377e+00 1.314482e+00 1.492020e+00 1.601944e+00 1.662284e+00 1.584679e+00 1.525469e+00 1.379592e+00 1.784851e-01 3.617171e-02 7.373148e-02 1.101122e-01 1.513889e-01 2.015363e-01 2.291332e-01 2.587726e-01 2.817378e-01 2.794262e-01 2.804723e-01 2.665992e-01 2.444788e-01 2.461595e-02
<GCONST> 8.981226e+01
<MIXTURE> 3 1.696543e-01
<MEAN> 39
 4.213974e+00 3.460595e+00 4.741076e+00 3.324364e+00 -6.779682e+00 -5.438356e+00 -2.429397e+00 -1.450562e+00 -2.544775e+00 -8.300120e-01 -2.808223e-01 1.257415e-01 2.031383e+00 2.364544e-02 2.951949e-03 -5.201428e-02 3.022430e-03 6.744941e-02 -4.672530e-04 -5.769479e-02 5.676613e-03 5.895168e-02 -9.795697e-03 -4.555967e-02 -9.520796e-03 -3.733962e-02 2.748922e-03 6.022602e-03 -2.091517e-02 -9.025594e-03 4.155634e-02 9.276746e-03 -4.341974e-02 -2.224042e-02 3.692235e-02 1.776631e-02 -1.533399e-02 -6.772710e-03 -5.212809e-03
<VARIANCE> 39
 8.439323e+00 1.444814e+01 2.584370e+01 3.330360e+01 4.074128e+01 4.201178e+01 4.730573e+01 3.911055e+01 3.581189e+01 4.556750e+01 5.402690e+01 4.607367e+01 9.131800e+00 4.567733e-02 1.215229e-01 2.345644e-01 2.934232e-01 4.333442e-01 4.825644e-01 5.758676e-01 6.222888e-01 6.535612e-01 6.651735e-01 6.327181e-01 5.712412e-01 2.559870e-02 7.907282e-03 2.184347e-02 3.853092e-02 5.438421e-02 7.601207e-02 8.945920e-02 1.036350e-01 1.139820e-01 1.174529e-01 1.203733e-01 1.154445e-01 1.058639e-01 3.614455e-03
<GCONST> 6.111111e+01
<MIXTURE> 4 8.147224e-02
<MEAN> 39
 4.034423e+00 1.204268e-01 -4.303545e+00 -3.666836e+00 2.396278e-02 -2.997856e+00 -6.859015e+00 4.981718e+00 1.091435e+01 1.413714e+01 1.419789e+01 1.526701e+01 4.732628e+00 7.274457e-03 -3.614479e-03 -2.272819e-02 -2.610426e-03 2.904492e-02 1.134472e-02 -1.589491e-02 -1.348167e-02 1.375976e-02 1.648316e-03 -2.144120e-03 -7.559231e-03 -9.337815e-03 -7.880133e-03 -6.411425e-03 -1.195639e-02 -1.463270e-02 -1.616225e-02 -1.450924e-02 1.443178e-03 -1.028340e-02 -8.880217e-03 -1.170311e-02 -6.175400e-03 -5.018880e-03 -3.583653e-03
<VARIANCE> 39
 9.172160e+00 1.256673e+01 2.904220e+01 2.164828e+01 4.844805e+01 3.815567e+01 5.964052e+01 6.359294e+01 1.045276e+02 9.804810e+01 6.456705e+01 7.608965e+01 1.208198e+01 5.061332e-02 1.338415e-01 2.199121e-01 2.928110e-01 3.372375e-01 3.444544e-01 3.916444e-01 4.480012e-01 4.423788e-01 4.468963e-01 4.303536e-01 4.276244e-01 1.744319e-02 8.865118e-03 2.342602e-02 3.861695e-02 5.317796e-02 6.040345e-02 6.300518e-02 7.520670e-02 8.812880e-02 8.487606e-02 8.661987e-02 8.287577e-02 8.355939e-02 2.765089e-03
<GCONST> 5.883284e+01
<MIXTURE> 5 1.211903e-01
<MEAN> 39
 6.782795e+00 6.616324e+00 9.741392e-01 5.568139e-01 -4.712104e-01 2.217437e+00 -4.585900e+00 -7.930300e+00 -2.519763e+00 4.031475e+00 5.745128e+00 3.114174e+00 -8.078414e-01 1.039726e-02 1.492067e-02 1.279785e-04 -2.773437e-02 -2.517013e-02 3.409957e-02 6.023854e-02 1.624366e-03 -5.259758e-02 -3.365425e-02 2.618944e-02 4.060744e-02 -2.707418e-02 -1.105124e-02 -1.658894e-02 1.131832e-02 2.038394e-02 -1.806980e-02 -5.720164e-02 -9.902983e-03 5.432499e-02 2.596489e-02 -2.922341e-02 -4.831284e-02 -9.120378e-03 2.677255e-03
<VARIANCE> 39
 7.905997e+00 1.162560e+01 1.420911e+01 2.345858e+01 2.120979e+01 3.464636e+01 3.304485e+01 3.430252e+01 3.919430e+01 3.139319e+01 3.129660e+01 3.364499e+01 5.744403e+00 4.759474e-02 1.363474e-01 2.202019e-01 3.434204e-01 4.179696e-01 5.511457e-01 6.321667e-01 6.781074e-01 7.162752e-01 7.007126e-01 6.686115e-01 6.254819e-01 3.101924e-02 8.624418e-03 2.563169e-02 4.097010e-02 6.497665e-02 8.191102e-02 1.048672e-01 1.186476e-01 1.348205e-01 1.374451e-01 1.356907e-01 1.276295e-01 1.196010e-01 4.772041e-03
<GCONST> 5.974616e+01
<MIXTURE> 6 5.207891e-02
<MEAN> 39
 3.218606e+00 2.855245e-01 -5.460910e+00 -3.806193e+00 -2.877959e-01 1.780796e+00 3.990934e+00 1.634711e+01 2.429406e+01 1.973477e+01 7.600296e+00 -8.946705e+00 5.162948e+00 1.090260e-02 1.328122e-02 -3.599054e-02 1.018337e-02 2.069351e-02 -2.152465e-03 -7.589858e-03 4.214049e-03 3.345580e-03 -4.884797e-03 3.054159e-03 -9.176424e-03 -2.077715e-02 -5.802397e-04 -1.625910e-03 -2.670433e-03 -3.917574e-04 -8.857353e-04 -1.071967e-02 -1.653795e-02 -3.227634e-02 -4.499998e-02 -1.208819e-02 2.997843e-02 7.095837e-02 -3.701616e-03
<VARIANCE> 39
 1.575510e+01 1.928809e+01 3.599826e+01 2.369720e+01 5.438141e+01 4.935477e+01 7.109023e+01 6.151526e+01 4.783831e+01 7.475892e+01 1.394032e+02 1.465472e+02 1.804332e+01 1.463805e-01 3.629940e-01 5.280923e-01 6.048795e-01 6.807729e-01 7.268128e-01 9.590100e-01 9.704548e-01 1.042472e+00 1.068856e+00 1.262382e+00 1.597822e+00 6.287867e-02 2.584389e-02 6.618442e-02 9.560194e-02 1.093175e-01 1.231303e-01 1.323876e-01 1.697540e-01 1.657801e-01 1.849617e-01 1.836457e-01 2.056627e-01 2.191706e-01 9.295705e-03
<GCONST> 8.483321e+01
<MIXTURE> 7 1.822044e-01
<MEAN> 39
 5.291962e+00 3.808970e+00 1.220593e+00 2.507151e+00 -2.005195e+00 -5.902845e+00 -8.106416e+00 -1.952721e+00 1.659394e+00 5.714497e-01 -4.103112e+00 -1.589044e+00 1.098344e+00 7.485818e-02 9.185790e-02 -1.679809e-01 -1.243641e-01 2.126505e-01 2.341803e-01 -1.259599e-01 -2.726568e-01 2.952518e-02 2.134663e-01 4.128354e-02 -1.780241e-01 -9.247284e-02 -1.566857e-02 9.939711e-04 3.718231e-02 -2.626069e-02 -5.920424e-02 3.905500e-02 1.115009e-01 -2.754474e-02 -1.271791e-01 -2.715491e-02 1.006245e-01 4.571719e-02 -1.211872e-03
<VARIANCE> 39
 8.429619e+00 1.425897e+01 1.736503e+01 2.651847e+01 2.412033e+01 3.591863e+01 4.172635e+01 3.600996e+01 3.717937e+01 4.568436e+01 4.984649e+01 4.368584e+01 8.892252e+00 8.018478e-02 2.056854e-01 3.806895e-01 5.105899e-01 6.730134e-01 8.290756e-01 9.350642e-01 1.039255e+00 1.091243e+00 1.052147e+00 1.079607e+00 9.407927e-01 4.875216e-02 1.253291e-02 3.428918e-02 5.871975e-02 8.496630e-02 1.109521e-01 1.385145e-01 1.594871e-01 1.774639e-01 1.871746e-01 1.914333e-01 1.819660e-01 1.676207e-01 6.347921e-03
<GCONST> 7.209284e+01
<MIXTURE> 8 8.044589e-02
<MEAN> 39
 4.469337e+00 1.080712e-01 -8.174731e-01 -2.864578e+00 -9.226039e-01 -2.425858e+00 -7.180009e+00 -1.348782e+00 2.467204e+00 6.324481e+00 1.987983e+00 2.545648e+00 4.247031e+00 2.069436e-01 4.671354e-01 -3.767767e-01 -2.097964e-01 3.380667e-01 5.190509e-01 6.303145e-03 -6.847728e-01 -3.694578e-01 3.434076e-02 3.520369e-01 -5.424516e-02 -3.742921e-01 -1.061313e-01 1.488201e-01 1.229537e-01 1.567885e-01 -1.015814e-01 -3.646322e-02 2.865027e-01 4.909510e-02 -1.187938e-01 -2.539018e-01 -1.023349e-02 2.373320e-02 -1.280682e-01
<VARIANCE> 39
 2.122192e+01 2.904647e+01 5.368032e+01 4.935630e+01 6.125581e+01 6.395806e+01 7.857702e+01 8.714720e+01 1.162517e+02 1.042042e+02 1.243055e+02 1.333755e+02 2.385554e+01 7.119397e-01 1.189104e+00 1.623560e+00 2.292671e+00 2.581214e+00 3.253536e+00 2.903975e+00 3.586844e+00 3.869809e+00 3.701161e+00 3.745725e+00 3.848781e+00 8.420565e-01 1.386551e-01 1.931316e-01 2.793788e-01 3.253801e-01 4.643673e-01 4.776667e-01 5.599592e-01 6.017136e-01 6.251181e-01 6.547755e-01 6.072716e-01 6.485186e-01 1.052521e-01
<GCONST> 1.234673e+02
<STATE> 4
<NUMMIXES> 8
<MIXTURE> 1 4.957105e-03
<MEAN> 39
 -3.558275e+00 -7.043828e+00 -4.493988e+00 7.706360e+00 6.654345e+00 5.418291e+00 8.978868e+00 1.387680e+00 -1.218954e+00 2.620405e+00 2.439767e+01 1.930568e+01 1.279660e+01 2.232634e-03 -3.060058e-03 -5.152139e-04 -6.098825e-03 2.154979e-02 1.354512e-02 -8.951676e-03 -5.839122e-03 -1.378103e-02 -1.300126e-02 1.892674e-02 2.317205e-02 -1.125935e-02 2.617875e-03 -6.903631e-04 1.457741e-03 -1.254701e-02 -3.282684e-03 -9.199671e-03 -1.112357e-02 1.216300e-02 7.433787e-03 5.733842e-04 -1.179306e-02 -1.966142e-03 -2.648597e-03
<VARIANCE> 39
 8.501909e+00 1.852120e+01 2.119996e+01 2.392253e+01 5.868574e+01 3.090030e+01 3.683655e+01 2.743827e+01 5.724232e+01 5.272167e+01 4.595404e+01 7.677461e+01 1.664821e+01 1.658182e-01 3.334374e-01 4.066040e-01 3.808904e-01 3.554656e-01 4.141344e-01 4.036177e-01 4.313565e-01 5.166501e-01 6.030086e-01 6.333480e-01 4.654419e-01 4.853247e-02 3.293965e-02 6.409775e-02 7.667623e-02 7.289448e-02 6.746029e-02 7.498494e-02 7.785362e-02 7.970139e-02 9.542579e-02 1.156715e-01 1.135485e-01 8.669526e-02 8.702013e-03
<GCONST> 6.695433e+01
<MIXTURE> 2 8.561655e-02
<MEAN> 39
 6.316898e+00 3.362839e+00 -6.561925e+00 -6.349436e+00 -8.765274e-01 -1.519208e+00 -9.281954e+00 -6.150337e+00 -2.455215e+00 -1.910064e+00 -5.560883e+00 -5.462327e+00 8.908198e-01 1.048912e-02 2.355688e-02 -2.091755e-02 -3.024176e-02 6.631156e-03 2.336390e-02 7.615747e-03 -5.322046e-02 -5.212949e-02 -2.590364e-02 3.376201e-02 -1.861079e-02 -5.146800e-02 9.670459e-02 1.529131e-01 2.096796e-01 2.263447e-01 2.304811e-01 2.675730e-01 2.762749e-01 2.379803e-01 2.194234e-01 2.241281e-01 2.265341e-01 1.957357e-01 2.952189e-02
<VARIANCE> 39
 8.355568e+00 1.824631e+01 2.181398e+01 3.295428e+01 3.401286e+01 3.793467e+01 4.694048e+01 5.513292e+01 5.883911e+01 6.061130e+01 5.817875e+01 6.209059e+01 1.487949e+01 8.616316e-02 2.312918e-01 3.761814e-01 5.257646e-01 6.943865e-01 8.488460e-01 9.105226e-01 9.944022e-01 1.027816e+00 9.867887e-01 9.589623e-01 8.833879e-01 4.740989e-02 1.185827e-02 3.294925e-02 5.721206e-02 8.429696e-02 1.117103e-01 1.267660e-01 1.443617e-01 1.634522e-01 1.704859e-01 1.656381e-01 1.603863e-01 1.524386e-01 6.228875e-03
<GCONST> 7.446695e+01
<MIXTURE> 3 1.842833e-01
<MEAN> 39
 8.185429e+00 1.017785e+01 2.413232e-01 8.385323e-01 -1.389709e+00 -1.198350e+00 -5.094173e+00 -7.024704e+00 -4.081151e+00 -4.233756e-01 -1.099950e+00 -1.922005e+00 -4.484436e+00 -1.196101e-02 1.278464e-02 1.929790e-02 2.534051e-02 5.503498e-03 -4.784375e-03 2.276961e-02 4.274583e-04 -2.245058e-02 -3.324745e-02 -1.286364e-02 -3.149529e-03 -5.999802e-02 -1.071931e-02 -3.046803e-02 -1.950363e-02 -2.567553e-02 1.229790e-02 6.959456e-03 -3.566507e-02 -1.344099e-02 4.829687e-03 2.630715e-03 -1.292915e-02 -1.548721e-02 9.389927e-03
<VARIANCE> 39
 8.006066e+00 1.338806e+01 3.186851e+01 3.417712e+01 3.512077e+01 3.530745e+01 4.678342e+01 4.300434e+01 4.994078e+01 5.333587e+01 5.486949e+01 5.582441e+01 1.372564e+01 6.704085e-02 1.794814e-01 3.274276e-01 4.634637e-01 6.150058e-01 7.194126e-01 8.183008e-01 9.104046e-01 9.478369e-01 9.618917e-01 9.317157e-01 8.401891e-01 4.510017e-02 1.160970e-02 3.340096e-02 6.041006e-02 8.599877e-02 1.179049e-01 1.372779e-01 1.570569e-01 1.760863e-01 1.833707e-01 1.854780e-01 1.790663e-01 1.618164e-01 6.524652e-03
<GCONST> 7.297571e+01
<MIXTURE> 4 5.906790e-02
<MEAN> 39
 4.800364e+00 3.180895e+00 4.794391e-01 -1.346680e+00 -2.139364e+00 -2.098246e+00 -5.591601e+00 -4.645014e+00 -1.958560e+00 1.705495e+00 -5.055040e-01 -3.033388e-01 1.195190e+00 -7.503972e-02 5.434948e-01 -1.175599e-01 2.199830e-01 3.750791e-01 2.128716e-01 3.705846e-01 -3.485339e-01 -1.963709e-01 -3.821528e-01 5.089229e-02 -9.428014e-02 -5.128243e-01 -1.472976e-01 3.310204e-02 8.035930e-02 1.254066e-01 2.018793e-02 -3.230169e-02 1.506117e-01 1.576457e-01 7.039679e-02 -5.999438e-02 -2.232980e-02 1.128741e-02 -6.118536e-02
<VARIANCE> 39
 2.549132e+01 3.563900e+01 6.032970e+01 5.675842e+01 6.100697e+01 5.941788e+01 6.616310e+01 6.450043e+01 7.005226e+01 7.009119e+01 8.188237e+01 7.938703e+01 3.531245e+01 9.849630e-01 1.502541e+00 1.726881e+00 2.407088e+00 2.744923e+00 2.837338e+00 3.064472e+00 3.322128e+00 3.447309e+00 3.188802e+00 3.160545e+00 3.186187e+00 1.286436e+00 1.777836e-01 2.108644e-01 2.930976e-01 3.644237e-01 4.351329e-01 5.058963e-01 5.110962e-01 5.668461e-01 5.250835e-01 5.408114e-01 5.094202e-01 4.703544e-01 1.382048e-01
<GCONST> 1.222339e+02
<MIXTURE> 5 7.189739e-02
<MEAN> 39
 7.039907e+00 3.963609e+00 -7.370931e+00 -6.299459e+00 8.707774e-01 -7.960092e-01 -8.618445e+00 -1.134099e+00 9.064980e+00 1.725265e+01 1.583218e+01 1.497478e+01 8.397917e-01 -1.925101e-02 2.818682e-02 -2.109896e-02 -4.498287e-03 -1.762584e-02 3.235028e-02 7.931139e-03 -7.487171e-02 -5.996628e-02 -1.662172e-02 3.166746e-02 -3.991500e-02 -5.223151e-02 -8.512824e-04 -2.694215e-03 3.506917e-02 3.576164e-02 -5.365869e-03 -1.004362e-03 2.920148e-02 2.833352e-02 -1.235166e-02 -5.809582e-02 -6.813584e-02 -4.682532e-02 1.005428e-03
<VARIANCE> 39
 1.261773e+01 2.006046e+01 2.623074e+01 2.692208e+01 4.101501e+01 4.404121e+01 6.465268e+01 7.857822e+01 8.715108e+01 7.176250e+01 6.142501e+01 5.384516e+01 2.055692e+01 2.274339e-01 5.045450e-01 7.541181e-01 9.589206e-01 1.142481e+00 1.251586e+00 1.297639e+00 1.591535e+00 1.678314e+00 1.673337e+00 1.653346e+00 1.686766e+00 1.270840e-01 4.143510e-02 9.486437e-02 1.461768e-01 1.886207e-01 2.173643e-01 2.364894e-01 2.385475e-01 2.766843e-01 2.814117e-01 2.883875e-01 2.837997e-01 2.841915e-01 1.831158e-02
<GCONST> 9.441509e+01
<MIXTURE> 6 2.539739e-01
<MEAN> 39
 7.624402e+00 5.250687e+00 -4.613282e+00 -5.085600e+00 1.098465e+00 2.461855e+00 -6.529925e+00 -6.046097e+00 -1.874006e+00 1.728629e+00 -7.827592e-01 -2.264074e+00 1.339154e+00 2.530743e-02 9.031487e-02 -1.245962e-02 -5.539908e-02 -1.159279e-02 8.796461e-02 1.225672e-01 -4.828892e-02 -1.362427e-01 -9.146731e-02 6.984436e-02 5.256205e-02 -9.095973e-02 -3.703321e-02 -4.399768e-02 -6.377472e-03 2.516655e-03 -7.612335e-02 -1.147507e-01 -4.889772e-02 -9.979839e-03 -2.381486e-02 -6.908953e-02 -6.732703e-02 -2.132245e-02 -9.400853e-03
<VARIANCE> 39
 1.020763e+01 2.049601e+01 2.182577e+01 3.625362e+01 3.539811e+01 4.300134e+01 5.616292e+01 5.816009e+01 7.113177e+01 6.747769e+01 6.591542e+01 6.417513e+01 1.402323e+01 1.441638e-01 3.686602e-01 5.600096e-01 7.947524e-01 9.723264e-01 1.197353e+00 1.340608e+00 1.443672e+00 1.519675e+00 1.499050e+00 1.441105e+00 1.310230e+00 1.069455e-01 2.176324e-02 5.445012e-02 8.929182e-02 1.265623e-01 1.603534e-01 1.904327e-01 2.217451e-01 2.521461e-01 2.564041e-01 2.520957e-01 2.380314e-01 2.198241e-01 1.347208e-02
<GCONST> 8.728220e+01
<MIXTURE> 7 1.007230e-01
<MEAN> 39
 8.116714e+00 5.465505e+00 -7.017010e+00 -5.373749e+00 -5.899463e-01 -6.963738e-01 -8.315144e+00 -3.258250e+00 8.479691e+00 1.592384e+01 1.471812e+01 1.550515e+01 -5.487561e-01 4.360447e-03 -1.948367e-03 -9.094866e-03 -4.443330e-03 3.672387e-04 7.977913e-04 -4.816859e-03 1.988840e-03 -3.379744e-03 -1.142098e-03 1.471028e-03 -4.833921e-03 -2.499947e-02 -1.168414e-02 -8.938535e-03 -6.943753e-03 -1.673815e-02 -1.073117e-02 -8.104841e-03 -8.079881e-03 -5.348639e-03 -6.084006e-03 -9.602726e-03 -1.320299e-02 -2.192940e-02 -1.738554e-03
<VARIANCE> 39
 8.047909e+00 1.243533e+01 2.057973e+01 1.695020e+01 3.078638e+01 3.082681e+01 4.587836e+01 6.989851e+01 8.038258e+01 6.064462e+01 5.081571e+01 3.452221e+01 1.727213e+01 6.927965e-02 2.120368e-01 2.956912e-01 4.234723e-01 4.940419e-01 5.390639e-01 5.554437e-01 6.949343e-01 6.531250e-01 6.548595e-01 6.662323e-01 6.062552e-01 2.805036e-02 1.212683e-02 3.737853e-02 5.329172e-02 7.853235e-02 9.229439e-02 1.029550e-01 1.079842e-01 1.337992e-01 1.267338e-01 1.282344e-01 1.280092e-01 1.183483e-01 4.234288e-03
<GCONST> 6.613152e+01
<MIXTURE> 8 2.394808e-01
<MEAN> 39
 7.435481e+00 4.270588e+00 -4.589699e+00 -4.034621e+00 7.967915e-01 1.740773e+00 -7.055372e+00 -4.714726e+00 -2.125873e-01 1.531368e+00 -2.408918e+00 -3.275867e+00 1.940399e+00 1.355607e-02 1.886825e-02 -9.749786e-03 -1.975454e-02 1.455895e-02 3.653391e-02 1.327696e-02 -1.890869e-02 -2.169616e-02 4.508579e-03 2.758057e-02 3.066813e-03 -2.832689e-02 -1.184453e-02 -7.719451e-03 -1.224321e-02 -1.877981e-02 -3.120318e-02 -3.498492e-02 -1.663887e-02 -2.634430e-02 -3.031726e-02 -2.498577e-02 -1.472787e-02 -1.553976e-02 -7.894551e-03
<VARIANCE> 39
 8.809916e+00 2.008196e+01 1.734584e+01 3.002879e+01 2.895789e+01 3.882709e+01 5.274348e+01 5.539305e+01 6.563348e+01 6.368684e+01 6.101876e+01 4.734113e+01 1.204448e+01 4.405633e-02 1.225543e-01 1.983064e-01 2.942864e-01 3.760497e-01 4.673646e-01 5.157605e-01 5.713259e-01 5.954063e-01 5.915397e-01 5.554662e-01 5.169984e-01 2.373047e-02 7.650282e-03 2.148527e-02 3.448427e-02 5.203365e-02 6.833094e-02 8.388176e-02 9.370098e-02 1.042540e-01 1.104629e-01 1.102800e-01 1.029987e-01 9.579124e-02 3.537574e-03
<GCONST> 6.035553e+01
<STATE> 5
<NUMMIXES> 8
<MIXTURE> 1 1.918737e-01
<MEAN> 39
 5.578547e-01 -4.262489e+00 -1.866810e+00 -3.614781e+00 -8.085410e-01 1.316907e+00 -5.934088e-01 2.154777e+00 4.496837e+00 1.181630e+01 1.977849e+01 1.726641e+01 7.114884e+00 1.470730e-02 9.832104e-03 -2.913679e-03 1.757837e-02 2.320823e-02 7.230973e-03 -1.366489e-02 -5.904810e-04 9.001289e-03 1.710124e-02 -5.598982e-03 -6.337996e-03 -1.891894e-02 -1.149808e-02 -1.560035e-02 -2.746752e-02 -2.591938e-02 -2.034943e-02 -1.999449e-02 -1.198553e-02 -3.306566e-03 4.638440e-03 -1.364541e-03 -4.629290e-03 -2.726273e-03 -7.349846e-03
<VARIANCE> 39
 1.188238e+01 2.337725e+01 3.099792e+01 3.879767e+01 6.954050e+01 5.353254e+01 6.274634e+01 5.557088e+01 8.250861e+01 8.794727e+01 7.920524e+01 4.821551e+01 1.338878e+01 9.293001e-02 2.311601e-01 3.642233e-01 4.547864e-01 5.096033e-01 4.881940e-01 5.974560e-01 6.620044e-01 6.184242e-01 6.669966e-01 6.590545e-01 6.119369e-01 3.115891e-02 1.673195e-02 4.150852e-02 6.444687e-02 8.290718e-02 8.985409e-02 8.966157e-02 1.102812e-01 1.240214e-01 1.134521e-01 1.224213e-01 1.204151e-01 1.137745e-01 4.862824e-03
<GCONST> 7.177689e+01
<MIXTURE> 2 1.261603e-01
<MEAN> 39
 2.715338e+00 6.446535e+00 3.255868e+00 3.597823e+00 -8.745073e-01 -3.881912e+00 -4.793242e+00 -5.583016e+00 -3.364745e+00 -2.118473e+00 -2.872177e+00 -2.666784e+00 -2.190335e+00 -1.365309e+00 4.153334e-01 1.726123e-01 1.002272e+00 1.001962e+00 2.977370e-01 1.039626e+00 2.562973e-01 2.486285e-01 -1.764172e-01 6.403910e-02 -1.107119e-01 -1.056206e+00 -2.193341e-01 -2.825803e-01 -1.859898e-01 -2.589755e-01 -3.218269e-02 1.849595e-01 1.055708e-01 2.430026e-01 1.693908e-01 2.703096e-01 1.860117e-01 1.724819e-01 1.260345e-01
<VARIANCE> 39
 2.922979e+01 2.882545e+01 4.033881e+01 3.589165e+01 5.195895e+01 4.711622e+01 4.457290e+01 4.392419e+01 4.226976e+01 4.560141e+01 4.707469e+01 4.641607e+01 3.175565e+01 2.217361e+00 2.673692e+00 2.437069e+00 2.879528e+00 3.347812e+00 3.427540e+00 3.497110e+00 3.802941e+00 3.419758e+00 3.566505e+00 3.356832e+00 3.197280e+00 1.960698e+00 2.710798e-01 3.281458e-01 3.100061e-01 4.068316e-01 5.474128e-01 5.319964e-01 5.582156e-01 5.732769e-01 5.557900e-01 5.791189e-01 5.335280e-01 5.000282e-01 2.283639e-01
<GCONST> 1.232944e+02
<MIXTURE> 3 1.806696e-01
<MEAN> 39
 5.053802e+00 7.045082e+00 2.439924e+00 3.211963e+00 -4.310599e-01 -1.877374e+00 -3.781503e+00 -6.268549e+00 -4.581848e+00 -2.909190e+00 -2.722625e+00 -3.491574e+00 -4.851636e+00 -2.453120e-01 -2.864193e-02 1.966924e-01 2.959551e-01 2.266721e-01 5.889190e-02 1.551116e-01 5.679393e-02 1.601127e-02 -6.314877e-02 -6.595808e-02 -2.262374e-02 -2.675380e-01 -3.848140e-02 -4.368751e-02 -3.646196e-02 -3.792563e-02 3.329813e-02 5.179105e-02 2.253272e-02 2.959756e-02 3.477860e-02 4.364775e-02 4.220061e-02 3.605347e-02 1.176824e-02
<VARIANCE> 39
 1.480035e+01 2.544747e+01 2.832787e+01 3.051507e+01 3.849578e+01 3.512909e+01 4.030326e+01 4.317747e+01 4.204922e+01 4.011836e+01 4.192930e+01 4.066303e+01 2.104697e+01 2.546780e-01 4.077270e-01 6.327503e-01 8.922810e-01 1.169784e+00 1.248405e+00 1.440555e+00 1.498304e+00 1.521710e+00 1.505219e+00 1.463198e+00 1.332668e+00 1.799218e-01 3.702455e-02 6.666196e-02 1.059480e-01 1.520831e-01 1.988323e-01 2.257994e-01 2.537818e-01 2.743276e-01 2.762361e-01 2.760732e-01 2.682454e-01 2.439411e-01 2.117988e-02
<GCONST> 8.999794e+01
<MIXTURE> 4 1.017781e-01
<MEAN> 39
 8.250278e+00 6.695371e+00 -3.731636e+00 -7.597588e+00 -2.387275e+00 4.960243e+00 -2.291800e+00 -7.964759e+00 -8.343722e+00 -2.743593e+00 1.982479e+00 2.146909e+00 6.215797e-01 2.117054e-03 1.196471e-01 1.035760e-01 8.867384e-02 -3.672699e-03 -5.650193e-02 2.599856e-01 9.238461e-02 1.626449e-02 -1.747913e-01 -1.583804e-01 -7.555484e-02 -2.751390e-01 -1.011363e-01 -1.426192e-01 7.576609e-02 2.573852e-01 1.668454e-01 -2.270343e-01 -2.793851e-01 7.160243e-02 3.784561e-01 2.898387e-01 -1.162160e-01 -2.369140e-01 3.016563e-02
<VARIANCE> 39
 1.263338e+01 2.680317e+01 3.010649e+01 5.041319e+01 4.490528e+01 5.073034e+01 4.929709e+01 6.589558e+01 5.519186e+01 6.026632e+01 6.809886e+01 6.795094e+01 2.016152e+01 3.401978e-01 7.959006e-01 1.093723e+00 1.795195e+00 1.928258e+00 2.215804e+00 2.583379e+00 2.585845e+00 2.807696e+00 3.077101e+00 2.688478e+00 2.608650e+00 4.188861e-01 5.653957e-02 1.185140e-01 1.798374e-01 2.529076e-01 3.119695e-01 3.828492e-01 3.892588e-01 4.634091e-01 4.778470e-01 4.194304e-01 4.702375e-01 4.357298e-01 5.098969e-02
<GCONST> 1.080485e+02
<MIXTURE> 5 1.780278e-01
<MEAN> 39
 1.316910e+00 -4.525491e+00 -3.450317e+00 -4.372924e+00 1.417714e+00 1.043392e+00 -3.195336e+00 3.040693e+00 5.577564e+00 1.152271e+01 1.768573e+01 1.568213e+01 6.927976e+00 -4.469932e-04 1.671200e-02 -7.609242e-02 -3.795342e-02 1.282438e-02 -1.278635e-02 -1.854273e-02 -1.404442e-02 9.590735e-03 -5.077057e-02 -5.161274e-03 -1.590981e-02 -6.783249e-02 2.345135e-02 3.797953e-02 3.223988e-02 3.214324e-02 -4.438364e-03 -8.443735e-03 3.048839e-03 -4.362461e-03 2.951419e-03 -1.896956e-02 -5.090733e-02 -4.189338e-02 -8.189060e-03
<VARIANCE> 39
 1.225286e+01 2.827106e+01 3.878601e+01 4.393934e+01 8.068305e+01 6.474715e+01 8.196326e+01 6.612341e+01 9.353632e+01 9.626923e+01 9.211271e+01 6.274623e+01 1.654689e+01 2.944403e-01 6.571125e-01 9.735544e-01 1.140606e+00 1.352247e+00 1.356906e+00 1.506817e+00 1.606057e+00 1.792820e+00 1.843094e+00 1.773281e+00 1.601951e+00 1.353487e-01 5.179019e-02 1.150967e-01 1.771704e-01 2.174810e-01 2.294894e-01 2.381784e-01 2.585274e-01 2.763401e-01 2.925307e-01 3.020935e-01 2.886812e-01 2.679486e-01 2.049125e-02
<GCONST> 1.000929e+02
<MIXTURE> 6 6.795173e-02
<MEAN> 39
 5.272093e+00 1.190540e+00 -1.599917e+00 -8.473274e-01 -8.449106e-01 -4.357459e+00 -8.201697e+00 -5.001201e-01 2.398339e+00 -1.203826e+00 -6.011773e+00 -2.815634e+00 2.982268e+00 -4.106070e-01 -1.197977e-01 6.923625e-01 6.292716e-01 -4.080466e-01 -6.129771e-01 6.712157e-01 5.472712e-01 -2.650448e-01 -9.215536e-01 -1.996071e-01 4.149148e-01 -1.180165e-01 -4.528598e-02 1.414590e-01 8.656618e-02 -1.148592e-02 4.354660e-03 2.531043e-01 2.655361e-01 -2.892497e-01 -4.076835e-01 7.978871e-02 3.683322e-01 1.052464e-01 -1.068470e-01
<VARIANCE> 39
 1.235043e+01 2.549542e+01 3.635963e+01 4.009737e+01 4.809126e+01 4.780868e+01 5.417907e+01 5.318253e+01 5.165503e+01 6.101980e+01 5.497759e+01 5.766498e+01 2.191289e+01 3.709922e-01 8.629518e-01 1.261962e+00 1.467129e+00 2.289427e+00 2.359455e+00 2.704574e+00 3.233733e+00 2.929966e+00 2.883475e+00 2.685466e+00 2.318461e+00 4.530083e-01 5.676205e-02 1.134251e-01 1.652350e-01 2.335045e-01 3.291019e-01 3.329719e-01 4.217446e-01 4.200117e-01 4.383717e-01 4.334267e-01 3.846062e-01 3.917868e-01 4.604164e-02
<GCONST> 1.072543e+02
<MIXTURE> 7 7.763112e-02
<MEAN> 39
 5.116821e+00 -2.283027e-01 -3.721509e+00 -5.651250e+00 2.497156e-01 -3.000077e-01 -6.175694e+00 -1.748054e+00 2.671438e+00 7.310063e+00 6.488308e+00 6.089151e+00 3.638234e+00 -3.931711e-01 -9.387091e-02 1.219780e-01 6.696547e-01 -1.458278e-01 -5.817295e-01 4.968443e-01 3.150693e-01 3.518923e-01 -6.571305e-01 -6.066722e-01 -5.674265e-01 -2.511907e-01 -1.976631e-01 7.375992e-02 1.255966e-01 2.394828e-01 -9.856748e-04 -1.277090e-02 1.961540e-01 4.528733e-02 -8.714177e-02 -2.247987e-01 -1.447958e-01 -1.054499e-01 -1.162164e-01
<VARIANCE> 39
 2.256516e+01 3.155996e+01 4.547479e+01 5.069992e+01 6.706563e+01 7.803601e+01 7.541692e+01 8.844382e+01 1.093620e+02 1.001846e+02 1.323922e+02 1.262189e+02 3.039819e+01 1.379181e+00 2.653088e+00 2.510116e+00 3.532289e+00 3.804164e+00 4.619952e+00 4.904398e+00 5.926672e+00 6.313299e+00 6.390692e+00 5.677346e+00 5.598652e+00 2.307123e+00 1.951005e-01 3.161277e-01 3.785198e-01 5.139678e-01 5.982342e-01 7.618606e-01 7.775909e-01 9.285719e-01 1.016934e+00 9.315558e-01 8.985408e-01 8.996298e-01 2.149539e-01
<GCONST> 1.361662e+02
<MIXTURE> 8 7.590760e-02
<MEAN> 39
 7.106631e+00 4.638405e+00 -5.314893e+00 -4.965021e+00 1.924473e+00 2.339389e+00 -8.949355e+00 -8.670729e+00 -1.307703e+00 6.007080e+00 3.566766e+00 1.766676e-02 6.594828e-01 -3.012035e-01 -2.649657e-01 2.009694e-01 4.892883e-01 1.006766e-01 -4.866383e-01 -1.084139e-01 4.575948e-01 5.046287e-01 -2.410950e-01 -6.188684e-01 -4.340444e-01 -1.345626e-01 -1.298612e-01 -6.924346e-02 1.950174e-01 1.776979e-01 -1.437357e-01 -2.250256e-01 2.378762e-01 3.556795e-01 1.648905e-02 -4.214798e-01 -2.895316e-01 9.186691e-02 -1.974398e-02
<VARIANCE> 39
 1.138214e+01 2.136627e+01 2.876420e+01 4.254216e+01 3.274608e+01 4.297861e+01 4.107659e+01 4.772999e+01 5.503706e+01 4.508456e+01 7.202503e+01 8.655290e+01 2.669470e+01 3.734066e-01 8.222893e-01 9.872993e-01 1.490794e+00 1.644550e+00 2.008783e+00 2.134282e+00 2.445957e+00 2.970814e+00 2.613392e+00 2.511250e+00 2.237127e+00 5.591909e-01 5.420584e-02 1.040806e-01 1.497942e-01 2.010434e-01 2.534678e-01 3.082856e-01 3.023627e-01 3.754149e-01 3.824995e-01 3.385816e-01 3.734883e-01 3.672179e-01 4.953693e-02
<GCONST> 1.037564e+02
<TRANSP> 6
 0.000000e+00 1.000000e+00 0.000000e+00 0.000000e+00 0.000000e+00 0.000000e+00
 0.000000e+00 9.231517e-01 7.684828e-02 0.000000e+00 0.000000e+00 0.000000e+00
 0.000000e+00 0.000000e+00 9.195891e-01 8.041090e-02 0.000000e+00 0.000000e+00
 0.000000e+00 0.000000e+00 0.000000e+00 9.339608e-01 6.603917e-02 0.000000e+00
 0.000000e+00 0.000000e+00 0.000000e+00 0.000000e+00 8.716540e-01 1.283461e-01
 0.000000e+00 0.000000e+00 0.000000e+00 0.000000e+00 0.000000e+00 0.000000e+00
<ENDHMM>
