~o
<STREAMINFO> 1 39
<VECSIZE> 39<NULLD><MFCC_D_A_Z_0><DIAGC>
~h "v"
<BEGINHMM>
<NUMSTATES> 5
<STATE> 2
<NUMMIXES> 8
<MIXTURE> 1 7.743728e-02
<MEAN> 39
 2.148938e-01 -6.204885e+00 -3.347634e+00 -1.364889e+00 3.587106e+00 9.629576e-01 5.309299e-01 3.056780e+00 1.006764e+00 1.811799e+00 5.653556e+00 7.768562e+00 8.823711e+00 5.479095e-02 2.534605e-01 -9.572735e-02 1.653147e-01 -1.752059e-02 -7.535755e-02 -2.772749e-02 -3.382622e-01 4.419872e-02 -7.026634e-04 1.568059e-01 -2.969211e-02 -3.287597e-01 5.266048e-02 -1.557017e-02 5.746197e-02 -9.332008e-02 -1.978575e-01 -2.088536e-01 -6.263181e-02 8.582932e-02 1.238943e-01 5.326848e-02 -7.068717e-02 -8.109345e-02 -5.365881e-02
<VARIANCE> 39
 2.165237e+01 2.742905e+01 4.722218e+01 4.501967e+01 7.228117e+01 6.977776e+01 7.686798e+01 5.866420e+01 6.478424e+01 9.348821e+01 1.140290e+02 1.251393e+02 2.696655e+01 5.003313e-01 8.456825e-01 1.136210e+00 1.698535e+00 2.299555e+00 2.079374e+00 2.705620e+00 2.459352e+00 2.650391e+00 2.568429e+00 3.025512e+00 2.552840e+00 4.524005e-01 8.774150e-02 1.479872e-01 2.262908e-01 2.880632e-01 3.515334e-01 3.840076e-01 4.690931e-01 4.494045e-01 4.509175e-01 4.675263e-01 5.163975e-01 4.634089e-01 8.102465e-02
<GCONST> 1.145279e+02
<MIXTURE> 2 1.280605e-01
<MEAN> 39
 3.822488e+00 2.144667e+00 -9.791263e-01 2.675517e+00 8.225191e-02 -3.318880e+00 -7.246417e+00 -5.274744e+00 -2.476372e+00 -5.879267e+00 -6.646183e+00 -5.931123e+00 3.223650e-01 -1.037342e+00 1.972503e+00 5.162727e-01 1.817179e+00 -1.286971e-02 1.770009e-01 1.428740e-01 -1.654373e+00 -1.456182e+00 -9.517244e-01 -3.092374e-01 -9.180038e-01 -1.833915e+00 -2.213140e-01 -4.694394e-01 -1.106321e-01 -5.114124e-01 -1.434618e-01 6.951871e-02 6.442090e-01 8.575108e-01 4.786148e-01 4.508182e-01 3.191000e-01 5.084967e-01 5.323637e-01
<VARIANCE> 39
 1.285744e+01 2.395779e+01 2.602686e+01 2.337536e+01 3.311954e+01 3.340767e+01 3.671277e+01 4.153139e+01 3.874960e+01 3.875793e+01 3.407093e+01 4.189124e+01 1.704727e+01 1.580104e+00 1.834668e+00 2.372292e+00 2.428395e+00 3.286040e+00 3.358759e+00 4.278664e+00 4.374901e+00 4.031366e+00 3.888036e+00 3.478916e+00 3.481022e+00 9.831684e-01 1.893652e-01 2.583906e-01 3.101353e-01 3.509428e-01 4.819374e-01 5.238598e-01 5.760245e-01 6.412618e-01 7.267174e-01 6.488489e-01 5.692981e-01 5.406733e-01 1.814346e-01
<GCONST> 1.177014e+02
<MIXTURE> 3 1.340578e-01
<MEAN> 39
 5.408442e+00 3.430035e+00 -2.047988e+00 -4.966323e-01 3.089186e+00 3.022294e+00 -5.107389e+00 -6.700757e+00 -1.694011e+00 2.001738e+00 8.680328e-01 -2.103331e+00 9.264193e-01 -9.393951e-01 1.140716e+00 1.150021e+00 1.765839e+00 7.454357e-01 -1.071889e-01 8.054489e-01 4.332104e-02 -1.356434e+00 -8.303523e-01 -5.095588e-01 1.811175e-01 -1.404062e+00 -2.453963e-01 -2.282822e-01 -5.620712e-02 -8.358122e-02 -1.977448e-01 -2.010540e-01 1.055847e-01 5.443375e-01 5.096074e-01 -3.758540e-02 -2.412340e-01 -9.748457e-02 2.381957e-01
<VARIANCE> 39
 9.675009e+00 1.472328e+01 1.887946e+01 2.648008e+01 2.001504e+01 3.021369e+01 3.075508e+01 3.315547e+01 3.501922e+01 3.392440e+01 3.252752e+01 3.109673e+01 1.690150e+01 1.053206e+00 1.173311e+00 1.442156e+00 1.961851e+00 2.370806e+00 2.738600e+00 3.025514e+00 3.345582e+00 3.118917e+00 2.895986e+00 2.807478e+00 2.416877e+00 6.547067e-01 1.092423e-01 1.313386e-01 1.722468e-01 2.727585e-01 3.064218e-01 3.296092e-01 3.862841e-01 4.385636e-01 4.055481e-01 4.288382e-01 3.927214e-01 3.346261e-01 7.744212e-02
<GCONST> 1.044314e+02
<MIXTURE> 4 1.338317e-01
<MEAN> 39
 -3.339599e-01 6.643759e+00 2.618691e+00 5.724921e+00 7.939431e-01 -2.014276e+00 -1.178314e+00 -3.163627e+00 -2.447366e+00 -1.939434e+00 -2.135898e+00 -1.834410e+00 -1.249129e+00 -1.975853e+00 8.068133e-01 2.277667e-01 1.304929e+00 1.230646e+00 9.766001e-01 1.151538e+00 3.186414e-01 -1.676421e-01 -1.803077e-01 6.682923e-02 -1.955044e-01 -1.068010e+00 -4.138289e-03 -6.401235e-01 -2.969441e-01 -5.514763e-01 -2.975081e-01 -1.376353e-02 -1.559448e-02 3.201472e-01 3.596776e-01 2.502988e-01 1.381949e-01 1.396362e-01 3.517538e-01
<VARIANCE> 39
 2.977071e+01 2.764564e+01 3.650314e+01 2.673466e+01 4.702868e+01 4.333498e+01 3.755449e+01 3.808315e+01 3.731926e+01 3.674508e+01 3.611024e+01 3.528757e+01 3.092110e+01 2.397064e+00 2.390417e+00 2.583882e+00 2.584949e+00 3.009806e+00 3.558483e+00 3.615125e+00 3.430933e+00 3.530229e+00 3.222988e+00 3.341654e+00 3.093729e+00 2.028266e+00 3.275980e-01 3.188720e-01 4.031305e-01 3.890845e-01 5.615298e-01 5.911886e-01 5.782598e-01 5.990814e-01 6.001942e-01 5.343370e-01 5.371396e-01 4.751823e-01 2.718894e-01
<GCONST> 1.218931e+02
<MIXTURE> 5 1.148894e-01
<MEAN> 39
 6.096476e+00 -1.674990e+00 -3.113808e+00 -9.120898e-01 9.593947e-01 -1.673398e+00 -7.491950e+00 -1.862316e+00 3.492010e+00 9.104351e-01 -2.281737e+00 -4.030245e+00 4.636134e+00 -2.386060e-01 1.849419e+00 7.790350e-01 1.606687e+00 8.193473e-01 2.386053e-01 -3.127745e-01 -2.233087e+00 -1.833141e+00 -3.926243e-01 1.558749e-01 -3.174809e-01 -2.077208e+00 -4.006914e-01 9.982373e-02 1.815554e-01 1.245241e-01 -6.085493e-02 5.415680e-02 6.550917e-01 3.995436e-01 -2.587585e-01 -4.065379e-01 -2.104422e-01 2.086478e-01 -1.238048e-03
<VARIANCE> 39
 1.236150e+01 1.942806e+01 3.050841e+01 3.145961e+01 3.162582e+01 4.265375e+01 4.234857e+01 4.483296e+01 3.954155e+01 4.468874e+01 4.753706e+01 4.585415e+01 1.733459e+01 1.027323e+00 1.554138e+00 2.113799e+00 2.372734e+00 3.761462e+00 3.816679e+00 4.245043e+00 4.254735e+00 4.359668e+00 3.996920e+00 3.625970e+00 3.501484e+00 9.140529e-01 1.373353e-01 1.847818e-01 2.484419e-01 3.222844e-01 4.225116e-01 4.367521e-01 4.528202e-01 5.427482e-01 5.435811e-01 5.112278e-01 5.021510e-01 4.480190e-01 1.227946e-01
<GCONST> 1.155841e+02
<MIXTURE> 6 1.554875e-01
<MEAN> 39
 4.590341e+00 1.706920e+00 2.364158e+00 3.805837e+00 -2.549733e+00 -6.050757e+00 -5.476224e+00 -1.786807e+00 -1.283812e-01 -1.033232e+00 -3.106662e+00 -2.521935e+00 1.301130e+00 -4.115318e-01 1.267375e+00 2.044577e-01 9.258605e-01 1.144632e+00 5.045379e-01 -1.160483e-01 -1.217708e+00 -6.258989e-01 -8.918197e-02 6.938895e-04 -5.161312e-01 -1.265097e+00 -2.118189e-01 -7.707417e-02 -2.094123e-02 -2.953545e-01 -2.232941e-01 1.802349e-01 4.272658e-01 2.894944e-01 -7.652285e-02 -1.005259e-01 3.199445e-02 1.317001e-01 2.100679e-01
<VARIANCE> 39
 9.571762e+00 1.781730e+01 2.269790e+01 1.978600e+01 2.705668e+01 2.281349e+01 2.981013e+01 3.094969e+01 3.346817e+01 3.460480e+01 3.441498e+01 3.728796e+01 1.392563e+01 7.098358e-01 9.807686e-01 1.489762e+00 1.489723e+00 2.488477e+00 2.424802e+00 2.694176e+00 3.018026e+00 2.806550e+00 2.506081e+00 2.549000e+00 2.369293e+00 4.474782e-01 7.389983e-02 1.262590e-01 1.955144e-01 1.963973e-01 2.921671e-01 3.096011e-01 3.447114e-01 3.836044e-01 4.076901e-01 3.943148e-01 3.252895e-01 3.388389e-01 5.991999e-02
<GCONST> 1.010863e+02
<MIXTURE> 7 1.670173e-01
<MEAN> 39
 4.946169e+00 2.303355e+00 -1.814394e+00 -1.197827e+00 -2.113085e-01 -1.026248e+00 -4.618325e+00 -3.469731e+00 -2.515669e-01 2.389038e-02 -8.580605e-01 -1.312982e+00 1.186900e+00 -1.023888e-01 4.445878e-01 2.117012e-01 4.588835e-01 2.268804e-01 1.786731e-02 3.795454e-02 -5.041184e-01 -4.448177e-01 -8.406757e-02 1.066683e-01 -7.958860e-04 -4.861310e-01 -4.498309e-02 -8.886389e-02 3.644041e-02 -1.691893e-03 -4.078937e-02 -3.889096e-02 5.133643e-02 1.797584e-01 8.762744e-02 -3.380247e-02 -9.810606e-02 -4.874515e-03 5.778418e-02
<VARIANCE> 39
 1.685256e+01 2.360477e+01 3.729107e+01 3.527286e+01 4.218479e+01 4.613977e+01 5.185600e+01 5.338209e+01 4.861612e+01 4.878939e+01 4.904115e+01 5.939117e+01 2.318109e+01 2.680141e-01 5.054176e-01 7.889662e-01 1.093157e+00 1.273713e+00 1.517587e+00 1.821202e+00 1.966506e+00 1.980489e+00 1.913088e+00 1.779061e+00 1.666663e+00 2.174664e-01 3.432314e-02 7.126726e-02 1.249045e-01 1.712457e-01 2.072582e-01 2.526198e-01 3.181854e-01 3.167510e-01 3.474566e-01 3.390331e-01 3.184366e-01 2.988861e-01 2.683988e-02
<GCONST> 9.670613e+01
<MIXTURE> 8 8.921846e-02
<MEAN> 39
 1.611549e+00 -1.123311e+00 -2.871749e+00 3.609014e-01 -1.254602e+00 -5.403611e+00 -6.455405e+00 -1.850424e+00 2.005560e+00 3.781215e+00 8.858689e+00 1.323763e+01 1.507494e+00 -7.145425e-01 1.277401e+00 1.856975e-02 9.517783e-01 -4.654553e-01 -1.552000e-01 2.551618e-02 -1.241980e+00 -4.074354e-01 -3.798328e-01 -5.132597e-01 -1.440573e+00 -1.462481e+00 -1.947664e-01 -1.940551e-01 1.940286e-02 -1.767261e-01 4.468392e-02 2.890415e-01 6.075568e-01 5.294871e-01 6.508045e-02 -9.490699e-02 -2.673874e-01 -2.713720e-01 2.699621e-01
<VARIANCE> 39
 1.124502e+01 2.347232e+01 2.985467e+01 2.426213e+01 3.717886e+01 3.184067e+01 3.908060e+01 4.201447e+01 5.167835e+01 6.282349e+01 5.019444e+01 4.082961e+01 1.923199e+01 1.468415e+00 1.662718e+00 1.971151e+00 2.106598e+00 2.778099e+00 3.198278e+00 3.682064e+00 3.559241e+00 3.634997e+00 4.020957e+00 3.838634e+00 3.770148e+00 9.112391e-01 1.580139e-01 2.204765e-01 2.671402e-01 3.211553e-01 3.887317e-01 4.266736e-01 4.880435e-01 5.162172e-01 5.459924e-01 5.757508e-01 5.520936e-01 5.688974e-01 1.502427e-01
<GCONST> 1.161219e+02
<STATE> 3
<NUMMIXES> 8
<MIXTURE> 1 6.139317e-02
<MEAN> 39
 9.217494e-01 -4.653610e+00 -3.481286e+00 -2.079756e+00 1.849997e+00 -5.915785e-02 3.032281e-01 2.382452e+00 1.167356e+00 2.360868e+00 6.413759e+00 8.472499e+00 7.548578e+00 -2.901890e-02 -1.012437e-01 -6.738418e-02 -1.814003e-01 -1.350742e-01 -2.595716e-01 4.852194e-02 1.028563e-01 6.885429e-02 7.655184e-03 9.640077e-02 2.603346e-03 -1.267530e-01 3.087554e-02 -5.552625e-02 2.520340e-02 -5.593457e-02 -1.101521e-01 -1.109032e-01 -7.200181e-02 1.666615e-01 6.861214e-02 -9.844717e-03 -1.027871e-01 -6.719804e-02 -7.519970e-03
<VARIANCE> 39
 1.931087e+01 2.611513e+01 3.979085e+01 4.212046e+01 7.103331e+01 5.397802e+01 7.208749e+01 5.843782e+01 6.885598e+01 9.034274e+01 1.187460e+02 1.206874e+02 2.519107e+01 2.448654e-01 4.911802e-01 7.361897e-01 9.368245e-01 1.260629e+00 1.317074e+00 1.704316e+00 1.589722e+00 1.665803e+00 1.751015e+00 1.833858e+00 1.543432e+00 1.315697e-01 4.318884e-02 9.252784e-02 1.309502e-01 1.760960e-01 2.118979e-01 2.297530e-01 2.823825e-01 2.688002e-01 2.968231e-01 3.103839e-01 2.895237e-01 2.674015e-01 2.218578e-02
<GCONST> 9.890722e+01
<MIXTURE> 2 1.016997e-01
<MEAN> 39
 -3.974009e-01 7.270135e+00 1.676951e+00 6.819906e+00 -1.446862e+00 -2.914647e+00 -4.160628e+00 -7.110495e+00 -4.435562e+00 -6.170246e+00 -6.195583e+00 -6.789540e+00 -2.242759e+00 -7.179640e-01 -5.120691e-01 -3.260688e-01 -1.390696e-01 -2.254758e-01 -4.334626e-02 4.102184e-01 4.183656e-01 6.016321e-01 8.035405e-01 7.151349e-01 6.171552e-01 3.726401e-01 4.344404e-01 -8.954189e-01 -2.724556e-01 -8.649056e-01 -2.104936e-01 -1.497253e-01 3.306757e-02 7.916209e-01 6.562594e-01 6.438342e-01 3.170624e-01 5.257868e-01 6.891538e-01
<VARIANCE> 39
 2.706194e+01 2.541295e+01 2.936950e+01 2.606831e+01 3.465290e+01 3.181579e+01 3.350313e+01 3.131659e+01 3.360124e+01 3.190637e+01 3.241433e+01 3.553474e+01 2.383864e+01 2.611463e+00 2.273393e+00 2.000904e+00 2.414797e+00 2.423459e+00 2.698201e+00 3.190506e+00 3.085138e+00 3.200839e+00 3.013182e+00 2.753571e+00 2.912901e+00 2.117456e+00 4.023477e-01 4.311703e-01 5.347203e-01 5.033550e-01 6.949854e-01 7.173309e-01 7.549803e-01 7.249901e-01 7.589214e-01 6.644911e-01 6.689753e-01 6.893208e-01 3.362015e-01
<GCONST> 1.217182e+02
<MIXTURE> 3 1.131250e-01
<MEAN> 39
 -3.488582e+00 5.150831e+00 2.625364e+00 7.001927e+00 4.922002e+00 2.046916e+00 1.632011e+00 1.545748e-01 -1.520458e+00 -1.377808e+00 -2.320989e+00 -2.003269e+00 -2.574228e+00 -1.339686e+00 -6.498170e-01 -4.399373e-01 -1.268444e-01 6.916492e-02 1.435023e-01 5.353141e-01 6.722657e-01 4.162922e-01 4.515932e-01 5.513954e-01 4.190418e-01 -2.535987e-01 5.346050e-01 -3.884369e-01 -3.593749e-01 -6.497879e-01 -6.504414e-01 -4.822446e-01 -5.240301e-01 -2.355404e-01 2.311281e-01 2.604141e-01 2.062550e-01 1.185987e-01 3.915685e-01
<VARIANCE> 39
 2.849460e+01 2.388927e+01 2.517549e+01 2.218991e+01 2.856354e+01 3.058936e+01 2.572629e+01 2.825272e+01 2.899381e+01 2.683247e+01 2.631823e+01 2.578919e+01 2.923392e+01 2.463115e+00 1.575023e+00 1.559849e+00 1.768778e+00 2.043684e+00 2.546848e+00 2.661347e+00 2.671261e+00 2.456003e+00 2.317250e+00 2.172791e+00 1.827697e+00 1.772928e+00 3.281791e-01 3.091113e-01 3.141854e-01 3.436536e-01 3.932783e-01 4.807304e-01 4.815704e-01 4.804830e-01 5.120387e-01 4.296776e-01 4.312707e-01 3.977315e-01 2.314432e-01
<GCONST> 1.117278e+02
<MIXTURE> 4 1.481491e-01
<MEAN> 39
 5.128046e+00 5.319708e+00 4.814557e-02 1.525388e+00 -2.557771e-01 -2.600554e+00 -5.554068e+00 -5.137464e+00 -2.237526e+00 -1.327264e+00 -2.429721e+00 -3.384767e+00 -1.292496e+00 -2.520567e-02 5.678034e-02 6.243543e-02 5.674538e-02 -3.805264e-02 -4.883790e-02 -4.403110e-03 3.499828e-02 -2.017378e-02 -3.944509e-02 -9.837633e-02 -5.385502e-02 -1.375793e-01 -1.921001e-02 -5.839963e-02 1.140577e-02 -1.561743e-02 -2.043879e-02 1.373990e-03 3.806787e-02 8.626951e-02 3.601040e-02 -9.672137e-03 -1.181877e-02 3.353456e-02 3.742438e-02
<VARIANCE> 39
 1.289825e+01 1.623593e+01 2.989447e+01 2.832713e+01 3.439075e+01 3.436901e+01 3.553513e+01 3.681705e+01 4.143684e+01 4.172210e+01 4.239986e+01 5.128327e+01 1.459540e+01 1.463725e-01 3.081695e-01 5.143069e-01 7.203454e-01 9.457016e-01 1.014965e+00 1.109181e+00 1.193082e+00 1.308930e+00 1.304240e+00 1.291496e+00 1.260521e+00 1.142806e-01 2.352870e-02 5.319071e-02 8.536693e-02 1.288007e-01 1.759420e-01 1.940698e-01 2.082527e-01 2.397145e-01 2.503399e-01 2.467978e-01 2.353190e-01 2.255102e-01 1.743960e-02
<GCONST> 8.349796e+01
<MIXTURE> 5 1.750664e-01
<MEAN> 39
 2.875997e+00 5.292450e+00 3.263535e-01 3.415142e+00 -8.406176e-01 -2.761028e+00 -4.745971e+00 -4.867794e+00 -3.141542e+00 -5.582076e+00 -7.475370e+00 -7.240597e+00 -1.279137e+00 -6.373402e-01 6.886242e-01 4.475157e-01 6.889701e-01 2.596376e-02 3.572729e-02 4.552732e-01 -1.217201e-01 -3.335075e-01 -1.956288e-01 -1.262696e-01 -1.498461e-01 -5.894426e-01 6.144653e-02 -3.898425e-01 -9.524839e-02 -2.913467e-01 -7.005990e-02 -3.900995e-02 9.186720e-03 2.814214e-01 3.411561e-01 3.719517e-01 3.580076e-01 3.837896e-01 3.197577e-01
<VARIANCE> 39
 1.514526e+01 2.085138e+01 2.457848e+01 2.495336e+01 3.411899e+01 3.196284e+01 2.938761e+01 3.228494e+01 3.325517e+01 3.147174e+01 2.329988e+01 2.768164e+01 1.539879e+01 8.191147e-01 9.492827e-01 1.101629e+00 1.235228e+00 1.603150e+00 1.736747e+00 2.065138e+00 2.125554e+00 2.061697e+00 2.070608e+00 1.973956e+00 1.875115e+00 4.606211e-01 1.192916e-01 1.680586e-01 2.123706e-01 2.682597e-01 3.347997e-01 3.638650e-01 4.145845e-01 4.271418e-01 4.459707e-01 4.028543e-01 3.484491e-01 3.413024e-01 8.582310e-02
<GCONST> 1.014896e+02
<MIXTURE> 6 1.815545e-01
<MEAN> 39
 1.722452e-01 5.361853e+00 2.527013e+00 5.603042e+00 1.230954e+00 -1.412324e+00 -2.466668e+00 -3.224449e+00 -2.183107e+00 -1.183615e-01 1.960434e-01 -3.996238e-01 -1.488755e+00 -5.632814e-01 7.953442e-02 4.957970e-02 2.416098e-01 2.090271e-01 9.404265e-02 2.595331e-01 2.461458e-01 8.155531e-02 1.088556e-02 -6.475867e-03 7.667954e-02 -1.752109e-01 2.032889e-01 -2.518097e-01 -1.537131e-01 -2.760237e-01 -2.335309e-01 -1.198175e-01 -7.147118e-02 1.136144e-01 1.766484e-01 2.830048e-02 -1.025110e-01 -5.354007e-02 2.019167e-01
<VARIANCE> 39
 2.025717e+01 1.646120e+01 2.359306e+01 1.975878e+01 2.761130e+01 2.917099e+01 2.684509e+01 2.917025e+01 2.443295e+01 2.593467e+01 2.186721e+01 2.528586e+01 1.999971e+01 9.022580e-01 7.291807e-01 8.611757e-01 1.107514e+00 1.428931e+00 1.549097e+00 1.694931e+00 1.804241e+00 1.680770e+00 1.631096e+00 1.568103e+00 1.579220e+00 4.441008e-01 1.151606e-01 1.238272e-01 1.555399e-01 1.922919e-01 2.681271e-01 2.892549e-01 3.237157e-01 3.548751e-01 3.195384e-01 2.908044e-01 2.770128e-01 2.808494e-01 5.895852e-02
<GCONST> 9.505727e+01
<MIXTURE> 7 1.009801e-01
<MEAN> 39
 -5.785306e-01 -1.990885e-01 -3.901184e+00 8.323485e-02 -1.072573e+00 -1.770244e+00 -5.786139e-01 -1.686700e-01 2.244274e+00 1.168289e+00 3.173911e+00 3.910884e+00 6.517632e-01 -6.499701e-01 3.617020e-01 3.563315e-02 2.896470e-01 -2.496742e-01 -1.064091e-01 6.261061e-01 2.383222e-01 2.338732e-01 9.688643e-02 -3.649516e-01 -5.554126e-01 -5.568999e-01 1.939203e-01 -2.040417e-01 2.026909e-01 -1.293189e-01 8.251780e-02 -6.596074e-02 -1.843332e-01 1.350271e-01 3.935718e-02 1.800988e-01 2.859564e-02 1.150612e-01 3.175367e-01
<VARIANCE> 39
 2.702730e+01 3.266682e+01 3.636829e+01 3.105829e+01 4.797002e+01 5.297884e+01 5.040419e+01 5.964244e+01 6.541627e+01 7.711903e+01 7.308290e+01 7.863161e+01 3.942941e+01 1.892324e+00 1.539460e+00 1.796558e+00 2.024945e+00 2.843109e+00 3.249530e+00 3.518119e+00 3.472089e+00 3.842540e+00 3.864623e+00 3.621652e+00 3.987727e+00 1.571374e+00 2.593721e-01 2.967876e-01 3.071758e-01 4.126779e-01 5.242557e-01 6.394769e-01 6.466205e-01 6.815132e-01 7.669826e-01 8.156400e-01 6.668423e-01 6.743355e-01 3.153824e-01
<GCONST> 1.261385e+02
<MIXTURE> 8 1.180321e-01
<MEAN> 39
 3.748173e+00 6.211374e-01 -1.869966e-01 2.448178e+00 2.514548e-01 -3.292013e+00 -7.799673e+00 -6.129840e+00 -2.435649e+00 -1.724220e-01 -5.047218e-01 -7.234703e-01 1.271076e+00 -5.805147e-02 1.259808e-01 -2.877379e-02 -5.096573e-03 -2.403860e-01 -2.197790e-01 -6.424708e-02 -3.455461e-02 2.293628e-01 4.629712e-01 2.103370e-01 2.597964e-01 -1.665888e-02 5.042861e-02 -5.459398e-01 -1.377851e-01 -5.439627e-01 -3.934842e-01 -1.134165e-01 3.728026e-01 9.768518e-01 5.992399e-01 1.515983e-01 -5.655326e-02 1.851959e-01 7.105589e-01
<VARIANCE> 39
 1.244855e+01 2.494623e+01 2.796351e+01 2.603090e+01 3.457394e+01 4.476304e+01 3.736401e+01 4.196944e+01 4.686103e+01 4.757253e+01 5.530042e+01 7.345837e+01 1.850611e+01 3.259772e-01 8.433521e-01 1.112810e+00 1.342805e+00 1.699410e+00 1.821703e+00 1.997624e+00 2.542465e+00 2.630250e+00 2.412071e+00 2.188350e+00 1.999781e+00 6.651420e-01 1.322130e-01 2.544043e-01 3.610715e-01 4.038949e-01 5.797771e-01 6.635640e-01 7.466006e-01 7.657661e-01 8.769067e-01 8.015447e-01 6.688936e-01 6.979955e-01 1.522419e-01
<GCONST> 1.125981e+02
<STATE> 4
<NUMMIXES> 8
<MIXTURE> 1 1.014504e-01
<MEAN> 39
 3.188361e+00 -3.383349e+00 -1.922865e+00 -3.198266e+00 -2.462102e+00 -4.106243e+00 -3.047352e+00 1.302523e+00 3.388795e+00 4.066737e+00 3.223619e+00 4.945191e+00 6.828074e+00 6.204848e-01 -1.273775e+00 1.277081e-01 -1.214914e+00 -3.247160e-01 -2.301921e-01 3.182866e-01 1.279351e+00 3.283505e-01 5.864333e-01 2.045321e-01 7.535608e-01 1.268236e+00 -3.390168e-01 2.219775e-01 1.737255e-01 4.229491e-01 3.000712e-01 3.081273e-01 2.253161e-01 -1.151303e-01 -3.924348e-01 -3.223326e-01 -1.834453e-01 -1.956569e-01 -3.138747e-01
<VARIANCE> 39
 2.665576e+01 3.757687e+01 5.323407e+01 4.624196e+01 6.688181e+01 7.021188e+01 6.936240e+01 7.756850e+01 7.855538e+01 8.499030e+01 9.003934e+01 1.079629e+02 2.806980e+01 2.581975e+00 3.675223e+00 3.444433e+00 4.872418e+00 4.987336e+00 5.823329e+00 6.751714e+00 6.857819e+00 6.610930e+00 6.720722e+00 5.502095e+00 6.165841e+00 3.359654e+00 3.307401e-01 4.396181e-01 4.361735e-01 5.519930e-01 6.832671e-01 7.778493e-01 8.846609e-01 9.383264e-01 8.774725e-01 8.668492e-01 8.109683e-01 8.208724e-01 3.098685e-01
<GCONST> 1.395450e+02
<MIXTURE> 2 1.394917e-01
<MEAN> 39
 2.430217e+00 5.248196e+00 2.127113e+00 2.218797e+00 -1.776208e+00 -4.098225e+00 -3.279532e+00 -4.711521e+00 -3.039875e+00 -3.343270e+00 -4.443571e+00 -3.959708e+00 -1.930392e+00 -9.856906e-02 2.560821e-01 3.058407e-01 2.616670e-01 1.772858e-01 3.433380e-02 2.952810e-01 -3.357043e-02 2.054719e-02 1.388815e-01 -5.313361e-02 -5.439291e-02 -6.071562e-01 -5.635166e-02 -2.003821e-01 -1.031324e-01 -5.137179e-02 1.245018e-01 1.731866e-01 3.652130e-02 1.024528e-01 1.588342e-01 2.097532e-01 2.337229e-01 1.664162e-01 1.677817e-01
<VARIANCE> 39
 3.044621e+01 2.447080e+01 4.508345e+01 3.593845e+01 4.742635e+01 4.857466e+01 4.200905e+01 4.255512e+01 4.285545e+01 4.641669e+01 4.207729e+01 4.866394e+01 2.633517e+01 1.511601e+00 1.259260e+00 1.610403e+00 1.956940e+00 2.362552e+00 2.473425e+00 2.824703e+00 2.724562e+00 2.811894e+00 2.689858e+00 2.716796e+00 2.409547e+00 1.076912e+00 2.140072e-01 2.155120e-01 2.814905e-01 3.580489e-01 4.386326e-01 4.409947e-01 4.959285e-01 5.044281e-01 5.162731e-01 5.132214e-01 4.622451e-01 4.663728e-01 1.830137e-01
<GCONST> 1.160163e+02
<MIXTURE> 3 1.755710e-01
<MEAN> 39
 -9.289712e+00 3.487148e+00 -1.723540e+00 4.582793e+00 1.718975e+00 5.608076e-01 2.482443e+00 1.515019e+00 1.850629e+00 9.175733e-01 1.092189e+00 -3.593149e-01 -1.034117e+00 -3.657495e-01 -3.200157e-01 -1.300538e-01 -9.438664e-02 1.449914e-02 6.337798e-02 2.249329e-01 2.500229e-01 2.681283e-01 3.160147e-01 2.481893e-01 1.124392e-01 -3.217234e-01 5.221794e-01 6.112101e-02 1.538409e-01 -6.524519e-02 -5.452988e-02 -1.461303e-01 -2.755259e-01 -2.743601e-01 -2.125469e-01 -1.808825e-01 -1.543430e-01 -5.432976e-02 6.761620e-03
<VARIANCE> 39
 4.420140e+01 4.196505e+01 3.350644e+01 3.187807e+01 4.051996e+01 3.486515e+01 3.196544e+01 3.587977e+01 2.940590e+01 2.976891e+01 3.022574e+01 3.286967e+01 2.958916e+01 1.453515e+00 1.069190e+00 1.262783e+00 1.328627e+00 1.605244e+00 1.813377e+00 2.033839e+00 2.119239e+00 2.083915e+00 2.066315e+00 1.955352e+00 1.815527e+00 8.651771e-01 2.229969e-01 2.283909e-01 2.303639e-01 2.721693e-01 3.404807e-01 3.732660e-01 4.102386e-01 4.154554e-01 3.897160e-01 3.774217e-01 3.764287e-01 3.556339e-01 1.253616e-01
<GCONST> 1.080247e+02
<MIXTURE> 4 8.962820e-02
<MEAN> 39
 5.954485e+00 -1.265284e+00 -4.502703e+00 -2.505934e+00 -4.264635e-01 -2.026285e+00 -8.147188e+00 -1.465493e+00 5.088974e+00 2.720726e+00 -3.085110e+00 -3.673920e+00 6.075989e+00 4.426509e-01 -1.250632e+00 -5.308149e-01 -9.894454e-01 -4.263127e-01 -3.310625e-01 1.582217e-01 2.052232e+00 1.631430e+00 7.806167e-02 -6.834859e-01 1.206034e-01 1.254569e+00 -2.972862e-01 2.279651e-01 3.417946e-01 4.052961e-01 9.485296e-02 -1.098000e-02 4.201582e-01 8.621796e-02 -4.922850e-01 -4.759515e-01 1.963561e-02 1.823905e-01 -2.428754e-01
<VARIANCE> 39
 1.146973e+01 2.076297e+01 2.281964e+01 3.020016e+01 2.955864e+01 3.752682e+01 3.970194e+01 4.954720e+01 4.004385e+01 4.720533e+01 5.765171e+01 5.158447e+01 1.894551e+01 9.028484e-01 1.228292e+00 1.730885e+00 2.603665e+00 2.900567e+00 3.298124e+00 3.949965e+00 4.188946e+00 3.665165e+00 3.561369e+00 2.900133e+00 3.016078e+00 7.509831e-01 1.150927e-01 1.598662e-01 1.993202e-01 2.697593e-01 3.498779e-01 3.317585e-01 4.599530e-01 5.666425e-01 4.903074e-01 4.298958e-01 4.764967e-01 3.904796e-01 9.445865e-02
<GCONST> 1.118749e+02
<MIXTURE> 5 8.528755e-02
<MEAN> 39
 4.046714e+00 -1.480333e+00 2.390780e+00 2.079714e+00 -7.069135e+00 -9.069871e+00 -3.683106e+00 2.066033e+00 -2.705784e-01 -1.768812e+00 -2.254796e+00 3.940718e-01 5.014521e+00 4.016708e-01 -1.311737e+00 4.933897e-01 -1.139770e+00 -1.685549e+00 -6.859857e-01 1.126383e+00 1.723324e+00 -2.049382e-01 3.139211e-02 3.233236e-01 7.625697e-01 1.265357e+00 -2.336270e-01 2.614206e-01 1.371673e-01 -4.784218e-02 2.156634e-01 5.057365e-01 3.073309e-01 -2.779724e-01 -3.190325e-01 2.827077e-02 5.620735e-02 -1.780955e-01 -1.564406e-01
<VARIANCE> 39
 1.338086e+01 2.415291e+01 2.842365e+01 3.061450e+01 3.285452e+01 2.765500e+01 3.686639e+01 3.506259e+01 4.048423e+01 3.881695e+01 4.627152e+01 5.730221e+01 1.928293e+01 1.360155e+00 1.645175e+00 2.123467e+00 2.469517e+00 3.434304e+00 3.358353e+00 4.270689e+00 3.912871e+00 3.856377e+00 3.721862e+00 3.115294e+00 2.961876e+00 7.027670e-01 1.299458e-01 1.933857e-01 2.306433e-01 2.960677e-01 4.001646e-01 3.499426e-01 4.409408e-01 4.461291e-01 4.612071e-01 4.229820e-01 4.267322e-01 4.041362e-01 1.170145e-01
<GCONST> 1.131625e+02
<MIXTURE> 6 1.326640e-01
<MEAN> 39
 2.867765e+00 2.794414e+00 -6.175750e-01 3.415494e+00 -4.600264e-01 -2.916758e+00 -6.515491e+00 -5.541316e+00 -1.541672e+00 -1.054581e-03 -8.920763e-01 -1.952725e+00 2.165866e+00 1.118790e+00 -1.612668e+00 -6.652184e-01 -1.323712e+00 -9.522207e-01 -8.004575e-01 -6.396465e-01 1.139039e+00 1.407775e+00 9.767135e-01 2.348057e-01 3.842753e-01 1.488197e+00 9.981808e-02 -3.930092e-01 6.611921e-02 -3.045741e-01 -2.327791e-01 -6.708485e-02 2.858304e-01 7.015655e-01 2.454845e-01 -5.887698e-02 -1.980786e-01 2.847948e-02 2.467900e-01
<VARIANCE> 39
 1.438070e+01 2.019655e+01 2.392986e+01 2.476650e+01 2.976575e+01 3.531262e+01 3.079992e+01 2.946934e+01 3.590886e+01 3.650679e+01 4.223580e+01 4.852883e+01 1.757684e+01 1.696399e+00 1.836551e+00 2.361445e+00 3.079262e+00 3.274741e+00 3.669498e+00 4.206869e+00 4.927355e+00 3.964357e+00 4.059035e+00 3.735899e+00 3.691613e+00 8.660052e-01 1.718393e-01 2.086853e-01 2.954579e-01 3.546350e-01 4.227553e-01 4.468903e-01 5.347198e-01 4.924990e-01 6.273950e-01 5.141839e-01 4.659320e-01 4.567753e-01 1.148730e-01
<GCONST> 1.156416e+02
<MIXTURE> 7 1.670790e-01
<MEAN> 39
 3.372169e+00 4.937438e-01 -9.567519e-01 -7.910212e-01 -1.190091e+00 -2.451428e+00 -2.638611e+00 -9.659526e-01 1.360810e-01 1.230161e-01 -3.760131e-01 5.562881e-01 2.796820e+00 7.895835e-02 -1.221622e-01 2.768508e-02 -6.632975e-02 -1.403911e-01 -1.547680e-01 7.167996e-02 3.165096e-01 1.774497e-01 2.313635e-02 -3.331174e-02 8.890910e-02 -3.481558e-02 -1.367168e-02 2.961446e-02 3.635018e-02 7.531635e-02 4.047409e-02 2.846726e-02 -1.483880e-02 -1.241377e-02 -3.466200e-02 -3.232528e-02 -1.020383e-03 -9.038312e-03 -2.168769e-02
<VARIANCE> 39
 2.293052e+01 3.129169e+01 4.291578e+01 3.918856e+01 5.279985e+01 5.177656e+01 5.561206e+01 5.275222e+01 5.306045e+01 5.836861e+01 7.359900e+01 8.333403e+01 3.258561e+01 3.088350e-01 5.517389e-01 7.920733e-01 1.053741e+00 1.320710e+00 1.555397e+00 1.722225e+00 1.817525e+00 1.879185e+00 1.832545e+00 1.785177e+00 1.625889e+00 3.259096e-01 4.420877e-02 7.645747e-02 1.242991e-01 1.692719e-01 2.159637e-01 2.463132e-01 2.870087e-01 2.896334e-01 3.132303e-01 3.122596e-01 3.127905e-01 2.914103e-01 3.790586e-02
<GCONST> 9.994829e+01
<MIXTURE> 8 1.088282e-01
<MEAN> 39
 -5.571344e+00 3.325089e+00 7.145032e-01 4.632720e+00 1.682089e+00 -5.241430e-01 1.592761e+00 -5.400114e-01 4.893835e-01 2.219350e-01 1.798702e-01 -4.394053e-01 -2.344302e+00 5.564348e-01 -3.636420e-01 -2.694061e-02 -7.239176e-01 -8.690677e-01 -7.870833e-01 -3.983782e-01 -3.867201e-02 1.683396e-01 5.163550e-01 5.045813e-01 4.710787e-01 1.011405e+00 5.458625e-01 -1.535769e-01 3.116184e-02 -3.225689e-01 -3.375555e-01 -2.202770e-01 -3.263064e-01 -3.598509e-02 -7.955085e-02 -9.157982e-03 -5.303078e-02 6.254710e-02 3.545913e-01
<VARIANCE> 39
 4.429786e+01 3.877880e+01 3.745297e+01 3.043043e+01 4.463163e+01 4.048815e+01 3.907727e+01 3.780101e+01 3.795898e+01 3.507251e+01 3.455803e+01 3.404374e+01 4.792706e+01 6.534991e+00 3.631863e+00 3.652919e+00 3.667156e+00 4.241328e+00 4.453755e+00 4.618261e+00 4.231394e+00 4.275886e+00 4.132122e+00 3.751784e+00 3.672185e+00 4.725815e+00 6.822245e-01 6.518919e-01 5.515059e-01 5.937217e-01 7.044869e-01 7.521064e-01 7.220894e-01 6.886433e-01 7.457592e-01 6.901115e-01 6.786448e-01 6.581405e-01 6.553013e-01
<GCONST> 1.326632e+02
<TRANSP> 5
 0.000000e+00 1.000000e+00 0.000000e+00 0.000000e+00 0.000000e+00
 0.000000e+00 5.314723e-01 4.685277e-01 0.000000e+00 0.000000e+00
 0.000000e+00 0.000000e+00 5.873528e-01 4.126472e-01 0.000000e+00
 0.000000e+00 0.000000e+00 0.000000e+00 6.497742e-01 3.502258e-01
 0.000000e+00 0.000000e+00 0.000000e+00 0.000000e+00 0.000000e+00
<ENDHMM>
