~o
<STREAMINFO> 1 39
<VECSIZE> 39<NULLD><MFCC_D_A_Z_0><DIAGC>
~h "zh"
<BEGINHMM>
<NUMSTATES> 5
<STATE> 2
<NUMMIXES> 8
<MIXTURE> 1 1.430992e-01
<MEAN> 39
 -3.547056e+00 8.688545e+00 5.050452e+00 -4.485168e-01 -4.926887e+00 -1.026344e+01 3.750716e+00 -1.054072e+00 -1.018786e+01 -1.845042e-01 7.314717e-01 8.618647e-01 1.570701e+00 -1.509924e+00 1.651987e+00 -5.823092e-01 1.531049e-01 1.313704e+00 6.268132e-02 3.301572e-01 -5.039330e-01 -8.124886e-02 1.277864e+00 -8.058654e-01 -2.251004e-01 -5.307190e-01 -1.263379e-01 -2.960850e-01 -3.147752e-02 -1.243185e-01 1.003742e-01 3.661267e-01 9.451997e-03 9.283385e-02 3.485669e-01 1.372885e-01 1.650004e-01 6.802589e-02 1.103970e-01
<VARIANCE> 39
 4.939038e+00 1.439722e+01 2.257694e+01 1.932337e+01 9.690369e+00 1.762493e+01 1.677419e+01 1.984799e+01 1.829436e+01 2.970386e+01 2.032064e+01 1.896398e+01 2.816157e+00 1.041401e+00 6.106287e-01 6.063002e-01 1.330342e+00 1.811724e+00 2.053959e+00 1.820520e+00 3.028972e+00 2.281671e+00 1.775314e+00 1.877292e+00 1.203784e+00 1.667675e-01 9.225459e-02 1.384096e-01 1.763663e-01 1.844274e-01 2.468839e-01 3.528480e-01 3.454075e-01 4.642886e-01 3.546473e-01 2.506389e-01 2.317708e-01 1.358118e-01 2.762932e-02
<GCONST> 8.750725e+01
<MIXTURE> 2 1.498606e-01
<MEAN> 39
 -9.647833e+00 1.573078e+01 -8.384108e-01 3.877821e-01 -2.904884e-01 -1.270938e+01 2.331298e+00 -2.864100e+00 -5.638442e+00 -1.270250e+01 -1.734746e+00 -4.117445e+00 3.985222e+00 -2.651489e+00 3.703426e+00 -4.333380e-01 -2.208228e-01 1.200495e+00 8.203917e-02 9.002976e-01 5.137885e-02 2.013276e-02 6.278513e-01 -1.398565e+00 -1.599754e+00 -4.639597e-01 5.390401e-01 -1.050690e+00 5.251650e-01 -2.091003e-01 -3.865462e-01 6.275378e-01 -2.230734e-01 5.017962e-01 4.591706e-01 6.645984e-01 4.657701e-01 4.144181e-01 2.400693e-02
<VARIANCE> 39
 1.061959e+01 1.791846e+01 6.594127e+00 9.337358e+00 1.662673e+01 1.244318e+01 2.228620e+01 1.756527e+01 2.494951e+01 1.323421e+01 2.028107e+01 3.061773e+01 3.309270e+00 1.388605e+00 2.943548e+00 1.441523e+00 1.135651e+00 1.583326e+00 2.701944e+00 2.659557e+00 1.975020e+00 2.428336e+00 2.191633e+00 2.766450e+00 1.904751e+00 1.944436e-01 1.597997e-01 2.442008e-01 2.040759e-01 2.749992e-01 3.006957e-01 2.479608e-01 5.691921e-01 4.934606e-01 4.656925e-01 3.994919e-01 3.451663e-01 4.358138e-01 2.189290e-02
<GCONST> 9.509736e+01
<MIXTURE> 3 1.384487e-01
<MEAN> 39
 -5.200612e+00 8.796792e+00 1.111194e+01 2.611891e+00 -2.643442e-01 -6.176615e+00 -8.442381e+00 1.805063e+00 1.936464e+00 2.980072e+00 6.105253e-01 2.270655e+00 3.907184e+00 -2.429696e+00 1.495076e+00 2.996101e-01 4.680795e-02 1.529824e+00 1.369172e+00 3.424288e-01 1.407332e-01 -6.921264e-01 8.807184e-02 3.738170e-02 -1.756738e-01 -1.905435e-01 4.857893e-02 -3.955772e-01 -8.456285e-02 2.572989e-02 -1.735696e-01 8.389556e-02 2.646534e-01 -6.832542e-02 -3.504887e-02 -9.441924e-02 -3.677491e-02 -9.173466e-02 5.308533e-02
<VARIANCE> 39
 2.739784e+01 2.979544e+01 2.878109e+01 2.358107e+01 7.497462e+01 6.841947e+01 2.321634e+01 2.126710e+01 2.943009e+01 1.020219e+01 2.686774e+01 3.921246e+01 1.234968e+01 1.742758e+00 1.864878e+00 9.541113e-01 3.069637e+00 1.934786e+00 2.250819e+00 1.543810e+00 2.620227e+00 1.918562e+00 2.653449e+00 2.254012e+00 2.931428e+00 2.217795e-01 2.539197e-01 3.647167e-01 1.194224e-01 3.813491e-01 3.390739e-01 4.188086e-01 2.196122e-01 4.370980e-01 4.735734e-01 5.629302e-01 3.483275e-01 3.576349e-01 3.042140e-02
<GCONST> 1.052954e+02
<MIXTURE> 4 5.767135e-02
<MEAN> 39
 6.095907e+00 -1.217943e+00 -1.753872e+00 -1.388591e+00 -4.561258e+00 -2.397102e-01 -2.757376e+00 5.082415e+00 3.663788e+00 -4.434370e+00 -2.985282e+00 7.005942e-01 2.098720e+00 -1.419200e-01 1.746621e-01 3.653106e-02 3.790210e-01 2.983072e-01 -5.887206e-01 2.393969e-01 3.300103e-02 1.204781e-01 -5.082228e-01 -1.503699e-01 8.888151e-02 5.360974e-02 2.870745e-02 9.463423e-02 -1.696650e-01 1.644374e-01 3.916756e-02 -2.033410e-01 7.685717e-02 1.729847e-02 2.784469e-02 1.929169e-01 -8.579974e-02 -9.766596e-02 -3.477200e-02
<VARIANCE> 39
 2.705717e+00 1.814205e+01 9.146800e+00 8.125357e+01 5.919355e+00 9.978410e+01 4.168481e+01 1.581984e+01 1.526995e+01 6.633965e+01 9.292922e+00 2.258060e+01 2.623181e+01 3.684491e-02 2.956622e-01 4.534719e-01 2.732529e-01 9.697450e-01 6.559394e-01 4.323567e-01 1.011023e+00 5.170597e-01 9.480572e-01 7.406962e-01 4.292946e-01 1.433917e-01 9.033244e-03 2.080441e-02 4.949505e-02 9.795624e-02 1.379040e-01 7.235371e-02 2.147375e-01 1.747053e-01 7.744700e-02 1.819810e-01 1.233466e-01 9.395531e-02 8.475080e-03
<GCONST> 6.361058e+01
<MIXTURE> 5 1.710459e-01
<MEAN> 39
 -1.180046e+01 1.444663e+01 7.510549e+00 9.135490e-01 -3.645666e-01 -1.953989e+00 -2.508008e+00 -4.797999e+00 -3.648155e+00 -5.491436e+00 -4.071226e+00 -8.733580e+00 2.983257e+00 -2.658919e+00 5.311800e-01 -2.219521e-01 7.819431e-02 2.077453e+00 1.925588e+00 8.002229e-01 5.413671e-01 7.289237e-01 5.466092e-01 4.846313e-01 2.765606e-02 -9.072688e-02 7.001474e-01 -7.231792e-01 -1.373938e-01 -2.110267e-01 -2.587745e-01 -1.295298e-01 3.642240e-01 7.087354e-01 3.033414e-01 4.703531e-01 4.647266e-01 6.171725e-01 3.712548e-03
<VARIANCE> 39
 1.679447e+01 2.259113e+01 3.831389e+01 3.310526e+01 4.149385e+01 3.051652e+01 3.560204e+01 3.540143e+01 3.833547e+01 2.628247e+01 2.505275e+01 3.544733e+01 8.160257e+00 1.815388e+00 1.978883e+00 1.610642e+00 1.163286e+00 1.792864e+00 1.615089e+00 3.585055e+00 2.743367e+00 2.402898e+00 4.597663e+00 3.137098e+00 2.847501e+00 2.002857e-01 2.436831e-01 2.818308e-01 2.524990e-01 2.985933e-01 4.010425e-01 5.618249e-01 5.718110e-01 5.644490e-01 3.642326e-01 6.818317e-01 5.382837e-01 2.875450e-01 3.490445e-02
<GCONST> 1.085894e+02
<MIXTURE> 6 1.541905e-01
<MEAN> 39
 -4.832172e-01 3.994324e+00 6.171095e+00 2.454621e+00 -7.147374e+00 -8.799784e+00 -3.090172e+00 -2.001399e+00 -4.397347e+00 -9.943885e+00 2.350085e+00 1.672367e-01 3.753029e+00 -2.871194e+00 3.607547e+00 -2.468679e-01 7.395419e-01 1.374009e+00 -6.252468e-01 4.145176e-01 -1.887731e+00 -2.589146e-01 -5.193419e-01 -1.144499e+00 -6.551514e-01 -1.681003e-01 -5.195624e-01 2.976500e-01 -3.154110e-01 -3.015327e-01 3.594306e-01 5.098494e-01 4.652079e-01 6.518060e-01 7.760756e-02 4.551226e-01 -4.938297e-01 -5.718657e-01 1.279232e-01
<VARIANCE> 39
 1.906262e+01 1.804100e+01 2.808077e+01 2.639137e+01 2.470415e+01 1.510575e+01 2.545974e+01 1.617368e+01 3.347369e+01 3.448508e+01 4.614439e+01 3.829346e+01 3.941041e+00 1.465857e+00 3.519765e+00 3.304761e+00 1.880109e+00 2.993586e+00 4.468209e+00 2.813900e+00 3.239673e+00 3.196689e+00 2.068629e+00 2.880898e+00 2.239037e+00 4.827990e-01 1.783500e-01 2.451696e-01 2.082205e-01 2.685631e-01 3.072952e-01 3.926910e-01 4.196143e-01 3.462788e-01 4.130574e-01 3.584099e-01 4.248843e-01 2.768756e-01 4.158556e-02
<GCONST> 1.059764e+02
<MIXTURE> 7 9.701625e-02
<MEAN> 39
 1.554631e+00 4.621048e+00 5.031836e+00 -4.626116e+00 -5.039489e+00 -4.102660e+00 5.349929e-01 -1.267167e+00 -4.350594e+00 -4.709138e+00 -1.928328e+00 -4.594653e+00 6.615244e-01 -9.766504e-01 1.149691e+00 2.602195e-01 1.363027e+00 7.374375e-01 2.316606e-01 -5.842677e-01 -1.108765e-01 -6.600553e-01 -2.227751e-01 6.692576e-01 1.085956e-01 -1.887689e-01 -2.324928e-01 5.299803e-02 -3.068952e-01 1.360042e-01 3.846819e-01 9.987807e-02 -7.084227e-02 -1.466340e-01 1.202784e-01 2.348010e-01 -6.004523e-02 2.186964e-03 1.152548e-01
<VARIANCE> 39
 2.193052e+01 3.022151e+01 3.823840e+01 2.659911e+01 8.406934e+01 3.606022e+01 4.802958e+01 4.930700e+01 4.075439e+01 2.678922e+01 4.511786e+01 4.558004e+01 1.631392e+01 1.019651e+00 1.295135e+00 1.703188e+00 9.371189e-01 1.681021e+00 1.821236e+00 1.363218e+00 3.272922e+00 2.247340e+00 3.054985e+00 2.252669e+00 1.213746e+00 2.316091e-01 1.560354e-01 2.061720e-01 1.570998e-01 1.815561e-01 2.047873e-01 3.989125e-01 5.703946e-01 3.765984e-01 5.455011e-01 5.012870e-01 6.918876e-01 4.857624e-01 3.561125e-02
<GCONST> 1.063725e+02
<MIXTURE> 8 8.866748e-02
<MEAN> 39
 -8.546542e+00 4.869164e+00 6.574126e-01 2.023905e+00 -1.288132e+00 7.595478e-01 4.706347e+00 -2.139801e+00 2.446962e+00 1.128931e+00 7.756808e-01 -2.636572e-01 1.467059e+00 -5.227842e-01 2.673829e-01 -1.910288e-01 -6.257830e-01 2.788183e-01 1.984157e-01 8.199864e-01 1.285588e+00 9.512486e-01 7.215667e-01 3.467108e-01 1.885443e-02 1.120038e+00 7.442376e-01 -1.270571e-01 5.256155e-01 -2.220794e-01 -2.605588e-01 -1.966669e-01 -4.512794e-02 7.131793e-02 -5.114630e-01 -5.206996e-01 -1.846588e-01 -5.517782e-02 -4.773590e-02
<VARIANCE> 39
 3.345663e+01 4.570697e+01 6.151882e+01 3.383810e+01 1.029589e+01 7.096532e+01 4.849342e+01 2.586159e+01 2.325870e+01 5.764856e+01 3.559341e+01 1.544139e+01 3.505993e+01 4.483671e+00 4.386003e+00 2.940596e+00 2.992762e+00 1.627202e+00 3.156930e+00 3.742631e+00 1.761003e+00 5.653651e+00 5.743985e+00 2.226075e+00 2.678360e+00 2.961265e+00 4.444071e-01 4.173554e-01 5.687870e-01 5.402069e-01 2.896176e-01 8.148650e-01 7.195451e-01 6.613609e-01 7.465077e-01 6.534219e-01 5.229466e-01 2.805777e-01 5.910161e-01
<GCONST> 1.242590e+02
<STATE> 3
<NUMMIXES> 8
<MIXTURE> 1 2.117225e-01
<MEAN> 39
 -1.444878e+01 2.152332e+01 1.537015e+00 1.264934e-01 3.971189e-01 -1.121198e+01 1.235448e+00 -4.750155e+00 -4.270655e+00 -8.955084e+00 -2.090832e+00 -4.701701e+00 2.331101e+00 1.966191e-01 -7.194516e-01 2.598117e-01 1.540669e-01 5.291939e-03 -3.501910e-02 -2.857587e-01 -4.012183e-01 2.545432e-01 1.639301e-01 2.599697e-01 4.751576e-01 2.029540e-01 9.048713e-01 -1.391062e+00 3.396168e-02 -4.220204e-02 -4.282647e-01 -1.426554e-03 -2.474541e-01 3.924805e-01 7.477102e-02 -3.066342e-01 3.259274e-01 5.489722e-01 2.938986e-01
<VARIANCE> 39
 1.280644e+01 2.518913e+01 1.081395e+01 1.325167e+01 1.000843e+01 1.845411e+01 1.995376e+01 1.817597e+01 2.399193e+01 1.842591e+01 2.219761e+01 2.741860e+01 4.582456e+00 2.098161e+00 3.572849e+00 7.361663e-01 7.320086e-01 1.341024e+00 1.462052e+00 2.048321e+00 1.904288e+00 2.576334e+00 3.059399e+00 2.876195e+00 3.035516e+00 3.537838e-01 7.878768e-02 3.161584e-01 2.552259e-01 1.976744e-01 2.316978e-01 3.996437e-01 4.837242e-01 5.000649e-01 4.993032e-01 4.170405e-01 7.048056e-01 6.617261e-01 4.391444e-02
<GCONST> 9.824321e+01
<MIXTURE> 2 1.483439e-01
<MEAN> 39
 -7.719172e+00 1.171895e+01 5.178004e+00 1.587562e-01 -5.464438e-01 -7.445117e+00 3.568221e+00 -2.433885e+00 -1.117862e+01 6.509727e+00 9.059194e-01 2.727566e+00 5.456486e-01 2.913936e-01 -5.864770e-01 3.304359e-01 8.872094e-02 -2.540646e-01 2.474623e-01 -1.473444e-01 1.400296e-01 2.378291e-01 -2.548456e-02 6.311767e-01 4.299536e-01 1.823871e-01 4.862600e-01 -4.827860e-01 1.355223e-01 -6.822603e-02 -5.765665e-01 -1.448399e-01 -1.152774e-01 2.857597e-01 1.261486e-01 -5.938809e-01 1.360461e-01 7.773691e-02 1.532194e-01
<VARIANCE> 39
 1.035810e+01 6.965803e+00 1.680296e+01 9.337810e+00 1.920349e+01 8.025093e+00 1.488777e+01 1.984473e+01 1.585600e+01 2.363847e+01 2.891607e+01 5.487927e+00 1.820689e+00 1.758818e+00 5.730405e-01 6.979204e-01 8.021083e-01 2.945715e+00 1.196263e+00 8.565096e-01 1.316507e+00 1.721660e+00 2.690662e+00 1.052807e+00 6.798335e-01 1.326872e-01 1.118494e-01 1.243449e-01 1.411891e-01 1.697947e-01 2.809519e-01 2.066863e-01 2.264577e-01 3.247852e-01 2.856122e-01 3.484695e-01 3.189859e-01 1.056691e-01 3.331453e-02
<GCONST> 8.075535e+01
<MIXTURE> 3 2.485626e-01
<MEAN> 39
 -1.794356e+01 1.260474e+01 5.592376e+00 -2.362860e-01 7.759846e+00 1.630147e+00 2.710207e+00 3.889573e+00 2.278142e+00 1.645825e+00 1.262267e+00 -2.907782e+00 1.859304e+00 -5.290104e-01 -4.563463e-01 2.280526e-01 2.820572e-02 1.443209e-01 8.946492e-01 4.567813e-01 5.738277e-01 8.741415e-01 6.244824e-01 6.978476e-01 6.456412e-01 -1.500823e-02 9.028857e-01 -2.035799e-01 1.010065e-01 -1.099374e-01 -8.133262e-01 -6.384333e-01 -4.851865e-01 -6.442302e-01 -2.882850e-01 -3.459906e-01 -2.108515e-01 -8.787236e-02 7.783850e-02
<VARIANCE> 39
 1.376073e+01 3.003548e+01 3.851344e+01 2.329858e+01 2.410206e+01 4.744308e+01 4.361443e+01 2.479815e+01 3.052999e+01 3.051783e+01 2.599160e+01 3.302239e+01 7.559550e+00 1.188482e+00 8.257036e-01 1.021306e+00 1.039294e+00 2.046163e+00 2.268099e+00 2.295382e+00 2.399030e+00 2.095340e+00 3.257559e+00 2.474510e+00 1.782686e+00 1.867237e-01 3.717873e-01 3.060286e-01 2.222931e-01 2.300148e-01 3.455516e-01 4.223301e-01 4.284177e-01 2.989489e-01 4.209925e-01 6.345664e-01 5.106354e-01 3.806514e-01 9.938887e-02
<GCONST> 1.047587e+02
<MIXTURE> 4 2.967411e-02
<MEAN> 39
 -7.672492e+00 2.736209e-03 1.125083e+01 1.157653e+01 -7.596161e+00 1.558230e+01 6.986127e+00 -1.274722e+00 2.173741e+00 -8.513006e+00 -5.767686e+00 -2.895499e+00 1.174255e+01 -5.240908e-01 -3.847718e-01 -8.706892e-02 -7.228143e-01 5.371533e-01 4.697807e-01 -9.073164e-01 -3.738485e-01 7.072356e-01 -3.102908e-01 5.743588e-01 3.322603e-01 3.920172e-01 6.130902e-01 1.813515e-01 -1.230026e-01 -1.172701e-01 2.947643e-01 -1.073384e+00 -8.658408e-01 -1.362311e-01 7.131382e-02 1.275731e-01 1.366915e-01 2.791026e-01 -2.001940e-01
<VARIANCE> 39
 1.049123e+01 4.925525e+00 2.760613e+01 5.534143e+01 3.110924e+01 5.454047e+01 4.824671e+01 1.692048e+01 1.264149e+01 1.533664e+01 9.782772e+00 6.430125e+01 9.542675e+00 4.076667e+00 1.058730e+00 9.990657e-01 3.104342e-01 2.138640e+00 8.079995e+00 5.148636e+00 9.426238e-01 4.071561e+00 1.428505e+00 1.766879e+00 2.761062e+00 5.630805e-01 1.811572e-01 1.960122e-01 2.473720e-01 1.595256e-01 5.056216e-01 2.867969e-01 6.452564e-01 1.453752e-01 9.621537e-01 1.919416e-01 1.554352e-01 2.689588e-01 4.573838e-02
<GCONST> 9.973769e+01
<MIXTURE> 5 1.158737e-01
<MEAN> 39
 3.964432e+00 4.437510e+00 -1.162511e+00 -6.062414e-01 -7.479030e-01 -2.915107e+00 -6.131940e-01 -2.557986e+00 -5.163116e+00 -3.290777e+00 -1.433863e+00 -1.613666e+00 8.577180e-01 4.468228e-01 -1.363967e-01 1.256171e-01 -2.175251e-01 6.601594e-02 -4.847662e-01 -2.062285e-01 -5.607358e-02 -2.898293e-01 -3.300114e-01 -9.450468e-02 -1.127250e-01 3.306231e-01 -2.558519e-02 -2.446164e-01 1.720510e-02 -1.646790e-01 1.280702e-02 5.138196e-02 1.459916e-01 5.648708e-02 2.620842e-01 7.223245e-03 1.388206e-01 -3.048240e-02 2.838712e-02
<VARIANCE> 39
 3.002558e+01 3.796056e+01 2.834744e+01 5.348253e+01 4.545539e+01 5.711837e+01 4.379660e+01 6.519995e+01 4.530121e+01 3.816657e+01 3.108280e+01 3.617762e+01 2.052019e+01 1.033796e+00 9.143985e-01 1.723816e+00 3.436719e+00 1.230877e+00 1.147760e+00 1.507176e+00 3.978108e+00 1.423929e+00 4.339494e+00 1.704474e+00 1.022479e+00 4.704972e-01 1.501082e-01 1.868204e-01 1.746166e-01 3.087359e-01 2.732434e-01 2.899469e-01 3.120663e-01 1.007720e+00 2.484135e-01 5.828139e-01 2.687919e-01 1.894664e-01 5.174539e-02
<GCONST> 1.067844e+02
<MIXTURE> 6 8.932786e-02
<MEAN> 39
 -9.096191e+00 -6.760000e-01 7.496304e+00 2.089248e+00 1.395228e+00 1.052198e+00 -5.237863e+00 9.125169e-02 7.020101e+00 -8.430320e-01 2.301056e-01 2.997906e-01 7.050307e-01 1.653503e+00 -1.968876e-01 -8.839471e-01 4.908988e-01 6.888437e-02 -4.785416e-01 2.750732e-01 -1.079826e+00 1.422931e-02 3.943338e-01 2.438278e-01 3.319252e-03 2.374974e-01 6.209547e-01 4.792997e-02 -4.829261e-01 -1.839935e-01 1.002152e-01 -9.457669e-02 1.598935e-01 -3.835160e-01 -6.017017e-01 -1.001107e-01 4.631151e-02 -2.163352e-02 1.449649e-01
<VARIANCE> 39
 3.781457e+01 2.088436e+01 1.997150e+01 2.450929e+01 8.510973e+01 4.287049e+01 6.078687e+01 1.433040e+01 3.343522e+01 2.615142e+01 2.902684e+01 1.238795e+01 2.325548e+01 2.577699e+00 1.926121e+00 3.582183e+00 2.578406e+00 4.020804e+00 2.097360e+00 4.310874e+00 3.298473e+00 4.510519e+00 1.698770e+00 3.575928e+00 2.321815e+00 1.118529e+00 2.749401e-01 3.710512e-01 3.875041e-01 2.816821e-01 4.128741e-01 3.358199e-01 6.510411e-01 5.264342e-01 7.464973e-01 1.791468e-01 5.322786e-01 3.823865e-01 7.937785e-02
<GCONST> 1.145148e+02
<MIXTURE> 7 1.107118e-01
<MEAN> 39
 -1.248280e+01 1.267210e+01 6.875662e+00 -4.100749e+00 -4.781190e+00 1.192930e+00 -1.818148e+00 -4.374987e+00 1.941778e+00 -1.142485e+00 7.581642e-01 -3.705019e+00 3.393463e+00 5.886964e-01 -4.094523e-01 -4.523530e-01 -6.981284e-01 -3.889327e-01 -5.504528e-01 -1.362410e-01 7.107824e-02 1.918917e-01 -6.742179e-03 7.060840e-01 1.154530e+00 -6.185067e-02 7.259616e-01 -5.043760e-01 -8.889712e-02 1.788632e-01 -3.154225e-01 -2.866976e-01 4.517937e-02 2.900693e-01 -7.008072e-02 -1.542290e-01 -1.934681e-01 9.602008e-02 6.561758e-03
<VARIANCE> 39
 1.702365e+01 2.806256e+01 2.041610e+01 2.209745e+01 2.528011e+01 1.469108e+01 4.367443e+01 1.071465e+01 2.521342e+01 3.820831e+01 2.317169e+01 5.586436e+01 2.749719e+00 1.997591e+00 8.421682e-01 1.083050e+00 4.539596e-01 2.344701e+00 1.159015e+00 2.212070e+00 1.642599e+00 1.899781e+00 9.578331e-01 1.923609e+00 1.735078e+00 1.905475e-01 2.377661e-01 2.937942e-01 1.343087e-01 1.420825e-01 3.105128e-01 2.553053e-01 5.246729e-01 1.354726e-01 3.030824e-01 3.168300e-01 3.284065e-01 3.838202e-01 2.174295e-01
<GCONST> 9.557844e+01
<MIXTURE> 8 4.578351e-02
<MEAN> 39
 -8.093408e+00 1.168942e+01 5.578893e+00 9.905876e+00 6.415406e+00 -9.358247e-01 -5.707895e+00 -2.305105e+00 -2.584045e-01 5.473829e+00 -2.713521e+00 -5.162615e+00 -1.000191e-01 1.469381e-01 -6.475616e-01 -6.711443e-02 -3.663309e-01 -7.957851e-01 -4.019719e-01 3.240779e-01 5.514290e-01 -4.014493e-01 2.628920e-01 -3.663608e-02 -3.873011e-01 3.369618e-01 7.352738e-01 -4.120566e-01 -1.741933e-01 -7.229576e-01 -6.924644e-01 -3.430607e-01 -1.646202e-01 1.022131e-01 2.838546e-01 -4.341427e-01 -1.706424e-01 1.480232e-02 1.928898e-01
<VARIANCE> 39
 8.765654e+00 4.716962e+01 2.604241e+01 7.360167e+00 1.737633e+01 6.238683e+01 1.865487e+01 8.469547e+00 2.850945e+01 1.066241e+01 4.177915e+00 1.179321e+01 2.758392e+01 1.733141e+00 6.298340e-01 7.630219e-01 2.564780e+00 2.466549e+00 1.123696e+00 1.059007e+00 8.314827e-01 1.541372e+00 1.911871e+00 1.033324e+00 6.193036e-01 1.287333e-01 7.599471e-02 1.845872e-01 1.228513e-01 2.034278e-01 2.039399e-01 1.815044e-01 2.379983e-01 1.528722e-01 2.180801e-01 2.036866e-01 5.809963e-02 1.384206e-01 3.008516e-02
<GCONST> 8.216897e+01
<STATE> 4
<NUMMIXES> 8
<MIXTURE> 1 2.066646e-01
<MEAN> 39
 1.313897e+00 2.145004e+00 4.830132e+00 -2.225843e+00 -9.973629e+00 -6.719419e+00 -1.762175e+00 7.870126e-01 -2.297818e-01 -9.454046e+00 -1.672367e+00 -1.261420e+00 5.160665e+00 2.256863e+00 -2.763664e+00 2.874007e-01 -6.400254e-01 -8.508928e-01 4.422796e-01 -2.164106e-01 1.600704e+00 1.497300e-01 7.954875e-02 -4.655086e-01 5.377761e-01 3.402039e-01 -7.247781e-01 5.151849e-01 -1.051422e-01 1.632991e-02 8.664278e-01 3.601761e-01 1.271157e-01 5.076619e-02 -1.483136e-01 3.898590e-01 8.937574e-02 -1.803323e-01 -1.183538e-01
<VARIANCE> 39
 1.243519e+01 2.460985e+01 2.391650e+01 1.984141e+01 1.550676e+01 3.124301e+01 1.972456e+01 3.396922e+01 3.452331e+01 3.811899e+01 3.368747e+01 6.230901e+01 9.807324e+00 1.545904e+00 2.758682e+00 1.777636e+00 3.463088e+00 2.950012e+00 4.023793e+00 2.893371e+00 3.841195e+00 3.037216e+00 5.900612e+00 2.854465e+00 2.616498e+00 5.004388e-01 1.305298e-01 3.410057e-01 2.331419e-01 2.620088e-01 3.949973e-01 5.913498e-01 3.396940e-01 5.081145e-01 4.806693e-01 4.169289e-01 4.764494e-01 6.210214e-01 5.674974e-02
<GCONST> 1.109100e+02
<MIXTURE> 2 2.528571e-01
<MEAN> 39
 -1.033473e+00 6.871184e-01 7.804134e+00 -2.230830e-01 -8.201335e+00 -8.630872e+00 -2.482365e-01 1.693536e+00 -6.464997e+00 -2.586108e+00 3.686936e+00 3.386055e+00 5.166504e+00 9.160657e-01 -1.677798e+00 -1.699395e-01 -4.781635e-01 -5.831418e-01 8.350690e-02 -9.011945e-03 1.249369e+00 3.842283e-01 -1.009628e-01 5.832208e-02 -7.916959e-03 4.454045e-01 -2.851312e-01 3.604955e-01 -3.250397e-01 -5.122481e-02 4.483660e-01 2.131160e-01 1.842639e-01 -2.055816e-02 1.753045e-01 5.942956e-02 -2.680621e-01 -1.084509e-01 -7.950311e-02
<VARIANCE> 39
 9.323962e+00 1.642866e+01 1.619454e+01 1.796367e+01 2.834600e+01 2.548611e+01 2.681774e+01 1.998604e+01 4.497692e+01 3.180161e+01 2.454420e+01 1.665359e+01 1.191650e+01 6.013623e-01 1.002974e+00 1.117798e+00 1.045428e+00 2.153060e+00 1.394651e+00 2.227083e+00 1.854472e+00 2.155517e+00 2.533350e+00 2.335238e+00 9.415268e-01 2.225289e-01 9.493975e-02 1.537814e-01 2.005937e-01 1.736813e-01 3.339545e-01 2.276357e-01 5.493261e-01 4.354835e-01 5.334830e-01 3.330245e-01 4.558119e-01 2.231612e-01 2.842106e-02
<GCONST> 9.499112e+01
<MIXTURE> 3 9.295669e-02
<MEAN> 39
 -1.094621e+00 2.717850e+00 4.066188e+00 3.787462e+00 4.830921e-01 -6.205323e+00 -7.091141e+00 -2.959516e+00 5.471344e+00 2.005619e+00 -2.916210e+00 -1.422917e+00 5.018104e+00 2.512687e+00 -1.618475e+00 -2.211456e+00 -4.310245e-01 -6.439849e-01 -2.047763e-01 -5.625050e-01 -7.116079e-01 5.144679e-01 1.598456e-01 -5.061650e-02 -6.352766e-01 3.175311e-01 -4.993026e-01 2.081288e-01 5.447343e-02 -2.092430e-01 4.743273e-01 6.045377e-01 3.663237e-01 3.487475e-01 -2.047609e-01 7.348732e-02 1.779443e-01 -1.102483e-01 -1.294856e-01
<VARIANCE> 39
 1.792274e+01 1.763127e+01 1.928251e+01 1.297022e+01 2.233074e+01 2.879661e+01 1.282835e+01 2.088246e+01 3.156721e+01 2.860303e+01 2.417174e+01 3.212460e+01 1.084018e+01 1.340734e+00 1.153782e+00 1.310723e+00 1.331849e+00 2.007226e+00 2.761271e+00 2.473620e+00 2.734643e+00 3.941805e+00 1.396465e+00 1.652299e+00 5.579117e+00 2.056031e-01 2.167055e-01 1.682910e-01 2.498293e-01 2.197670e-01 2.644390e-01 3.971710e-01 2.611082e-01 3.390574e-01 8.688206e-01 3.239443e-01 3.230803e-01 2.548602e-01 2.943869e-02
<GCONST> 9.963629e+01
<MIXTURE> 4 1.652959e-01
<MEAN> 39
 -7.267563e+00 1.177844e+01 2.178306e+00 -6.436383e-01 -3.354797e+00 -1.047074e+01 -3.369088e-01 -3.139759e+00 -2.725921e+00 -8.861018e+00 4.835902e-01 -8.087501e-01 4.224714e+00 3.223372e+00 -4.125615e+00 5.526146e-01 -3.117239e-01 -2.122515e+00 -3.368233e-01 -7.394305e-01 1.452414e+00 7.317684e-01 -3.820992e-01 4.595081e-01 1.328138e+00 8.024776e-01 1.721969e-01 -4.684706e-01 2.042548e-01 -5.182085e-02 -1.868505e-02 2.728968e-01 2.010241e-02 5.843796e-01 1.208013e-01 3.278528e-01 -1.384396e-01 -1.207351e-01 -4.737082e-05
<VARIANCE> 39
 1.383568e+01 2.997657e+01 9.830541e+00 1.127133e+01 2.479014e+01 2.165094e+01 2.246587e+01 2.055851e+01 3.121136e+01 4.667660e+01 3.461556e+01 4.019209e+01 5.984437e+00 1.101029e+00 2.091588e+00 2.408835e+00 1.796215e+00 1.410399e+00 3.084476e+00 3.060854e+00 3.009389e+00 2.492462e+00 3.198608e+00 4.386850e+00 3.418504e+00 3.656579e-01 1.487541e-01 3.827877e-01 2.093813e-01 1.982424e-01 3.994474e-01 3.779599e-01 4.032955e-01 4.115540e-01 3.303454e-01 3.784607e-01 5.395022e-01 4.724559e-01 3.414841e-02
<GCONST> 1.043546e+02
<MIXTURE> 5 1.380231e-01
<MEAN> 39
 -1.492929e+01 1.087807e+01 7.741352e+00 1.517925e+00 4.425666e+00 8.632510e-01 1.476810e+00 1.501796e+00 2.229333e+00 2.003452e+00 1.410930e+00 -1.142805e+00 2.704064e+00 3.730767e+00 -1.306061e+00 -4.227804e-02 -9.950572e-01 -2.960149e+00 -1.863019e+00 -1.617239e+00 -1.316741e+00 -3.190625e-01 -1.163565e+00 -5.359004e-01 2.992246e-01 6.887397e-01 1.132623e+00 -6.211889e-01 -3.296661e-01 -3.412083e-01 -6.334301e-01 -3.345103e-01 -2.928653e-01 -6.378601e-02 -1.397381e-01 -3.718874e-01 -4.963428e-01 -1.328793e-01 1.857744e-01
<VARIANCE> 39
 3.006413e+01 2.038265e+01 5.334541e+01 3.064010e+01 3.228693e+01 5.727005e+01 4.633173e+01 3.741619e+01 3.581514e+01 3.880809e+01 2.964322e+01 4.444153e+01 1.185332e+01 2.579398e+00 2.192106e+00 1.985157e+00 3.034824e+00 3.562925e+00 2.946863e+00 3.129978e+00 5.542151e+00 2.887832e+00 4.094348e+00 2.487908e+00 3.357757e+00 1.221704e+00 4.619586e-01 4.144039e-01 2.785331e-01 3.878553e-01 6.802014e-01 9.281722e-01 8.527532e-01 9.532483e-01 6.296980e-01 9.182920e-01 5.694488e-01 5.796646e-01 1.871415e-01
<GCONST> 1.230161e+02
<MIXTURE> 6 6.141471e-02
<MEAN> 39
 -1.302890e+00 5.471289e+00 5.852082e+00 -7.583447e+00 -6.658120e+00 -5.760914e+00 1.725621e+00 1.567844e-01 1.254711e+00 -1.093927e+00 6.963244e-01 -3.143209e+00 8.343353e+00 3.097948e+00 -2.723625e+00 -1.138166e+00 -7.121022e-01 -1.335768e+00 -1.150273e+00 9.281576e-01 3.251585e-01 -2.735515e-01 -1.716010e+00 -7.591287e-01 3.470809e-01 1.529178e+00 -1.052635e+00 -3.041215e-01 -2.607586e-01 7.895835e-01 1.351786e+00 9.506184e-01 3.794191e-01 3.453440e-01 -5.208756e-02 2.167403e-02 1.651527e-01 1.542921e-01 -2.423689e-01
<VARIANCE> 39
 1.444884e+01 2.120376e+01 5.076315e+01 1.603270e+01 2.419507e+01 3.206165e+01 7.425252e+01 5.571629e+01 2.575722e+01 8.377698e+01 2.659566e+01 6.410481e+01 8.140392e+00 4.242110e+00 1.961797e+00 1.872471e+00 2.169717e+00 1.240233e+01 5.322099e+00 1.110754e+01 5.250555e+00 4.896214e+00 2.016150e+00 1.802264e+00 8.688562e+00 8.869510e-01 1.350719e-01 2.552902e-01 3.270907e-01 3.568389e-01 5.460485e-01 4.178905e-01 1.127667e+00 6.432517e-01 4.693427e-01 1.008021e+00 6.866502e-01 6.649141e-01 7.075481e-02
<GCONST> 1.215026e+02
<MIXTURE> 7 6.537761e-02
<MEAN> 39
 4.070625e+00 5.561090e-01 1.264651e-01 -2.992501e+00 -1.209337e+00 1.973119e+00 -1.323451e+00 1.746333e-01 7.260793e-01 -5.601430e+00 1.478900e+00 9.389848e-01 1.322541e+00 1.401141e-01 1.054779e-01 5.926190e-02 -3.840391e-02 4.107445e-01 -1.875647e-01 -2.001183e-01 -2.191780e-01 2.128676e-01 1.012255e-01 -3.491806e-01 2.791337e-01 -2.426362e-01 -2.059156e-02 -2.076791e-04 -7.485479e-02 3.184317e-02 2.364914e-02 4.060695e-02 1.765723e-01 5.394450e-02 -1.178682e-01 7.206999e-02 -1.222603e-01 -5.571791e-02 -4.096597e-02
<VARIANCE> 39
 1.144353e+01 1.822270e+01 3.262070e+01 4.262667e+01 3.047920e+01 8.187247e+01 3.328290e+01 5.907825e+01 3.282235e+01 2.228710e+01 3.879068e+01 5.954135e+01 2.726777e+01 1.480418e-01 4.738818e-01 9.511037e-01 2.777882e+00 1.573526e+00 1.936610e+00 2.115309e+00 1.109033e+00 1.564409e+00 8.945083e-01 6.138223e-01 5.821924e-01 2.121255e-01 3.694432e-02 5.422303e-02 9.788349e-02 1.680696e-01 2.082895e-01 2.496350e-01 1.473182e-01 3.010519e-01 1.269404e-01 8.679058e-02 1.898343e-01 2.049980e-01 1.010594e-02
<GCONST> 8.660255e+01
<MIXTURE> 8 1.741035e-02
<MEAN> 39
 6.766727e+00 -7.372587e-01 -9.275513e+00 -6.281720e+00 5.359949e+00 2.305851e+00 -3.718748e+00 -4.082373e+00 5.285302e-01 -6.073307e+00 -8.521799e-01 -3.874297e+00 5.677039e-01 2.987905e+00 -1.414823e+00 -9.160705e-01 -1.014641e+00 1.028737e+00 1.459157e+00 3.435077e-01 -3.918398e-01 -1.318456e+00 -1.441992e+00 -6.861774e-01 2.473644e-01 1.196949e+00 -4.233558e-01 -7.845637e-02 5.854809e-01 5.437495e-01 -3.631474e-01 1.089404e-01 2.477720e-01 1.318350e-01 -4.940134e-01 3.681628e-01 3.142522e-01 8.541870e-01 -1.427096e-01
<VARIANCE> 39
 8.532807e+00 3.440228e+01 2.630489e+01 3.505795e+01 2.401261e+01 6.845615e+00 3.143236e+01 1.243498e+02 2.127110e+01 1.980900e+01 1.121222e+01 9.239468e+00 4.076316e+00 6.437492e+00 1.266045e+01 3.833509e+00 2.515941e+00 3.969672e+00 9.496909e-01 1.366947e+00 5.045703e+00 1.783778e+00 2.952336e+00 5.067277e+00 9.482073e-01 9.149656e-01 2.474873e-01 5.101933e-01 1.816506e+00 8.889344e-01 1.004148e+00 2.503000e-01 1.258697e-01 1.175439e+00 2.222500e-01 3.602888e-01 1.539812e-01 9.750594e-02 6.508432e-02
<GCONST> 1.083780e+02
<TRANSP> 5
 0.000000e+00 1.000000e+00 0.000000e+00 0.000000e+00 0.000000e+00
 0.000000e+00 7.336331e-01 2.663669e-01 0.000000e+00 0.000000e+00
 0.000000e+00 0.000000e+00 7.275744e-01 2.724256e-01 0.000000e+00
 0.000000e+00 0.000000e+00 0.000000e+00 7.488052e-01 2.511948e-01
 0.000000e+00 0.000000e+00 0.000000e+00 0.000000e+00 0.000000e+00
<ENDHMM>
