~o
<STREAMINFO> 1 39
<VECSIZE> 39<NULLD><MFCC_D_A_Z_0><DIAGC>
~h "aa"
<BEGINHMM>
<NUMSTATES> 6
<STATE> 2
<NUMMIXES> 4
<MIXTURE> 1 2.748022e-01
<MEAN> 39
 1.353839e+00 -6.650935e+00 -1.620933e+00 2.196338e+00 7.233366e-01 7.687984e+00 -3.352597e+00 -6.995996e+00 3.253795e+00 2.189131e+00 8.372545e+00 1.029868e+01 1.112532e+01 4.024995e-02 -5.158379e-02 1.590204e-02 1.477740e-01 6.805700e-02 4.123111e-02 -5.491402e-03 2.410360e-02 3.457968e-02 9.206865e-03 2.244335e-02 -4.422684e-02 -1.534280e-02 1.127682e-02 1.011070e-02 -8.594948e-02 -1.321873e-01 -1.383599e-01 -1.540697e-01 2.190483e-02 1.079786e-02 -1.080219e-01 -5.425922e-02 -6.723784e-02 -7.649597e-02 -7.300285e-02
<VARIANCE> 39
 1.311254e+01 2.566250e+01 1.812315e+01 5.782604e+01 5.726607e+01 5.650632e+01 6.170292e+01 5.619045e+01 5.020876e+01 7.893770e+01 8.791416e+01 1.478349e+02 1.792560e+01 3.241684e-01 6.371870e-01 8.165801e-01 1.347193e+00 1.383723e+00 1.579729e+00 1.650012e+00 1.578414e+00 1.644754e+00 1.761680e+00 1.762909e+00 2.264182e+00 1.436109e-01 5.051437e-02 9.938262e-02 1.343234e-01 1.801596e-01 2.230638e-01 2.548598e-01 2.759491e-01 2.680309e-01 2.642146e-01 2.882361e-01 3.036447e-01 3.899527e-01 2.359848e-02
<GCONST> 9.914957e+01
<MIXTURE> 2 2.285342e-01
<MEAN> 39
 3.724854e+00 -4.133760e+00 -3.459987e+00 -1.866076e+00 -9.212251e-01 3.366851e+00 2.734728e-01 -7.895252e+00 -3.570204e+00 -6.380920e+00 -4.872434e+00 -2.948700e+00 8.347837e+00 -4.435572e-02 -1.284260e-01 -8.356740e-02 1.441658e-01 1.753538e-01 6.673054e-02 -1.526844e-01 -1.648565e-01 1.205578e-02 1.192804e-01 9.456379e-02 -1.172346e-01 5.640502e-02 4.091486e-02 1.308331e-01 1.009772e-01 6.629131e-02 -4.110210e-02 -2.730361e-02 7.293034e-02 1.564748e-01 7.523257e-02 6.368354e-02 1.235342e-01 1.032148e-01 -8.972660e-02
<VARIANCE> 39
 2.054798e+01 4.220017e+01 2.839922e+01 6.314481e+01 7.338408e+01 5.683372e+01 7.918354e+01 6.973165e+01 5.096511e+01 4.967557e+01 4.764433e+01 6.466255e+01 2.975183e+01 3.756044e-01 7.441365e-01 8.689944e-01 1.652576e+00 1.811127e+00 2.312396e+00 2.431720e+00 2.371243e+00 2.186551e+00 2.288224e+00 2.084920e+00 2.129059e+00 2.917463e-01 5.826119e-02 1.069154e-01 1.467602e-01 2.313204e-01 3.256629e-01 3.756248e-01 4.094970e-01 4.188886e-01 3.633038e-01 3.944004e-01 3.610030e-01 3.430099e-01 5.385936e-02
<GCONST> 1.070104e+02
<MIXTURE> 3 3.247770e-01
<MEAN> 39
 3.018853e+00 -7.235778e+00 -2.590833e+00 3.695137e+00 -1.212449e+00 5.853440e+00 -1.498191e+00 -1.077184e+01 -1.110756e+00 -2.456752e+00 -1.673617e+00 -3.829269e-01 8.932523e+00 9.399477e-03 -5.972519e-03 -3.071260e-02 1.234422e-02 -9.244948e-03 -4.447718e-02 -2.298560e-02 7.737319e-03 -3.914593e-02 -1.158847e-02 6.105868e-02 -9.649586e-03 -4.122614e-02 6.944277e-03 1.662359e-02 -6.514682e-03 -4.413317e-02 1.712494e-03 -8.862651e-03 -8.515822e-04 1.626785e-02 -1.088539e-04 -2.295480e-02 5.991178e-05 1.188489e-02 -1.287251e-02
<VARIANCE> 39
 1.356348e+01 1.520275e+01 1.779141e+01 4.200428e+01 5.221592e+01 3.338403e+01 6.799989e+01 3.804707e+01 4.032277e+01 4.324827e+01 4.564236e+01 7.895830e+01 2.340246e+01 1.184801e-01 2.504161e-01 3.415299e-01 5.867655e-01 6.474050e-01 7.149646e-01 7.653677e-01 7.917174e-01 8.065792e-01 7.778887e-01 7.795866e-01 7.210125e-01 4.682405e-02 2.081576e-02 4.133883e-02 6.099140e-02 9.224856e-02 1.106755e-01 1.271216e-01 1.396395e-01 1.388035e-01 1.417584e-01 1.363341e-01 1.350207e-01 1.306238e-01 6.867078e-03
<GCONST> 7.384042e+01
<MIXTURE> 4 1.718866e-01
<MEAN> 39
 3.027467e+00 -3.127424e+00 -3.846934e+00 -3.735645e+00 -1.938261e+00 3.896960e+00 2.218563e+00 -7.299559e-01 3.151921e+00 7.119046e-01 2.701931e+00 -9.980015e-02 8.452980e+00 -2.348679e-01 -8.455026e-01 -3.506104e-01 4.679615e-01 7.123982e-01 9.520856e-01 -1.377527e-01 -4.931180e-01 3.465725e-01 3.152201e-01 5.822150e-01 5.111982e-02 1.055087e+00 -2.144107e-01 2.183519e-01 2.999615e-01 3.369457e-01 1.651349e-01 -3.131056e-01 -1.608931e-01 6.983115e-02 -2.012678e-01 -1.964659e-02 -1.776075e-01 1.147759e-02 -4.246237e-01
<VARIANCE> 39
 2.335085e+01 4.236916e+01 3.179778e+01 7.592426e+01 6.018655e+01 7.243462e+01 7.795243e+01 1.200940e+02 1.271444e+02 1.540887e+02 1.872337e+02 2.020277e+02 2.621916e+01 1.342024e+00 1.938191e+00 2.230518e+00 3.979728e+00 3.663830e+00 4.380563e+00 4.671218e+00 5.056285e+00 5.430762e+00 6.180922e+00 7.288597e+00 7.961021e+00 1.530641e+00 2.873261e-01 3.114427e-01 4.109634e-01 6.319826e-01 6.610959e-01 8.558736e-01 8.336118e-01 9.134102e-01 1.033671e+00 1.149387e+00 1.206525e+00 1.167254e+00 2.397311e-01
<GCONST> 1.391378e+02
<STATE> 3
<NUMMIXES> 4
<MIXTURE> 1 2.458719e-01
<MEAN> 39
 2.963650e-01 -2.916228e+00 -4.832929e+00 2.918050e+00 4.336283e+00 4.900271e+00 2.743869e+00 -3.855020e+00 5.025826e+00 1.382524e+01 1.753372e+01 8.884128e+00 1.190257e+01 3.677514e-03 4.455090e-03 8.946182e-03 2.418936e-02 -2.210489e-02 -2.258763e-02 3.239249e-02 3.738831e-03 2.361584e-02 2.854731e-02 -1.137675e-02 -1.988364e-02 -1.142856e-02 -9.162396e-03 -1.317474e-02 -1.848905e-02 -2.487944e-02 -1.381181e-02 -1.177337e-02 -8.081674e-03 -1.867028e-03 1.012041e-02 1.935048e-03 3.464273e-03 -3.653071e-03 -6.222975e-03
<VARIANCE> 39
 1.073454e+01 4.795854e+01 2.874675e+01 7.037806e+01 5.824555e+01 7.914056e+01 5.838035e+01 6.030841e+01 8.803427e+01 9.693513e+01 4.293887e+01 1.647943e+02 1.552917e+01 8.490663e-02 1.735809e-01 2.118260e-01 2.729347e-01 2.809368e-01 3.174960e-01 3.679994e-01 3.241351e-01 3.791323e-01 4.504529e-01 4.220430e-01 4.008262e-01 2.494376e-02 1.390148e-02 3.024895e-02 3.641872e-02 4.924115e-02 4.893141e-02 5.698321e-02 6.849281e-02 6.188305e-02 6.668255e-02 8.212423e-02 7.409222e-02 7.191214e-02 3.758148e-03
<GCONST> 6.247882e+01
<MIXTURE> 2 2.877750e-01
<MEAN> 39
 1.463672e+00 3.614277e+00 -5.931108e+00 -9.565973e+00 8.427665e+00 -8.428670e-01 -1.300501e-01 -3.547402e+00 -5.856622e+00 -6.806356e+00 -5.693706e-01 1.112809e-01 8.963017e+00 2.481517e-02 2.393904e-02 1.901953e-03 1.559460e-02 -2.227279e-02 -3.832522e-02 -1.405306e-02 -2.537296e-02 2.349782e-02 1.654817e-02 -2.034397e-02 3.017532e-03 -6.066192e-02 1.254221e-02 -5.725706e-03 1.808182e-02 -4.703207e-03 -6.376078e-02 -6.556421e-03 1.336741e-03 -1.084322e-02 1.840553e-02 2.027251e-03 4.509744e-03 1.905221e-02 -2.233849e-02
<VARIANCE> 39
 1.430910e+01 2.444278e+01 2.038101e+01 3.138552e+01 3.337304e+01 5.626897e+01 5.925781e+01 3.740804e+01 3.764815e+01 4.867377e+01 8.085174e+01 1.181595e+02 1.739472e+01 1.352541e-01 3.309289e-01 4.133087e-01 5.778297e-01 6.896617e-01 8.909638e-01 9.519128e-01 9.356557e-01 8.299767e-01 7.650303e-01 8.932213e-01 9.589202e-01 6.516796e-02 2.302760e-02 5.106665e-02 7.335683e-02 1.030035e-01 1.348621e-01 1.480888e-01 1.651693e-01 1.657850e-01 1.559909e-01 1.337822e-01 1.594703e-01 1.595023e-01 9.382409e-03
<GCONST> 7.893779e+01
<MIXTURE> 3 2.860928e-01
<MEAN> 39
 -2.949209e-01 -3.986983e+00 -4.404450e+00 7.729753e-01 4.308846e+00 4.952452e+00 -5.021870e-01 9.728824e-01 1.101404e+01 1.780564e+01 1.721759e+01 -5.013002e-01 1.210483e+01 3.536331e-03 -1.096019e-02 -2.534067e-02 3.653109e-02 -2.522785e-02 2.476505e-03 1.268085e-02 2.905749e-02 -2.409465e-02 4.101887e-02 -1.259284e-02 1.092934e-03 -4.411094e-02 1.792852e-02 1.869081e-02 7.258913e-03 -1.698796e-02 -1.778002e-02 2.950158e-03 1.236651e-02 1.174266e-02 -1.064709e-02 -4.658797e-02 -4.767882e-02 7.471364e-03 -1.050845e-02
<VARIANCE> 39
 1.193518e+01 3.175610e+01 2.878749e+01 7.671944e+01 7.060641e+01 5.592492e+01 4.792844e+01 8.171234e+01 7.311524e+01 9.580550e+01 8.643243e+01 2.544275e+02 2.144260e+01 2.173982e-01 4.565279e-01 5.923685e-01 8.015136e-01 7.716100e-01 1.024160e+00 1.024974e+00 1.176836e+00 1.254101e+00 1.297307e+00 1.426162e+00 1.796977e+00 8.367141e-02 3.838253e-02 8.178575e-02 1.011845e-01 1.329006e-01 1.317604e-01 1.729046e-01 1.735434e-01 1.877754e-01 2.005604e-01 2.233243e-01 2.373312e-01 2.682927e-01 1.207767e-02
<GCONST> 9.207652e+01
<MIXTURE> 4 1.802603e-01
<MEAN> 39
 9.144719e-01 -3.857132e+00 -2.946694e+00 -5.456761e-01 1.092457e+00 4.170492e+00 1.073901e+00 8.661549e-03 5.962391e+00 4.405478e+00 4.184637e+00 -2.345615e+00 8.724092e+00 5.756983e-02 9.673390e-03 -8.296876e-02 1.781024e-01 1.305471e-01 -1.702220e-01 -4.990779e-02 1.379174e-01 -3.566836e-02 -7.218326e-02 1.660827e-01 3.743340e-02 -8.707302e-02 3.099321e-02 1.783321e-01 8.190548e-02 -2.382281e-02 -1.468266e-01 -2.719625e-01 8.361655e-03 9.184372e-02 -9.975209e-02 -7.464796e-02 -1.043061e-01 1.492665e-01 -2.068553e-01
<VARIANCE> 39
 2.364518e+01 4.168432e+01 3.240435e+01 8.236567e+01 6.650416e+01 6.434402e+01 8.624086e+01 1.239267e+02 1.682133e+02 2.061802e+02 2.091646e+02 2.594613e+02 3.773855e+01 6.860481e-01 1.077601e+00 1.343729e+00 2.541761e+00 2.271230e+00 2.685547e+00 3.049701e+00 3.359651e+00 3.257710e+00 3.745517e+00 4.190767e+00 4.718999e+00 4.229177e-01 1.163223e-01 1.813196e-01 2.500046e-01 3.780430e-01 4.056526e-01 4.971404e-01 5.511366e-01 5.956647e-01 6.506171e-01 6.997359e-01 7.172611e-01 8.040251e-01 1.043961e-01
<GCONST> 1.262417e+02
<STATE> 4
<NUMMIXES> 4
<MIXTURE> 1 2.920479e-01
<MEAN> 39
 4.379960e+00 -8.705320e+00 -7.393331e+00 1.250179e+01 -3.527250e+00 2.925396e+00 4.605744e+00 -5.135943e+00 -4.751342e+00 5.101557e+00 1.308485e+01 1.188083e+01 9.619844e+00 1.377953e-02 1.537181e-02 -9.190034e-03 7.430029e-03 -1.723495e-02 -3.385892e-02 1.553474e-02 3.028891e-02 -2.107641e-02 1.069601e-02 8.031251e-03 4.030835e-02 -3.537508e-02 -1.218636e-02 -2.836825e-03 -2.551431e-02 -6.668023e-02 -2.172772e-02 -3.541350e-02 -3.902138e-02 -2.121476e-02 2.305299e-03 -3.275752e-02 -2.517331e-02 -1.911950e-02 -1.667578e-02
<VARIANCE> 39
 1.194251e+01 9.534786e+00 1.605130e+01 3.884478e+01 2.979556e+01 3.248793e+01 5.855108e+01 5.077132e+01 4.501123e+01 7.334263e+01 5.823166e+01 7.711743e+01 1.222269e+01 2.090465e-01 3.398524e-01 5.376667e-01 6.702077e-01 7.547408e-01 8.063800e-01 8.816327e-01 9.315381e-01 9.115104e-01 1.068373e+00 9.536559e-01 1.035583e+00 7.017676e-02 3.518705e-02 6.305527e-02 9.420963e-02 1.209287e-01 1.372410e-01 1.466603e-01 1.634642e-01 1.703809e-01 1.550911e-01 1.863837e-01 1.805139e-01 1.845666e-01 9.784408e-03
<GCONST> 8.003635e+01
<MIXTURE> 2 2.617292e-01
<MEAN> 39
 8.458277e+00 -5.665739e+00 -1.177385e+01 9.307935e+00 -1.268738e+00 -1.287972e+00 2.665517e+00 1.195355e-01 -6.720105e+00 -8.268967e+00 -1.145171e+00 -1.726130e+00 6.481217e+00 6.426679e-02 4.725867e-02 -4.103920e-02 1.878378e-02 -2.084647e-03 -9.783152e-02 -1.228905e-01 1.401997e-01 3.037954e-03 -4.968023e-02 -3.331406e-02 2.018400e-02 -9.705278e-02 -6.120142e-03 2.369844e-02 6.485704e-02 -2.993631e-02 -7.880893e-03 2.771485e-02 2.125592e-02 -1.360038e-02 2.532122e-02 5.112005e-02 1.022180e-02 3.031422e-02 -2.362366e-03
<VARIANCE> 39
 1.833202e+01 1.720683e+01 2.165652e+01 3.918370e+01 3.543098e+01 3.586319e+01 7.961191e+01 6.994058e+01 4.290599e+01 4.176406e+01 5.435925e+01 6.971785e+01 1.564604e+01 1.632372e-01 3.284660e-01 5.419896e-01 8.124533e-01 9.419197e-01 1.188240e+00 1.445481e+00 1.469137e+00 1.356425e+00 1.465156e+00 1.343835e+00 1.327737e+00 8.419527e-02 2.558653e-02 5.765742e-02 9.383729e-02 1.344260e-01 1.645037e-01 2.057153e-01 2.451590e-01 2.455506e-01 2.411844e-01 2.602328e-01 2.219431e-01 2.266285e-01 1.102376e-02
<GCONST> 8.698515e+01
<MIXTURE> 3 2.552424e-01
<MEAN> 39
 2.749539e+00 -3.977318e+00 -5.188170e+00 1.390730e+00 -1.391246e-01 1.587885e+00 8.549501e-01 -2.777300e+00 -1.110469e+00 -5.441124e-01 5.421014e+00 4.365788e+00 7.668162e+00 2.119360e-01 2.907595e-01 2.188946e-02 -2.112671e-01 -3.885527e-01 -5.772276e-01 -4.824732e-02 2.268569e-01 -4.483144e-02 -1.993901e-01 -2.472576e-01 5.241000e-02 -4.531867e-01 2.766254e-02 1.704069e-01 1.537607e-01 -1.559436e-02 -1.208291e-01 -1.667381e-01 -4.756345e-02 -3.211783e-03 -1.009473e-02 3.679069e-02 -1.755172e-01 -2.562322e-02 -1.731933e-01
<VARIANCE> 39
 2.423551e+01 4.971581e+01 4.310693e+01 1.144424e+02 6.016818e+01 6.942957e+01 7.935602e+01 7.847504e+01 9.944817e+01 1.266153e+02 1.286523e+02 1.575901e+02 3.218499e+01 6.562380e-01 1.086093e+00 1.331451e+00 2.343749e+00 2.247781e+00 2.622110e+00 2.935117e+00 2.876855e+00 2.873048e+00 3.244212e+00 3.123923e+00 3.785189e+00 5.021719e-01 9.971172e-02 1.633130e-01 2.265714e-01 3.582103e-01 3.802672e-01 5.230071e-01 5.204011e-01 5.080751e-01 5.227812e-01 5.538857e-01 5.759346e-01 6.181216e-01 8.925516e-02
<GCONST> 1.216364e+02
<MIXTURE> 4 1.909804e-01
<MEAN> 39
 1.564091e+00 -3.567943e+00 -4.424166e+00 2.615022e+00 2.203773e+00 4.267927e+00 6.902008e+00 1.375179e+01 2.140727e+01 1.174639e+01 -8.929569e+00 -2.781957e+01 7.510433e+00 2.987618e-02 3.716062e-02 -2.428817e-02 -3.483830e-03 -4.000290e-02 3.978054e-02 -2.508975e-03 6.609111e-02 4.867832e-02 -6.764237e-02 -1.004193e-01 -9.532475e-02 -6.777363e-02 5.957029e-03 -1.808279e-03 4.021709e-03 -1.722754e-02 -3.671218e-02 2.331457e-03 8.224587e-04 -1.985419e-02 -3.447646e-02 -1.780399e-02 5.137032e-02 9.116840e-02 -8.964935e-03
<VARIANCE> 39
 2.920494e+01 3.945648e+01 2.594435e+01 1.205720e+02 5.780772e+01 7.292953e+01 7.105924e+01 8.683670e+01 7.051293e+01 1.257292e+02 1.631834e+02 6.949903e+01 1.828811e+01 2.556609e-01 4.951985e-01 6.056874e-01 7.742317e-01 8.756527e-01 9.734199e-01 1.214817e+00 1.334049e+00 1.418035e+00 1.445620e+00 1.790542e+00 1.601259e+00 8.615042e-02 4.255843e-02 8.450096e-02 1.098601e-01 1.183281e-01 1.468050e-01 1.755145e-01 2.017296e-01 2.284394e-01 2.421800e-01 2.486433e-01 2.560910e-01 2.718332e-01 1.265169e-02
<GCONST> 9.544875e+01
<STATE> 5
<NUMMIXES> 4
<MIXTURE> 1 2.938363e-01
<MEAN> 39
 2.689176e+00 -2.314256e+00 -4.962178e+00 -8.966191e-01 2.670872e-01 5.974944e-01 -2.577047e+00 -3.511922e+00 1.228412e+00 5.810607e+00 1.495080e+01 1.608841e+01 7.040176e+00 1.223494e-02 2.254692e-01 1.164686e-01 -1.540328e-01 -2.363835e-01 -3.649058e-01 -1.280089e-01 1.486589e-01 8.077783e-02 1.597448e-01 -1.701619e-02 5.715477e-02 -2.654023e-01 1.299239e-02 3.121688e-02 5.660287e-02 -3.843039e-02 -7.572802e-02 -5.776980e-03 3.425800e-02 -3.017120e-02 -7.095192e-03 -2.614298e-03 -1.331703e-01 -2.124457e-01 -3.515157e-02
<VARIANCE> 39
 1.985157e+01 4.434406e+01 3.655307e+01 7.796022e+01 6.869648e+01 6.108715e+01 6.322560e+01 6.080357e+01 7.935572e+01 8.605256e+01 6.615813e+01 6.422989e+01 1.949836e+01 3.245875e-01 7.240946e-01 1.024913e+00 1.591849e+00 1.685198e+00 1.968374e+00 2.193200e+00 2.092006e+00 2.482668e+00 2.334186e+00 2.320487e+00 2.541425e+00 2.037373e-01 5.267878e-02 1.079301e-01 1.749178e-01 2.200459e-01 2.908764e-01 3.159544e-01 3.332479e-01 3.484839e-01 3.814682e-01 3.598620e-01 3.945327e-01 3.874435e-01 2.520023e-02
<GCONST> 1.063550e+02
<MIXTURE> 2 2.741293e-01
<MEAN> 39
 4.731070e+00 1.826833e+00 -3.004668e+00 -4.533724e+00 -1.559588e-01 -1.527436e+00 -5.534049e-01 -2.590452e+00 -4.569682e+00 -8.507107e+00 -5.865110e+00 -4.528098e+00 3.303002e+00 5.758035e-02 5.424273e-01 5.882028e-01 7.498816e-02 -5.351583e-01 -7.315365e-01 -6.466992e-02 1.872608e-02 -1.715706e-01 2.219450e-02 -3.345050e-01 1.540529e-01 -6.820843e-01 -6.103164e-02 -2.086133e-02 9.869686e-02 1.014034e-01 -1.163924e-02 1.289885e-02 -2.744094e-02 -1.203348e-01 -7.967682e-03 1.066367e-01 1.072001e-01 1.054951e-01 -5.659731e-02
<VARIANCE> 39
 3.295621e+01 3.685995e+01 3.894445e+01 7.242919e+01 5.641834e+01 5.569176e+01 7.386428e+01 5.977673e+01 4.664997e+01 5.391451e+01 4.420957e+01 5.212069e+01 3.612490e+01 6.095121e-01 9.401678e-01 1.232120e+00 1.720824e+00 2.150857e+00 2.325445e+00 2.790699e+00 2.698998e+00 2.491868e+00 2.430414e+00 2.238850e+00 2.257530e+00 5.102678e-01 7.777949e-02 1.215834e-01 2.021326e-01 2.738756e-01 3.313423e-01 3.753248e-01 4.600850e-01 4.664232e-01 4.572456e-01 4.132022e-01 4.063244e-01 3.803411e-01 5.719503e-02
<GCONST> 1.113280e+02
<MIXTURE> 3 2.222976e-01
<MEAN> 39
 3.900424e+00 -1.040779e+00 -2.527420e+00 -3.471252e+00 -3.400116e+00 2.165430e-01 2.449734e-01 -1.177736e+00 1.418168e+00 1.699302e-02 3.306949e+00 3.247711e+00 4.277342e+00 -5.544068e-02 9.714687e-01 8.949621e-01 -7.849166e-02 -5.116112e-01 -1.294065e+00 -3.591920e-01 -2.538916e-01 -8.148341e-01 -3.011040e-01 -8.387236e-01 6.692023e-02 -1.514323e+00 -2.746126e-01 -2.653464e-02 8.959273e-02 1.992893e-01 3.082144e-01 9.677197e-02 -6.161369e-02 -6.875541e-02 -7.551049e-02 2.881869e-03 -1.845179e-01 -2.345250e-01 -6.592820e-02
<VARIANCE> 39
 2.131178e+01 3.712209e+01 3.488503e+01 6.428967e+01 6.015283e+01 7.647001e+01 7.733785e+01 9.210976e+01 9.970280e+01 1.368404e+02 1.368621e+02 1.475861e+02 3.569434e+01 1.893998e+00 2.010977e+00 2.187082e+00 3.726570e+00 4.050582e+00 5.309109e+00 4.670954e+00 5.088341e+00 6.202513e+00 5.725953e+00 5.968555e+00 7.212356e+00 2.152911e+00 2.098428e-01 3.444990e-01 4.366114e-01 5.981379e-01 5.955251e-01 9.029937e-01 8.644895e-01 8.671111e-01 9.690354e-01 9.910229e-01 9.209899e-01 9.961267e-01 3.112213e-01
<GCONST> 1.379794e+02
<MIXTURE> 4 2.097367e-01
<MEAN> 39
 6.811579e-01 -4.085612e+00 -3.649660e+00 2.032694e+00 -2.203567e-01 5.352719e+00 6.824774e+00 1.495401e+01 2.026975e+01 8.895714e+00 -9.936941e+00 -2.196120e+01 6.999246e+00 1.213707e-01 1.596781e-01 9.981089e-02 -2.755800e-01 -3.559234e-01 -3.775555e-01 -1.154489e-01 -1.000414e-01 -3.523006e-01 3.522703e-02 4.187263e-01 9.702045e-01 -4.162252e-01 -4.941683e-03 3.835218e-02 6.990137e-02 -2.797664e-02 -4.084909e-02 -1.162971e-01 -3.463494e-02 -2.002877e-01 -2.819669e-01 -4.801083e-02 1.387378e-01 4.025010e-01 -7.432287e-02
<VARIANCE> 39
 2.219499e+01 3.432035e+01 3.221033e+01 9.991044e+01 6.253662e+01 6.117862e+01 1.054749e+02 9.032987e+01 7.186949e+01 1.983902e+02 2.992198e+02 1.198944e+02 2.476415e+01 7.175262e-01 1.077576e+00 1.472080e+00 2.538653e+00 2.613190e+00 2.944895e+00 2.951888e+00 3.679000e+00 4.058781e+00 4.844062e+00 6.705169e+00 7.448911e+00 6.405511e-01 1.144012e-01 1.720995e-01 2.555365e-01 3.788795e-01 4.031996e-01 4.893332e-01 5.340613e-01 6.736485e-01 7.030690e-01 8.043545e-01 9.901960e-01 1.073911e+00 9.174167e-02
<GCONST> 1.271888e+02
<TRANSP> 6
 0.000000e+00 1.000000e+00 0.000000e+00 0.000000e+00 0.000000e+00 0.000000e+00
 0.000000e+00 8.230940e-01 1.769060e-01 0.000000e+00 0.000000e+00 0.000000e+00
 0.000000e+00 0.000000e+00 8.318774e-01 1.681226e-01 0.000000e+00 0.000000e+00
 0.000000e+00 0.000000e+00 0.000000e+00 8.050054e-01 1.949946e-01 0.000000e+00
 0.000000e+00 0.000000e+00 0.000000e+00 0.000000e+00 6.520136e-01 3.479864e-01
 0.000000e+00 0.000000e+00 0.000000e+00 0.000000e+00 0.000000e+00 0.000000e+00
<ENDHMM>
