~o
<STREAMINFO> 1 39
<VECSIZE> 39<NULLD><MFCC_D_A_Z_0><DIAGC>
~h "ah"
<BEGINHMM>
<NUMSTATES> 6
<STATE> 2
<NUMMIXES> 4
<MIXTURE> 1 3.439114e-01
<MEAN> 39
 -1.669934e+00 -6.032498e+00 2.389246e-01 2.469801e+00 3.213421e+00 7.170479e+00 -4.912474e-01 8.158563e+00 2.151909e+01 1.769650e+01 7.592672e-01 -2.070262e+01 1.128356e+01 2.355545e-02 -5.353648e-02 5.730490e-02 1.144173e-01 -7.070944e-02 6.378321e-02 -2.340384e-02 2.983611e-02 5.161807e-02 5.520795e-02 -1.056246e-01 -1.391167e-01 -5.205486e-02 1.652087e-02 1.452378e-02 -3.113187e-02 -5.702343e-02 -5.244935e-02 -2.759271e-02 6.797219e-02 7.135299e-02 -3.421007e-02 -1.148123e-01 -8.166112e-02 5.795183e-02 -2.420918e-02
<VARIANCE> 39
 1.327045e+01 2.129588e+01 2.250165e+01 6.152162e+01 7.055562e+01 4.530139e+01 4.649261e+01 7.045316e+01 7.116614e+01 5.632693e+01 1.638987e+02 1.319227e+02 2.184297e+01 3.708191e-01 6.720840e-01 8.517504e-01 1.267155e+00 1.727996e+00 1.539781e+00 1.688104e+00 2.228840e+00 2.111166e+00 2.243865e+00 4.365398e+00 3.036230e+00 1.506726e-01 6.349010e-02 1.100333e-01 1.440516e-01 1.943333e-01 2.871712e-01 2.740551e-01 2.893646e-01 3.602469e-01 3.595171e-01 3.845448e-01 5.794685e-01 4.837217e-01 2.316729e-02
<GCONST> 1.049591e+02
<MIXTURE> 2 1.666152e-01
<MEAN> 39
 2.382276e+00 -2.501157e+00 -2.267210e+00 -4.130071e+00 -1.431299e+00 2.734412e+00 -9.746711e-01 -3.577556e+00 -7.416619e-01 -2.622226e+00 1.967823e+00 3.391298e+00 8.014207e+00 -1.549310e-01 -7.006180e-01 -1.385931e-01 2.765631e-01 5.064184e-01 6.351469e-01 -3.437155e-01 -3.571638e-01 2.525948e-01 1.506205e-01 3.204763e-01 1.956792e-01 8.406360e-01 -1.464441e-01 2.236198e-01 1.912669e-01 2.425332e-01 9.984417e-02 -2.103798e-01 1.891659e-02 1.926721e-01 -3.230205e-02 1.182629e-01 -1.525375e-01 -2.317784e-01 -3.814431e-01
<VARIANCE> 39
 2.452580e+01 4.349256e+01 2.951486e+01 6.859309e+01 6.263832e+01 7.598223e+01 7.003672e+01 6.971741e+01 6.923786e+01 1.372431e+02 1.431498e+02 1.180711e+02 3.828067e+01 1.259845e+00 1.797593e+00 1.796344e+00 3.437549e+00 3.313017e+00 3.703088e+00 4.090710e+00 4.053093e+00 3.999542e+00 4.689327e+00 4.942776e+00 5.443618e+00 1.670283e+00 2.909749e-01 2.757021e-01 3.354760e-01 5.760192e-01 6.269102e-01 7.424858e-01 7.161831e-01 7.722304e-01 8.171382e-01 8.656626e-01 9.400834e-01 9.967912e-01 2.457270e-01
<GCONST> 1.331149e+02
<MIXTURE> 3 2.973850e-01
<MEAN> 39
 -1.557693e+00 -4.368761e+00 -1.474776e-01 2.974888e+00 3.372762e+00 5.768986e+00 7.323899e+00 2.278621e+01 2.029825e+01 -3.990947e+00 -2.693328e+01 -2.200844e+01 1.063715e+01 1.147253e-02 -5.333970e-03 -1.812121e-02 1.425823e-02 1.368411e-02 -9.658108e-03 -7.645635e-04 3.308968e-02 -6.161188e-03 1.574342e-02 -5.329857e-02 -4.064985e-02 -2.157485e-02 6.878611e-03 -1.075712e-02 -1.696523e-02 -3.117286e-02 -2.107308e-02 2.339505e-02 -3.320760e-03 -7.530327e-02 -1.479955e-02 7.321037e-02 1.091086e-01 2.548434e-02 -6.458932e-03
<VARIANCE> 39
 1.262292e+01 2.837176e+01 2.749026e+01 7.469363e+01 6.161005e+01 5.495257e+01 1.039301e+02 7.145893e+01 9.305676e+01 1.880276e+02 9.552556e+01 1.806251e+02 1.766570e+01 3.047290e-01 6.108284e-01 7.735687e-01 7.678577e-01 9.473850e-01 1.067612e+00 1.286267e+00 1.371063e+00 1.556213e+00 2.269006e+00 1.643418e+00 1.883257e+00 1.036950e-01 5.689225e-02 1.102122e-01 1.415417e-01 1.336400e-01 1.682131e-01 1.908875e-01 2.236852e-01 2.585952e-01 2.735490e-01 3.193040e-01 2.952159e-01 2.983965e-01 1.682663e-02
<GCONST> 9.884398e+01
<MIXTURE> 4 1.920883e-01
<MEAN> 39
 -1.427687e-01 -3.176249e+00 -1.861751e+00 -2.795854e+00 -4.775055e-01 5.840731e+00 6.906397e+00 1.664399e+01 2.053339e+01 7.972098e+00 -1.032187e+01 -2.199310e+01 8.586082e+00 -1.602713e-01 -2.586974e-01 6.764163e-02 2.747253e-01 2.700245e-01 2.251459e-01 -3.585323e-01 7.463201e-02 6.631536e-01 5.172833e-01 -6.940898e-02 -7.471669e-01 3.631068e-01 -6.818824e-02 8.605168e-02 1.105433e-01 1.845440e-01 8.860607e-02 -1.255338e-01 -1.838940e-01 -3.072554e-01 -4.617221e-01 -1.265377e-01 1.649723e-01 4.543867e-01 -1.598224e-01
<VARIANCE> 39
 1.876304e+01 3.440670e+01 2.944305e+01 7.313797e+01 6.373494e+01 5.854075e+01 8.662981e+01 8.724938e+01 7.435691e+01 1.668077e+02 2.705179e+02 1.296439e+02 2.600366e+01 1.389472e+00 1.850671e+00 2.069656e+00 3.717185e+00 4.133887e+00 4.235700e+00 5.253854e+00 6.547476e+00 8.118873e+00 9.003834e+00 1.197519e+01 1.215370e+01 1.823909e+00 2.538087e-01 2.914551e-01 3.752914e-01 5.816125e-01 6.820945e-01 7.396961e-01 9.255996e-01 1.040866e+00 1.286164e+00 1.346611e+00 1.599257e+00 1.587767e+00 2.778592e-01
<GCONST> 1.407381e+02
<STATE> 3
<NUMMIXES> 4
<MIXTURE> 1 2.668357e-01
<MEAN> 39
 -9.467060e-01 -6.826789e+00 -2.961307e-02 6.637661e+00 -5.179982e-01 7.095706e+00 -1.075007e+00 7.089689e+00 1.742649e+01 2.202621e+01 9.836534e+00 -1.710473e+01 9.936378e+00 1.192139e-02 2.617203e-02 -1.513117e-02 -1.157833e-02 1.369848e-02 1.045685e-02 -1.042732e-02 2.237590e-02 -2.416820e-02 2.038498e-02 8.514876e-03 -1.894028e-02 -2.421180e-02 -1.127170e-02 -9.489207e-03 -2.954197e-02 -3.021119e-02 -5.258146e-03 -1.455069e-02 4.265940e-03 1.317364e-02 1.974968e-02 -1.768248e-02 -3.555563e-02 -6.161360e-04 -1.117463e-02
<VARIANCE> 39
 1.672497e+01 1.648567e+01 2.608904e+01 5.959392e+01 6.785600e+01 3.685305e+01 3.655119e+01 6.339032e+01 3.670362e+01 4.484011e+01 7.258527e+01 7.828590e+01 1.785580e+01 2.309057e-01 4.124792e-01 5.215095e-01 5.937577e-01 5.805013e-01 7.036569e-01 7.162507e-01 7.707742e-01 9.017740e-01 9.874550e-01 1.041930e+00 1.069135e+00 6.932844e-02 4.113637e-02 7.412582e-02 9.452484e-02 1.067759e-01 9.763440e-02 1.307687e-01 1.324118e-01 1.352116e-01 1.602338e-01 1.759379e-01 1.645331e-01 1.778555e-01 1.071477e-02
<GCONST> 8.105274e+01
<MIXTURE> 2 3.200175e-01
<MEAN> 39
 2.260376e+00 -8.687095e+00 -1.380374e+00 6.622250e+00 -1.684815e+00 5.310840e+00 -4.022864e+00 -6.143575e+00 1.515439e+00 1.059562e-01 1.915758e+00 5.028078e+00 1.017312e+01 2.554372e-02 6.706797e-03 -8.324591e-03 2.487079e-02 -1.896509e-02 -1.406153e-02 -4.594914e-02 2.645994e-02 -2.870226e-03 1.856348e-02 -8.344159e-03 -7.051004e-03 -5.273438e-02 6.042914e-03 1.942460e-02 -1.935352e-02 -5.137788e-02 -1.483854e-02 -1.298448e-02 1.912821e-02 6.875658e-03 -1.728215e-02 -5.113044e-03 1.067187e-02 -2.026469e-03 -1.823736e-02
<VARIANCE> 39
 1.545389e+01 1.546681e+01 3.060006e+01 4.605577e+01 4.499870e+01 4.376031e+01 5.869864e+01 5.474509e+01 5.197675e+01 7.490208e+01 9.461256e+01 1.252244e+02 2.084422e+01 1.778477e-01 3.264765e-01 4.832441e-01 7.477120e-01 7.725692e-01 8.566626e-01 9.730228e-01 9.764206e-01 9.293191e-01 1.009232e+00 9.608513e-01 9.813872e-01 6.635738e-02 2.902059e-02 5.601648e-02 8.335453e-02 1.185061e-01 1.310230e-01 1.512659e-01 1.709222e-01 1.693692e-01 1.593900e-01 1.745378e-01 1.722720e-01 1.751739e-01 9.728452e-03
<GCONST> 8.336735e+01
<MIXTURE> 3 2.151342e-01
<MEAN> 39
 -1.212992e+00 -4.215916e+00 -1.221402e+00 3.003899e+00 1.386058e+00 6.534924e+00 3.892797e+00 1.754375e+01 2.386049e+01 1.291103e+01 -1.477623e+01 -3.139339e+01 8.915751e+00 8.379196e-03 8.987645e-03 -2.187988e-02 -8.527263e-03 -9.074349e-03 -9.937010e-03 -1.369343e-03 1.240669e-02 1.986242e-03 1.312339e-02 5.954226e-03 -9.109054e-04 -2.098940e-02 9.312159e-03 8.685769e-03 -3.579155e-03 1.574467e-03 7.005106e-05 4.918916e-03 -2.372333e-03 -2.439970e-02 -2.538389e-02 -1.459845e-04 5.159530e-02 4.019015e-02 2.073095e-03
<VARIANCE> 39
 1.797044e+01 3.918044e+01 2.821510e+01 9.224851e+01 8.319524e+01 6.065823e+01 6.678934e+01 4.633726e+01 4.949070e+01 6.503775e+01 7.916229e+01 3.324846e+01 1.401777e+01 2.198150e-01 4.144918e-01 4.567212e-01 4.964533e-01 5.146517e-01 6.479393e-01 6.527169e-01 8.003138e-01 8.222381e-01 7.664583e-01 1.041782e+00 8.043529e-01 5.547121e-02 3.994562e-02 7.422307e-02 8.165124e-02 8.620446e-02 9.194382e-02 1.172226e-01 1.197400e-01 1.421760e-01 1.516568e-01 1.352634e-01 1.749357e-01 1.454810e-01 8.389707e-03
<GCONST> 8.037830e+01
<MIXTURE> 4 1.980126e-01
<MEAN> 39
 9.124019e-01 -5.690372e+00 -2.308269e+00 2.320389e+00 -9.190214e-01 4.118240e+00 -3.780587e-01 2.891512e+00 9.652550e+00 1.071012e+01 4.832333e+00 -5.677430e+00 8.710421e+00 -1.623606e-02 2.566128e-03 2.348100e-02 4.978411e-02 9.580801e-02 -8.347626e-02 -6.883892e-02 2.248938e-02 -4.332706e-02 -2.232618e-02 -5.910029e-02 -1.655443e-02 -5.281910e-02 3.170967e-02 1.096077e-01 6.447775e-02 1.625608e-03 -1.765479e-02 -4.950067e-02 5.020824e-02 2.192834e-02 -5.726549e-02 -4.195223e-02 -4.372745e-02 2.854650e-03 -9.185424e-02
<VARIANCE> 39
 2.221094e+01 4.331835e+01 3.351250e+01 9.344025e+01 6.665725e+01 6.867242e+01 7.107043e+01 1.278559e+02 1.476377e+02 2.068915e+02 1.707976e+02 2.541840e+02 3.183329e+01 6.073226e-01 9.981618e-01 1.268897e+00 2.066918e+00 2.170228e+00 2.576853e+00 2.562821e+00 3.022200e+00 3.324052e+00 3.593426e+00 4.477443e+00 4.742804e+00 5.064298e-01 1.010221e-01 1.778397e-01 2.239837e-01 3.355716e-01 3.898513e-01 4.705779e-01 4.494908e-01 5.087304e-01 5.795156e-01 6.084793e-01 6.419259e-01 6.995390e-01 9.750888e-02
<GCONST> 1.237434e+02
<STATE> 4
<NUMMIXES> 4
<MIXTURE> 1 1.671232e-01
<MEAN> 39
 -2.214969e+00 4.821030e+00 -4.700813e+00 -9.656953e+00 9.323206e+00 -3.975880e+00 4.861524e+00 1.211084e+01 1.897690e+01 2.077636e+01 5.209784e+00 -1.981655e+01 7.120232e+00 3.820617e-02 5.397675e-02 -2.621394e-02 -2.796694e-02 -3.913218e-02 -5.828654e-02 7.841551e-02 -1.797325e-02 2.163580e-02 3.766477e-03 -7.193425e-04 3.618188e-02 -8.319296e-02 1.026067e-02 -1.555356e-02 1.276254e-02 3.585595e-03 -4.756121e-02 1.553452e-02 -8.043073e-03 -1.041856e-02 -7.577744e-03 -3.597250e-02 5.868213e-03 5.118910e-02 -7.562008e-03
<VARIANCE> 39
 1.197131e+01 1.958209e+01 1.933677e+01 4.081984e+01 4.319595e+01 4.720000e+01 6.666770e+01 5.882594e+01 4.167593e+01 6.112290e+01 1.503031e+02 1.428537e+02 1.614351e+01 1.699945e-01 4.757023e-01 5.693610e-01 7.038373e-01 7.568401e-01 9.695522e-01 1.021020e+00 1.047396e+00 1.094234e+00 1.199812e+00 1.761473e+00 1.415469e+00 6.475182e-02 3.185807e-02 7.846627e-02 9.926798e-02 1.192989e-01 1.421169e-01 1.714236e-01 1.711830e-01 1.858324e-01 2.071156e-01 2.148223e-01 2.783177e-01 2.446244e-01 8.945024e-03
<GCONST> 8.696924e+01
<MIXTURE> 2 3.545662e-01
<MEAN> 39
 1.787681e+00 1.558543e+00 -3.274315e+00 -8.468206e+00 5.575859e+00 2.457062e-01 -8.200437e-01 -1.195415e+00 -2.718381e+00 -5.576411e+00 -1.937594e+00 -1.218756e+00 8.257730e+00 8.995954e-03 2.862232e-02 -1.942605e-05 -2.112474e-02 -3.544723e-03 -5.505463e-02 -3.754933e-03 -5.160231e-03 -1.389087e-02 3.217219e-02 1.334334e-02 6.676477e-03 -4.941564e-02 7.142776e-03 -5.484862e-03 3.895489e-03 -9.182390e-03 -5.702114e-02 -3.086497e-04 5.658448e-03 -1.213164e-02 3.032011e-03 -5.051323e-03 -1.149850e-02 1.467435e-04 -1.514968e-02
<VARIANCE> 39
 2.022547e+01 2.808684e+01 2.365036e+01 4.175435e+01 5.293826e+01 6.255874e+01 6.013314e+01 4.705388e+01 3.714344e+01 6.232081e+01 7.476596e+01 9.624462e+01 1.842122e+01 1.187140e-01 2.978238e-01 3.752758e-01 5.500704e-01 6.812390e-01 8.641785e-01 9.066404e-01 9.306456e-01 8.840518e-01 8.164679e-01 8.414371e-01 8.317716e-01 5.524662e-02 2.034765e-02 4.340886e-02 6.572234e-02 9.258938e-02 1.213179e-01 1.416069e-01 1.570917e-01 1.630188e-01 1.536269e-01 1.423806e-01 1.479398e-01 1.433637e-01 7.996749e-03
<GCONST> 7.894382e+01
<MIXTURE> 3 1.689572e-01
<MEAN> 39
 7.412334e+00 -3.776212e+00 -6.422499e+00 4.288368e+00 -4.614111e+00 3.697940e+00 1.395613e+01 2.093937e+01 1.782557e+01 5.943661e+00 -2.023856e+01 -2.508764e+01 1.740160e+00 1.026842e-02 1.761348e-02 1.776405e-02 -2.996323e-02 -4.730389e-03 -1.996124e-02 4.167391e-02 1.120144e-02 -1.246430e-02 -4.351335e-02 -4.931941e-02 1.277521e-02 -4.608893e-02 -7.805371e-03 3.513640e-04 4.224066e-03 -1.004064e-02 4.679016e-03 -4.383583e-03 -8.475785e-03 -2.429819e-02 -6.879207e-03 5.280606e-03 3.408052e-02 2.801032e-02 -8.961699e-04
<VARIANCE> 39
 1.235933e+01 1.380822e+01 2.270589e+01 5.254556e+01 2.930260e+01 6.742060e+01 8.278212e+01 7.501801e+01 7.478010e+01 2.225648e+02 2.273862e+02 1.420797e+02 1.200645e+01 1.904993e-01 4.425680e-01 6.996575e-01 7.363676e-01 7.038608e-01 1.078613e+00 1.005022e+00 1.151072e+00 1.175359e+00 1.520382e+00 1.656084e+00 1.567817e+00 6.029183e-02 3.535284e-02 8.443758e-02 1.363505e-01 1.383994e-01 1.304354e-01 2.053282e-01 1.787568e-01 2.219681e-01 2.148904e-01 2.617956e-01 2.713701e-01 2.679905e-01 9.295474e-03
<GCONST> 9.146355e+01
<MIXTURE> 4 3.093534e-01
<MEAN> 39
 3.229873e+00 -2.593498e+00 -2.588618e+00 -3.612349e+00 5.523981e-01 2.110500e+00 -1.647425e+00 -2.956592e+00 -1.410771e+00 -4.444303e+00 -1.887283e+00 -1.832858e-01 7.639080e+00 1.181676e-01 3.055942e-01 6.244745e-02 -8.917423e-02 -1.640597e-01 -2.802078e-01 4.782634e-02 -1.578672e-02 -1.639172e-01 -3.949452e-02 5.669852e-03 1.457019e-01 -3.344273e-01 1.333730e-02 9.256875e-02 5.457195e-02 1.754825e-02 -5.101043e-02 -1.148631e-01 2.712834e-02 -3.528006e-03 -2.957649e-02 4.238474e-02 4.128848e-03 1.888711e-02 -1.025723e-01
<VARIANCE> 39
 2.653658e+01 3.713065e+01 3.407537e+01 7.355815e+01 6.270064e+01 6.940015e+01 7.313411e+01 7.433455e+01 7.243779e+01 9.500652e+01 1.008345e+02 1.145091e+02 2.702626e+01 4.732572e-01 9.605036e-01 1.142012e+00 1.884299e+00 2.282974e+00 2.673443e+00 2.535896e+00 2.655309e+00 2.624943e+00 2.564208e+00 2.650508e+00 2.895498e+00 4.996809e-01 7.519868e-02 1.344740e-01 1.869071e-01 2.705597e-01 3.637272e-01 4.402274e-01 4.410496e-01 4.824044e-01 4.484621e-01 4.360435e-01 4.512820e-01 4.466068e-01 6.943513e-02
<GCONST> 1.149494e+02
<STATE> 5
<NUMMIXES> 4
<MIXTURE> 1 2.412438e-01
<MEAN> 39
 9.873247e-01 -3.779332e+00 -2.167490e+00 -2.519316e+00 -1.359228e+00 2.661598e+00 -3.485763e+00 -4.773054e-01 6.618899e+00 1.107751e+01 1.670947e+01 1.079776e+01 8.174056e+00 1.904234e-01 3.787832e-01 1.691116e-02 -3.212907e-01 -3.646749e-01 -5.488774e-01 8.258592e-02 -2.805052e-01 -5.454040e-01 -3.661110e-01 -2.955248e-01 4.038885e-01 -5.652405e-01 5.224282e-04 9.149017e-02 8.830974e-02 5.617878e-02 9.204700e-03 -1.063343e-01 3.960411e-02 2.361465e-02 -6.678329e-02 -1.537053e-01 -3.773275e-01 -3.087221e-01 -1.128070e-01
<VARIANCE> 39
 1.839877e+01 3.252488e+01 2.628419e+01 6.971520e+01 6.545284e+01 7.775107e+01 5.740701e+01 6.905009e+01 8.866670e+01 1.172334e+02 7.710338e+01 1.171648e+02 3.052427e+01 7.563188e-01 1.216071e+00 1.485637e+00 2.479920e+00 2.836156e+00 3.576968e+00 3.259951e+00 3.242423e+00 4.081227e+00 4.322320e+00 4.175055e+00 6.030035e+00 8.838597e-01 1.150651e-01 1.767302e-01 2.565577e-01 3.613078e-01 4.547761e-01 6.086282e-01 5.335534e-01 5.288174e-01 6.518061e-01 6.436261e-01 6.900149e-01 8.414103e-01 1.108455e-01
<GCONST> 1.236134e+02
<MIXTURE> 2 4.605734e-01
<MEAN> 39
 -1.709113e+00 -4.701954e+00 -5.667463e-01 -2.435981e-01 3.547895e+00 5.698021e+00 -5.762062e+00 -9.958211e-01 5.881874e+00 7.096038e+00 1.756904e+01 1.645881e+01 1.130851e+01 1.447970e-02 4.776963e-03 2.726357e-03 1.791493e-02 -7.052294e-02 1.297776e-02 1.732195e-02 -7.049972e-03 2.156545e-02 2.031090e-02 1.322646e-02 1.878874e-02 -4.573229e-02 8.253631e-03 8.350749e-04 -1.785323e-02 -2.190558e-02 -2.840792e-02 -4.596604e-03 1.479093e-02 -7.785521e-03 -3.715547e-03 5.575997e-03 -7.827877e-03 -2.387338e-02 -1.266892e-02
<VARIANCE> 39
 9.632027e+00 2.069656e+01 1.774554e+01 4.361951e+01 5.624020e+01 4.665745e+01 3.947964e+01 5.079135e+01 5.126592e+01 7.483414e+01 6.406364e+01 7.641899e+01 1.740302e+01 1.697933e-01 3.544284e-01 4.433162e-01 5.581720e-01 6.515484e-01 6.730240e-01 7.357822e-01 6.860750e-01 7.653008e-01 9.515269e-01 8.847864e-01 1.027675e+00 6.254239e-02 2.914993e-02 5.962909e-02 7.902695e-02 9.153792e-02 1.114583e-01 1.159288e-01 1.290924e-01 1.198322e-01 1.284478e-01 1.631254e-01 1.542641e-01 1.774005e-01 9.027078e-03
<GCONST> 7.783272e+01
<MIXTURE> 3 1.420244e-01
<MEAN> 39
 3.789080e-01 -1.733389e+00 -2.495824e+00 -2.915300e+00 3.864524e-01 4.012114e+00 5.241549e+00 1.549913e+01 2.053415e+01 1.268316e+01 -6.438279e+00 -2.272355e+01 5.136147e+00 1.087117e-01 1.960042e-01 3.430898e-02 -3.396972e-01 -4.048257e-01 -5.502242e-01 -1.042903e-01 -6.417983e-01 -8.685158e-01 -3.675873e-01 9.482315e-01 1.787508e+00 -5.986084e-01 -4.045130e-02 1.236217e-02 4.565248e-02 5.488873e-02 1.739902e-02 -1.314494e-01 -1.469944e-01 -3.214210e-01 -4.233503e-01 -1.945695e-01 1.849732e-01 5.287896e-01 -1.071664e-01
<VARIANCE> 39
 1.947242e+01 3.573075e+01 2.480214e+01 7.652353e+01 6.858746e+01 6.068113e+01 7.725117e+01 8.598690e+01 6.439429e+01 1.623781e+02 2.392056e+02 9.565865e+01 3.271414e+01 1.016553e+00 1.284370e+00 1.440880e+00 2.331109e+00 3.180675e+00 3.470488e+00 3.782338e+00 4.737244e+00 5.630928e+00 6.086436e+00 8.759803e+00 8.937263e+00 1.036427e+00 1.491808e-01 2.062881e-01 2.567168e-01 3.645805e-01 4.720088e-01 5.292141e-01 5.818825e-01 7.458310e-01 7.966793e-01 9.422694e-01 1.107285e+00 1.047837e+00 1.162424e-01
<GCONST> 1.300206e+02
<MIXTURE> 4 1.561584e-01
<MEAN> 39
 3.898409e+00 1.506640e+00 -1.005709e-01 -3.782366e+00 -3.311880e+00 -2.293819e+00 -1.466088e+00 -2.635291e+00 -2.577272e+00 -3.013075e+00 -1.826707e+00 -1.756434e-02 1.347373e+00 -3.937454e-01 7.547326e-01 6.305335e-01 4.809273e-01 1.119285e-01 -6.957662e-01 -1.915776e-01 -4.076990e-01 -9.851916e-01 -3.602726e-01 -6.083502e-01 -2.184628e-01 -1.305326e+00 -2.603102e-01 -1.817531e-01 -7.606942e-02 9.843259e-02 2.415005e-01 2.496145e-01 1.270145e-02 1.830804e-01 2.240508e-01 1.735050e-01 1.089777e-01 -1.229585e-01 1.348433e-01
<VARIANCE> 39
 2.582965e+01 3.593209e+01 2.842646e+01 5.864635e+01 4.622416e+01 6.504698e+01 6.459982e+01 8.390665e+01 7.378278e+01 1.071186e+02 9.933603e+01 1.046559e+02 3.988372e+01 2.063948e+00 2.104131e+00 2.138087e+00 3.182209e+00 3.168193e+00 4.809194e+00 4.388474e+00 5.238559e+00 5.505621e+00 5.544098e+00 5.616910e+00 5.228489e+00 2.402971e+00 2.423229e-01 3.064559e-01 3.496374e-01 5.180262e-01 5.043908e-01 6.797936e-01 7.737895e-01 8.296070e-01 8.766623e-01 7.867817e-01 8.724836e-01 9.279064e-01 2.774473e-01
<GCONST> 1.336786e+02
<TRANSP> 6
 0.000000e+00 1.000000e+00 0.000000e+00 0.000000e+00 0.000000e+00 0.000000e+00
 0.000000e+00 8.734215e-01 1.265785e-01 0.000000e+00 0.000000e+00 0.000000e+00
 0.000000e+00 0.000000e+00 9.196408e-01 8.035917e-02 0.000000e+00 0.000000e+00
 0.000000e+00 0.000000e+00 0.000000e+00 8.889516e-01 1.110484e-01 0.000000e+00
 0.000000e+00 0.000000e+00 0.000000e+00 0.000000e+00 8.696408e-01 1.303592e-01
 0.000000e+00 0.000000e+00 0.000000e+00 0.000000e+00 0.000000e+00 0.000000e+00
<ENDHMM>
