~o
<STREAMINFO> 1 39
<VECSIZE> 39<NULLD><MFCC_D_A_Z_0><DIAGC>
~h "ax"
<BEGINHMM>
<NUMSTATES> 6
<STATE> 2
<NUMMIXES> 4
<MIXTURE> 1 1.985559e-01
<MEAN> 39
 3.397043e+00 -8.883955e-01 -2.399732e+00 -6.256888e+00 -3.642396e+00 4.618772e-02 -8.931836e-01 -1.719579e+00 1.798648e+00 2.270090e+00 5.982049e+00 6.004970e+00 6.193515e+00 1.447070e-02 -4.652118e-01 -3.533450e-01 -1.831716e-01 3.256421e-01 6.974022e-01 -2.370403e-01 -5.209149e-01 1.498362e-01 1.849969e-01 9.521727e-01 7.460211e-01 1.043398e+00 -3.551509e-01 2.214956e-01 2.672810e-01 5.013512e-01 4.202769e-01 -6.803247e-02 5.951080e-03 9.770057e-02 -2.281200e-01 -1.040092e-01 -2.875559e-01 -3.450121e-01 -5.001035e-01
<VARIANCE> 39
 2.214031e+01 4.467593e+01 3.399712e+01 7.081363e+01 5.337809e+01 8.120281e+01 6.810851e+01 8.116116e+01 9.167637e+01 1.392772e+02 1.577682e+02 1.248121e+02 2.885275e+01 2.218551e+00 2.497257e+00 2.634562e+00 4.848752e+00 4.824097e+00 6.056792e+00 4.932860e+00 5.477182e+00 6.618091e+00 8.055861e+00 8.667708e+00 8.874599e+00 2.906609e+00 3.843202e-01 4.144477e-01 5.084191e-01 8.235998e-01 7.735200e-01 1.116612e+00 9.898656e-01 1.034905e+00 1.213787e+00 1.398302e+00 1.519659e+00 1.297764e+00 4.735290e-01
<GCONST> 1.440045e+02
<MIXTURE> 2 2.258891e-01
<MEAN> 39
 3.288153e+00 3.101103e-01 -1.566601e+00 -3.416142e+00 -8.125367e-01 -1.274546e+00 -1.462862e+00 -2.055805e+00 -3.531467e+00 -5.855645e+00 -4.565254e+00 -2.175768e+00 3.599271e+00 4.052610e-02 -3.767052e-02 -5.501182e-02 2.528861e-02 1.993338e-01 7.726003e-02 -1.297859e-01 -6.235114e-02 -6.421788e-03 3.575451e-02 -1.151985e-03 -1.517030e-01 2.307378e-02 -4.660316e-02 1.093250e-01 1.022430e-01 1.121698e-01 -3.186086e-03 6.984364e-03 5.906979e-02 -4.091217e-02 4.609232e-05 1.221405e-01 1.134163e-01 1.229746e-01 -1.596496e-01
<VARIANCE> 39
 3.353011e+01 5.132447e+01 3.938660e+01 8.584621e+01 4.944584e+01 6.159983e+01 6.016284e+01 7.391805e+01 5.772272e+01 6.095771e+01 6.690874e+01 8.320152e+01 4.594952e+01 5.365474e-01 9.368021e-01 1.178926e+00 1.774184e+00 1.989478e+00 2.371997e+00 2.588695e+00 2.454769e+00 2.546872e+00 2.509606e+00 2.618876e+00 2.551415e+00 5.735173e-01 1.077725e-01 1.587845e-01 2.233767e-01 3.331949e-01 3.555768e-01 4.453377e-01 5.086629e-01 5.367059e-01 4.943506e-01 4.870170e-01 5.121841e-01 5.001497e-01 1.131106e-01
<GCONST> 1.161702e+02
<MIXTURE> 3 4.540792e-01
<MEAN> 39
 -1.815821e-01 3.555270e+00 -3.779017e+00 -7.822702e+00 3.719612e+00 -4.096708e+00 -1.102663e+00 3.202315e+00 8.272475e+00 1.572972e+01 1.745131e+01 8.044852e+00 6.930143e+00 5.436911e-02 -9.694496e-03 1.867281e-02 -5.826000e-03 -3.304124e-02 2.410979e-02 2.862312e-03 1.117815e-02 3.477523e-02 5.496461e-02 1.652553e-02 -3.968316e-02 -9.272327e-02 1.754387e-02 -2.011519e-02 7.892907e-03 -3.168071e-03 -7.121278e-02 3.831704e-02 1.470969e-02 -3.503288e-02 -3.026023e-03 -8.528003e-02 -9.134880e-02 -4.849537e-02 -2.065354e-02
<VARIANCE> 39
 1.505068e+01 3.993969e+01 3.292437e+01 4.899969e+01 4.928562e+01 6.589821e+01 5.386132e+01 6.050792e+01 9.399348e+01 8.826662e+01 5.678459e+01 1.423892e+02 2.132722e+01 2.595021e-01 6.504921e-01 8.152261e-01 1.029136e+00 1.275144e+00 1.563579e+00 1.605351e+00 1.584523e+00 1.887272e+00 2.016476e+00 1.834052e+00 2.411429e+00 1.456890e-01 4.474230e-02 9.783469e-02 1.392657e-01 1.834800e-01 2.225058e-01 2.558005e-01 2.683839e-01 2.780457e-01 3.168192e-01 3.460667e-01 3.348000e-01 3.569198e-01 2.029727e-02
<GCONST> 1.004923e+02
<MIXTURE> 4 1.214757e-01
<MEAN> 39
 -6.959169e-01 -1.025570e+00 -2.342515e+00 -4.756186e+00 6.346852e-01 3.211973e+00 2.655676e+00 1.047760e+01 2.011768e+01 1.612932e+01 2.940850e+00 -1.663001e+01 8.041988e+00 -2.965227e-01 -7.881889e-02 8.336242e-02 3.488017e-01 6.648465e-01 2.578197e-01 -4.784897e-01 8.951233e-02 7.625702e-01 1.031504e+00 1.876263e-01 -1.297296e+00 4.191202e-01 -2.384234e-02 1.359569e-01 1.222928e-01 2.216665e-01 -8.718763e-05 -2.479874e-01 -4.306223e-02 -3.952452e-01 -9.269702e-01 -5.121079e-01 7.829043e-02 8.859282e-01 -3.569137e-01
<VARIANCE> 39
 1.585137e+01 4.372784e+01 2.931250e+01 7.782417e+01 6.428536e+01 6.268260e+01 7.023823e+01 8.283423e+01 6.575634e+01 1.225937e+02 2.194825e+02 1.212262e+02 2.321173e+01 1.040033e+00 1.727258e+00 1.769805e+00 3.050209e+00 3.605318e+00 3.837283e+00 4.437904e+00 5.535895e+00 6.827215e+00 7.998058e+00 1.134782e+01 1.043664e+01 1.178944e+00 2.068474e-01 2.750269e-01 3.231443e-01 5.526657e-01 6.103782e-01 6.507401e-01 8.197332e-01 1.042973e+00 1.274949e+00 1.279670e+00 1.595042e+00 1.133716e+00 2.332589e-01
<GCONST> 1.362460e+02
<STATE> 3
<NUMMIXES> 4
<MIXTURE> 1 3.523702e-01
<MEAN> 39
 4.361498e+00 4.940427e+00 -3.840687e+00 -7.636521e+00 2.288462e+00 -4.319982e+00 -1.141597e+00 -1.752962e+00 -5.000430e+00 -7.497957e+00 -5.358894e+00 -4.109110e+00 5.006029e+00 6.220087e-02 1.663338e-02 6.823269e-02 5.385116e-03 -6.114041e-02 -9.954858e-04 -2.813165e-02 -6.001416e-02 2.976886e-02 3.926420e-03 1.065484e-02 7.209796e-02 -1.079547e-01 5.677804e-03 -1.581440e-02 4.525772e-02 3.046314e-02 -5.658887e-02 4.088643e-02 -2.106775e-03 -1.620149e-02 3.518469e-02 8.404413e-03 2.085512e-02 3.380489e-02 -1.967689e-02
<VARIANCE> 39
 2.273728e+01 3.944725e+01 3.685048e+01 6.658331e+01 6.004083e+01 5.440026e+01 6.753999e+01 6.753390e+01 5.404623e+01 5.225780e+01 6.654886e+01 9.431269e+01 2.046835e+01 1.872045e-01 4.998989e-01 6.564230e-01 8.924965e-01 1.181181e+00 1.486275e+00 1.622420e+00 1.631118e+00 1.519255e+00 1.486800e+00 1.527842e+00 1.428272e+00 1.265142e-01 3.138107e-02 7.292488e-02 1.108136e-01 1.597942e-01 2.065754e-01 2.479387e-01 2.803709e-01 2.875463e-01 2.737653e-01 2.718958e-01 2.680949e-01 2.502562e-01 1.746151e-02
<GCONST> 9.571729e+01
<MIXTURE> 2 2.765133e-01
<MEAN> 39
 2.100652e+00 -6.865639e+00 -8.482544e-01 2.415613e+00 -8.906997e-01 5.374276e+00 -5.492592e+00 -7.779010e+00 1.777269e-01 -2.751294e+00 2.056772e+00 6.055983e+00 8.934263e+00 6.013577e-02 3.468941e-02 -3.534501e-02 1.230884e-02 -8.548027e-02 -2.196334e-02 -1.937716e-02 1.268545e-02 -6.116348e-02 1.490532e-02 1.452780e-02 3.142272e-02 -1.113978e-01 3.135180e-02 7.914355e-02 -4.578564e-02 -1.110713e-01 -4.897443e-02 -8.497347e-02 7.015587e-02 4.238612e-02 -6.936405e-02 -2.523415e-02 -1.307628e-03 -1.378540e-02 -5.791731e-02
<VARIANCE> 39
 1.415855e+01 2.142179e+01 2.770041e+01 6.835052e+01 5.130434e+01 4.422349e+01 6.370351e+01 5.543953e+01 5.459039e+01 7.619642e+01 8.053040e+01 1.223458e+02 1.512421e+01 2.627418e-01 5.563378e-01 7.288175e-01 1.245411e+00 1.340396e+00 1.469216e+00 1.592988e+00 1.514669e+00 1.542243e+00 1.617976e+00 1.610113e+00 1.608191e+00 1.266708e-01 4.268654e-02 8.770876e-02 1.261214e-01 1.791203e-01 2.270466e-01 2.667884e-01 2.759464e-01 2.719716e-01 2.660339e-01 2.701725e-01 2.739073e-01 2.796570e-01 2.075357e-02
<GCONST> 9.656956e+01
<MIXTURE> 3 1.421333e-01
<MEAN> 39
 -2.904178e+00 8.050274e+00 -6.252222e+00 -7.951603e+00 6.897542e+00 -4.952453e+00 5.549534e+00 1.043181e+01 1.832280e+01 2.462487e+01 6.478621e+00 -1.753642e+01 6.274597e+00 4.796057e-03 -5.858063e-03 1.865548e-03 1.178214e-02 1.420268e-02 3.661194e-02 3.130100e-02 1.387730e-02 3.360773e-02 -2.449629e-02 -1.012083e-01 -1.318958e-01 -3.080045e-02 1.124502e-02 -3.208055e-02 2.464481e-02 -1.495789e-02 -3.530236e-02 3.048035e-02 -3.123671e-02 5.069037e-04 -1.554874e-02 -5.679987e-02 2.635057e-02 6.552958e-02 -3.552011e-03
<VARIANCE> 39
 1.116165e+01 2.455785e+01 1.678576e+01 2.601247e+01 4.895959e+01 3.360673e+01 4.940360e+01 6.290075e+01 5.055915e+01 6.168374e+01 1.391549e+02 1.190493e+02 1.479495e+01 1.627421e-01 4.486338e-01 5.857540e-01 6.872420e-01 7.376050e-01 9.790931e-01 1.047554e+00 1.057696e+00 1.083654e+00 1.292636e+00 1.756115e+00 1.403486e+00 6.794750e-02 2.938120e-02 7.587679e-02 1.052988e-01 1.267148e-01 1.260334e-01 1.723362e-01 1.770566e-01 1.942351e-01 1.992972e-01 2.213155e-01 2.482058e-01 2.386513e-01 8.534938e-03
<GCONST> 8.573852e+01
<MIXTURE> 4 2.289833e-01
<MEAN> 39
 2.285926e+00 -1.236494e+00 -1.770071e+00 -4.330008e+00 -1.492766e+00 2.100938e+00 -1.926364e+00 -2.606187e+00 6.395448e-01 -9.402334e-01 1.728705e+00 1.423154e+00 6.116935e+00 1.461021e-01 3.035960e-01 2.268768e-01 1.258231e-01 -1.187153e-01 -1.388002e-01 -3.726741e-02 -1.929408e-01 -2.848309e-01 -1.868127e-01 -1.333686e-01 6.047813e-02 -4.166808e-01 -3.008271e-02 1.722946e-01 1.272433e-01 1.853402e-01 1.319304e-03 -2.582235e-01 8.773158e-02 6.048490e-02 -1.353499e-01 -1.934645e-02 -1.544221e-01 -1.367841e-02 -2.865404e-01
<VARIANCE> 39
 2.204541e+01 4.695027e+01 3.211480e+01 7.792527e+01 6.166368e+01 7.671482e+01 7.558697e+01 9.589636e+01 1.097863e+02 1.474226e+02 1.430878e+02 1.623324e+02 3.641238e+01 1.040678e+00 1.741187e+00 1.803271e+00 3.221657e+00 3.640584e+00 3.827717e+00 4.148613e+00 3.742241e+00 3.946267e+00 4.157290e+00 4.782232e+00 4.624336e+00 1.312392e+00 1.816853e-01 2.458447e-01 3.207509e-01 4.991222e-01 6.129387e-01 7.374408e-01 7.379007e-01 7.629053e-01 7.514194e-01 7.967634e-01 8.863558e-01 8.591529e-01 2.025112e-01
<GCONST> 1.323397e+02
<STATE> 4
<NUMMIXES> 4
<MIXTURE> 1 2.146962e-01
<MEAN> 39
 2.856137e+00 -4.208405e+00 -3.564074e+00 2.665978e+00 -2.990393e+00 1.724097e+00 -2.444063e+00 -1.043083e+00 1.944751e+00 1.009332e+01 1.605350e+01 1.340744e+01 6.816153e+00 7.714302e-02 1.144906e-01 -2.850460e-03 -8.076783e-02 -6.420758e-02 -8.959473e-02 8.429905e-02 5.571614e-02 -8.289522e-02 -2.073831e-02 6.055510e-02 1.137844e-01 -1.691202e-01 1.118054e-02 4.273552e-02 1.722102e-02 -7.369266e-02 -4.826023e-02 -5.596086e-02 2.130273e-02 -9.072125e-03 6.348836e-02 -2.188019e-03 -1.625827e-01 -1.941129e-01 -4.203127e-02
<VARIANCE> 39
 2.004515e+01 3.794358e+01 3.669329e+01 8.928448e+01 5.678797e+01 7.183875e+01 5.286256e+01 6.576333e+01 8.359875e+01 1.051789e+02 8.584676e+01 7.679240e+01 2.027880e+01 3.746715e-01 7.249828e-01 9.497764e-01 1.520311e+00 1.540702e+00 1.815135e+00 1.894929e+00 2.127555e+00 2.368505e+00 2.506216e+00 2.200767e+00 2.596716e+00 2.013419e-01 5.890372e-02 1.103062e-01 1.658620e-01 2.298466e-01 2.744581e-01 3.213637e-01 3.284400e-01 3.482007e-01 3.781816e-01 4.273183e-01 3.899093e-01 4.161229e-01 2.917253e-02
<GCONST> 1.070905e+02
<MIXTURE> 2 1.949279e-01
<MEAN> 39
 2.769899e+00 -1.628609e-02 -1.250599e+00 -3.296579e+00 -2.504388e+00 3.242772e-01 1.194987e+00 2.921480e+00 6.027799e+00 4.596588e+00 7.036895e-01 -4.174446e+00 3.069191e+00 -5.717308e-02 3.384536e-01 3.404899e-01 2.613270e-01 1.237645e-02 -2.803096e-01 -5.124543e-02 -1.767764e-01 -3.451858e-01 -2.216596e-01 -1.956034e-01 8.724293e-03 -5.434325e-01 -1.420999e-01 1.260242e-03 4.191316e-02 1.381427e-01 1.330707e-01 -7.109893e-03 -5.385958e-02 5.361964e-03 -3.112823e-02 6.610449e-02 -1.656927e-02 -1.701155e-02 -7.559670e-02
<VARIANCE> 39
 2.656306e+01 4.378622e+01 3.373236e+01 7.079400e+01 5.887897e+01 7.924863e+01 8.697510e+01 1.304349e+02 1.617830e+02 2.332232e+02 1.868755e+02 1.664680e+02 3.781116e+01 1.293395e+00 1.906974e+00 2.061493e+00 3.023902e+00 3.565406e+00 4.639957e+00 4.387666e+00 4.672156e+00 5.102148e+00 5.632979e+00 6.173956e+00 6.042701e+00 2.158777e+00 1.938799e-01 2.504513e-01 3.224200e-01 4.544308e-01 5.760104e-01 6.869688e-01 7.612059e-01 7.893929e-01 8.368538e-01 8.801317e-01 8.479916e-01 8.869436e-01 1.884081e-01
<GCONST> 1.364793e+02
<MIXTURE> 3 3.144105e-01
<MEAN> 39
 4.514723e-01 -3.864861e+00 -1.658295e+00 3.028088e+00 -1.848813e+00 3.496821e+00 1.172550e+00 5.421836e+00 1.657999e+01 2.393449e+01 1.124189e+01 -1.376777e+01 6.623569e+00 5.141663e-02 3.328498e-02 -1.813111e-03 -3.780359e-02 -1.974709e-02 -4.373633e-02 4.376901e-02 1.636052e-02 -1.135914e-02 1.799831e-02 -1.351571e-02 -5.866974e-03 -9.408310e-02 5.647307e-03 2.912640e-03 -2.007286e-02 -4.578259e-02 -1.163238e-03 -9.011689e-03 1.675071e-02 3.429946e-02 1.795645e-02 -1.103766e-01 -8.155383e-02 4.494007e-02 -1.392985e-02
<VARIANCE> 39
 2.165335e+01 2.854959e+01 2.945810e+01 7.156409e+01 6.706377e+01 5.032433e+01 4.311945e+01 7.581207e+01 4.529668e+01 5.450684e+01 7.529651e+01 8.446336e+01 2.750726e+01 2.917055e-01 5.566099e-01 7.472871e-01 1.071093e+00 1.131661e+00 1.323237e+00 1.297273e+00 1.542533e+00 1.602058e+00 1.685997e+00 2.012173e+00 2.405351e+00 1.132862e-01 5.150924e-02 9.570016e-02 1.373377e-01 1.812236e-01 1.955656e-01 2.317018e-01 2.327982e-01 2.614791e-01 2.825045e-01 3.092847e-01 3.081999e-01 3.306466e-01 1.694713e-02
<GCONST> 9.760941e+01
<MIXTURE> 4 2.759653e-01
<MEAN> 39
 -2.356703e-01 -1.561529e+00 -2.789749e+00 -3.580035e-01 1.711468e+00 4.508754e+00 6.004313e+00 1.818111e+01 2.240833e+01 9.613128e+00 -1.412186e+01 -2.613201e+01 5.459322e+00 3.479329e-02 1.653883e-02 1.941207e-02 -1.670940e-02 -7.982861e-02 1.937712e-02 3.733690e-02 2.544567e-02 -1.665943e-03 -5.097555e-02 -1.063632e-01 2.125365e-02 -8.862486e-02 1.833079e-02 -8.680050e-04 -3.179667e-03 -1.892442e-02 -4.491687e-02 -1.549932e-02 -4.547181e-04 -8.312383e-02 -1.021413e-01 3.076016e-02 1.764203e-01 1.487446e-01 -1.119191e-02
<VARIANCE> 39
 2.349003e+01 3.169977e+01 3.165690e+01 6.799997e+01 5.791189e+01 5.178341e+01 6.541730e+01 8.326500e+01 8.728569e+01 1.704442e+02 1.385489e+02 7.904679e+01 2.585411e+01 3.082749e-01 6.595803e-01 8.434126e-01 1.133835e+00 1.353316e+00 1.389937e+00 1.891367e+00 2.147683e+00 2.119789e+00 2.385180e+00 3.195843e+00 2.250785e+00 1.450138e-01 5.310065e-02 1.105046e-01 1.501125e-01 1.829447e-01 2.328966e-01 2.538555e-01 3.234654e-01 3.563339e-01 3.635124e-01 3.534477e-01 4.312444e-01 3.925364e-01 2.093161e-02
<GCONST> 1.053768e+02
<STATE> 5
<NUMMIXES> 4
<MIXTURE> 1 2.938757e-01
<MEAN> 39
 3.226026e+00 6.221642e-01 -2.363711e+00 -4.619218e+00 -3.180304e+00 -1.656226e+00 -3.359255e+00 -3.528341e+00 8.304968e-01 5.980141e+00 1.333905e+01 1.454173e+01 3.769137e+00 1.181315e-01 4.957282e-01 2.815432e-01 -6.068054e-02 -3.606573e-01 -7.497634e-01 -1.212851e-01 -3.430861e-01 -5.644796e-01 -6.616098e-01 -1.066108e+00 -3.296869e-01 -8.264991e-01 -1.296992e-01 -1.831639e-02 6.491523e-02 1.189853e-01 8.383594e-02 2.007065e-02 8.584728e-03 1.131093e-01 4.173673e-02 -4.478105e-02 -3.156816e-01 -5.124364e-01 -5.566509e-02
<VARIANCE> 39
 1.857209e+01 3.903851e+01 2.856094e+01 6.186876e+01 5.405365e+01 7.076625e+01 5.388833e+01 5.783550e+01 7.084378e+01 9.351515e+01 7.470994e+01 6.507668e+01 2.587661e+01 8.932138e-01 1.232192e+00 1.473221e+00 2.197616e+00 2.451680e+00 3.321105e+00 3.276596e+00 3.247605e+00 4.656916e+00 4.322915e+00 4.454802e+00 4.694845e+00 8.073254e-01 1.413451e-01 2.045834e-01 2.598734e-01 3.403844e-01 4.559470e-01 5.751352e-01 5.477662e-01 5.543668e-01 7.207819e-01 6.535252e-01 6.862806e-01 7.122214e-01 1.012204e-01
<GCONST> 1.218787e+02
<MIXTURE> 2 3.378428e-01
<MEAN> 39
 4.500806e+00 3.926550e+00 1.036580e+00 -3.864352e+00 -2.854910e+00 -3.271505e+00 -3.450699e+00 -4.716587e+00 -5.822821e+00 -7.238732e+00 -6.267193e+00 -2.700219e+00 -1.797301e+00 -2.924537e-01 3.416169e-01 4.358892e-01 5.787097e-01 1.722527e-01 -2.758831e-01 4.589942e-02 -4.289802e-02 -4.082893e-01 4.990867e-03 -3.115220e-01 -1.128091e-01 -9.211983e-01 -1.476366e-01 -1.660867e-01 -1.021288e-01 3.303266e-04 8.816808e-02 1.434743e-01 5.763419e-02 1.606064e-01 1.913404e-01 1.832329e-01 2.187746e-01 1.173637e-01 1.063607e-01
<VARIANCE> 39
 3.076058e+01 3.342640e+01 3.050440e+01 5.049985e+01 4.630506e+01 4.760840e+01 5.631784e+01 5.692397e+01 5.574614e+01 5.211729e+01 4.987093e+01 5.780193e+01 2.940965e+01 8.729931e-01 1.093424e+00 1.330347e+00 2.012490e+00 2.290084e+00 2.616262e+00 3.052376e+00 3.315785e+00 3.119588e+00 2.938165e+00 2.997649e+00 2.897723e+00 9.544416e-01 1.166323e-01 1.703077e-01 2.225974e-01 3.155215e-01 3.794517e-01 4.468939e-01 5.222792e-01 5.890462e-01 5.482512e-01 5.252104e-01 4.987145e-01 4.726112e-01 8.043960e-02
<GCONST> 1.156811e+02
<MIXTURE> 3 1.895386e-01
<MEAN> 39
 3.068565e-01 -3.474793e-01 -1.864388e+00 -3.631259e+00 -1.159265e+00 1.909172e+00 2.449864e+00 9.011880e+00 1.784575e+01 1.714936e+01 4.718235e+00 -1.458153e+01 4.295063e+00 2.123387e-01 1.375740e-01 5.633841e-02 -2.013952e-01 -5.902010e-01 -7.417375e-01 -1.034736e-01 -6.362689e-01 -1.167839e+00 -7.301540e-01 4.740166e-01 1.940668e+00 -7.945412e-01 -6.779855e-02 9.082843e-05 2.228597e-02 1.041234e-01 4.880288e-02 -9.248042e-02 -1.118738e-01 -1.545122e-01 -4.544488e-01 -3.481007e-01 -1.366837e-01 3.436154e-01 -1.026433e-01
<VARIANCE> 39
 1.919694e+01 3.607153e+01 2.548468e+01 6.220477e+01 6.533305e+01 5.645171e+01 6.384727e+01 7.900297e+01 6.244124e+01 1.023743e+02 1.826030e+02 1.174788e+02 3.292849e+01 1.037631e+00 1.347557e+00 1.553804e+00 2.509429e+00 3.123866e+00 3.328219e+00 3.874569e+00 4.698512e+00 5.557244e+00 5.373611e+00 6.434061e+00 7.389483e+00 9.106593e-01 1.580942e-01 1.979777e-01 2.573678e-01 4.037132e-01 5.554361e-01 5.615066e-01 6.799625e-01 7.575952e-01 8.171571e-01 7.695243e-01 1.001427e+00 1.095965e+00 1.271331e-01
<GCONST> 1.286692e+02
<MIXTURE> 4 1.787430e-01
<MEAN> 39
 2.118741e+00 3.327436e+00 1.117785e+00 -2.040619e+00 -1.951142e+00 -2.541141e+00 -1.568073e+00 -1.788046e+00 -3.215732e+00 -2.707713e+00 -1.633660e+00 3.425213e-01 -2.298735e+00 -1.265551e+00 4.952012e-02 3.076009e-01 7.583035e-01 6.780862e-01 3.673739e-01 4.050395e-01 9.612519e-02 -7.615207e-01 -4.677294e-01 -5.399303e-01 -3.710102e-01 -8.769792e-01 -2.205018e-01 -3.738606e-01 -2.801489e-01 -1.724391e-01 4.268027e-02 2.898306e-01 1.675650e-01 1.925436e-01 4.793220e-01 3.411676e-01 2.965067e-01 3.768309e-03 4.484266e-01
<VARIANCE> 39
 3.563052e+01 4.117441e+01 3.419790e+01 5.528268e+01 4.736306e+01 6.356816e+01 6.932677e+01 8.066552e+01 8.021195e+01 1.002994e+02 9.575267e+01 8.902271e+01 4.969994e+01 2.599328e+00 2.936404e+00 2.992150e+00 3.713657e+00 3.450423e+00 5.035697e+00 4.917307e+00 5.849185e+00 6.992579e+00 6.894335e+00 7.421791e+00 6.450398e+00 5.111363e+00 4.409808e-01 4.444838e-01 4.709380e-01 6.644291e-01 6.750730e-01 8.921512e-01 9.583805e-01 1.015662e+00 1.058479e+00 1.099310e+00 1.089808e+00 1.143031e+00 5.128368e-01
<GCONST> 1.415095e+02
<TRANSP> 6
 0.000000e+00 1.000000e+00 0.000000e+00 0.000000e+00 0.000000e+00 0.000000e+00
 0.000000e+00 7.157363e-01 2.842636e-01 0.000000e+00 0.000000e+00 0.000000e+00
 0.000000e+00 0.000000e+00 8.043339e-01 1.956661e-01 0.000000e+00 0.000000e+00
 0.000000e+00 0.000000e+00 0.000000e+00 8.314474e-01 1.685525e-01 0.000000e+00
 0.000000e+00 0.000000e+00 0.000000e+00 0.000000e+00 6.711521e-01 3.288479e-01
 0.000000e+00 0.000000e+00 0.000000e+00 0.000000e+00 0.000000e+00 0.000000e+00
<ENDHMM>
