~o
<STREAMINFO> 1 39
<VECSIZE> 39<NULLD><MFCC_D_A_Z_0><DIAGC>
~h "hh"
<BEGINHMM>
<NUMSTATES> 6
<STATE> 2
<NUMMIXES> 4
<MIXTURE> 1 2.743580e-01
<MEAN> 39
 -5.636933e+00 -3.385655e+00 2.733307e+00 4.779358e+00 5.590559e+00 1.286610e+01 2.043929e+01 1.595123e+01 -6.619360e+00 -3.063482e+01 -1.022387e+01 2.380980e+01 1.136211e+01 1.341287e-02 2.430398e-02 1.624883e-02 -1.285897e-02 -4.503615e-02 1.394618e-02 7.381082e-02 4.808818e-03 -1.418323e-02 -9.395936e-02 -2.943764e-02 9.270362e-02 -5.269007e-02 6.693606e-03 -2.809908e-03 -2.906298e-02 -4.529218e-02 -1.098035e-02 4.681496e-03 -1.947830e-02 -6.282650e-03 5.421892e-02 1.146357e-01 -3.252455e-02 -1.621500e-01 -4.461847e-03
<VARIANCE> 39
 1.659508e+01 2.935746e+01 3.368789e+01 4.819320e+01 6.296851e+01 6.783027e+01 5.652905e+01 8.949861e+01 1.893064e+02 6.350835e+01 2.936688e+02 1.005505e+02 2.178116e+01 4.604170e-01 7.804527e-01 8.443589e-01 1.087949e+00 1.367860e+00 1.542008e+00 1.969396e+00 1.910017e+00 3.120480e+00 2.408036e+00 4.073093e+00 3.747332e+00 1.478513e-01 8.447409e-02 1.438766e-01 1.541519e-01 1.821091e-01 2.462058e-01 2.603700e-01 3.589972e-01 3.349774e-01 4.485871e-01 4.507293e-01 5.133856e-01 5.451156e-01 2.532756e-02
<GCONST> 1.093127e+02
<MIXTURE> 2 2.186761e-01
<MEAN> 39
 -4.130339e+00 -1.663578e+00 4.925254e-01 -4.936430e-01 2.046280e+00 2.349286e+00 2.699330e-01 -1.474219e+00 -1.582429e+00 -2.301241e+00 3.549280e-02 2.815715e+00 1.860342e+00 -2.384621e-01 -1.738546e-01 2.496437e-02 1.720557e-01 1.722283e-01 1.362256e-01 -1.212754e-01 -1.576303e-02 7.201933e-02 9.276547e-02 1.376159e-01 1.026886e-01 3.091174e-01 1.236299e-01 8.848570e-02 -1.134402e-03 -4.766760e-02 -9.061594e-02 -7.014135e-02 5.857784e-02 8.936568e-02 8.253919e-02 4.274477e-02 -2.419026e-02 -1.003745e-01 -2.715692e-02
<VARIANCE> 39
 3.244430e+01 4.820773e+01 3.878058e+01 6.619144e+01 5.276762e+01 6.349947e+01 6.107981e+01 6.735641e+01 6.813531e+01 8.100577e+01 1.003692e+02 9.459757e+01 7.244968e+01 7.967026e-01 1.077612e+00 1.310942e+00 1.944053e+00 2.224123e+00 2.729652e+00 2.975503e+00 3.083076e+00 3.099070e+00 2.909882e+00 3.103927e+00 2.944626e+00 1.305908e+00 1.733643e-01 2.127714e-01 2.494565e-01 3.659617e-01 4.256848e-01 5.256205e-01 5.897200e-01 6.420733e-01 6.410807e-01 5.780669e-01 6.178908e-01 5.900208e-01 2.295132e-01
<GCONST> 1.232254e+02
<MIXTURE> 3 2.995358e-01
<MEAN> 39
 -5.367445e+00 -1.709310e+00 -4.657672e-01 1.887197e+00 4.428926e+00 3.851423e+00 9.471249e+00 1.831611e+01 1.938558e+01 3.144062e+00 -1.730787e+01 -2.020456e+01 8.723583e+00 1.452697e-02 -1.837258e-02 3.163860e-02 2.625930e-02 -3.119612e-02 2.052408e-03 3.620820e-02 2.299144e-02 -3.782427e-02 -6.343427e-02 -6.367119e-02 6.123874e-02 -9.148408e-02 2.892300e-02 -8.303025e-03 -1.488257e-02 -3.957650e-02 -4.777117e-02 2.710602e-02 4.061242e-02 -5.292178e-02 -9.786420e-02 -8.077022e-02 9.306112e-02 1.791720e-01 -1.163859e-02
<VARIANCE> 39
 2.376212e+01 4.625713e+01 3.784454e+01 9.756297e+01 6.306785e+01 5.460843e+01 8.388389e+01 9.341736e+01 7.759642e+01 2.314821e+02 2.697698e+02 1.085076e+02 1.795862e+01 4.845598e-01 7.961289e-01 9.992895e-01 1.328606e+00 1.570932e+00 1.610148e+00 2.351024e+00 2.354493e+00 2.628353e+00 3.995774e+00 4.113329e+00 3.550114e+00 1.937882e-01 8.151096e-02 1.436469e-01 1.807154e-01 2.163625e-01 2.775227e-01 2.860035e-01 4.039987e-01 4.186418e-01 4.583547e-01 5.735500e-01 6.210791e-01 5.503116e-01 2.989353e-02
<GCONST> 1.144154e+02
<MIXTURE> 4 2.074301e-01
<MEAN> 39
 -2.970118e+00 -1.594196e+00 -1.501230e+00 -2.940596e+00 1.662339e+00 6.367149e+00 1.324417e+01 1.235768e+01 7.541957e+00 -5.829131e+00 -1.040197e+01 -3.029019e+00 6.598768e+00 -1.933267e-01 -2.445846e-01 -3.428774e-02 1.502898e-01 4.026327e-01 3.291346e-01 2.191127e-02 1.814391e-01 3.594051e-01 1.390454e-01 -1.546082e-02 -1.529010e-01 5.127527e-01 -6.835257e-02 3.441722e-02 1.247400e-01 2.178970e-01 7.574626e-02 -1.795712e-01 -2.500225e-01 -1.202333e-01 -1.002508e-01 1.316344e-02 1.359265e-02 3.163119e-02 -1.328896e-01
<VARIANCE> 39
 2.753786e+01 4.458369e+01 3.642432e+01 7.190874e+01 6.817771e+01 8.762054e+01 1.333033e+02 1.313433e+02 1.696612e+02 2.855262e+02 2.706082e+02 2.513147e+02 4.337201e+01 1.772763e+00 2.208867e+00 2.584428e+00 4.383171e+00 4.709565e+00 5.952603e+00 8.416511e+00 8.076047e+00 1.008977e+01 1.306962e+01 1.245626e+01 1.458678e+01 2.610067e+00 2.565325e-01 3.537981e-01 4.426506e-01 6.235194e-01 7.262188e-01 1.019652e+00 1.397504e+00 1.273962e+00 1.585222e+00 1.924396e+00 1.900654e+00 2.043963e+00 3.398841e-01
<GCONST> 1.511828e+02
<STATE> 3
<NUMMIXES> 4
<MIXTURE> 1 3.902114e-01
<MEAN> 39
 -6.894866e+00 -4.608517e+00 1.721272e+00 4.704584e+00 4.867008e+00 5.816336e+00 -1.471049e+00 2.676113e+00 1.253573e+01 1.600287e+01 1.608418e+01 -1.690942e+00 1.268687e+01 -1.861457e-03 3.435668e-03 1.434167e-02 2.607808e-02 -1.688398e-02 -2.273509e-02 1.215257e-02 4.394620e-02 7.197398e-02 3.329686e-02 6.329081e-03 -6.913628e-02 -2.455122e-02 7.546997e-03 -8.308539e-03 -2.175230e-02 -2.488936e-02 -1.977486e-02 5.695905e-03 1.262336e-02 -1.119401e-02 -8.363714e-03 -1.386682e-02 -1.670777e-02 3.625126e-03 -8.647929e-03
<VARIANCE> 39
 1.121037e+01 2.356305e+01 2.352422e+01 6.637251e+01 7.133842e+01 4.347134e+01 4.385669e+01 5.064854e+01 6.313269e+01 8.335934e+01 7.067261e+01 2.353801e+02 1.638753e+01 2.984273e-01 4.620575e-01 5.615743e-01 6.589070e-01 7.497181e-01 8.448057e-01 8.598599e-01 9.336593e-01 1.285936e+00 1.348387e+00 1.383084e+00 1.820498e+00 9.053890e-02 5.132008e-02 8.196986e-02 9.979624e-02 1.082890e-01 1.287780e-01 1.499655e-01 1.594493e-01 1.607202e-01 2.205004e-01 2.335732e-01 2.267489e-01 2.677900e-01 1.420717e-02
<GCONST> 8.922528e+01
<MIXTURE> 2 1.926236e-01
<MEAN> 39
 -6.720961e+00 -7.499378e-01 5.081076e+00 -2.258258e+00 1.415220e+00 1.634424e+00 -1.765106e+00 -1.571043e+00 -3.107905e+00 -6.061946e-01 -8.538836e-01 -9.131450e-01 -4.739526e+00 -1.606788e-02 1.389473e-03 1.311260e-02 4.612987e-02 -7.962328e-03 -4.017573e-02 -2.432934e-02 -3.712173e-02 -3.593984e-02 -4.038558e-02 -3.182742e-02 7.600455e-04 3.261752e-02 4.109673e-02 4.207299e-04 -1.353885e-02 -2.149147e-03 -1.517939e-02 -2.667298e-02 -2.856390e-04 2.001919e-03 1.438084e-02 1.561272e-02 1.155178e-02 9.180256e-03 -6.900703e-03
<VARIANCE> 39
 1.898626e+01 1.612614e+01 2.154399e+01 4.556925e+01 3.283432e+01 5.378114e+01 4.837551e+01 4.940126e+01 5.942309e+01 7.435825e+01 4.743314e+01 3.035398e+01 4.777863e+01 2.843151e-01 5.345966e-01 8.179000e-01 1.259104e+00 1.545946e+00 2.117238e+00 2.385633e+00 2.591905e+00 2.613807e+00 2.580145e+00 2.416899e+00 1.945419e+00 2.085955e-01 5.526284e-02 1.018331e-01 1.669548e-01 2.462752e-01 3.092275e-01 4.218453e-01 4.800745e-01 5.324490e-01 5.346910e-01 5.132254e-01 4.809099e-01 3.874252e-01 2.632836e-02
<GCONST> 1.037380e+02
<MIXTURE> 3 1.676879e-01
<MEAN> 39
 -3.104727e+00 -4.728109e+00 2.945959e+00 4.424911e+00 3.462643e+00 1.204554e+01 2.042559e+01 1.638967e+01 1.253726e+00 -3.332704e+01 -1.716741e+01 2.472882e+01 9.772896e+00 1.116472e-02 7.522156e-03 -9.693597e-03 -1.661293e-02 6.253758e-03 -7.796754e-03 -8.495558e-04 3.440563e-02 -1.112327e-02 2.207898e-02 -3.112662e-02 -2.736221e-02 -2.156806e-02 1.209717e-03 -2.743996e-03 -7.236347e-03 -2.262825e-03 5.632670e-03 6.730541e-04 -8.194827e-03 -6.485431e-04 6.094416e-03 2.391485e-02 -2.089242e-03 -3.181538e-02 1.305326e-03
<VARIANCE> 39
 1.045424e+01 1.828099e+01 1.620769e+01 2.759342e+01 2.858798e+01 2.998918e+01 5.730292e+01 5.274884e+01 6.150545e+01 4.816734e+01 5.076748e+01 5.423743e+01 2.218258e+01 3.690035e-01 6.379597e-01 7.340634e-01 6.115693e-01 9.284265e-01 7.325765e-01 1.255888e+00 1.035224e+00 1.215438e+00 1.311650e+00 1.163577e+00 1.804118e+00 8.690181e-02 6.767295e-02 1.135204e-01 1.358569e-01 1.112718e-01 1.693518e-01 1.372354e-01 2.260849e-01 1.994902e-01 2.128105e-01 2.498922e-01 1.990570e-01 3.003041e-01 1.466404e-02
<GCONST> 8.731425e+01
<MIXTURE> 4 2.494771e-01
<MEAN> 39
 -3.869792e+00 -3.409161e+00 -1.050375e+00 8.330809e-01 1.883906e+00 3.297154e+00 1.617534e+00 2.880375e+00 8.421638e+00 9.820949e+00 8.846511e+00 -3.938131e-01 6.377501e+00 2.798150e-02 -5.147275e-02 8.025969e-02 1.168080e-01 3.591951e-02 7.239098e-02 -5.825362e-02 -1.372556e-01 -7.462117e-02 -1.117368e-02 5.521153e-02 1.554943e-01 1.202484e-01 8.449097e-02 7.414597e-02 3.325518e-02 -1.998404e-02 -6.629622e-02 -7.119486e-02 -1.301729e-02 7.278142e-04 -5.091780e-02 -9.670094e-02 -1.136715e-01 -2.077360e-02 -2.400074e-02
<VARIANCE> 39
 2.586762e+01 4.419756e+01 3.719692e+01 9.201804e+01 7.744308e+01 7.396227e+01 7.237956e+01 9.247795e+01 1.375975e+02 1.774858e+02 2.033494e+02 2.131351e+02 6.215133e+01 1.119213e+00 1.424351e+00 1.820972e+00 2.784278e+00 2.874202e+00 3.395036e+00 3.674567e+00 4.199349e+00 4.685531e+00 5.409727e+00 6.154813e+00 6.359314e+00 1.413276e+00 1.912755e-01 2.245591e-01 3.038219e-01 4.308246e-01 5.022356e-01 5.862334e-01 6.625112e-01 6.999832e-01 8.036902e-01 8.556297e-01 9.790006e-01 9.793229e-01 1.949544e-01
<GCONST> 1.343549e+02
<STATE> 4
<NUMMIXES> 4
<MIXTURE> 1 2.147389e-01
<MEAN> 39
 -4.294632e+00 -3.510602e+00 6.032617e-01 3.018586e+00 1.758141e+00 7.928297e+00 1.566489e+01 2.146094e+01 1.051141e+01 -1.189180e+01 -2.749330e+01 -8.880961e+00 7.919771e+00 1.250794e-02 -1.354966e-02 -7.115723e-03 -7.223066e-02 -3.230187e-02 -8.885465e-02 -1.245231e-01 -2.790214e-03 1.275913e-01 3.199945e-01 7.515830e-02 -3.970281e-01 -6.329214e-02 3.031168e-02 2.931433e-02 3.173169e-02 2.499822e-02 -4.789441e-03 -3.192392e-02 -9.195157e-02 -9.365434e-02 -4.684587e-02 8.377126e-02 1.642117e-01 3.478530e-02 -1.519814e-02
<VARIANCE> 39
 2.087671e+01 3.822551e+01 3.041610e+01 9.195244e+01 7.266927e+01 5.552620e+01 8.917569e+01 6.168276e+01 1.119710e+02 2.438159e+02 1.733997e+02 2.905407e+02 2.106374e+01 7.124772e-01 1.282984e+00 1.485902e+00 2.228623e+00 2.441646e+00 2.527581e+00 3.344989e+00 3.422573e+00 4.447703e+00 5.741064e+00 6.166297e+00 7.922719e+00 5.091243e-01 1.238403e-01 2.331518e-01 2.636623e-01 3.360032e-01 4.283035e-01 4.474195e-01 5.514786e-01 5.549091e-01 6.895576e-01 7.956771e-01 9.115340e-01 9.851741e-01 8.276831e-02
<GCONST> 1.271153e+02
<MIXTURE> 2 2.025228e-01
<MEAN> 39
 -1.027219e+00 8.105947e-01 1.109821e+00 -1.010589e+00 1.028015e+00 -1.080743e-01 -1.165302e-01 -9.716284e-01 -2.707487e+00 -4.404042e+00 -2.629844e+00 -5.110041e-01 3.771178e-01 1.091513e+00 7.822176e-02 -5.340293e-01 -5.677733e-01 -6.373703e-01 -3.682508e-01 -3.082533e-01 -4.456158e-01 1.048366e-01 -4.927414e-02 2.551303e-01 1.904823e-01 1.238633e+00 -5.048217e-02 -2.005385e-01 -1.333958e-01 -3.095526e-02 5.000101e-03 9.654015e-02 5.991852e-02 1.003637e-01 1.758057e-01 1.177454e-01 1.040612e-01 5.801047e-02 1.197819e-01
<VARIANCE> 39
 4.084174e+01 4.854510e+01 4.275975e+01 7.224001e+01 6.157625e+01 6.562743e+01 6.527031e+01 7.252361e+01 6.546944e+01 8.072967e+01 8.776103e+01 8.432961e+01 5.567476e+01 2.665784e+00 2.601562e+00 2.527441e+00 3.560452e+00 3.593681e+00 4.258605e+00 4.360077e+00 5.259171e+00 5.708832e+00 6.021640e+00 6.322299e+00 5.609662e+00 3.290717e+00 3.968346e-01 3.573282e-01 4.015135e-01 4.853884e-01 5.732104e-01 6.986495e-01 6.676427e-01 7.817358e-01 7.782074e-01 8.516045e-01 8.499966e-01 7.570348e-01 3.542119e-01
<GCONST> 1.368205e+02
<MIXTURE> 3 2.684391e-01
<MEAN> 39
 -3.214674e+00 -8.302145e+00 5.788569e+00 1.086267e+01 -1.177248e+00 6.549482e+00 -9.184409e-01 4.929984e+00 1.049335e+01 1.043938e+01 1.430739e+00 -6.459886e+00 8.667524e+00 2.366619e-02 -1.961140e-02 1.329481e-02 3.393636e-02 -2.355588e-02 -1.245693e-02 -3.944424e-02 -5.419625e-02 1.231263e-02 -9.291899e-03 3.809178e-02 9.734350e-02 -1.593246e-02 7.620276e-03 1.056660e-03 -3.484379e-02 -4.572349e-02 -1.286987e-02 -1.392796e-02 1.614743e-02 1.335115e-02 -8.576796e-03 -3.579638e-02 -2.299734e-02 -2.443603e-03 -1.777442e-02
<VARIANCE> 39
 1.300312e+01 1.682747e+01 2.626685e+01 3.878175e+01 4.138498e+01 3.388958e+01 2.530987e+01 4.356854e+01 5.309251e+01 8.204965e+01 9.784153e+01 1.715641e+02 1.147174e+01 4.773900e-01 6.630304e-01 7.690763e-01 9.164124e-01 1.151499e+00 1.121335e+00 1.173548e+00 1.555057e+00 1.521329e+00 1.688773e+00 1.883816e+00 2.074814e+00 1.365238e-01 9.101437e-02 1.247180e-01 1.445922e-01 1.652063e-01 2.113521e-01 2.128451e-01 2.254852e-01 2.817129e-01 2.768548e-01 3.138209e-01 3.054538e-01 3.369233e-01 2.578787e-02
<GCONST> 9.601769e+01
<MIXTURE> 4 3.142993e-01
<MEAN> 39
 -4.521909e+00 -3.531515e+00 3.058833e+00 7.535589e+00 1.238489e+00 8.083443e+00 1.447978e+01 2.367762e+01 8.236165e+00 -1.442383e+01 -3.628241e+01 -7.224864e+00 9.201058e+00 2.230671e-02 1.605255e-02 -1.576461e-02 2.286940e-02 -2.207700e-02 -1.034237e-02 1.060998e-02 1.014143e-02 2.294790e-02 -1.940857e-03 -3.508859e-02 -2.130559e-02 -2.251116e-02 -7.750049e-03 -1.081433e-02 -2.010441e-02 -2.471538e-02 -3.487045e-03 4.469565e-03 1.337089e-02 -1.526917e-02 7.603026e-04 8.023015e-03 2.418978e-02 -5.369149e-03 -6.699747e-03
<VARIANCE> 39
 1.710772e+01 2.468407e+01 2.517402e+01 7.690634e+01 7.409333e+01 5.624883e+01 5.788465e+01 4.922817e+01 4.830740e+01 8.711503e+01 5.326802e+01 1.334368e+02 1.529817e+01 3.324583e-01 5.708508e-01 6.001246e-01 5.395188e-01 8.231608e-01 8.405726e-01 1.024101e+00 1.189295e+00 9.832972e-01 1.376915e+00 1.240125e+00 1.395241e+00 9.009273e-02 6.239605e-02 1.098666e-01 1.201047e-01 9.829278e-02 1.568255e-01 1.676370e-01 1.887849e-01 2.243603e-01 1.806297e-01 2.307044e-01 2.269308e-01 2.143256e-01 1.586024e-02
<GCONST> 9.043915e+01
<STATE> 5
<NUMMIXES> 4
<MIXTURE> 1 2.712262e-01
<MEAN> 39
 -8.131059e-01 -3.042415e+00 -1.589657e+00 -7.274958e-02 -7.168928e-01 2.044787e+00 -2.605759e-01 -2.495744e+00 9.815997e-01 1.626280e+00 6.050190e+00 6.934405e+00 5.541923e+00 1.283232e-01 -6.646048e-02 -9.239694e-02 -1.165355e-01 -7.416824e-02 -4.024696e-02 -2.794054e-02 1.491585e-02 9.988672e-03 -2.042048e-03 -7.709332e-03 -9.068988e-02 5.659300e-02 -4.085131e-02 2.119679e-02 5.606888e-02 8.851735e-02 6.901889e-02 2.075041e-02 2.447901e-02 4.027412e-02 1.393575e-02 1.178110e-02 -4.550458e-03 1.749394e-02 -3.566996e-02
<VARIANCE> 39
 2.761642e+01 3.814323e+01 3.474078e+01 7.969288e+01 6.982784e+01 7.306052e+01 7.580724e+01 7.543298e+01 8.992467e+01 1.174026e+02 1.499979e+02 1.446609e+02 4.509596e+01 9.496882e-01 1.433118e+00 1.643957e+00 2.854102e+00 3.234871e+00 3.876151e+00 3.861995e+00 3.574892e+00 4.142551e+00 4.458367e+00 4.828995e+00 4.849556e+00 1.359748e+00 1.594969e-01 2.060322e-01 2.855812e-01 4.256316e-01 5.297323e-01 6.622739e-01 6.751525e-01 6.381655e-01 7.112527e-01 7.332208e-01 7.524686e-01 7.613783e-01 1.521359e-01
<GCONST> 1.296918e+02
<MIXTURE> 2 4.650283e-01
<MEAN> 39
 -2.800005e+00 -7.539382e+00 -1.187831e+00 8.150998e+00 -6.053951e-02 6.355226e+00 -7.457906e-01 -4.975461e+00 3.996310e+00 3.911755e+00 1.143244e+01 1.306863e+01 1.029818e+01 4.372632e-02 8.843563e-03 -1.503090e-02 1.861444e-02 -6.694086e-02 -3.928439e-03 1.833075e-02 9.590717e-03 -3.827571e-02 3.220642e-02 2.490930e-03 -3.175096e-02 -4.918862e-02 5.894860e-03 1.481342e-02 -1.865765e-02 -6.447870e-02 1.907029e-03 -2.361929e-02 3.153473e-03 1.643524e-02 -2.870309e-02 -8.409381e-03 1.045477e-02 -1.677661e-02 -1.426171e-02
<VARIANCE> 39
 1.494033e+01 1.364114e+01 2.796151e+01 4.932402e+01 4.665952e+01 5.292591e+01 7.063977e+01 5.494290e+01 6.336937e+01 6.550558e+01 9.621014e+01 9.062757e+01 1.832643e+01 2.822806e-01 4.747354e-01 6.522856e-01 9.764056e-01 1.061299e+00 1.159618e+00 1.290391e+00 1.264310e+00 1.417144e+00 1.565414e+00 1.738253e+00 1.735851e+00 1.002371e-01 4.829460e-02 8.439183e-02 1.161858e-01 1.599069e-01 1.849069e-01 2.117472e-01 2.329636e-01 2.277658e-01 2.393893e-01 2.726260e-01 2.921639e-01 3.012130e-01 1.604470e-02
<GCONST> 9.349194e+01
<MIXTURE> 3 3.410942e-02
<MEAN> 39
 -2.536132e+00 3.763126e+00 -4.216099e+00 -2.673587e+00 4.210719e+00 1.200533e+01 2.732436e+01 1.978837e+01 -8.776858e-01 -2.709838e+01 -3.432917e+01 5.676370e+00 7.789917e+00 1.049606e-02 -2.772938e-02 -2.593051e-03 -2.135903e-02 4.401895e-03 3.333710e-03 -6.281021e-02 -5.923305e-05 -8.947302e-03 5.097080e-02 2.187172e-02 -4.192128e-02 -4.586846e-02 6.642897e-04 -1.039917e-02 2.573517e-03 -1.373633e-02 6.727798e-03 -2.987024e-04 -1.509462e-02 -3.346612e-04 4.449052e-03 2.739776e-02 9.410379e-03 -3.194600e-02 -5.350165e-03
<VARIANCE> 39
 4.102282e+01 3.976330e+01 1.162446e+01 3.196995e+01 2.972407e+01 2.432178e+01 4.665148e+01 7.876680e+01 3.781326e+01 4.862685e+01 5.479302e+01 1.018813e+02 1.929844e+01 2.345105e-01 5.107993e-01 5.490133e-01 4.479606e-01 7.597919e-01 8.581452e-01 8.029591e-01 9.554042e-01 1.216294e+00 1.801243e+00 1.472974e+00 1.986227e+00 8.809490e-02 4.348184e-02 9.865221e-02 1.011351e-01 9.039870e-02 1.398827e-01 1.480199e-01 1.466576e-01 1.684574e-01 2.079977e-01 2.582514e-01 2.188927e-01 2.857019e-01 1.169550e-02
<GCONST> 8.623087e+01
<MIXTURE> 4 2.296362e-01
<MEAN> 39
 -4.302443e+00 1.714039e+00 -3.632518e+00 -7.478193e+00 1.032031e+01 2.345996e-01 1.398379e+00 -2.978945e-01 2.205920e-02 4.646597e+00 1.464057e+01 1.489312e+01 9.236414e+00 2.383113e-02 -3.587075e-02 2.299924e-02 3.237148e-04 -2.732822e-02 2.208455e-02 -1.822573e-03 -3.221907e-02 1.276464e-02 -1.166133e-02 -1.357703e-02 3.759849e-02 -1.876955e-02 1.191343e-02 -3.264361e-02 8.717290e-03 1.492842e-02 -7.944463e-02 2.345195e-02 -2.032985e-02 -2.340836e-02 3.164470e-02 -1.265759e-02 -3.100851e-02 -2.529437e-02 -1.168134e-02
<VARIANCE> 39
 1.116256e+01 3.014433e+01 2.418393e+01 3.020060e+01 3.949457e+01 6.745690e+01 4.862698e+01 2.909445e+01 5.679624e+01 1.047068e+02 9.241348e+01 6.738613e+01 1.955327e+01 2.015934e-01 5.222146e-01 6.313257e-01 8.471143e-01 1.011065e+00 1.294970e+00 1.354375e+00 1.236658e+00 1.339642e+00 1.641104e+00 1.581831e+00 1.487582e+00 9.552939e-02 3.457101e-02 8.037867e-02 1.119561e-01 1.414946e-01 1.760070e-01 2.074024e-01 2.276918e-01 2.267738e-01 2.392537e-01 2.814333e-01 2.767400e-01 2.513095e-01 1.309618e-02
<GCONST> 9.083154e+01
<TRANSP> 6
 0.000000e+00 1.000000e+00 0.000000e+00 0.000000e+00 0.000000e+00 0.000000e+00
 0.000000e+00 9.089505e-01 9.104947e-02 0.000000e+00 0.000000e+00 0.000000e+00
 0.000000e+00 0.000000e+00 9.193032e-01 8.069675e-02 0.000000e+00 0.000000e+00
 0.000000e+00 0.000000e+00 0.000000e+00 8.736608e-01 1.263392e-01 0.000000e+00
 0.000000e+00 0.000000e+00 0.000000e+00 0.000000e+00 9.427873e-01 5.721265e-02
 0.000000e+00 0.000000e+00 0.000000e+00 0.000000e+00 0.000000e+00 0.000000e+00
<ENDHMM>
