~o
<STREAMINFO> 1 39
<VECSIZE> 39<NULLD><MFCC_D_A_Z_0><DIAGC>
~h "jh"
<BEGINHMM>
<NUMSTATES> 6
<STATE> 2
<NUMMIXES> 4
<MIXTURE> 1 2.637807e-01
<MEAN> 39
 -6.238065e-01 1.396420e+00 -1.555324e-01 -2.201903e+00 1.168820e+00 4.932125e-01 -1.736993e+00 -3.553331e+00 -3.330571e+00 -1.218951e+00 3.174128e+00 6.691599e+00 3.736980e+00 -2.135565e-01 -4.264239e-02 2.070699e-01 3.568165e-02 -6.373078e-04 -5.417186e-02 -3.139671e-02 -4.198904e-02 2.632772e-01 -1.671723e-02 1.780609e-01 3.373743e-01 4.427126e-02 -1.652248e-04 -1.368587e-01 -1.081316e-01 -8.072384e-02 -1.713403e-01 -1.517624e-01 -8.068237e-02 1.698488e-01 -1.112330e-02 -2.753199e-02 7.309081e-02 -7.519300e-02 -1.465151e-02
<VARIANCE> 39
 2.348597e+01 5.330161e+01 2.783761e+01 6.139595e+01 6.447430e+01 5.794835e+01 5.719924e+01 6.458236e+01 4.592899e+01 9.003148e+01 1.185657e+02 1.175958e+02 4.403920e+01 2.288273e-01 5.687420e-01 8.498331e-01 9.744551e-01 1.572362e+00 1.798262e+00 1.990105e+00 2.690156e+00 1.994883e+00 1.875137e+00 2.341170e+00 2.457109e+00 1.626003e-01 4.831061e-02 7.742295e-02 1.741131e-01 2.308000e-01 2.536321e-01 3.135223e-01 3.561295e-01 3.846898e-01 3.544389e-01 3.789864e-01 3.268809e-01 2.936599e-01 2.749398e-02
<GCONST> 1.048235e+02
<MIXTURE> 2 3.841787e-01
<MEAN> 39
 -7.213542e+00 7.321175e-01 2.864284e+00 1.856836e+00 1.013648e+00 2.328271e+00 -6.245053e-01 3.839420e-01 -3.787100e+00 -3.772304e+00 -3.785269e+00 -1.870209e+00 -2.618928e+00 -4.494973e-01 1.114249e-01 1.879517e-01 5.700162e-02 -3.667989e-02 1.924998e-01 2.432549e-01 5.459911e-01 9.516129e-02 -1.041484e-01 9.476206e-02 2.971165e-01 7.220392e-01 6.314976e-01 5.398062e-02 -2.273140e-01 -2.120336e-01 -3.180089e-01 -2.551840e-01 -8.673644e-03 -7.937375e-02 1.218733e-01 8.096815e-02 1.533303e-01 2.231358e-02 1.297155e-01
<VARIANCE> 39
 2.475055e+01 3.090842e+01 2.712445e+01 2.860976e+01 3.877060e+01 4.285753e+01 3.925321e+01 4.716840e+01 4.592164e+01 5.262110e+01 4.221140e+01 3.322352e+01 4.109663e+01 1.978557e+00 1.859520e+00 1.473190e+00 2.486325e+00 2.083430e+00 3.211670e+00 3.044091e+00 2.952974e+00 3.267247e+00 3.717418e+00 2.768174e+00 2.067552e+00 2.145520e+00 2.847408e-01 3.164487e-01 3.852800e-01 4.211981e-01 6.306053e-01 6.180763e-01 6.586252e-01 7.088838e-01 7.652617e-01 8.491979e-01 9.356909e-01 7.180886e-01 3.903951e-01
<GCONST> 1.226668e+02
<MIXTURE> 3 1.355659e-01
<MEAN> 39
 -4.241884e+00 -6.330606e+00 2.635822e-02 3.586091e+00 -7.461138e-01 3.702387e+00 1.986190e+00 1.063509e+00 1.209819e+01 1.407034e+01 1.069266e+01 1.734276e-01 8.937943e+00 7.375340e-02 -1.392078e-01 1.046286e-01 -2.535839e-01 -4.533524e-01 -3.425319e-01 -2.112044e-01 -8.657982e-03 3.720409e-01 1.294462e-02 2.203459e-02 3.068092e-01 -2.179586e-01 2.647952e-01 1.442250e-01 -2.571900e-03 3.064641e-02 -2.248410e-01 -7.169611e-02 -1.704223e-01 8.642078e-02 -1.261314e-01 -3.282603e-01 -1.941695e-01 -4.884239e-02 -1.133523e-01
<VARIANCE> 39
 1.825061e+01 1.873030e+01 2.519679e+01 6.118804e+01 4.825015e+01 4.150639e+01 4.755616e+01 4.892851e+01 6.035837e+01 9.994405e+01 1.492537e+02 1.680136e+02 3.349473e+01 3.929691e-01 9.320900e-01 1.381225e+00 2.576580e+00 2.005438e+00 3.175287e+00 2.003983e+00 2.523984e+00 3.887465e+00 4.440268e+00 4.243403e+00 6.009035e+00 4.224311e-01 8.617560e-02 2.003649e-01 2.226460e-01 3.368348e-01 4.951018e-01 2.637792e-01 5.543959e-01 3.360515e-01 6.708913e-01 3.991561e-01 4.996824e-01 7.303225e-01 6.927240e-02
<GCONST> 1.161548e+02
<MIXTURE> 4 2.164748e-01
<MEAN> 39
 -2.012740e+00 -4.165203e-01 3.185313e-01 -5.218733e+00 -8.326848e-01 2.361293e+00 1.817761e+00 -7.083287e-01 1.512319e+00 -9.910071e-01 1.576169e+00 1.818500e+00 5.223490e+00 -1.024749e+00 -5.924681e-01 9.020150e-02 -6.433021e-01 1.231470e+00 1.092662e+00 -1.539967e-01 -4.948359e-01 6.024238e-01 -2.634781e-01 1.147718e+00 8.620848e-01 2.151903e+00 2.625172e-01 3.251361e-01 -6.763243e-02 3.692613e-01 1.098950e-01 -3.561268e-01 -3.656919e-01 1.413944e-01 -2.305141e-01 -7.162450e-02 -1.788881e-01 -3.165774e-01 -4.991874e-01
<VARIANCE> 39
 3.917415e+01 5.297242e+01 2.784529e+01 6.227434e+01 4.983456e+01 6.008083e+01 5.471719e+01 8.258723e+01 7.587184e+01 8.850619e+01 8.083932e+01 1.058588e+02 3.779810e+01 1.972567e+00 2.698716e+00 2.524826e+00 6.760731e+00 4.680711e+00 5.580585e+00 6.686333e+00 4.904903e+00 6.764977e+00 5.932799e+00 7.387477e+00 5.749862e+00 4.582426e+00 4.761361e-01 4.784063e-01 4.768880e-01 9.914985e-01 9.537396e-01 1.181387e+00 8.866870e-01 1.051060e+00 9.413174e-01 1.051501e+00 9.329503e-01 1.222053e+00 6.619908e-01
<GCONST> 1.424474e+02
<STATE> 3
<NUMMIXES> 4
<MIXTURE> 1 2.079244e-01
<MEAN> 39
 -3.887414e+00 -5.562520e+00 4.037339e-01 2.012876e+00 1.204799e+00 3.191228e+00 -3.459992e+00 -1.893775e+00 5.609623e+00 7.509509e+00 1.201025e+01 1.057640e+01 1.073305e+01 4.380612e-02 -8.016830e-02 2.647482e-01 3.034706e-01 1.718640e-02 -1.427669e-01 -2.710105e-01 2.851831e-01 3.473727e-02 -2.352103e-01 -2.995901e-02 1.190080e-01 5.921766e-02 1.559272e-01 6.312142e-02 -9.051505e-02 -8.821604e-02 -2.371361e-02 2.147161e-03 1.684089e-01 2.456744e-02 -1.095183e-01 -3.517278e-02 -1.795697e-01 -2.985343e-01 -4.897443e-02
<VARIANCE> 39
 1.405715e+01 3.855424e+01 2.929411e+01 6.451484e+01 5.643294e+01 5.682028e+01 4.090696e+01 5.874507e+01 6.792052e+01 9.102280e+01 1.155785e+02 1.156861e+02 1.379264e+01 4.778131e-01 6.191947e-01 8.360952e-01 1.505707e+00 1.812901e+00 1.431751e+00 1.367313e+00 1.596873e+00 2.042787e+00 1.695008e+00 2.483649e+00 3.273422e+00 1.248639e-01 6.810802e-02 1.022546e-01 1.797991e-01 2.065821e-01 2.162236e-01 2.543695e-01 2.929093e-01 1.908482e-01 2.773916e-01 2.939953e-01 3.308749e-01 3.882739e-01 2.449678e-02
<GCONST> 1.019204e+02
<MIXTURE> 2 2.416711e-01
<MEAN> 39
 -6.251369e+00 1.231490e+00 2.385121e+00 2.263691e-01 4.977587e-01 -5.359396e-01 2.122743e-01 1.060109e+00 -4.352056e+00 -2.391276e+00 -2.478975e+00 -1.536546e+00 -2.028820e+00 1.984297e+00 6.903867e-01 -5.587566e-01 -1.309906e+00 -9.274338e-01 -2.787525e-01 1.392896e-01 2.283456e-01 8.337945e-01 2.343212e-01 9.146596e-01 2.867775e-01 1.866047e+00 8.263631e-01 -1.844242e-01 -4.855777e-01 -3.926845e-01 -3.705862e-01 1.848280e-01 1.341783e-02 4.507782e-02 7.252706e-01 3.082605e-01 2.180197e-01 -1.389501e-01 3.902479e-01
<VARIANCE> 39
 1.950720e+01 3.512406e+01 2.945989e+01 4.154615e+01 2.932022e+01 4.147578e+01 4.637473e+01 4.518542e+01 4.486055e+01 5.988201e+01 5.825855e+01 3.989114e+01 3.592430e+01 2.057167e+00 1.938539e+00 2.476759e+00 3.645850e+00 4.373732e+00 5.904880e+00 5.542216e+00 4.815230e+00 6.200256e+00 7.406444e+00 6.320337e+00 6.183101e+00 3.196813e+00 2.731333e-01 5.867832e-01 4.956192e-01 7.014166e-01 5.251360e-01 1.037442e+00 1.049866e+00 1.312746e+00 1.762575e+00 1.892937e+00 1.622715e+00 1.366105e+00 5.595098e-01
<GCONST> 1.363163e+02
<MIXTURE> 3 2.036116e-01
<MEAN> 39
 -2.114914e+00 -8.006506e-01 -5.114802e-01 -4.668904e+00 9.891000e-02 3.647854e+00 3.270309e+00 6.826808e-01 4.699827e+00 1.100012e+00 4.540095e+00 1.358972e+00 8.741514e+00 2.727827e-02 6.991713e-02 -1.007250e-01 1.543168e-02 2.696575e-01 1.218236e-01 -3.806052e-01 4.367366e-02 -2.377542e-01 -4.979945e-01 2.611570e-01 -3.372992e-01 2.202799e-01 2.082054e-01 9.544653e-02 1.172273e-02 2.982592e-01 -1.007724e-01 -5.111367e-01 -2.619537e-01 2.483125e-01 -3.864394e-01 -1.106022e-03 -1.192295e-01 -1.780096e-01 -4.660175e-01
<VARIANCE> 39
 1.419216e+01 3.921711e+01 2.713681e+01 8.359885e+01 4.253383e+01 6.678271e+01 8.226012e+01 8.538842e+01 1.298349e+02 2.165661e+02 1.626010e+02 1.675434e+02 2.491600e+01 1.514969e+00 1.749395e+00 1.314109e+00 2.783521e+00 5.974660e+00 3.583392e+00 4.162970e+00 3.329932e+00 4.536892e+00 3.778699e+00 4.613760e+00 6.970548e+00 1.484870e+00 1.363523e-01 2.558648e-01 3.027093e-01 5.977237e-01 6.032263e-01 6.291217e-01 5.654797e-01 8.271450e-01 9.287854e-01 1.108249e+00 1.213355e+00 9.590123e-01 2.150925e-01
<GCONST> 1.327290e+02
<MIXTURE> 4 3.467930e-01
<MEAN> 39
 -3.775387e+00 1.083589e+00 3.055123e+00 4.103802e-01 -8.625060e-01 1.799000e+00 -2.264508e+00 -2.192802e+00 -2.453065e+00 -5.249035e+00 -1.983159e+00 4.364906e-01 -1.911435e+00 -4.438517e-02 -1.319105e-01 -1.062330e-01 4.633656e-02 -3.813970e-01 -1.722973e-01 -3.655107e-02 2.801747e-01 -8.771327e-03 -9.732457e-02 2.119312e-01 8.041412e-02 5.783159e-02 1.485277e-01 -3.836790e-02 -1.977010e-01 -6.127511e-02 1.146785e-02 -8.045775e-02 -1.175238e-01 -5.695195e-02 -2.424234e-02 5.067914e-02 -3.311996e-02 -6.458549e-02 1.404036e-02
<VARIANCE> 39
 3.985938e+01 3.152979e+01 1.892877e+01 3.899558e+01 4.021119e+01 5.232095e+01 3.840376e+01 5.217305e+01 4.806329e+01 3.784904e+01 4.196073e+01 3.702562e+01 3.178626e+01 4.285797e-01 5.854703e-01 1.279087e+00 1.181420e+00 1.606138e+00 1.835941e+00 2.235237e+00 2.950335e+00 2.518782e+00 2.605508e+00 2.530781e+00 2.359757e+00 4.934106e-01 8.470417e-02 1.204006e-01 2.601478e-01 2.231963e-01 2.815601e-01 4.020124e-01 5.124861e-01 4.882789e-01 4.095422e-01 3.988149e-01 4.224311e-01 4.106039e-01 9.869726e-02
<GCONST> 1.070701e+02
<STATE> 4
<NUMMIXES> 4
<MIXTURE> 1 1.567376e-01
<MEAN> 39
 -6.149264e+00 -7.925784e+00 4.521136e+00 9.130033e+00 -4.151505e+00 3.062964e+00 -6.225642e-01 -3.486937e+00 6.115029e-01 1.014576e+00 1.048121e+01 1.910383e+01 1.335358e+01 1.020255e-01 6.532947e-02 -7.351150e-02 -2.093632e-02 8.053567e-02 -6.342565e-02 1.807482e-01 6.979429e-02 -8.575530e-02 2.241179e-01 2.096592e-01 -2.923233e-02 -6.777615e-02 4.557672e-02 2.359091e-02 -5.820553e-02 -9.303032e-02 3.298856e-02 8.783378e-03 -1.109369e-02 -6.946243e-02 1.201910e-02 1.553755e-02 -3.435357e-02 -1.889449e-01 -1.452230e-02
<VARIANCE> 39
 1.093996e+01 5.822942e+00 1.216121e+01 1.969969e+01 3.439611e+01 3.075639e+01 3.485489e+01 3.635534e+01 5.496843e+01 3.645866e+01 5.334230e+01 2.534563e+01 1.141377e+01 2.520672e-01 3.019680e-01 5.093997e-01 5.264708e-01 6.736628e-01 9.219953e-01 9.810529e-01 7.021430e-01 6.953509e-01 6.466055e-01 1.562237e+00 1.465610e+00 7.265732e-02 4.863815e-02 5.747696e-02 8.737166e-02 7.349966e-02 9.029898e-02 1.972583e-01 1.571529e-01 8.668821e-02 1.194912e-01 1.113056e-01 2.438048e-01 3.748807e-01 1.499004e-02
<GCONST> 7.516793e+01
<MIXTURE> 2 1.227818e-01
<MEAN> 39
 -7.532233e+00 -5.571492e+00 9.056914e+00 1.340578e+01 -3.346972e+00 8.093567e+00 1.788677e+00 6.788587e+00 1.304097e+01 8.261605e+00 -1.738816e+00 -1.181409e+01 1.230867e+01 1.444107e-01 2.618377e-02 -8.420558e-02 -2.222731e-01 -2.154987e-01 3.965779e-01 1.873226e-01 4.716788e-01 7.555623e-02 7.614502e-02 -5.918106e-01 -8.570445e-01 -1.362174e-01 -6.304923e-02 -4.805417e-02 -1.003100e-01 -2.199212e-01 2.053280e-02 1.990524e-02 -2.740288e-02 5.763864e-03 -1.027600e-01 8.319652e-02 -1.948153e-02 2.334839e-02 -5.222429e-02
<VARIANCE> 39
 1.388360e+01 1.522144e+01 3.461713e+01 2.076189e+01 2.302563e+01 2.017457e+01 2.066397e+01 3.481479e+01 3.396215e+01 6.299290e+01 9.820495e+01 8.330181e+01 1.466478e+01 4.001840e-01 4.071119e-01 3.790000e-01 8.414711e-01 1.028410e+00 1.134443e+00 1.126034e+00 1.789844e+00 1.670313e+00 1.650565e+00 2.923263e+00 3.959099e+00 9.256259e-02 6.970081e-02 5.015220e-02 9.299917e-02 2.182025e-01 2.308107e-01 2.484042e-01 2.227198e-01 2.931092e-01 2.770947e-01 2.858301e-01 3.874254e-01 4.709407e-01 3.350248e-02
<GCONST> 9.189664e+01
<MIXTURE> 3 2.867819e-01
<MEAN> 39
 3.167543e-01 3.652427e+00 1.880172e+00 -1.868917e+00 -3.058269e+00 -1.585555e+00 -1.539637e-01 1.023288e+00 -9.627830e-01 2.865805e-01 1.664634e+00 1.176765e-01 2.238412e+00 2.149070e+00 -1.802732e-01 -1.317743e+00 -1.376148e+00 -1.258151e+00 -2.667861e-01 3.086465e-03 2.520663e-01 1.058512e+00 1.788537e-01 9.306280e-01 1.826404e-01 1.757886e+00 -1.846073e-01 -4.076599e-01 -2.414276e-01 1.068089e-01 2.993975e-01 3.272693e-01 -2.625137e-02 -4.184080e-02 1.857893e-01 1.883134e-02 -1.103675e-01 -2.130090e-01 3.643692e-02
<VARIANCE> 39
 2.536773e+01 3.648552e+01 2.358001e+01 4.465010e+01 4.595648e+01 4.387852e+01 4.582074e+01 6.199353e+01 7.184072e+01 8.832372e+01 7.819737e+01 7.113995e+01 4.333813e+01 2.451715e+00 2.915012e+00 2.714786e+00 3.960669e+00 5.258257e+00 6.847866e+00 6.031723e+00 8.060845e+00 1.021208e+01 1.147706e+01 9.665038e+00 1.121979e+01 4.054536e+00 2.877371e-01 3.874266e-01 3.280807e-01 6.662426e-01 6.509699e-01 6.791977e-01 7.886183e-01 8.013735e-01 1.107270e+00 1.179851e+00 1.073816e+00 1.160676e+00 4.182653e-01
<GCONST> 1.394619e+02
<MIXTURE> 4 4.336986e-01
<MEAN> 39
 -2.654884e+00 1.397779e-02 2.572678e-03 -2.048648e+00 7.020278e-01 1.849585e+00 -6.619306e-01 -8.640239e-01 -8.866929e-01 -1.767219e+00 2.948057e+00 4.057203e+00 4.233588e+00 4.345062e-02 -1.951712e-01 -3.032098e-01 -4.226479e-02 2.052814e-01 -1.631142e-01 -3.635941e-01 8.809285e-02 -1.376491e-01 -5.481037e-02 -2.354359e-02 -1.648096e-01 3.634268e-02 1.296864e-01 5.389911e-02 -1.015503e-02 -1.332766e-02 1.527750e-02 -7.325829e-03 1.774719e-02 2.719873e-02 -2.531475e-02 9.487768e-02 -1.189413e-01 -1.709936e-01 -1.103123e-01
<VARIANCE> 39
 2.851971e+01 4.318171e+01 2.785402e+01 6.312110e+01 5.258170e+01 7.154459e+01 7.205366e+01 7.712870e+01 7.772344e+01 1.081381e+02 1.207556e+02 1.138466e+02 5.709479e+01 3.761564e-01 7.159391e-01 1.034901e+00 1.493607e+00 1.862975e+00 2.198131e+00 2.265594e+00 2.156310e+00 2.403295e+00 3.183703e+00 3.122836e+00 2.733550e+00 3.852352e-01 5.027113e-02 1.358341e-01 1.622603e-01 2.124598e-01 3.341718e-01 3.862080e-01 4.657708e-01 5.219145e-01 5.081916e-01 4.969703e-01 4.732615e-01 4.481248e-01 5.824374e-02
<GCONST> 1.134897e+02
<STATE> 5
<NUMMIXES> 4
<MIXTURE> 1 3.417514e-01
<MEAN> 39
 -2.451331e+00 -3.518783e+00 -1.948181e-01 -8.575308e-01 1.388715e+00 2.632088e+00 -1.835534e+00 8.891593e-01 3.342112e+00 3.750859e+00 7.874099e+00 6.302706e+00 9.558444e+00 1.906074e-01 -9.971096e-02 -1.364402e-01 -3.205479e-02 3.649408e-01 1.953787e-01 -2.132504e-01 1.728887e-02 5.045363e-02 3.808899e-01 -4.770727e-02 -4.373221e-01 -4.842185e-02 1.107712e-02 7.339480e-02 -1.762519e-02 -3.035232e-02 -3.671127e-02 2.582951e-02 1.171111e-01 -2.359555e-02 -2.520552e-02 2.540831e-02 -1.479379e-01 -3.888366e-02 -3.971693e-02
<VARIANCE> 39
 1.454705e+01 4.684743e+01 2.721769e+01 8.555927e+01 6.561996e+01 6.291844e+01 8.248618e+01 9.671884e+01 1.049904e+02 1.069160e+02 1.262970e+02 1.663300e+02 1.604785e+01 2.613937e-01 6.117653e-01 8.550408e-01 1.091897e+00 1.341078e+00 1.686714e+00 1.588670e+00 2.287175e+00 2.164796e+00 2.840974e+00 2.337861e+00 2.855045e+00 1.264276e-01 5.506150e-02 9.254473e-02 1.385642e-01 1.787180e-01 3.403326e-01 2.696841e-01 2.935409e-01 3.084255e-01 3.445424e-01 4.385456e-01 2.718109e-01 3.109017e-01 2.125734e-02
<GCONST> 1.051903e+02
<MIXTURE> 2 2.613981e-01
<MEAN> 39
 -3.270417e+00 7.562315e-01 4.165165e-01 -8.213981e-01 -1.887068e-01 2.008857e+00 -4.199058e+00 -2.372989e+00 -3.183480e+00 -6.847774e+00 -3.684664e+00 -1.240192e+00 -1.448834e+00 1.142273e-01 1.320906e-01 -3.040442e-01 -1.784531e-01 3.594845e-01 -1.431925e-01 1.611098e-01 3.654042e-02 -2.207209e-01 9.023461e-02 -2.027546e-01 -2.692493e-01 -1.751859e-01 -6.502240e-04 8.257508e-02 8.026026e-02 -1.343283e-02 3.434655e-02 9.592906e-02 2.549926e-01 5.358132e-02 -2.323585e-02 1.794544e-01 1.952737e-01 2.120458e-01 -5.120017e-02
<VARIANCE> 39
 3.896186e+01 2.813003e+01 2.242118e+01 4.588338e+01 4.090256e+01 5.392790e+01 4.720971e+01 5.693250e+01 5.337095e+01 4.079704e+01 3.453416e+01 4.293212e+01 4.549814e+01 5.713115e-01 7.653182e-01 1.039597e+00 1.642375e+00 1.999872e+00 2.710408e+00 2.376992e+00 2.487618e+00 2.798204e+00 2.278732e+00 2.386979e+00 2.835207e+00 7.823217e-01 8.188605e-02 9.684809e-02 1.716098e-01 2.392747e-01 3.755338e-01 4.249716e-01 4.697122e-01 5.041471e-01 5.838400e-01 4.739995e-01 4.243458e-01 4.334735e-01 1.002780e-01
<GCONST> 1.101244e+02
<MIXTURE> 3 2.948697e-01
<MEAN> 39
 3.885898e+00 5.609529e-02 -2.586924e+00 -4.140065e+00 -6.030489e+00 -3.200763e+00 -1.264461e+00 -3.524389e+00 -3.048668e+00 -2.969796e+00 3.058717e+00 4.461830e+00 5.636058e+00 8.464530e-01 -6.794342e-01 -1.028076e+00 -4.210883e-01 2.055882e-02 5.736545e-01 -6.321439e-01 -5.872639e-01 3.019796e-01 -6.246572e-01 4.571626e-01 6.596329e-01 1.248873e+00 -6.163284e-01 -8.226378e-02 4.080633e-01 4.091712e-01 6.817183e-01 5.106800e-01 9.860307e-02 1.857683e-01 1.674510e-01 3.290050e-01 -2.286247e-01 -3.945910e-01 -3.921878e-01
<VARIANCE> 39
 1.506100e+01 3.658389e+01 2.487097e+01 7.126542e+01 5.610128e+01 5.770345e+01 6.349328e+01 6.288742e+01 5.064522e+01 9.442561e+01 1.166313e+02 9.323151e+01 2.771606e+01 1.690373e+00 2.325895e+00 2.413866e+00 4.473061e+00 3.587241e+00 4.548963e+00 4.176878e+00 5.119627e+00 4.176518e+00 7.587907e+00 6.337957e+00 8.467586e+00 2.949602e+00 2.861885e-01 3.529368e-01 3.536589e-01 6.534192e-01 5.641074e-01 8.535061e-01 9.390946e-01 9.235947e-01 8.668779e-01 8.251016e-01 8.104148e-01 9.467963e-01 2.953294e-01
<GCONST> 1.346059e+02
<MIXTURE> 4 1.019807e-01
<MEAN> 39
 1.718113e+00 1.961548e+00 -3.274356e+00 -5.658280e+00 -3.480522e+00 2.275873e+00 6.024022e+00 1.146971e+01 1.323505e+01 7.735150e+00 9.599512e-01 -9.995708e+00 5.024031e+00 1.225335e+00 -1.076647e+00 -1.205248e+00 -8.315791e-01 -4.355358e-01 1.152916e+00 1.174174e+00 2.677786e+00 4.042735e+00 2.452405e+00 -8.052458e-02 -3.108910e+00 1.781163e+00 -6.036473e-01 -3.422876e-01 1.132411e-01 5.120241e-01 4.051276e-01 -4.687957e-03 -3.083920e-01 -7.062912e-01 -5.564101e-01 -4.829012e-02 -3.353956e-01 -7.760855e-02 -2.604401e-01
<VARIANCE> 39
 1.741370e+01 3.737076e+01 2.595090e+01 4.088435e+01 6.366790e+01 6.576839e+01 5.544013e+01 6.234925e+01 5.794856e+01 1.202154e+02 2.064877e+02 1.070728e+02 2.284457e+01 2.201419e+00 2.863198e+00 2.817191e+00 3.423869e+00 4.267230e+00 5.428122e+00 5.261516e+00 8.055064e+00 1.400645e+01 1.500788e+01 1.819640e+01 8.930278e+00 3.233120e+00 2.780008e-01 2.683066e-01 3.529433e-01 6.951925e-01 7.172369e-01 8.357346e-01 6.931602e-01 6.264769e-01 1.280316e+00 1.346220e+00 1.555400e+00 1.540648e+00 2.666173e-01
<GCONST> 1.409502e+02
<TRANSP> 6
 0.000000e+00 1.000000e+00 0.000000e+00 0.000000e+00 0.000000e+00 0.000000e+00
 0.000000e+00 3.293930e-01 6.706071e-01 0.000000e+00 0.000000e+00 0.000000e+00
 0.000000e+00 0.000000e+00 3.357690e-01 6.642310e-01 0.000000e+00 0.000000e+00
 0.000000e+00 0.000000e+00 0.000000e+00 3.263482e-01 6.736518e-01 0.000000e+00
 0.000000e+00 0.000000e+00 0.000000e+00 0.000000e+00 2.692080e-01 7.307919e-01
 0.000000e+00 0.000000e+00 0.000000e+00 0.000000e+00 0.000000e+00 0.000000e+00
<ENDHMM>
