~o
<STREAMINFO> 1 39
<VECSIZE> 39<NULLD><MFCC_D_A_Z_0><DIAGC>
~h "n"
<BEGINHMM>
<NUMSTATES> 6
<STATE> 2
<NUMMIXES> 4
<MIXTURE> 1 2.120043e-01
<MEAN> 39
 3.611668e+00 -6.302223e-01 -1.711601e+00 -1.667733e+00 -4.820664e+00 -2.358853e+00 -2.738784e+00 -4.981005e+00 -1.156969e+00 2.862397e+00 8.780498e+00 1.213335e+01 4.392065e+00 3.366227e-01 6.731902e-01 4.015879e-01 -6.263439e-02 -3.645020e-01 -8.548798e-01 -4.022630e-02 -5.677678e-01 -5.539132e-01 -1.989941e-01 -8.694512e-01 -3.859339e-01 -8.342520e-01 -9.841309e-02 -2.078788e-03 5.364062e-02 2.605793e-02 1.445507e-01 8.591686e-02 3.260391e-02 1.034496e-01 -5.188873e-02 -1.386526e-01 -2.653140e-01 -3.473843e-01 -3.449437e-02
<VARIANCE> 39
 1.832542e+01 4.091836e+01 3.255917e+01 7.531179e+01 5.682193e+01 7.135793e+01 6.404246e+01 6.611275e+01 7.950011e+01 1.042154e+02 7.834835e+01 9.088509e+01 2.563483e+01 8.666806e-01 1.531307e+00 1.784495e+00 2.835167e+00 2.975452e+00 4.308942e+00 3.960244e+00 3.824388e+00 4.422139e+00 4.999040e+00 5.014328e+00 5.165839e+00 1.128736e+00 1.341163e-01 2.066277e-01 2.974592e-01 4.164720e-01 5.093228e-01 6.923695e-01 6.739293e-01 6.888161e-01 6.963745e-01 7.090249e-01 7.401673e-01 8.001271e-01 1.187086e-01
<GCONST> 1.266970e+02
<MIXTURE> 2 4.337105e-01
<MEAN> 39
 6.152153e+00 3.942348e+00 -4.119244e-01 -3.276246e+00 -3.127075e+00 -4.908636e+00 -1.743337e+00 -5.750405e+00 -7.685773e+00 -8.317073e+00 -7.659515e+00 -3.845246e+00 1.246126e+00 1.136290e-01 2.590371e-01 1.679305e-01 8.408394e-02 -7.877273e-02 -2.627340e-01 4.430396e-02 -2.368978e-01 -1.400319e-01 6.794205e-02 -1.508314e-01 -2.964629e-02 -3.110993e-01 -4.298343e-02 -4.917561e-02 -2.318900e-03 4.605769e-03 2.813846e-03 8.869790e-02 -1.597228e-03 5.706840e-02 7.517231e-02 2.778648e-02 1.039903e-01 8.756446e-02 3.115946e-02
<VARIANCE> 39
 2.310354e+01 4.693533e+01 3.948102e+01 6.658902e+01 5.120713e+01 5.664320e+01 6.340238e+01 7.460985e+01 5.892918e+01 5.607132e+01 4.853129e+01 6.939659e+01 2.466253e+01 4.145045e-01 9.264145e-01 1.149739e+00 1.690951e+00 1.891751e+00 2.430104e+00 2.677904e+00 2.908330e+00 2.524577e+00 2.512707e+00 2.498752e+00 2.352184e+00 4.145220e-01 6.917793e-02 1.343096e-01 1.906133e-01 2.767552e-01 3.416883e-01 4.363274e-01 4.776868e-01 5.248656e-01 4.672309e-01 4.655084e-01 4.444671e-01 3.979032e-01 5.339403e-02
<GCONST> 1.113333e+02
<MIXTURE> 3 1.257508e-01
<MEAN> 39
 5.397444e-01 -1.429035e+00 -1.682836e+00 -1.230500e+00 -1.432908e+00 2.159280e+00 7.273662e+00 1.459289e+01 1.549380e+01 7.627059e+00 -8.175117e+00 -1.658564e+01 3.787258e+00 1.486031e-02 1.777801e-01 9.023724e-02 1.569768e-02 -2.628562e-02 -3.940442e-01 -8.802608e-02 -5.104726e-01 -6.970306e-01 -1.121412e-01 2.194207e-01 7.063702e-01 -3.271159e-01 -9.194512e-02 -2.053312e-02 3.357710e-02 5.509339e-02 7.209574e-02 2.985058e-02 -1.716600e-01 -3.105549e-01 -3.548673e-01 -2.544302e-01 3.481774e-02 2.643948e-01 -1.377220e-02
<VARIANCE> 39
 2.266203e+01 4.051493e+01 3.309267e+01 8.645508e+01 6.158942e+01 6.714600e+01 7.875005e+01 1.010091e+02 9.156641e+01 2.246063e+02 2.730736e+02 1.623194e+02 4.291512e+01 1.247161e+00 1.658435e+00 1.881682e+00 3.307659e+00 3.261868e+00 4.124562e+00 5.400163e+00 7.183950e+00 8.973810e+00 8.992516e+00 1.052520e+01 1.181996e+01 2.138372e+00 2.116924e-01 2.769454e-01 3.485777e-01 5.306254e-01 5.701831e-01 6.977437e-01 8.850975e-01 1.054165e+00 1.221733e+00 1.321088e+00 1.584385e+00 1.651075e+00 2.604500e-01
<GCONST> 1.415242e+02
<MIXTURE> 4 2.285343e-01
<MEAN> 39
 4.501067e+00 3.665323e+00 4.965918e-01 -3.528621e+00 -3.089404e+00 -3.734603e+00 -9.823490e-01 -4.277157e+00 -6.654601e+00 -7.947090e+00 -6.701264e+00 -3.491899e+00 6.369258e-01 1.492983e-01 3.085818e-01 -4.155864e-02 -2.310769e-01 -1.050541e-01 -2.222548e-01 1.333670e-01 -2.461546e-01 -7.347591e-02 -5.076242e-02 -2.090562e-01 -5.652305e-02 2.216749e-01 -8.776251e-02 -7.072060e-02 -5.952805e-02 8.037925e-02 1.172904e-01 6.588438e-02 4.085809e-02 5.407964e-02 1.514795e-01 1.955452e-01 1.244479e-01 8.066897e-02 2.841801e-02
<VARIANCE> 39
 3.226070e+01 4.957264e+01 4.066920e+01 6.591984e+01 5.031613e+01 5.936823e+01 6.448825e+01 6.557582e+01 5.792999e+01 5.958619e+01 5.421997e+01 6.439050e+01 5.090091e+01 2.691146e+00 3.325672e+00 3.562641e+00 4.895273e+00 4.422252e+00 5.715681e+00 5.464252e+00 6.172033e+00 5.554337e+00 4.981777e+00 5.128969e+00 4.748466e+00 4.191849e+00 4.174429e-01 4.689020e-01 5.498802e-01 8.118440e-01 7.881135e-01 9.509834e-01 9.926751e-01 1.067155e+00 9.867093e-01 8.914977e-01 8.915522e-01 8.250592e-01 5.064296e-01
<GCONST> 1.394956e+02
<STATE> 3
<NUMMIXES> 4
<MIXTURE> 1 2.386073e-01
<MEAN> 39
 4.370703e+00 3.774292e+00 -7.806190e-01 -3.342313e+00 -4.759841e+00 -7.002082e+00 -1.768340e+00 -7.558125e+00 -2.512236e+00 5.412319e+00 9.004908e+00 1.631217e+01 7.775918e-01 4.185242e-02 5.949605e-02 3.709001e-02 -6.484674e-04 -6.073390e-02 -3.864148e-02 1.274605e-02 -2.944132e-02 1.429864e-02 4.183871e-02 9.287112e-03 -1.301463e-02 -1.179546e-01 -1.836237e-02 -4.181479e-02 -2.508872e-02 -4.460013e-02 -1.102525e-03 4.163074e-02 -1.829389e-02 7.167714e-02 -9.147043e-04 -1.006916e-01 -7.567944e-02 -1.276901e-01 1.551852e-02
<VARIANCE> 39
 1.563082e+01 4.660753e+01 2.998712e+01 4.976310e+01 4.735442e+01 6.647340e+01 6.341613e+01 6.389961e+01 7.461092e+01 8.191665e+01 5.808208e+01 6.677773e+01 2.649071e+01 1.938491e-01 4.609940e-01 6.620361e-01 9.656845e-01 1.075742e+00 1.318364e+00 1.432822e+00 1.664432e+00 1.719537e+00 1.883189e+00 1.906850e+00 1.803477e+00 1.241526e-01 3.601021e-02 8.383077e-02 1.244442e-01 1.775339e-01 2.040425e-01 2.579606e-01 2.738182e-01 3.210634e-01 3.154688e-01 3.307629e-01 3.372441e-01 3.262077e-01 1.976163e-02
<GCONST> 9.749341e+01
<MIXTURE> 2 2.239441e-01
<MEAN> 39
 4.597383e+00 1.282542e+01 -5.022386e+00 -8.642772e+00 1.224681e+00 -1.207674e+01 6.015612e+00 -6.273361e+00 -5.714056e+00 -7.432504e+00 -9.925535e+00 -4.436000e+00 1.594026e+00 4.554969e-02 1.820630e-02 3.212177e-02 2.261562e-02 -3.961330e-02 -5.690737e-02 -8.208515e-03 -4.228812e-02 3.501860e-02 -1.792094e-02 -2.581180e-02 2.991399e-02 -9.540109e-02 3.122308e-03 -4.627453e-02 4.529662e-02 -2.533141e-03 -2.866838e-02 5.139716e-02 -7.612212e-02 3.548064e-02 1.212777e-03 -1.060389e-02 4.240858e-02 9.416116e-03 -2.960796e-03
<VARIANCE> 39
 1.237348e+01 1.827105e+01 2.557744e+01 3.053146e+01 3.630057e+01 3.600900e+01 4.048800e+01 6.036493e+01 5.031846e+01 4.832018e+01 3.997605e+01 7.704385e+01 1.291484e+01 1.296544e-01 3.312006e-01 4.816359e-01 6.989078e-01 8.684544e-01 1.046689e+00 1.231591e+00 1.324835e+00 1.148643e+00 1.126070e+00 1.115729e+00 1.092915e+00 8.202382e-02 2.260132e-02 5.343386e-02 8.807029e-02 1.303700e-01 1.598035e-01 1.862672e-01 2.213967e-01 2.449206e-01 2.145144e-01 2.125789e-01 2.074138e-01 1.973693e-01 1.153409e-02
<GCONST> 8.287418e+01
<MIXTURE> 3 3.094199e-01
<MEAN> 39
 7.567816e+00 1.837790e-01 -4.798777e-01 4.506046e-01 -6.973046e+00 -2.485526e+00 -9.486195e-01 -8.389479e+00 -7.882205e+00 -7.687392e+00 -8.122865e+00 -3.858056e+00 1.849297e+00 2.731841e-02 4.832172e-02 2.820568e-02 1.442854e-02 -4.023818e-02 -3.856538e-02 9.672546e-03 1.276007e-02 -3.719502e-02 2.243858e-02 5.107846e-04 -9.286902e-04 -7.692426e-02 -4.734225e-03 2.015206e-02 -8.221379e-04 -2.858047e-02 2.122496e-02 -2.025681e-02 -4.292388e-03 2.475005e-02 2.014631e-02 -2.823429e-03 9.658132e-03 2.170373e-02 -6.659556e-03
<VARIANCE> 39
 1.391250e+01 2.748461e+01 2.632953e+01 5.390261e+01 4.372994e+01 5.105553e+01 8.285982e+01 6.534898e+01 6.110246e+01 5.795799e+01 5.527067e+01 6.978672e+01 1.458114e+01 1.233846e-01 3.190469e-01 4.674971e-01 7.199213e-01 8.521238e-01 1.101743e+00 1.199782e+00 1.317175e+00 1.268661e+00 1.262130e+00 1.240770e+00 1.144169e+00 7.533689e-02 2.093408e-02 5.350083e-02 8.438328e-02 1.202899e-01 1.524639e-01 1.993540e-01 2.171314e-01 2.358086e-01 2.358128e-01 2.273710e-01 2.324606e-01 2.077338e-01 1.070806e-02
<GCONST> 8.626173e+01
<MIXTURE> 4 2.280287e-01
<MEAN> 39
 4.406928e+00 3.660490e+00 -8.564305e-02 -4.059422e+00 -3.834817e+00 -4.847563e+00 -1.007951e+00 -4.178817e+00 -3.151592e+00 -2.772090e+00 -2.513708e+00 4.655932e-01 2.996447e-01 -9.560926e-02 2.658699e-01 3.350998e-01 1.042477e-01 9.462990e-02 -1.491738e-01 -2.942655e-01 -1.868880e-01 -3.890370e-01 -2.545853e-01 -3.193540e-01 -1.737318e-01 -4.906614e-01 -2.184391e-01 -1.628770e-01 -7.264363e-02 7.402284e-02 1.739466e-01 2.751192e-01 5.345829e-02 1.533018e-01 1.063488e-01 4.658408e-02 1.504892e-01 3.022505e-02 1.198773e-01
<VARIANCE> 39
 2.787556e+01 4.400089e+01 3.202821e+01 5.852538e+01 5.412458e+01 6.873595e+01 7.191712e+01 1.015098e+02 1.109859e+02 1.280085e+02 1.177518e+02 1.442380e+02 3.483976e+01 1.313114e+00 1.905932e+00 2.185125e+00 3.006955e+00 2.939152e+00 3.845877e+00 4.186925e+00 4.462666e+00 5.135443e+00 4.740123e+00 5.165495e+00 5.163458e+00 2.409402e+00 2.469040e-01 2.784957e-01 3.436204e-01 4.874678e-01 5.710405e-01 7.385144e-01 7.503830e-01 8.165166e-01 8.715849e-01 8.298042e-01 8.448769e-01 8.262942e-01 2.367796e-01
<GCONST> 1.338616e+02
<STATE> 4
<NUMMIXES> 4
<MIXTURE> 1 1.085771e-01
<MEAN> 39
 9.210938e-01 -1.006389e+00 -1.244053e+00 1.692850e+00 -1.561344e+00 2.770154e+00 6.157301e+00 7.043267e+00 6.069376e+00 3.266188e+00 -5.310151e+00 -5.446664e+00 4.571741e+00 -8.380830e-02 -7.247811e-02 -8.175289e-02 -2.251156e-01 3.274743e-04 3.890840e-02 -1.473730e-01 3.605720e-02 9.169464e-02 -2.020381e-01 2.058957e-01 2.161594e-01 -9.646545e-02 -3.940771e-03 -4.721692e-02 -3.276014e-02 -1.100958e-01 -2.939859e-02 -1.402759e-02 -7.847323e-02 -2.877975e-03 -7.025203e-03 -8.007102e-02 6.952988e-02 7.345969e-02 -1.186636e-02
<VARIANCE> 39
 2.500330e+01 4.331583e+01 3.124223e+01 8.211797e+01 6.270950e+01 8.263433e+01 1.329967e+02 1.761579e+02 1.739857e+02 3.067686e+02 3.568081e+02 2.753510e+02 4.322736e+01 4.089530e-01 6.923294e-01 9.657390e-01 1.428397e+00 1.551349e+00 1.903096e+00 2.290442e+00 2.751520e+00 2.915658e+00 3.265736e+00 3.268931e+00 3.907681e+00 2.168771e-01 6.431662e-02 1.131236e-01 1.625344e-01 2.242591e-01 2.648129e-01 3.303172e-01 3.855179e-01 4.688230e-01 4.981666e-01 5.379477e-01 5.076214e-01 5.219209e-01 3.440021e-02
<GCONST> 1.181351e+02
<MIXTURE> 2 3.418816e-01
<MEAN> 39
 7.930615e+00 9.124047e+00 2.786137e+00 -3.077244e+00 -3.251130e+00 -9.097868e+00 -1.884962e+00 -5.762407e+00 -7.439445e+00 -9.257631e+00 -1.284818e+01 -7.803366e+00 -4.598311e+00 -1.229798e-02 3.030003e-02 1.094927e-01 7.622468e-02 -2.304705e-02 -3.078110e-02 -1.024358e-01 -3.129764e-02 -5.328115e-02 8.322820e-03 7.438268e-03 1.215439e-02 -1.459003e-01 -2.650024e-02 -3.046610e-02 1.594553e-02 4.154857e-02 1.929433e-02 5.490664e-02 -2.052368e-02 3.499826e-03 -1.193558e-02 3.617382e-02 1.007635e-01 5.668949e-02 5.158792e-03
<VARIANCE> 39
 1.407184e+01 3.518234e+01 2.755125e+01 3.624546e+01 5.013267e+01 5.044892e+01 6.099194e+01 6.329374e+01 5.544332e+01 4.466724e+01 3.572125e+01 4.584332e+01 1.757784e+01 1.610256e-01 4.158990e-01 6.818573e-01 8.838300e-01 1.147053e+00 1.312054e+00 1.568237e+00 1.696584e+00 1.774676e+00 1.637423e+00 1.645980e+00 1.641322e+00 1.221079e-01 2.838418e-02 7.353705e-02 1.257119e-01 1.641673e-01 2.234220e-01 2.476352e-01 2.954640e-01 3.268811e-01 3.449536e-01 3.086905e-01 3.129506e-01 3.055507e-01 1.595868e-02
<GCONST> 9.309058e+01
<MIXTURE> 3 3.481644e-01
<MEAN> 39
 4.148222e+00 3.284885e+00 4.501481e+00 9.760498e-01 -3.081420e+00 -4.256305e+00 -4.208845e+00 -5.087877e+00 -7.150007e+00 -4.722377e+00 -4.909321e+00 -1.370596e+00 -5.891491e+00 -7.434238e-02 7.230659e-03 5.555568e-02 4.189778e-02 5.488536e-02 2.358848e-02 1.405935e-02 5.979673e-02 1.199363e-03 -3.164788e-03 -1.902318e-02 -1.059254e-02 -1.300083e-01 -1.148394e-02 -4.659182e-03 -3.939201e-02 -4.505097e-02 4.991036e-03 -1.024513e-03 3.678291e-02 4.382378e-02 5.336043e-02 -2.052846e-02 -5.530750e-02 -3.107361e-02 1.761636e-02
<VARIANCE> 39
 1.570827e+01 1.663979e+01 1.888580e+01 2.825732e+01 2.669423e+01 3.769949e+01 4.280426e+01 4.257288e+01 4.261018e+01 4.797157e+01 3.725796e+01 5.024587e+01 2.018330e+01 2.423412e-01 4.759748e-01 7.405981e-01 1.079432e+00 1.364381e+00 1.642360e+00 1.935346e+00 2.084575e+00 2.066314e+00 2.063280e+00 2.123085e+00 1.970275e+00 1.454173e-01 4.224684e-02 8.745063e-02 1.407778e-01 2.052901e-01 2.536060e-01 3.153566e-01 3.779109e-01 4.013934e-01 4.024350e-01 3.897987e-01 3.860266e-01 3.616733e-01 2.286035e-02
<GCONST> 9.572193e+01
<MIXTURE> 4 2.013768e-01
<MEAN> 39
 4.565664e+00 3.902858e+00 1.738570e+00 -3.336166e+00 -4.320582e+00 -5.364377e+00 -2.416716e+00 -4.504157e+00 -4.272790e+00 -2.254013e+00 -1.781890e+00 1.719738e+00 -1.974996e+00 -9.383064e-01 -3.683141e-01 2.686120e-02 2.212822e-01 5.324653e-01 9.439940e-01 5.626125e-03 3.653625e-01 -3.892931e-02 -2.038922e-01 2.772028e-02 -2.225092e-01 1.019605e-01 -3.514575e-01 -3.412147e-01 -2.734277e-01 -7.089979e-03 2.582411e-01 5.015593e-01 1.917512e-01 2.842107e-01 3.604940e-01 9.337907e-02 3.009506e-01 2.739681e-02 4.325820e-01
<VARIANCE> 39
 2.553949e+01 3.702145e+01 2.679366e+01 4.384948e+01 4.436238e+01 5.217835e+01 6.212940e+01 7.702948e+01 8.618755e+01 1.054162e+02 1.035604e+02 1.110424e+02 3.635889e+01 1.869868e+00 2.453160e+00 2.806480e+00 3.883088e+00 3.422284e+00 4.651492e+00 4.619418e+00 5.193864e+00 6.288854e+00 6.059909e+00 6.362293e+00 6.142456e+00 3.865461e+00 2.817738e-01 3.885215e-01 3.972810e-01 5.658848e-01 6.013899e-01 7.290043e-01 8.455522e-01 9.025120e-01 9.859316e-01 1.025650e+00 9.331580e-01 9.744866e-01 3.749122e-01
<GCONST> 1.365271e+02
<STATE> 5
<NUMMIXES> 4
<MIXTURE> 1 2.411573e-01
<MEAN> 39
 -9.731437e-02 -1.551242e+00 -1.093817e+00 -9.717538e-01 -1.928635e-01 1.002769e+00 -2.230758e+00 -3.061837e+00 -3.496642e-01 -5.610141e-01 2.376659e+00 2.964776e+00 6.319745e+00 -2.403319e-01 -1.885366e-01 -3.675412e-02 -8.186407e-02 2.149096e-01 1.331582e-01 -1.615433e-01 1.992743e-01 2.584366e-01 1.661748e-02 3.029033e-01 1.934889e-01 2.601272e-02 1.115545e-01 1.043309e-01 5.094977e-02 1.403864e-02 -1.331268e-01 -1.429928e-01 1.070929e-01 -2.420346e-02 -8.669841e-02 3.516693e-02 -1.398919e-01 -8.512823e-02 -1.177004e-01
<VARIANCE> 39
 2.472247e+01 4.810893e+01 2.975545e+01 8.557941e+01 5.785188e+01 6.285543e+01 7.290890e+01 9.127748e+01 9.782407e+01 1.276951e+02 1.250502e+02 1.524332e+02 4.437768e+01 5.293672e-01 1.012320e+00 1.181160e+00 2.029418e+00 2.258939e+00 2.429177e+00 2.776224e+00 2.633835e+00 2.888924e+00 3.102629e+00 3.262161e+00 3.225269e+00 4.427707e-01 7.892352e-02 1.400483e-01 1.970479e-01 3.058439e-01 3.780711e-01 4.367513e-01 4.829528e-01 4.990134e-01 4.982106e-01 5.223768e-01 5.362638e-01 5.083634e-01 6.861497e-02
<GCONST> 1.184948e+02
<MIXTURE> 2 3.003453e-01
<MEAN> 39
 4.343193e+00 6.661044e+00 3.063671e+00 -1.919373e+00 -3.045832e+00 -6.288542e+00 -4.561314e+00 -6.573933e+00 -8.625323e+00 -8.027582e+00 -8.073954e+00 -3.900357e+00 -5.297088e+00 -8.543566e-01 -2.708053e-01 1.212845e-01 4.882474e-01 4.996273e-01 5.017695e-01 5.572338e-02 4.669762e-01 1.209344e-01 2.004759e-01 2.279969e-01 6.795375e-02 -4.751949e-01 -1.626158e-01 -2.423631e-01 -1.574082e-01 -4.404438e-02 7.285941e-02 2.405867e-01 2.339814e-01 2.125625e-01 2.547381e-01 1.564125e-01 2.204614e-01 1.329715e-01 1.951692e-01
<VARIANCE> 39
 2.655683e+01 2.954990e+01 2.539658e+01 3.561676e+01 3.336388e+01 3.936670e+01 4.395874e+01 4.832406e+01 4.525504e+01 4.567928e+01 4.693028e+01 5.608572e+01 3.577701e+01 1.288831e+00 1.519308e+00 1.587890e+00 2.153069e+00 2.386174e+00 2.755772e+00 3.071769e+00 3.311691e+00 3.150029e+00 2.883533e+00 2.668835e+00 2.742378e+00 1.284327e+00 1.737143e-01 2.323183e-01 2.842646e-01 3.745140e-01 4.053241e-01 4.647743e-01 5.615420e-01 6.005396e-01 5.942894e-01 5.500777e-01 5.061184e-01 4.986617e-01 1.551687e-01
<GCONST> 1.170655e+02
<MIXTURE> 3 2.437187e-01
<MEAN> 39
 1.591341e+00 -1.185721e+00 -1.967147e+00 -5.203073e+00 -2.824275e+00 1.882055e+00 1.499052e+00 1.727059e-01 1.715634e+00 -3.055731e-01 1.911832e+00 2.051943e+00 7.183463e+00 -6.906423e-01 -7.625689e-01 -6.268340e-01 -2.020665e-01 8.281895e-01 1.287476e+00 -1.486980e-01 -4.249348e-03 7.443662e-01 3.800014e-01 1.285080e+00 5.163645e-01 1.482980e+00 -1.892720e-02 2.255183e-01 2.325199e-01 4.166254e-01 2.158775e-01 -3.520972e-01 -2.107189e-01 -1.987352e-01 -2.678096e-01 6.855805e-02 -1.356484e-01 -9.269948e-02 -4.066818e-01
<VARIANCE> 39
 2.461222e+01 4.679192e+01 3.273345e+01 7.340639e+01 5.427498e+01 6.985312e+01 7.708353e+01 1.056573e+02 1.076459e+02 1.351470e+02 1.408777e+02 1.445114e+02 2.856680e+01 2.484620e+00 3.316411e+00 3.107761e+00 6.096599e+00 5.439986e+00 6.844933e+00 6.504131e+00 7.273889e+00 8.427893e+00 9.181775e+00 9.472793e+00 1.048648e+01 2.914770e+00 3.171327e-01 4.152705e-01 4.979447e-01 7.591645e-01 7.938071e-01 1.005303e+00 1.051014e+00 1.225957e+00 1.269585e+00 1.296974e+00 1.311625e+00 1.420352e+00 2.787128e-01
<GCONST> 1.460276e+02
<MIXTURE> 4 2.147788e-01
<MEAN> 39
 -2.266893e+00 2.807685e+00 2.741189e+00 7.805880e-01 8.151904e-01 -1.105223e+00 -1.120301e+00 -1.155249e+00 -4.779564e+00 -4.497468e+00 -5.002464e+00 -3.126441e+00 -5.532949e+00 -1.089767e+00 -6.155605e-01 -4.416727e-01 -3.593296e-01 3.381911e-01 8.748194e-01 7.716474e-01 1.186079e+00 9.064066e-01 3.742507e-01 6.264471e-01 3.645472e-01 8.125106e-01 3.531193e-01 -8.879976e-04 -2.504968e-01 -3.968956e-01 -3.107527e-01 -1.110713e-01 1.550264e-02 -7.484558e-02 2.363933e-01 1.268626e-01 2.380140e-01 2.203341e-01 4.633360e-01
<VARIANCE> 39
 2.769552e+01 3.565800e+01 2.563950e+01 3.556176e+01 3.401144e+01 4.020558e+01 4.420597e+01 5.025091e+01 5.118047e+01 5.179216e+01 4.709466e+01 4.650803e+01 4.119659e+01 3.298793e+00 2.939419e+00 2.442057e+00 3.913995e+00 3.337224e+00 4.082856e+00 4.525896e+00 5.037816e+00 5.184099e+00 5.181171e+00 4.810853e+00 4.718966e+00 3.899187e+00 3.892892e-01 4.918667e-01 4.349314e-01 5.902485e-01 5.748070e-01 7.037258e-01 7.903489e-01 9.178643e-01 9.945291e-01 9.503300e-01 9.087786e-01 8.473807e-01 5.110277e-01
<GCONST> 1.324211e+02
<TRANSP> 6
 0.000000e+00 1.000000e+00 0.000000e+00 0.000000e+00 0.000000e+00 0.000000e+00
 0.000000e+00 7.649269e-01 2.350731e-01 0.000000e+00 0.000000e+00 0.000000e+00
 0.000000e+00 0.000000e+00 8.302645e-01 1.697355e-01 0.000000e+00 0.000000e+00
 0.000000e+00 0.000000e+00 0.000000e+00 7.789252e-01 2.210748e-01 0.000000e+00
 0.000000e+00 0.000000e+00 0.000000e+00 0.000000e+00 7.052079e-01 2.947922e-01
 0.000000e+00 0.000000e+00 0.000000e+00 0.000000e+00 0.000000e+00 0.000000e+00
<ENDHMM>
