~o
<STREAMINFO> 1 39
<VECSIZE> 39<NULLD><MFCC_D_A_Z_0><DIAGC>
~h "sh"
<BEGINHMM>
<NUMSTATES> 6
<STATE> 2
<NUMMIXES> 4
<MIXTURE> 1 2.108675e-01
<MEAN> 39
 -2.403643e+00 -1.217707e+00 -1.232431e+00 -1.509612e+00 5.777619e-01 2.850728e+00 3.091213e-02 -3.115509e-01 2.779996e+00 1.462749e+00 6.355452e+00 2.333853e+00 7.940461e+00 -6.467142e-01 -2.135488e-01 1.869441e-01 6.673618e-01 2.433354e-01 5.609043e-01 -1.869852e-01 -2.024196e-01 -1.913415e-01 1.129249e-01 9.166290e-01 8.669872e-01 5.006657e-01 2.450584e-01 6.587104e-02 4.309234e-02 1.490492e-01 -1.197976e-01 -2.829240e-01 2.332940e-02 1.709381e-01 9.372829e-03 1.220050e-01 -3.865901e-01 -2.091427e-01 -4.093746e-01
<VARIANCE> 39
 3.682763e+01 5.516770e+01 3.140298e+01 8.632108e+01 5.609496e+01 5.689085e+01 5.548930e+01 9.123439e+01 1.076046e+02 1.350719e+02 1.148375e+02 1.490881e+02 2.538687e+01 8.278982e-01 1.405444e+00 2.021656e+00 2.231108e+00 3.596738e+00 3.964732e+00 3.207088e+00 3.408266e+00 3.535022e+00 4.246570e+00 4.708835e+00 5.150847e+00 1.187214e+00 1.890609e-01 2.985274e-01 3.635020e-01 4.394947e-01 5.014880e-01 5.538674e-01 5.445052e-01 6.668311e-01 7.025591e-01 8.352866e-01 8.483630e-01 7.427769e-01 2.898768e-01
<GCONST> 1.299033e+02
<MIXTURE> 2 2.820781e-01
<MEAN> 39
 -6.179113e+00 2.859940e+00 1.674878e+00 1.332123e+00 4.352060e-01 7.913061e-01 -1.186893e+00 -3.117423e-01 -4.062195e+00 -2.648618e+00 -1.369749e+00 -7.753518e-01 -3.212253e+00 -7.452143e-01 -1.528656e-01 1.734698e-02 3.355816e-01 3.972208e-01 4.561050e-01 4.098488e-01 6.079645e-01 4.212282e-01 2.330642e-02 5.532160e-02 -3.975267e-01 3.790541e-01 4.708502e-01 -2.415490e-03 -1.114832e-01 -2.235690e-01 -1.511620e-01 -8.374233e-02 2.234221e-03 1.648766e-01 2.315465e-01 9.850390e-02 1.072482e-01 1.127097e-01 2.649824e-02
<VARIANCE> 39
 3.582486e+01 3.719112e+01 2.355811e+01 2.813393e+01 4.240934e+01 3.809629e+01 3.777443e+01 4.502001e+01 4.816769e+01 4.475027e+01 3.687434e+01 3.231628e+01 2.355048e+01 1.258984e+00 1.421110e+00 1.691658e+00 2.383424e+00 2.291640e+00 2.911702e+00 3.505146e+00 2.448433e+00 3.131691e+00 3.450708e+00 3.611208e+00 2.589449e+00 2.396462e+00 2.585804e-01 3.271537e-01 3.085851e-01 4.352586e-01 5.079010e-01 5.070679e-01 4.688638e-01 5.999014e-01 5.973852e-01 5.872131e-01 6.822928e-01 5.618443e-01 2.129467e-01
<GCONST> 1.189704e+02
<MIXTURE> 3 2.258786e-01
<MEAN> 39
 -6.812140e-01 -1.921063e+00 -7.631778e-01 3.788525e-01 1.269451e+00 1.834807e+00 -1.385888e+00 -2.570685e+00 2.579017e+00 3.577313e+00 8.326625e+00 7.158106e+00 8.265386e+00 -1.415046e-01 -1.034845e-01 -1.905824e-02 -5.132340e-02 -1.281656e-01 -1.188676e-01 3.203201e-01 -1.313486e-01 6.509631e-02 2.515949e-01 7.213492e-03 6.981523e-02 -4.569379e-02 6.949520e-02 -5.836908e-02 -9.526526e-02 -1.290003e-01 -6.717883e-02 -1.167639e-01 -9.973013e-02 -2.341707e-02 -8.975890e-02 2.029766e-02 -1.186664e-01 -1.059044e-01 -7.462619e-02
<VARIANCE> 39
 1.732991e+01 5.206421e+01 2.793875e+01 8.857443e+01 5.420609e+01 7.311358e+01 6.530016e+01 6.197218e+01 8.822772e+01 1.184807e+02 1.111558e+02 1.130004e+02 2.125268e+01 2.931043e-01 5.510498e-01 7.281157e-01 1.159749e+00 1.386714e+00 1.124807e+00 1.654413e+00 1.363471e+00 1.452458e+00 1.621493e+00 1.653286e+00 2.317429e+00 1.152321e-01 3.455900e-02 9.200614e-02 1.060433e-01 1.905743e-01 2.263045e-01 2.074262e-01 2.657217e-01 2.315494e-01 2.826256e-01 3.733315e-01 2.792835e-01 3.175363e-01 1.604255e-02
<GCONST> 9.963688e+01
<MIXTURE> 4 2.811757e-01
<MEAN> 39
 -1.411461e+01 6.290753e+00 1.480685e+00 3.330314e+00 2.815202e+00 7.870234e+00 2.771489e+00 5.089705e+00 2.400541e+00 -1.046048e+00 -2.111428e+00 -1.599635e+00 -2.956973e-01 -1.069603e-01 -1.055442e-01 2.258579e-01 1.488919e-01 2.128801e-01 2.034706e-01 1.958937e-01 1.568185e-01 -1.284477e-01 -2.198615e-01 9.037464e-04 -6.055763e-02 3.713506e-02 1.982642e-01 -5.929350e-02 -2.757980e-02 -3.178978e-02 -1.201604e-02 -2.331256e-01 -1.478738e-01 -1.282147e-01 -9.529247e-02 -5.461597e-02 3.699715e-02 -8.551002e-03 -4.284432e-02
<VARIANCE> 39
 1.802116e+01 4.678682e+01 3.624844e+01 3.957763e+01 3.145177e+01 4.133737e+01 2.922799e+01 5.425634e+01 3.603565e+01 4.734580e+01 3.375019e+01 2.168329e+01 8.498794e+00 3.339902e-01 5.055935e-01 8.653830e-01 1.246936e+00 1.582499e+00 2.313524e+00 2.288536e+00 2.336855e+00 1.832876e+00 2.357238e+00 2.090289e+00 1.563616e+00 2.908042e-01 7.194199e-02 9.608468e-02 1.641720e-01 2.387864e-01 2.655128e-01 3.591440e-01 4.304679e-01 4.864333e-01 4.154452e-01 4.834886e-01 4.281556e-01 3.815043e-01 3.762326e-02
<GCONST> 1.002598e+02
<STATE> 3
<NUMMIXES> 4
<MIXTURE> 1 2.309293e-01
<MEAN> 39
 -2.358153e+00 -2.798990e+00 -1.732152e+00 -8.730752e-01 3.459546e-01 1.080454e+00 -2.365002e+00 -4.098857e+00 3.112777e+00 5.720522e+00 1.447127e+01 1.471242e+01 9.736321e+00 -3.042883e-02 -1.386292e-01 -1.328949e-01 4.898338e-02 -6.626808e-02 -3.513556e-01 -5.677791e-02 1.339280e-01 -9.186661e-02 4.614502e-01 1.437504e-01 2.856687e-01 -8.786724e-02 2.530234e-01 5.468690e-02 -2.134404e-02 -2.262420e-02 -7.339320e-02 -8.000857e-02 -2.809529e-03 1.499649e-01 -4.618453e-02 -4.028710e-02 -2.663248e-01 -3.527703e-01 -1.600034e-01
<VARIANCE> 39
 1.699932e+01 6.041065e+01 2.239628e+01 9.275159e+01 5.316121e+01 7.515125e+01 5.505431e+01 4.211016e+01 5.086089e+01 8.055695e+01 6.068502e+01 5.761433e+01 1.345018e+01 4.787808e-01 1.040586e+00 1.186727e+00 2.027887e+00 1.769167e+00 1.871615e+00 1.903285e+00 1.708409e+00 2.239502e+00 2.411109e+00 3.389028e+00 3.025112e+00 2.277295e-01 6.320521e-02 1.216875e-01 1.531333e-01 2.023179e-01 3.357535e-01 3.177193e-01 3.705088e-01 2.825816e-01 3.830576e-01 4.689639e-01 3.562567e-01 4.352441e-01 5.270074e-02
<GCONST> 1.070999e+02
<MIXTURE> 2 3.336080e-01
<MEAN> 39
 -9.852497e+00 3.479034e+00 6.493118e-01 2.921617e+00 2.148785e+00 3.389835e+00 1.911369e+00 3.898212e+00 -2.098416e+00 -2.237462e+00 -1.277987e+00 -2.873307e+00 -2.041423e+00 1.099669e+00 3.127693e-01 2.162030e-01 -4.708864e-01 -2.114040e-01 -3.662089e-01 -3.944046e-01 1.089810e-01 1.692800e-01 -1.770243e-01 2.231653e-01 4.884472e-02 4.639786e-01 1.036043e+00 1.126506e-01 -2.522869e-01 -7.491380e-01 -5.938363e-01 -5.672562e-01 -4.839575e-01 -3.121545e-01 1.075196e-01 1.815560e-01 1.790625e-01 2.958374e-01 3.344281e-01
<VARIANCE> 39
 2.524765e+01 4.310806e+01 3.227688e+01 3.565678e+01 4.256100e+01 3.252697e+01 3.448959e+01 5.411442e+01 4.702264e+01 4.892471e+01 4.771572e+01 3.314806e+01 2.496991e+01 1.767404e+00 1.810184e+00 1.255298e+00 1.984806e+00 2.345675e+00 2.983493e+00 2.975151e+00 3.730505e+00 3.105300e+00 2.984525e+00 3.216376e+00 2.769616e+00 1.052672e+00 1.797569e-01 2.797447e-01 4.604484e-01 5.561709e-01 6.084120e-01 5.312419e-01 5.482877e-01 7.081773e-01 9.128805e-01 1.081099e+00 1.128560e+00 9.637581e-01 3.156462e-01
<GCONST> 1.221907e+02
<MIXTURE> 3 3.197278e-01
<MEAN> 39
 -1.707139e+00 4.340071e-01 -3.847916e-01 -1.087656e+00 6.907649e-02 7.395610e-01 -1.555642e+00 -3.080796e+00 -4.329459e+00 -5.148518e+00 -1.899233e+00 8.075227e-01 2.843856e+00 -6.947487e-02 -1.364466e-01 -2.018805e-01 2.385531e-01 -2.984714e-02 -1.352266e-01 2.175928e-02 -9.183581e-03 8.926521e-02 6.555183e-02 -2.539041e-01 -7.617740e-02 3.941161e-02 1.847667e-01 3.972440e-03 -1.618616e-03 -7.671146e-02 -1.016373e-01 -5.476794e-02 -1.358192e-01 -4.287141e-02 -7.791213e-02 -4.494742e-02 -3.715519e-02 1.293064e-02 -1.367626e-01
<VARIANCE> 39
 3.236208e+01 3.810282e+01 3.867547e+01 5.413906e+01 4.531834e+01 6.084859e+01 6.355098e+01 6.499005e+01 5.141226e+01 4.714139e+01 3.774775e+01 5.359299e+01 5.573555e+01 3.620248e-01 7.505323e-01 9.499899e-01 1.670986e+00 2.044615e+00 2.315300e+00 2.229719e+00 2.230944e+00 1.988389e+00 2.727607e+00 1.737046e+00 1.942183e+00 4.116428e-01 4.727539e-02 1.120014e-01 1.609645e-01 2.441723e-01 3.626362e-01 4.285581e-01 4.937259e-01 5.108089e-01 3.493700e-01 4.305381e-01 3.575505e-01 3.224303e-01 7.314880e-02
<GCONST> 1.080661e+02
<MIXTURE> 4 1.157348e-01
<MEAN> 39
 -3.110022e+00 -2.599635e+00 8.346844e-01 1.828144e-01 -1.073187e+00 3.497950e+00 1.473086e+00 9.384548e+00 1.729163e+01 1.313255e+01 5.887114e+00 -1.125301e+01 5.969676e+00 -8.298030e-02 -2.284193e-01 -1.796927e-01 9.391033e-02 -1.491413e-01 -9.685409e-02 -8.745635e-02 3.496289e-01 2.975686e-01 6.254152e-01 1.823101e-01 -4.004768e-01 -9.656531e-02 1.603786e-01 -1.218435e-02 -1.149101e-01 2.757694e-02 -7.744884e-03 -3.364879e-02 -9.673250e-02 -1.180337e-01 -2.259894e-01 2.429992e-01 -1.157703e-01 -1.125649e-01 -3.896354e-02
<VARIANCE> 39
 2.514383e+01 3.612310e+01 2.684864e+01 9.197854e+01 5.626383e+01 5.428093e+01 4.296148e+01 9.512575e+01 3.760384e+01 1.151637e+02 2.102494e+02 8.010382e+01 1.982432e+01 2.039084e-01 9.421491e-01 6.101548e-01 1.748848e+00 1.942272e+00 2.279449e+00 2.203993e+00 2.185046e+00 3.915135e+00 2.800973e+00 3.432643e+00 5.470623e+00 3.458570e-01 5.369910e-02 6.743805e-02 2.266533e-01 2.297358e-01 2.124548e-01 3.725526e-01 3.099947e-01 4.238527e-01 3.931109e-01 4.232465e-01 6.581800e-01 4.241988e-01 3.457641e-02
<GCONST> 1.098971e+02
<STATE> 4
<NUMMIXES> 4
<MIXTURE> 1 2.788978e-01
<MEAN> 39
 -2.951756e+00 -4.429520e+00 8.487461e-02 1.658759e+00 6.103101e-01 3.177078e+00 -1.130851e+00 9.813915e-01 8.991913e+00 1.120325e+01 1.097306e+01 3.936332e+00 9.297607e+00 4.012021e-01 -1.832430e-01 -1.559942e-01 8.713748e-02 -1.519496e-01 -4.006616e-02 -1.012621e-01 6.228337e-02 -3.703083e-02 5.037856e-01 -4.736693e-03 -1.989860e-01 -2.088063e-01 1.622487e-01 1.037667e-01 -4.968485e-02 -1.119034e-01 -9.180547e-02 -5.223014e-02 1.775645e-02 8.041453e-03 -1.641729e-01 -2.402198e-01 -9.593267e-02 -8.940072e-02 -1.171855e-01
<VARIANCE> 39
 2.385652e+01 5.043599e+01 3.521941e+01 9.150916e+01 5.605207e+01 6.052685e+01 4.665522e+01 8.508259e+01 7.605313e+01 8.147431e+01 1.009097e+02 1.873750e+02 2.171895e+01 4.375908e-01 7.934621e-01 9.194906e-01 1.738226e+00 1.644698e+00 1.692635e+00 1.707840e+00 2.289466e+00 2.877088e+00 2.843513e+00 2.813986e+00 3.268900e+00 2.438630e-01 7.088816e-02 1.147853e-01 1.650511e-01 2.377308e-01 2.528709e-01 3.536497e-01 3.555816e-01 4.039723e-01 4.398265e-01 3.843042e-01 4.364183e-01 4.930318e-01 4.172750e-02
<GCONST> 1.107344e+02
<MIXTURE> 2 2.385152e-01
<MEAN> 39
 -6.587244e+00 4.914650e+00 1.639346e+00 1.592161e+00 1.522658e+00 1.516391e+00 3.202528e-02 3.186251e+00 -2.780921e+00 -3.148790e+00 -1.331480e+00 -1.861535e+00 -1.603407e+00 3.111411e+00 1.723079e-01 -8.746506e-01 -2.752874e+00 -1.727198e+00 -1.494536e+00 -1.133529e+00 -3.981040e-01 7.819531e-01 6.153903e-01 9.463068e-01 7.235525e-01 1.783383e+00 3.947727e-01 -2.662834e-01 -3.716270e-01 -5.433992e-01 -1.935174e-01 -4.460008e-02 -9.439371e-02 -2.654816e-01 2.183474e-01 3.476245e-01 4.843737e-01 3.519419e-01 5.049139e-01
<VARIANCE> 39
 2.700527e+01 4.209417e+01 3.175080e+01 3.672742e+01 3.342773e+01 3.781255e+01 3.723576e+01 4.934834e+01 4.868996e+01 4.480444e+01 4.689501e+01 3.112604e+01 2.440865e+01 2.179910e+00 2.205531e+00 2.303173e+00 4.999056e+00 3.914328e+00 4.456749e+00 4.319683e+00 7.232540e+00 7.193512e+00 7.510462e+00 8.077971e+00 7.342466e+00 1.586377e+00 2.995318e-01 3.243586e-01 3.327686e-01 6.530655e-01 6.235988e-01 7.421912e-01 6.969348e-01 6.470288e-01 7.885678e-01 1.210464e+00 1.234215e+00 1.253119e+00 3.150507e-01
<GCONST> 1.312597e+02
<MIXTURE> 3 3.012629e-01
<MEAN> 39
 -1.448300e+00 1.174144e+00 -1.209969e+00 -2.175893e+00 7.477611e-01 3.228669e-01 -1.959726e+00 -2.643084e+00 -4.424381e+00 -5.336963e+00 -5.520788e-01 2.685215e+00 3.070302e+00 1.946028e-01 -7.917653e-02 -1.545284e-01 -4.572445e-02 -1.528140e-01 -1.897421e-01 -2.814216e-01 -2.633013e-01 -2.902985e-01 -2.972185e-02 -2.569378e-01 -2.520203e-02 -1.364865e-01 1.323511e-01 5.439491e-02 7.987429e-02 -5.625629e-02 -6.680202e-02 -6.011512e-02 -1.037934e-01 -4.781879e-02 -7.443493e-02 3.730933e-02 2.366748e-02 -1.107001e-02 -1.080317e-01
<VARIANCE> 39
 3.061039e+01 3.674925e+01 3.266631e+01 6.033602e+01 5.227225e+01 6.323885e+01 6.393834e+01 5.854242e+01 5.508059e+01 3.883518e+01 5.588048e+01 7.610205e+01 5.360069e+01 3.339544e-01 8.982434e-01 9.554053e-01 1.737044e+00 2.421371e+00 2.371446e+00 2.143520e+00 2.225703e+00 1.966898e+00 2.317094e+00 2.224472e+00 1.762295e+00 4.180126e-01 6.720551e-02 1.252361e-01 1.973029e-01 2.761737e-01 3.362372e-01 4.638917e-01 4.918938e-01 3.978628e-01 3.304287e-01 4.007867e-01 3.760103e-01 4.215057e-01 9.899420e-02
<GCONST> 1.098956e+02
<MIXTURE> 4 1.813240e-01
<MEAN> 39
 -9.174431e+00 -5.867739e+00 3.511444e+00 4.956636e+00 -2.129766e-01 4.978117e+00 -3.317578e+00 -4.036881e+00 7.529480e+00 1.936381e+00 8.248270e+00 1.388046e+01 1.405167e+01 1.273889e-01 4.156037e-03 7.401282e-02 1.578755e-01 -1.110879e-01 1.077878e-01 8.594759e-03 -3.276236e-02 -3.843285e-02 -9.904418e-03 -1.131591e-01 -1.370457e-01 6.551242e-03 5.708195e-02 -9.238296e-03 -5.849969e-02 -6.917958e-02 3.252526e-02 4.953149e-02 -3.039171e-02 1.279788e-03 -2.539524e-02 8.085853e-03 4.665657e-03 -6.520264e-02 -2.324703e-02
<VARIANCE> 39
 8.341107e+00 2.256289e+01 4.767526e+01 5.331284e+01 3.839087e+01 2.269871e+01 2.302288e+01 2.920036e+01 1.896356e+01 3.342800e+01 2.304002e+01 5.611030e+01 3.890853e+00 2.771903e-01 4.110888e-01 5.059506e-01 7.600004e-01 8.343779e-01 9.660164e-01 6.195682e-01 9.776880e-01 6.111194e-01 8.174229e-01 9.572122e-01 1.391257e+00 7.132431e-02 5.570466e-02 8.747101e-02 9.546791e-02 1.026932e-01 1.774452e-01 1.757301e-01 1.119925e-01 1.743160e-01 1.064601e-01 1.368686e-01 1.494052e-01 2.677224e-01 1.397446e-02
<GCONST> 7.704703e+01
<STATE> 5
<NUMMIXES> 4
<MIXTURE> 1 4.449944e-01
<MEAN> 39
 -1.524460e+00 6.928685e-02 -1.360807e+00 -1.082538e+00 8.697383e-01 1.157070e-01 -2.496196e+00 -1.514894e+00 7.724726e-01 2.673318e+00 5.184455e+00 3.443715e+00 4.677485e+00 2.455470e-01 1.387064e-02 2.296367e-02 1.040347e-01 -7.241363e-02 -3.306254e-02 -1.899268e-01 -1.234011e-01 -2.409151e-01 8.017999e-02 6.768643e-02 -1.676467e-02 -1.515356e-01 2.422287e-04 2.835482e-02 3.162864e-02 -4.616114e-02 -5.253407e-02 3.853794e-02 5.106842e-02 6.443778e-02 3.502595e-02 -1.291736e-01 2.496602e-02 1.565365e-02 -2.561865e-02
<VARIANCE> 39
 2.220018e+01 5.301157e+01 3.092226e+01 7.449585e+01 5.018629e+01 7.300745e+01 5.606282e+01 7.175035e+01 1.124923e+02 1.370363e+02 1.284447e+02 1.323360e+02 4.603300e+01 2.805643e-01 5.462230e-01 6.864751e-01 1.161164e+00 1.247581e+00 1.517375e+00 1.825308e+00 1.882952e+00 1.617946e+00 1.800979e+00 1.662675e+00 1.883233e+00 1.600949e-01 3.656823e-02 9.701395e-02 1.277904e-01 1.952084e-01 2.311978e-01 2.378244e-01 2.664118e-01 2.784909e-01 3.702761e-01 3.488517e-01 3.834130e-01 3.645461e-01 2.035242e-02
<GCONST> 1.036153e+02
<MIXTURE> 2 1.652863e-01
<MEAN> 39
 4.175327e+00 3.960802e+00 -3.215786e-01 -5.074761e+00 -5.374415e+00 -5.587688e+00 -3.175998e+00 -2.449140e+00 -5.755685e+00 -8.138196e+00 -5.859866e+00 -2.783374e+00 3.107077e+00 2.314937e+00 -9.660742e-01 -9.509843e-01 -1.803935e+00 -7.186964e-01 -4.038279e-01 -2.219550e-01 -9.263371e-01 -3.951255e-01 -1.280561e+00 -7.668958e-01 -6.343611e-02 2.004507e+00 -9.713078e-01 -3.528540e-01 4.121169e-02 3.999435e-01 6.777816e-01 7.914459e-01 4.769710e-01 3.377940e-01 2.660131e-01 5.299938e-01 4.786937e-01 2.577366e-01 -1.420072e-01
<VARIANCE> 39
 2.291319e+01 4.024335e+01 2.962344e+01 6.310659e+01 3.842683e+01 4.049524e+01 5.315574e+01 7.031493e+01 3.111674e+01 4.990455e+01 5.325366e+01 4.673279e+01 1.899498e+01 2.970979e+00 3.166370e+00 2.904008e+00 4.521084e+00 3.761616e+00 5.266169e+00 4.867692e+00 5.249005e+00 2.509895e+00 3.295600e+00 4.769084e+00 5.827944e+00 1.308001e+00 2.294775e-01 3.191530e-01 3.949496e-01 6.349962e-01 5.926264e-01 6.384147e-01 7.169191e-01 6.681088e-01 4.291063e-01 4.336659e-01 6.462554e-01 6.284111e-01 1.628126e-01
<GCONST> 1.263712e+02
<MIXTURE> 3 2.330822e-01
<MEAN> 39
 -7.988830e-01 -3.996749e+00 -1.439673e+00 3.097241e-01 -1.815274e+00 2.063033e+00 -3.646824e-01 -6.220362e-01 1.483033e+00 2.338942e+00 3.122688e+00 2.466751e+00 7.042847e+00 7.731425e-01 4.127294e-01 -7.769047e-02 -6.720257e-01 -5.339727e-01 -7.433689e-01 -3.074614e-01 3.863382e-01 -4.843029e-01 -3.440492e-02 -4.242819e-01 -4.189824e-01 -7.862158e-01 -6.223994e-05 2.938754e-01 2.379374e-01 -3.480610e-02 1.191482e-01 -2.212422e-01 -3.064439e-02 -7.110440e-02 -1.069494e-01 -1.327267e-01 -1.101567e-01 4.712598e-02 -2.292764e-01
<VARIANCE> 39
 3.199011e+01 4.584463e+01 2.289060e+01 9.005795e+01 6.213382e+01 5.215595e+01 6.136024e+01 8.534729e+01 9.604503e+01 1.267391e+02 9.296173e+01 1.425536e+02 3.320160e+01 1.085794e+00 2.207069e+00 2.618520e+00 3.740140e+00 4.139482e+00 3.313270e+00 3.934605e+00 4.226352e+00 4.061537e+00 4.085282e+00 3.901934e+00 4.780865e+00 1.486877e+00 1.909525e-01 3.769120e-01 3.222855e-01 5.210500e-01 6.101738e-01 6.503593e-01 6.006345e-01 6.403301e-01 5.958334e-01 5.743733e-01 4.350542e-01 6.606025e-01 2.012012e-01
<GCONST> 1.301465e+02
<MIXTURE> 4 1.566372e-01
<MEAN> 39
 1.103143e+00 5.307860e+00 -2.428934e+00 -6.411453e+00 -5.282158e+00 -1.431127e+00 -1.559302e+00 4.054342e+00 2.225087e+00 3.947783e+00 7.180971e+00 2.935667e+00 3.869248e+00 2.131808e+00 -7.587793e-01 -1.181883e+00 -2.589490e+00 -1.015330e+00 -3.042177e-01 -1.046179e+00 -3.471336e-01 1.908916e+00 3.270096e+00 3.917014e+00 1.983008e+00 2.388291e+00 -7.410837e-01 -3.996455e-01 2.077572e-01 6.999078e-01 7.450747e-01 4.654952e-01 5.340500e-02 -3.732198e-01 -3.329493e-01 -1.605950e-01 -1.018493e-01 -1.642377e-02 -1.568159e-01
<VARIANCE> 39
 1.477925e+01 4.062115e+01 2.761243e+01 5.079418e+01 3.803333e+01 4.635583e+01 5.789497e+01 6.676045e+01 5.985524e+01 5.610963e+01 5.518096e+01 9.253875e+01 1.646844e+01 1.891174e+00 2.500636e+00 1.857410e+00 5.507796e+00 4.806969e+00 6.877180e+00 4.552703e+00 6.701818e+00 9.370667e+00 9.748058e+00 8.167307e+00 1.425460e+01 1.827842e+00 2.752538e-01 3.194667e-01 3.349514e-01 6.442564e-01 5.593043e-01 6.691047e-01 8.580340e-01 7.545656e-01 7.294533e-01 9.671291e-01 9.865197e-01 1.123901e+00 1.779646e-01
<GCONST> 1.338307e+02
<TRANSP> 6
 0.000000e+00 1.000000e+00 0.000000e+00 0.000000e+00 0.000000e+00 0.000000e+00
 0.000000e+00 4.421204e-01 5.578796e-01 0.000000e+00 0.000000e+00 0.000000e+00
 0.000000e+00 0.000000e+00 2.523787e-01 7.476214e-01 0.000000e+00 0.000000e+00
 0.000000e+00 0.000000e+00 0.000000e+00 3.628252e-01 6.371748e-01 0.000000e+00
 0.000000e+00 0.000000e+00 0.000000e+00 0.000000e+00 3.069241e-01 6.930759e-01
 0.000000e+00 0.000000e+00 0.000000e+00 0.000000e+00 0.000000e+00 0.000000e+00
<ENDHMM>
