~o
<STREAMINFO> 1 39
<VECSIZE> 39<NULLD><MFCC_D_A_Z_0><DIAGC>
~h "t"
<BEGINHMM>
<NUMSTATES> 6
<STATE> 2
<NUMMIXES> 4
<MIXTURE> 1 2.288217e-01
<MEAN> 39
 -6.703885e+00 -8.156364e+00 3.225043e+00 7.550736e+00 2.123263e+00 3.800325e+00 -1.965427e+00 4.873604e-01 8.402440e+00 6.929852e+00 1.116896e+01 8.411445e+00 1.469769e+01 1.539417e-02 3.323247e-03 2.477998e-04 -1.328430e-02 -4.526604e-02 -6.293365e-02 3.000992e-02 2.877345e-02 -6.047554e-02 2.655487e-02 9.728630e-03 2.774123e-02 -7.764581e-02 1.168246e-01 7.022116e-02 -9.667923e-02 -1.415018e-01 -1.772963e-02 2.419708e-02 6.032067e-02 -3.487754e-03 -1.058746e-01 -1.465372e-02 -7.957249e-02 -1.303107e-01 -6.422631e-02
<VARIANCE> 39
 1.810891e+01 1.980486e+01 3.113134e+01 4.832195e+01 5.648301e+01 3.480451e+01 4.450222e+01 6.083564e+01 5.645025e+01 8.512423e+01 9.831462e+01 1.579330e+02 2.467464e+01 5.141317e-01 7.750652e-01 1.137097e+00 1.764482e+00 1.688657e+00 1.599209e+00 1.802548e+00 1.783638e+00 2.477113e+00 2.441506e+00 2.755952e+00 3.751475e+00 2.023338e-01 8.970902e-02 1.440791e-01 1.847460e-01 2.332724e-01 3.030011e-01 2.896053e-01 3.252038e-01 3.000013e-01 3.973283e-01 4.184064e-01 4.620723e-01 5.408210e-01 4.364641e-02
<GCONST> 1.076059e+02
<MIXTURE> 2 2.402999e-01
<MEAN> 39
 -5.064078e+00 1.029857e+00 2.132245e+00 6.211528e-01 1.481011e+00 7.823792e-01 1.065241e+00 1.572697e+00 -2.263705e+00 -2.356069e+00 -3.049755e+00 -2.048153e+00 -4.244706e+00 -1.602384e-01 -1.596218e-01 -1.258053e-01 -2.450262e-01 2.875042e-02 1.794106e-01 3.167067e-01 3.546751e-01 2.104910e-01 -8.913912e-02 4.723230e-02 6.675760e-02 7.544325e-01 4.879442e-01 3.157236e-02 -1.979335e-01 -2.936755e-01 -3.321327e-01 -1.680004e-01 -1.796994e-01 -1.701250e-01 1.115671e-01 4.960850e-02 1.143874e-01 6.308318e-02 3.490226e-01
<VARIANCE> 39
 3.086327e+01 3.821437e+01 2.749975e+01 3.776448e+01 3.653611e+01 4.409758e+01 4.440798e+01 5.274862e+01 5.018993e+01 4.458749e+01 4.132479e+01 3.880614e+01 4.540294e+01 3.160540e+00 2.613503e+00 2.461111e+00 3.482770e+00 3.199765e+00 3.858541e+00 4.208607e+00 4.306368e+00 4.608127e+00 4.313895e+00 4.085826e+00 3.599386e+00 4.884166e+00 4.011737e-01 4.943399e-01 4.558249e-01 5.891716e-01 6.044239e-01 7.284008e-01 8.381244e-01 9.323184e-01 9.931593e-01 9.457814e-01 9.103171e-01 7.788447e-01 6.218684e-01
<GCONST> 1.318013e+02
<MIXTURE> 3 2.845846e-01
<MEAN> 39
 -9.046911e-01 2.045751e+00 -2.210579e+00 -4.417037e+00 1.700941e+00 -1.567225e+00 -2.950679e-01 -1.035037e+00 -9.235768e-01 3.004006e-01 3.774592e+00 4.391403e+00 3.575248e+00 -5.770847e-02 1.180447e-01 1.057195e-01 -1.861512e-01 -2.159949e-01 -4.077121e-01 -4.277024e-02 -3.326717e-02 3.826110e-02 -7.051537e-02 -1.253580e-01 9.101480e-02 -3.378003e-01 6.895579e-02 -3.356250e-02 1.079512e-01 9.362003e-02 -1.122254e-01 -2.499051e-02 -6.797469e-02 -1.117986e-02 -6.122150e-03 -7.522299e-02 -2.130239e-01 -1.686147e-01 -5.963591e-02
<VARIANCE> 39
 3.525247e+01 4.383229e+01 3.294265e+01 6.022193e+01 5.932690e+01 7.024915e+01 6.851437e+01 7.864643e+01 8.282230e+01 1.172391e+02 1.290814e+02 1.253782e+02 4.635518e+01 5.107343e-01 9.830083e-01 1.212758e+00 1.662749e+00 1.957764e+00 2.551492e+00 2.753009e+00 2.574010e+00 2.788094e+00 2.688631e+00 2.710337e+00 2.722098e+00 5.019532e-01 8.037622e-02 1.424756e-01 2.031981e-01 2.646985e-01 3.640378e-01 4.349763e-01 4.592945e-01 4.669457e-01 5.092064e-01 5.010813e-01 4.720970e-01 4.477049e-01 6.101207e-02
<GCONST> 1.166599e+02
<MIXTURE> 4 2.462937e-01
<MEAN> 39
 -1.258496e+00 -2.446228e+00 -1.847745e+00 -3.921468e+00 6.174840e-03 2.620250e+00 1.791139e+00 1.096729e+00 3.475138e+00 2.959832e+00 5.460995e+00 3.892383e+00 8.007052e+00 -3.671936e-01 -7.687857e-02 -1.473480e-01 -2.279602e-01 3.935860e-01 -9.262013e-02 -3.265579e-01 -3.021636e-01 -1.816769e-01 -1.001153e-01 4.562396e-01 6.690729e-01 6.443298e-01 1.770189e-02 1.764378e-01 2.300886e-01 4.256805e-01 6.284717e-02 -2.709855e-01 -1.741464e-01 3.151790e-02 -1.157217e-01 -8.141582e-02 -3.875416e-01 -3.478392e-01 -4.557275e-01
<VARIANCE> 39
 2.993533e+01 5.128775e+01 3.440342e+01 7.929100e+01 6.615731e+01 7.916167e+01 7.788245e+01 1.029996e+02 1.028721e+02 1.399454e+02 1.486042e+02 1.475895e+02 4.859255e+01 2.207634e+00 2.989066e+00 3.049908e+00 5.494306e+00 5.509273e+00 6.092165e+00 5.468511e+00 5.554353e+00 6.992428e+00 7.933459e+00 8.493563e+00 8.811180e+00 5.569685e+00 3.503690e-01 4.733322e-01 5.273404e-01 7.917294e-01 8.668797e-01 1.089521e+00 1.071199e+00 1.069331e+00 1.258886e+00 1.289685e+00 1.329416e+00 1.404343e+00 5.326459e-01
<GCONST> 1.475012e+02
<STATE> 3
<NUMMIXES> 4
<MIXTURE> 1 2.918424e-01
<MEAN> 39
 -2.397805e+00 -1.110207e+00 -5.731867e-01 -4.236380e-02 1.109641e+00 -6.481139e-03 -3.416999e-01 1.253892e+00 2.581848e+00 1.414075e+00 2.712115e+00 2.919044e+00 4.905260e+00 6.282478e-02 1.152490e-01 1.013361e-01 1.464978e-01 3.618985e-02 -4.259969e-02 3.920603e-03 7.547142e-02 1.597041e-02 3.480203e-02 -2.473816e-01 -1.995518e-01 -9.737799e-02 9.686749e-02 1.289456e-02 -1.457133e-02 -2.476423e-02 -2.417937e-02 7.940254e-02 -1.026928e-02 -4.751959e-02 -6.656511e-02 -2.586990e-03 -4.352027e-02 -1.456102e-01 -1.432481e-02
<VARIANCE> 39
 3.031758e+01 5.109117e+01 3.655517e+01 7.685142e+01 5.380618e+01 7.131017e+01 8.265495e+01 1.108463e+02 1.081167e+02 1.543975e+02 1.845317e+02 1.796684e+02 5.693932e+01 3.387016e-01 6.762469e-01 8.726802e-01 1.180136e+00 1.460249e+00 1.612226e+00 1.992220e+00 2.023129e+00 2.428367e+00 2.509876e+00 2.533717e+00 3.080297e+00 1.825136e-01 5.486200e-02 1.135427e-01 1.612486e-01 2.110981e-01 2.590660e-01 3.178412e-01 3.572496e-01 3.913231e-01 4.074820e-01 4.327010e-01 4.073094e-01 4.173109e-01 2.324113e-02
<GCONST> 1.112865e+02
<MIXTURE> 2 2.636878e-01
<MEAN> 39
 7.561415e-01 1.628216e+00 -1.346881e+00 -5.371453e+00 -9.124065e-01 -6.252753e-01 2.577261e-01 -2.116012e+00 -3.638536e+00 -6.404884e+00 -4.653119e+00 -9.133219e-01 1.772327e+00 4.115143e-02 2.880926e-01 3.866393e-01 2.633606e-01 -3.013810e-01 -5.941379e-01 -3.290672e-01 -1.483558e-01 -1.796781e-01 -1.390497e-01 -5.749296e-01 -4.212888e-01 -7.049817e-01 4.876758e-02 -6.376186e-03 1.666316e-01 3.641528e-01 6.100295e-02 -3.715980e-02 -1.713487e-01 -4.816365e-02 -2.095518e-02 1.677065e-01 7.568469e-02 -5.855142e-02 -1.800413e-01
<VARIANCE> 39
 3.132090e+01 4.417374e+01 3.272125e+01 6.208955e+01 5.028155e+01 6.243632e+01 6.723817e+01 7.718497e+01 5.679475e+01 5.103123e+01 4.424769e+01 6.141988e+01 5.828167e+01 1.610589e+00 2.144722e+00 2.084489e+00 3.032948e+00 3.569532e+00 4.198343e+00 4.195054e+00 4.152393e+00 3.723172e+00 3.465882e+00 3.255239e+00 3.348220e+00 2.509038e+00 2.038953e-01 2.860346e-01 3.322344e-01 4.900300e-01 5.130837e-01 6.553845e-01 7.605799e-01 7.926301e-01 7.114151e-01 6.657076e-01 5.337903e-01 5.570591e-01 2.852484e-01
<GCONST> 1.281242e+02
<MIXTURE> 3 2.897031e-01
<MEAN> 39
 -1.224847e+00 -1.403372e+00 -2.252394e+00 -4.260460e+00 5.510968e-01 1.794062e-02 -1.149784e+00 -1.104681e+00 3.873923e+00 7.315722e+00 1.299885e+01 9.734884e+00 7.698475e+00 3.640222e-01 4.282542e-01 1.621190e-01 -1.303942e-01 -3.663217e-01 -7.416757e-01 -1.253370e-01 -1.000836e-01 -4.085840e-01 -4.617383e-01 -8.430765e-01 -3.884017e-01 -7.206385e-01 1.132252e-01 7.205887e-02 1.522224e-01 2.841754e-01 -7.637470e-02 -5.084566e-02 -3.929036e-02 4.887538e-02 -9.542490e-02 -2.165187e-01 -5.736090e-01 -4.613645e-01 -2.738453e-01
<VARIANCE> 39
 2.038086e+01 4.807515e+01 3.123670e+01 7.429477e+01 6.860533e+01 7.789476e+01 5.418773e+01 6.984023e+01 8.943662e+01 9.855760e+01 8.000893e+01 1.370432e+02 3.533381e+01 1.512210e+00 1.921924e+00 2.090008e+00 3.495139e+00 4.060926e+00 4.646555e+00 4.425200e+00 4.238657e+00 5.268050e+00 5.910186e+00 6.554425e+00 6.905163e+00 1.691940e+00 1.907112e-01 2.577464e-01 3.398058e-01 4.847318e-01 6.680105e-01 8.412503e-01 7.161400e-01 7.019382e-01 8.707061e-01 8.860806e-01 7.969006e-01 9.951007e-01 1.895090e-01
<GCONST> 1.335542e+02
<MIXTURE> 4 1.547667e-01
<MEAN> 39
 -4.037280e+00 2.071866e+00 1.968119e+00 -2.009620e-01 9.615450e-01 7.415161e-01 1.764657e+00 2.973515e+00 -1.552476e+00 -2.474258e+00 -2.717614e+00 -1.905817e+00 -1.641744e+00 2.202919e+00 2.853061e-01 -7.958479e-01 -1.631111e+00 -1.437701e+00 -6.449788e-01 -3.555434e-01 -3.366015e-01 8.188389e-01 1.860599e-01 5.407906e-01 3.425558e-01 2.062768e+00 4.134490e-01 -1.732456e-01 -3.664895e-01 -2.936673e-01 -2.860863e-01 -3.971519e-02 -1.405436e-01 -2.363698e-01 2.567080e-01 2.843177e-01 2.368847e-01 4.935668e-02 2.757321e-01
<VARIANCE> 39
 2.977840e+01 3.708815e+01 2.929911e+01 3.842445e+01 3.922920e+01 4.712835e+01 4.848391e+01 5.528679e+01 5.485767e+01 5.426058e+01 5.184289e+01 4.514415e+01 3.491286e+01 3.205291e+00 3.671315e+00 3.116190e+00 4.692008e+00 4.331210e+00 6.418119e+00 6.818945e+00 8.429677e+00 9.759106e+00 9.301003e+00 8.662569e+00 8.038051e+00 3.104882e+00 3.965082e-01 4.412958e-01 4.390755e-01 6.112781e-01 6.560686e-01 8.809432e-01 9.309892e-01 1.185342e+00 1.463291e+00 1.481668e+00 1.502454e+00 1.505393e+00 4.793996e-01
<GCONST> 1.401915e+02
<STATE> 4
<NUMMIXES> 4
<MIXTURE> 1 4.171448e-01
<MEAN> 39
 -1.693883e+00 -1.259283e+00 -5.892509e-01 -2.003736e-01 1.169062e+00 1.040458e+00 -1.282102e+00 -1.294108e+00 2.625212e-01 2.360033e-01 3.475971e+00 4.936114e+00 4.898021e+00 1.367447e-01 7.339112e-02 8.345132e-02 3.032792e-01 1.353727e-02 -2.026917e-02 -9.194046e-02 -5.136807e-02 -1.246056e-01 3.951864e-02 -2.183710e-01 -2.638892e-01 -1.742632e-01 7.573483e-02 8.352404e-03 -2.063873e-02 -7.965580e-02 -1.170731e-01 -3.052658e-02 1.785890e-02 -1.220741e-02 -4.470685e-02 -1.544520e-02 -8.634778e-03 -4.590314e-02 -7.483063e-02
<VARIANCE> 39
 2.770761e+01 4.603294e+01 3.308030e+01 7.709204e+01 5.588812e+01 6.699936e+01 6.859301e+01 8.082203e+01 7.963012e+01 1.019851e+02 1.442512e+02 1.397664e+02 6.100652e+01 4.886793e-01 9.245581e-01 1.100144e+00 1.782206e+00 1.992207e+00 2.335781e+00 2.597477e+00 2.478052e+00 2.632960e+00 2.852151e+00 2.648051e+00 2.915475e+00 3.609219e-01 7.293697e-02 1.294355e-01 1.886275e-01 2.562164e-01 3.383603e-01 4.022923e-01 4.343316e-01 4.296340e-01 4.727102e-01 4.785078e-01 4.998947e-01 5.057454e-01 5.377318e-02
<GCONST> 1.157149e+02
<MIXTURE> 2 2.987325e-01
<MEAN> 39
 2.444887e+00 3.363403e+00 1.120919e+00 -4.318424e+00 -3.020902e+00 -4.230923e+00 -3.329426e+00 -3.549526e+00 -3.890316e+00 -4.537773e+00 -2.434562e+00 9.195460e-01 -6.639671e-01 4.396348e-01 3.849768e-01 4.069415e-01 3.149650e-01 -3.573617e-01 -7.031767e-01 -7.060260e-01 -5.783942e-01 -8.887129e-01 -6.532076e-01 -1.166696e+00 -7.583554e-01 -8.888040e-01 -2.601323e-01 -2.913414e-01 -1.661859e-01 1.945945e-01 3.401166e-01 4.972021e-01 2.657564e-01 2.028279e-01 1.775597e-01 2.427585e-01 2.891259e-01 5.285470e-02 1.139809e-01
<VARIANCE> 39
 2.720426e+01 3.530545e+01 2.491096e+01 4.675862e+01 4.520072e+01 4.901609e+01 4.966118e+01 5.720298e+01 5.965930e+01 6.904556e+01 7.645164e+01 7.799871e+01 4.044558e+01 2.726555e+00 2.194992e+00 2.494418e+00 3.803033e+00 3.614023e+00 4.384945e+00 4.383364e+00 4.668796e+00 4.457183e+00 4.915728e+00 4.952543e+00 4.564614e+00 3.929362e+00 2.418514e-01 3.072129e-01 3.191686e-01 4.325861e-01 5.208743e-01 6.177758e-01 6.926097e-01 7.126033e-01 7.381392e-01 6.864017e-01 6.542965e-01 6.544769e-01 2.530525e-01
<GCONST> 1.300493e+02
<MIXTURE> 3 1.055187e-01
<MEAN> 39
 -7.422046e+00 6.052583e+00 -3.139882e+00 -5.899026e+00 6.718561e+00 -3.893224e+00 5.088610e+00 9.300178e+00 1.461866e+01 2.161770e+01 1.044168e+01 -9.288977e+00 1.023352e+01 1.815465e-02 2.480558e-02 1.233739e-01 3.257054e-02 2.990220e-02 6.796798e-02 3.129927e-02 1.899300e-01 1.837750e-01 6.744025e-02 -2.808148e-01 -5.901158e-01 -6.152540e-02 8.704007e-02 -8.227834e-02 1.033490e-03 -3.314044e-02 -1.199273e-01 7.643917e-02 -2.761792e-02 -4.541176e-02 -1.791644e-02 -1.959191e-01 -5.007917e-02 7.739541e-02 -3.994495e-02
<VARIANCE> 39
 1.567467e+01 4.533506e+01 2.940441e+01 4.376927e+01 3.656988e+01 3.943364e+01 3.696940e+01 4.146131e+01 4.020328e+01 3.530154e+01 1.010066e+02 1.698757e+02 1.461398e+01 4.771273e-01 9.971985e-01 1.236874e+00 1.315940e+00 1.340156e+00 1.391491e+00 1.315259e+00 1.716380e+00 1.922531e+00 2.379205e+00 2.673493e+00 4.033763e+00 2.123531e-01 9.209281e-02 1.546762e-01 2.074665e-01 2.458703e-01 2.216835e-01 2.281398e-01 2.241353e-01 2.842205e-01 3.017441e-01 4.158057e-01 3.940527e-01 5.211126e-01 3.628100e-02
<GCONST> 1.032928e+02
<MIXTURE> 4 1.786041e-01
<MEAN> 39
 1.271201e+00 4.719634e-01 -2.562952e+00 -4.721622e+00 -2.840836e+00 -2.674537e-01 4.146833e+00 5.237088e+00 6.153802e+00 4.575810e+00 2.453547e+00 -8.887022e-01 4.940833e+00 1.146960e+00 -3.480653e-01 -7.075528e-01 -7.179059e-01 -7.878594e-01 -3.317165e-02 5.158176e-02 2.596525e-02 1.212576e+00 7.122732e-01 4.080667e-01 -2.150037e-01 1.001057e+00 -3.231010e-01 -6.496692e-02 2.120540e-01 4.297273e-01 3.489084e-01 1.282806e-01 -3.539967e-01 -3.548065e-01 -2.689220e-01 -8.131061e-02 -5.655289e-02 -3.472429e-02 -2.999472e-01
<VARIANCE> 39
 2.686137e+01 5.450674e+01 3.633111e+01 7.087298e+01 5.556448e+01 7.708582e+01 7.696116e+01 9.119707e+01 1.079333e+02 1.405009e+02 1.492668e+02 1.328894e+02 3.448390e+01 2.816611e+00 3.332095e+00 3.247317e+00 5.294154e+00 4.654623e+00 7.527245e+00 6.890866e+00 9.283965e+00 1.205620e+01 1.283348e+01 1.309787e+01 1.507209e+01 5.385371e+00 4.121940e-01 4.416819e-01 4.576477e-01 7.211868e-01 7.354161e-01 1.002945e+00 1.046405e+00 1.010615e+00 1.176515e+00 1.317543e+00 1.455343e+00 1.316173e+00 3.856078e-01
<GCONST> 1.489850e+02
<STATE> 5
<NUMMIXES> 4
<MIXTURE> 1 2.969621e-01
<MEAN> 39
 -1.920866e+00 1.631696e+00 -3.255305e+00 -3.007947e+00 3.718773e+00 -2.291894e+00 1.809325e-01 -1.578426e+00 6.632890e-01 4.222599e+00 9.827822e+00 1.022780e+01 9.129713e+00 8.619832e-02 -6.022687e-02 -6.374595e-02 1.425404e-02 -1.530092e-01 -4.319189e-02 -9.937624e-02 -7.671009e-03 2.088447e-02 2.688596e-02 6.332718e-02 -3.289885e-02 -1.478731e-01 1.338706e-02 -5.486679e-02 -1.280611e-02 -1.149041e-01 -1.379278e-01 1.567159e-02 -2.776709e-02 -2.434652e-03 2.091469e-03 -5.291295e-02 -1.030053e-02 -4.845186e-02 -5.419424e-02
<VARIANCE> 39
 2.131114e+01 7.024912e+01 3.673370e+01 8.974437e+01 5.930047e+01 7.888521e+01 6.820166e+01 5.902267e+01 8.374648e+01 1.083751e+02 1.168346e+02 1.325255e+02 2.743933e+01 3.073439e-01 6.593219e-01 8.706488e-01 1.190289e+00 1.353473e+00 1.611102e+00 1.681810e+00 1.541031e+00 1.698604e+00 1.835577e+00 1.971110e+00 2.190465e+00 1.634813e-01 5.543290e-02 1.107331e-01 1.564402e-01 1.991258e-01 2.427582e-01 2.776265e-01 3.122906e-01 2.801645e-01 3.105693e-01 3.200463e-01 3.442107e-01 3.931163e-01 2.705061e-02
<GCONST> 1.052588e+02
<MIXTURE> 2 2.818822e-01
<MEAN> 39
 -2.128886e+00 8.667086e-01 2.263505e+00 1.036438e-01 -1.039626e-01 -1.562638e-01 -2.317075e+00 -1.260561e+00 -3.627405e+00 -3.916943e+00 -4.541408e+00 -2.355795e+00 -4.072941e+00 -2.067246e-01 -2.473606e-02 1.604919e-01 3.469860e-01 2.612569e-01 2.764353e-01 1.618757e-01 4.938504e-02 -3.158099e-01 -7.584915e-02 -1.719249e-01 -2.472915e-01 -4.362959e-01 4.755113e-02 8.780390e-04 -1.029889e-01 -1.320235e-01 -9.717400e-03 3.772626e-02 1.231474e-01 5.376425e-02 1.494643e-01 9.355918e-02 2.318911e-01 2.055767e-01 1.135011e-01
<VARIANCE> 39
 3.377721e+01 2.817703e+01 2.260768e+01 3.658014e+01 3.743675e+01 4.641488e+01 4.900306e+01 5.309592e+01 5.047003e+01 5.081102e+01 4.315987e+01 4.622057e+01 4.339027e+01 8.657736e-01 1.019940e+00 1.144529e+00 1.779158e+00 2.158985e+00 2.609129e+00 2.773027e+00 3.030876e+00 3.104223e+00 2.980203e+00 2.823047e+00 2.432048e+00 9.596347e-01 1.460173e-01 1.860729e-01 2.379345e-01 3.196712e-01 4.146957e-01 4.964246e-01 5.595656e-01 5.752190e-01 5.967726e-01 5.876431e-01 5.398535e-01 4.922641e-01 1.556247e-01
<GCONST> 1.152206e+02
<MIXTURE> 3 2.846520e-01
<MEAN> 39
 3.627905e+00 1.143626e+00 -1.860843e+00 -4.804840e+00 -3.654017e+00 -3.348841e+00 -2.128114e+00 -4.416546e+00 -3.027695e+00 -2.805546e+00 1.176877e+00 4.094064e+00 3.603799e+00 2.819347e-01 -2.981529e-01 -1.413818e-01 1.503294e-01 -2.848836e-02 2.218212e-01 -2.182601e-01 -4.756080e-01 -2.741739e-01 -1.366261e-01 1.100900e-01 2.323007e-01 3.874883e-02 -4.710705e-01 -7.691592e-02 1.297407e-01 2.868893e-01 4.218232e-01 3.486782e-01 2.149469e-01 3.197024e-01 1.644757e-01 1.939308e-01 1.032309e-01 -7.192516e-02 -1.158525e-01
<VARIANCE> 39
 2.389337e+01 5.154686e+01 3.649623e+01 6.590054e+01 5.473085e+01 7.216268e+01 6.877038e+01 6.952908e+01 7.386923e+01 1.130094e+02 1.285861e+02 1.178911e+02 4.197662e+01 1.924363e+00 2.595757e+00 2.542995e+00 3.900286e+00 3.684611e+00 5.124825e+00 4.786840e+00 4.794137e+00 4.937165e+00 5.398978e+00 6.047163e+00 6.112359e+00 4.456831e+00 3.330829e-01 3.949695e-01 4.679765e-01 6.545995e-01 6.604250e-01 9.162198e-01 9.357129e-01 8.851727e-01 9.449688e-01 9.695686e-01 1.055584e+00 1.050925e+00 4.501353e-01
<GCONST> 1.394034e+02
<MIXTURE> 4 1.365037e-01
<MEAN> 39
 -2.688283e+00 -2.088723e+00 -1.074620e+00 -1.150566e+00 1.043796e+00 3.428078e+00 5.912274e+00 1.275249e+01 1.564244e+01 7.207303e+00 -5.374806e+00 -1.325660e+01 7.467830e+00 1.394655e-01 -1.034255e-01 -1.012005e-01 -5.072356e-02 -1.302356e-01 5.857954e-02 -2.901952e-01 1.843504e-01 7.454753e-01 5.907251e-01 -4.875907e-02 -8.304697e-01 -1.044024e-02 -6.169646e-02 5.293224e-02 9.169956e-02 9.477246e-02 1.583256e-02 -1.310568e-01 -1.756567e-01 -4.236945e-01 -6.443956e-01 -2.050694e-01 3.274996e-01 6.933452e-01 -1.920187e-01
<VARIANCE> 39
 2.569791e+01 4.563866e+01 3.415024e+01 9.144422e+01 6.406127e+01 6.700063e+01 8.315266e+01 1.072779e+02 8.416133e+01 2.313442e+02 2.716344e+02 1.607867e+02 4.048567e+01 1.160872e+00 1.757750e+00 1.840689e+00 2.976407e+00 3.597849e+00 3.576275e+00 4.780269e+00 5.523654e+00 6.722772e+00 9.480077e+00 1.024861e+01 1.001329e+01 1.612947e+00 2.205426e-01 2.739838e-01 3.464789e-01 5.245594e-01 5.793613e-01 6.290837e-01 8.148863e-01 9.879581e-01 1.034514e+00 1.249965e+00 1.409648e+00 1.248912e+00 2.368075e-01
<GCONST> 1.396642e+02
<TRANSP> 6
 0.000000e+00 1.000000e+00 0.000000e+00 0.000000e+00 0.000000e+00 0.000000e+00
 0.000000e+00 5.093201e-01 4.906800e-01 0.000000e+00 0.000000e+00 0.000000e+00
 0.000000e+00 0.000000e+00 2.235679e-01 7.764322e-01 0.000000e+00 0.000000e+00
 0.000000e+00 0.000000e+00 0.000000e+00 2.567191e-01 7.432809e-01 0.000000e+00
 0.000000e+00 0.000000e+00 0.000000e+00 0.000000e+00 3.851478e-01 6.148521e-01
 0.000000e+00 0.000000e+00 0.000000e+00 0.000000e+00 0.000000e+00 0.000000e+00
<ENDHMM>
