~o
<STREAMINFO> 1 39
<VECSIZE> 39<NULLD><MFCC_D_A_Z_0><DIAGC>
~h "zh"
<BEGINHMM>
<NUMSTATES> 6
<STATE> 2
<NUMMIXES> 4
<MIXTURE> 1 1.818158e-01
<MEAN> 39
 3.147896e+00 1.562887e+01 2.165109e+00 -1.195945e+01 -7.829656e-02 -7.789047e+00 -6.443483e+00 -1.533514e-01 -1.822316e+01 -2.126371e+01 -4.619564e+00 -8.731187e+00 3.825091e+00 6.346420e-02 5.932676e-01 8.343753e-01 4.823511e-01 4.539255e-01 -1.043402e+00 -4.976407e-01 -2.624178e-01 1.384919e+00 1.961533e-01 -1.460501e+00 -6.752045e-01 -4.015413e-01 1.439281e-01 5.684836e-02 -1.060155e-01 -1.058494e-01 2.997682e-01 -1.751183e-01 1.483074e-01 -4.534989e-01 2.968986e-01 4.871671e-01 -7.944792e-02 -4.648760e-01 -1.318532e-01
<VARIANCE> 39
 4.299981e-01 1.372909e+00 4.628512e-01 1.152084e-01 5.096313e+00 7.639753e-04 4.144302e-01 4.520143e-01 7.619277e-01 1.442420e+00 6.072586e-01 4.113046e-02 2.125757e-02 6.236565e-05 2.281743e-02 2.619338e-02 2.018065e-02 1.920193e-01 1.432550e-01 4.163226e-02 4.645210e-01 5.449320e-02 1.076652e-01 2.897416e-01 1.796570e-01 8.426704e-03 3.538216e-05 1.454789e-02 4.722134e-02 1.458044e-02 2.336735e-02 3.372349e-03 5.616242e-05 8.242024e-02 1.164572e-02 2.048431e-05 8.144807e-02 4.335734e-05 1.000780e-03
<GCONST> -6.606995e+01
<MIXTURE> 3 8.181842e-01
<MEAN> 39
 4.744882e+00 -8.461697e-01 8.165603e-01 2.371575e+00 2.113404e-02 -3.229928e+00 -2.479402e+00 -4.880201e+00 -6.277570e+00 -7.683987e+00 -1.988035e+00 2.667938e+00 1.425062e+00 -3.790902e-01 1.113930e+00 -2.751848e-01 1.151517e+00 -5.736604e-02 -3.351095e-01 4.271860e-01 -6.597679e-01 -1.120304e+00 6.488422e-01 5.313361e-01 1.044668e-01 -4.784122e-01 -9.992810e-02 -6.746815e-02 -2.446406e-01 -1.489921e-01 1.271884e-02 1.337835e-01 -1.624517e-01 3.249944e-01 -3.134873e-01 1.132975e-01 -4.059624e-01 5.533945e-02 4.057429e-02
<VARIANCE> 39
 3.787208e+01 7.179315e+01 5.014795e+01 7.557794e+01 3.347022e+01 3.085254e+01 5.286626e+01 3.410571e+01 5.268897e+01 9.961420e+01 4.048993e+01 7.794328e+01 3.687967e+01 7.935465e-01 2.259514e+00 6.508747e-01 4.735989e+00 6.525705e-01 9.541312e-01 1.240117e+00 2.726248e+00 3.317342e+00 2.353977e+00 3.796506e+00 1.602917e+00 3.933572e-01 1.899650e-01 9.052915e-02 2.047950e-01 2.805614e-01 2.141001e-01 1.045797e-01 1.735853e-01 6.405134e-01 4.911451e-01 7.804417e-01 4.145893e-01 2.752955e-01 2.956807e-02
<GCONST> 1.083093e+02
<STATE> 3
<NUMMIXES> 4
<MIXTURE> 3 6.666651e-01
<MEAN> 39
 4.485466e+00 6.828843e+00 -3.584993e-02 -2.623469e+00 -1.978094e+00 -8.208447e+00 -3.796901e+00 -1.504386e+00 -1.216757e+01 -1.213748e+01 -6.720979e+00 -1.390059e+00 -1.409088e+00 -4.041581e-01 9.171680e-01 1.841810e-01 1.099403e+00 2.331302e-01 -2.573422e-01 -1.801218e-02 -2.278795e-01 -5.085252e-01 1.349055e+00 -5.081018e-02 2.461118e-01 -4.172405e-01 6.792091e-02 -2.224912e-01 -3.296092e-01 -2.780973e-01 1.858771e-01 3.400005e-01 -1.521035e-01 -1.667109e-01 5.601047e-02 -3.469525e-02 2.001826e-01 -1.038096e-01 1.159795e-01
<VARIANCE> 39
 3.771070e+01 7.393275e+01 2.072214e+01 5.383048e+01 5.431393e+01 4.014073e+01 2.391802e+01 2.636414e+01 5.030480e+01 7.096709e+01 3.410247e+01 7.405710e+01 3.555815e+01 1.711280e+00 1.534183e+00 8.426949e-01 2.882022e+00 7.150967e-01 1.275690e+00 2.589206e+00 8.845652e-01 3.456172e+00 9.564553e-01 4.956819e+00 1.592619e+00 2.873540e-01 6.096763e-03 1.061891e-01 1.224583e-01 1.338176e-01 1.767247e-01 5.667175e-02 6.888407e-02 8.619242e-01 4.708408e-01 5.038552e-01 4.105863e-01 1.069846e-01 7.944055e-02
<GCONST> 9.897298e+01
<MIXTURE> 4 3.333350e-01
<MEAN> 39
 1.695024e+00 -1.037234e+01 -1.345073e+00 9.725758e+00 3.871741e+00 -8.230909e-01 -3.418261e+00 -9.097425e+00 -7.162199e+00 8.770610e-02 2.010118e+00 8.187081e+00 6.004700e+00 6.623010e-01 6.909552e-01 -1.199045e+00 -3.362061e-01 4.736189e-01 -2.454437e-01 5.778702e-01 1.248749e+00 -8.803358e-01 -5.905619e-01 7.045082e-01 -7.148465e-01 -1.491410e-01 2.751716e-01 3.541449e-02 -3.423729e-01 -3.661499e-01 -7.472827e-02 -2.173334e-01 2.715314e-02 4.452695e-01 1.742456e-01 -3.781996e-01 -6.949001e-01 2.107355e-01 -1.173284e-01
<VARIANCE> 39
 1.093927e+01 2.637499e+01 4.697831e+01 1.194404e+01 2.801818e+00 2.135625e+01 7.449387e+01 3.936498e+01 2.736417e+01 1.134290e+02 3.467486e+01 1.058581e+02 1.148157e+01 2.858560e-01 4.776621e-01 1.390160e+00 1.008335e+00 4.548413e-01 8.588710e-01 4.841057e-01 1.615260e+00 6.305279e-01 1.542477e-01 9.723157e-01 3.321440e-01 2.991572e-02 2.934974e-02 7.621806e-02 3.270969e-03 3.284865e-01 1.580543e-01 1.060290e-01 9.693468e-02 1.524880e-01 5.325517e-04 3.981284e-01 4.082090e-03 3.621540e-02 1.202449e-02
<GCONST> 6.168621e+01
<STATE> 4
<NUMMIXES> 4
<MIXTURE> 3 8.235297e-01
<MEAN> 39
 3.327409e-01 5.514716e+00 5.184621e-01 1.626142e+00 -6.473669e-01 -3.180936e+00 -5.941116e+00 -4.775442e+00 -1.122277e+01 -4.843172e+00 -3.858316e+00 -7.323425e-01 6.638221e-02 2.244516e-01 7.074086e-02 -1.058738e+00 -7.423862e-01 1.459894e-01 -6.344098e-01 2.944008e-01 -2.177297e-01 1.504847e-01 5.004261e-01 -1.613973e-01 -3.740521e-01 3.834870e-01 4.216987e-01 -3.063627e-01 -2.370161e-01 -3.947689e-01 -4.503406e-02 -2.790783e-01 4.126313e-01 -1.459580e-02 4.748727e-01 -2.302442e-01 1.263344e-02 -7.228344e-02 1.970065e-01
<VARIANCE> 39
 3.598387e+01 9.203065e+01 4.830431e+01 7.412068e+01 3.884116e+01 4.174858e+01 5.112427e+01 2.488748e+01 2.823972e+01 7.100128e+01 4.257290e+01 9.895960e+01 2.909348e+01 1.754988e+00 1.097336e+00 9.990812e-01 4.337551e+00 1.787667e+00 2.322473e+00 2.323891e+00 2.423129e+00 3.866607e+00 2.641459e+00 1.595705e+00 7.040588e-01 1.393211e+00 2.981021e-01 2.661965e-01 1.979256e-01 1.059721e+00 3.793517e-01 3.214927e-01 4.786090e-01 3.886655e-01 7.851491e-01 4.028571e-01 7.024213e-01 2.556792e-01 1.723176e-01
<GCONST> 1.173624e+02
<MIXTURE> 4 1.764703e-01
<MEAN> 39
 6.404023e+00 -1.216460e+01 -5.217216e+00 1.332029e+01 3.161218e+00 -5.536628e+00 4.731488e+00 -7.426294e+00 -6.811892e+00 -9.347925e+00 -2.458602e+00 7.007366e+00 7.190882e+00 1.453600e+00 4.309067e-01 -1.905179e+00 -1.008841e+00 1.633386e-01 -4.781968e-01 8.616039e-02 2.199657e+00 -6.795591e-03 -1.458331e+00 -1.813244e-03 2.486119e-01 -3.716964e-01 -8.603227e-02 -2.622936e-02 4.728061e-01 -7.932014e-01 -2.427723e-01 1.698539e-01 -6.123521e-01 -1.804335e-01 5.251069e-01 -1.086329e-01 -8.800310e-01 -2.467185e-02 -3.803317e-01
<VARIANCE> 39
 5.019276e-01 4.174963e+00 3.813892e+01 7.863401e+00 3.937488e-01 5.832352e+00 4.528775e-03 8.475535e+01 2.987398e+01 2.370932e+01 1.218294e+01 6.806712e+01 2.034439e+01 4.126587e-03 3.435491e-01 1.084617e+00 1.412431e+00 2.457533e+00 1.039137e+00 2.044759e+00 9.487156e-01 6.062007e-01 4.856788e+00 5.822625e-01 6.045692e-02 1.937889e-01 5.646769e-02 3.855428e-02 2.302594e-01 1.369972e-01 4.867223e-02 4.348889e-02 3.752727e-02 2.254569e-01 2.265994e-02 7.608145e-02 7.556217e-02 1.583187e-01 1.423919e-02
<GCONST> 5.029357e+01
<STATE> 5
<NUMMIXES> 4
<MIXTURE> 1 5.833309e-01
<MEAN> 39
 7.062811e+00 3.229784e+00 -6.131130e+00 -1.898256e+00 1.277125e+00 -9.023170e+00 -1.881113e+00 -4.673079e+00 -8.816522e+00 -4.675097e+00 -5.756134e+00 2.438619e+00 -2.912728e-01 3.687375e-01 4.974301e-01 -4.668103e-01 4.254195e-01 7.938172e-01 -5.004162e-02 7.713953e-01 -1.067597e+00 -6.318151e-01 1.072711e+00 6.227818e-01 5.425475e-01 -2.149018e-01 3.703954e-02 -1.543802e-01 2.287154e-01 9.770531e-02 4.265604e-02 -4.126782e-02 -2.976551e-01 1.886807e-01 -1.407799e-01 -1.281715e-01 -7.332458e-03 -1.943323e-01 -1.207902e-03
<VARIANCE> 39
 4.931800e+01 9.132119e+01 5.573297e+00 1.205796e+02 6.225719e+01 1.594541e+01 5.489819e+01 2.260007e+01 2.910170e+01 1.427501e+02 6.874870e+01 8.989922e+01 3.528289e+01 9.614715e-02 2.748332e-01 5.631424e-01 6.467072e-01 7.727053e-01 1.449358e+00 1.731431e+00 2.537193e+00 7.645938e-01 7.014370e-01 4.159000e+00 2.896978e-01 1.542438e-01 1.103328e-02 7.121728e-02 1.007625e-01 8.220064e-02 7.420302e-02 8.905364e-02 1.771796e-01 1.321604e-01 1.846382e-01 1.179390e-01 1.638204e-01 1.511645e-02 7.176006e-03
<GCONST> 8.041119e+01
<MIXTURE> 3 4.166691e-01
<MEAN> 39
 4.152836e+00 1.219473e+00 -2.475931e+00 9.596360e-01 1.862358e-01 -4.869688e+00 -2.081095e+00 -2.414938e+00 -1.014609e+01 -1.094706e+01 -2.743507e+00 1.896012e+00 2.491083e+00 9.317477e-01 -2.020835e-01 -6.663924e-01 -1.126714e+00 2.650649e-01 -1.024695e+00 3.599008e-01 -3.324926e-01 1.621114e+00 -8.903713e-01 -7.456495e-01 -7.457698e-01 -9.688700e-02 -2.894785e-01 3.724033e-03 2.398905e-01 3.723854e-01 -1.732056e-02 8.170075e-03 -1.059582e-02 -5.145304e-01 -2.842643e-01 2.162404e-01 -3.384657e-02 -3.262436e-02 -3.335352e-01
<VARIANCE> 39
 1.962268e+01 1.432588e+02 5.167298e+01 6.605879e+01 3.041140e+01 2.472695e+01 2.157586e+01 2.774762e+01 7.016690e+01 1.065822e+01 2.142579e+01 1.893309e+02 4.320830e+01 1.056779e+00 2.428047e+00 5.812550e-01 1.857651e+00 1.797812e+00 3.105171e+00 6.186842e+00 6.769140e+00 3.753036e-01 5.478830e+00 5.308372e+00 1.810364e+00 1.830897e+00 6.508492e-02 3.389922e-02 1.520070e-01 1.246189e+00 3.895530e-01 4.445011e-01 3.155161e-01 2.009969e-01 8.784387e-01 6.076610e-02 1.841597e-01 2.253757e-01 6.242820e-02
<GCONST> 1.083471e+02
<TRANSP> 6
 0.000000e+00 1.000000e+00 0.000000e+00 0.000000e+00 0.000000e+00 0.000000e+00
 0.000000e+00 1.818188e-01 8.181812e-01 0.000000e+00 0.000000e+00 0.000000e+00
 0.000000e+00 0.000000e+00 1.149998e-20 1.000000e+00 0.000000e+00 0.000000e+00
 0.000000e+00 0.000000e+00 0.000000e+00 4.705910e-01 5.294090e-01 0.000000e+00
 0.000000e+00 0.000000e+00 0.000000e+00 0.000000e+00 2.499985e-01 7.500015e-01
 0.000000e+00 0.000000e+00 0.000000e+00 0.000000e+00 0.000000e+00 0.000000e+00
<ENDHMM>
