~o
<STREAMINFO> 1 39
<VECSIZE> 39<NULLD><MFCC_D_A_Z_0><DIAGC>
~h "aa"
<BEGINHMM>
<NUMSTATES> 6
<STATE> 2
<NUMMIXES> 4
<MIXTURE> 1 2.106649e-01
<MEAN> 39
 7.208249e+00 -1.109463e+01 -6.247110e+00 -5.091511e+00 1.759436e+00 -1.129651e+00 -7.926395e-01 8.055964e+00 2.213920e+00 -4.798353e-01 -5.351330e+00 -2.306348e+00 1.245025e+01 5.333572e-01 -1.039280e+00 -2.158475e+00 8.621836e-02 2.373121e+00 2.076984e+00 5.334041e-01 -5.716112e-01 -3.391899e-01 1.397524e-01 -3.951342e-02 -7.849376e-01 2.812925e-01 -3.535573e-01 5.233335e-01 3.604576e-01 2.762093e-01 -1.117942e-01 1.745683e-01 -5.455346e-02 -8.006136e-01 -1.378129e-01 3.232560e-02 5.821398e-01 1.601969e-01 -3.576246e-01
<VARIANCE> 39
 8.500386e+00 1.330463e+01 2.574852e+01 2.283991e+01 3.750934e+01 3.730504e+01 4.762686e+01 3.821139e+01 4.217490e+01 5.125077e+01 3.285143e+01 3.277029e+01 8.909112e+00 5.405796e-01 1.224212e+00 1.892086e+00 2.295337e+00 2.513737e+00 2.754469e+00 4.355852e+00 4.039371e+00 3.159444e+00 3.174402e+00 3.034582e+00 2.879343e+00 2.646917e-01 2.265776e-01 1.798833e-01 2.463081e-01 3.837190e-01 5.847882e-01 6.462978e-01 6.424677e-01 5.863782e-01 5.475011e-01 6.813226e-01 5.990285e-01 5.062832e-01 8.689188e-02
<GCONST> 1.112514e+02
<MIXTURE> 2 1.869651e-01
<MEAN> 39
 1.091933e+01 -2.505906e+00 -9.599854e+00 -1.773600e+01 -1.912258e+00 1.436935e+01 3.531455e+00 -6.848255e-01 -1.409454e+00 1.517772e-01 2.235962e+00 -3.472851e-01 6.185195e+00 -3.362934e-01 -1.814317e+00 -6.891016e-01 7.220234e-01 1.770336e+00 7.780181e-01 1.157809e-01 -6.264957e-01 3.602437e-01 4.698825e-01 3.227826e-02 -5.913455e-01 1.117028e+00 -4.305708e-02 2.022396e-01 1.187105e-01 5.540658e-01 -6.803575e-03 -6.207739e-01 -1.634961e-01 -1.105140e-01 1.754094e-02 -1.123702e-02 -1.514318e-01 -1.736439e-01 -2.029383e-01
<VARIANCE> 39
 5.748147e+00 2.066346e+01 2.258220e+01 3.021131e+01 5.383340e+01 3.681336e+01 4.278745e+01 3.603066e+01 3.172332e+01 4.276652e+01 2.994862e+01 2.692184e+01 1.012082e+01 2.191908e-01 1.154569e+00 9.361398e-01 2.267443e+00 1.660384e+00 2.164108e+00 2.005117e+00 1.981455e+00 2.230194e+00 1.901706e+00 2.034779e+00 1.894354e+00 3.752711e-01 3.566074e-02 1.238939e-01 1.592105e-01 2.567664e-01 3.516734e-01 2.927489e-01 2.994175e-01 3.262664e-01 3.581575e-01 3.620175e-01 3.307744e-01 2.351415e-01 4.297649e-02
<GCONST> 9.702077e+01
<MIXTURE> 3 3.245556e-01
<MEAN> 39
 9.615507e+00 -8.232505e+00 -1.015865e+01 -8.091187e+00 2.144532e+00 8.131014e+00 5.983043e-01 -3.285966e+00 2.325773e+00 -1.338251e-01 3.823781e-01 -4.258488e+00 9.814019e+00 2.157979e-01 -1.206721e+00 -4.569649e-01 -7.289572e-01 5.685615e-01 1.175582e+00 3.328430e-01 -1.322660e-01 3.944571e-01 -1.217431e-01 9.691908e-02 -7.356117e-02 8.278231e-01 -4.749311e-01 4.245256e-01 3.697384e-01 6.041579e-01 2.161722e-01 -3.500850e-01 -5.490287e-02 1.204003e-01 -1.079797e-01 -3.794131e-02 -6.086268e-02 2.705169e-01 -5.316681e-01
<VARIANCE> 39
 1.208410e+01 2.394995e+01 2.595720e+01 4.855359e+01 5.212520e+01 4.418087e+01 5.401587e+01 4.046186e+01 4.803608e+01 4.869409e+01 4.374409e+01 2.937975e+01 1.441177e+01 8.540686e-01 1.713700e+00 1.909614e+00 2.817932e+00 2.315849e+00 3.041424e+00 3.557230e+00 3.288944e+00 2.894151e+00 2.687395e+00 2.438657e+00 2.355162e+00 7.941838e-01 3.430829e-01 2.868136e-01 3.324767e-01 5.378109e-01 4.529376e-01 4.691661e-01 5.869535e-01 5.759000e-01 6.285298e-01 5.541390e-01 4.610323e-01 3.896058e-01 1.870971e-01
<GCONST> 1.164230e+02
<MIXTURE> 4 2.778144e-01
<MEAN> 39
 7.432857e+00 -6.656603e+00 -4.448501e+00 -4.777311e+00 -2.237819e+00 -1.541694e+00 -4.057691e+00 2.852662e+00 2.416186e+00 6.495759e-01 -1.937341e+00 -2.217082e+00 1.000831e+01 2.481848e+00 -2.389704e+00 -2.333942e+00 -1.661593e+00 2.420744e-01 8.604720e-01 -2.374115e-01 1.412964e+00 1.322728e-01 3.329587e-01 -4.005875e-01 -9.611365e-01 1.573580e+00 -8.711740e-01 2.838955e-01 5.374119e-02 6.215483e-01 8.139085e-01 7.624100e-01 6.961501e-01 -3.221123e-01 -1.500421e-01 -4.237098e-02 1.878104e-01 1.205575e-01 -8.579017e-01
<VARIANCE> 39
 1.391455e+01 2.460892e+01 4.364069e+01 3.706283e+01 4.643730e+01 5.546429e+01 5.007849e+01 5.992085e+01 4.872611e+01 4.902043e+01 4.568811e+01 3.203516e+01 1.179206e+01 3.230429e+00 2.597735e+00 3.358056e+00 3.890581e+00 5.698197e+00 6.634102e+00 5.785409e+00 6.040552e+00 5.402983e+00 4.976089e+00 6.194448e+00 3.878525e+00 1.421301e+00 5.002771e-01 4.797322e-01 5.612046e-01 7.392991e-01 8.333595e-01 9.969939e-01 9.485911e-01 1.109581e+00 9.157628e-01 8.252945e-01 9.414401e-01 7.094686e-01 5.937034e-01
<GCONST> 1.333566e+02
<STATE> 3
<NUMMIXES> 4
<MIXTURE> 1 2.316591e-01
<MEAN> 39
 9.104683e+00 -7.621414e+00 -1.113952e+01 -1.251649e+01 4.106869e+00 1.193413e+01 4.601624e+00 -5.930016e+00 2.095169e+00 1.337070e+00 1.413202e+00 -5.053755e+00 9.879987e+00 -2.681118e-01 -6.853349e-01 -9.882137e-02 9.452160e-01 5.514923e-01 -7.042558e-01 -1.142891e-01 1.888748e-02 3.565730e-01 1.230371e-01 -4.207124e-01 -6.434938e-01 4.026939e-01 3.158346e-02 1.634961e-01 1.082446e-01 2.222860e-01 -2.784297e-01 -3.454410e-01 -2.089386e-01 3.974684e-01 -2.603456e-02 -4.915141e-02 -6.950486e-02 1.012947e-01 -1.408815e-01
<VARIANCE> 39
 7.538007e+00 1.672604e+01 1.946568e+01 3.925219e+01 3.753655e+01 3.701381e+01 4.576662e+01 2.966040e+01 3.502716e+01 3.267171e+01 2.832526e+01 3.682447e+01 1.160667e+01 2.061340e-01 5.838864e-01 5.471086e-01 1.700679e+00 1.117729e+00 1.649388e+00 1.364741e+00 1.464545e+00 1.298580e+00 1.282238e+00 1.147212e+00 1.374449e+00 1.618732e-01 3.756377e-02 8.522104e-02 9.940401e-02 1.888082e-01 1.908436e-01 2.057686e-01 2.422211e-01 2.007524e-01 2.272198e-01 2.308322e-01 2.112670e-01 2.578526e-01 3.330390e-02
<GCONST> 8.706538e+01
<MIXTURE> 2 2.615688e-01
<MEAN> 39
 8.031028e+00 -1.327608e+01 -8.365351e+00 -5.716632e+00 8.824674e+00 8.550572e+00 -4.507785e+00 1.263176e+00 7.702368e-01 6.720618e-01 -5.118334e+00 -1.432844e+00 1.219422e+01 -4.098044e-02 -1.520793e-01 -1.585532e-02 2.499482e-01 1.982103e-02 -1.950766e-01 1.019351e-02 -5.449757e-02 4.431160e-02 -2.519463e-01 -1.756179e-01 8.759943e-02 -5.362611e-04 5.510328e-03 3.883941e-01 2.491395e-02 3.464353e-03 -4.050153e-01 -3.961503e-01 2.210436e-01 -9.553809e-03 -3.681947e-02 -2.311069e-01 6.938988e-02 -3.244606e-02 -2.432418e-01
<VARIANCE> 39
 8.251446e+00 1.672798e+01 2.009431e+01 3.131470e+01 3.353579e+01 4.447906e+01 4.193972e+01 2.913668e+01 3.098658e+01 4.494859e+01 2.306357e+01 2.300120e+01 1.008447e+01 3.487484e-01 8.595477e-01 7.556680e-01 1.513012e+00 1.612130e+00 2.338294e+00 1.746525e+00 2.092594e+00 1.437027e+00 1.657334e+00 1.563059e+00 1.199862e+00 2.699125e-01 5.831742e-02 1.265378e-01 1.314154e-01 2.184611e-01 2.235836e-01 2.490943e-01 2.471091e-01 2.752141e-01 2.562675e-01 2.763000e-01 2.395045e-01 2.164999e-01 5.850378e-02
<GCONST> 9.254667e+01
<MIXTURE> 3 3.232223e-01
<MEAN> 39
 8.795026e+00 -8.944690e+00 -1.105628e+01 -7.482616e+00 6.216231e+00 9.400383e+00 -6.913952e-01 -3.920296e+00 3.665008e+00 -2.324140e+00 -1.061215e+00 -3.217874e+00 1.008546e+01 2.238619e-02 1.313420e-01 -1.066099e-01 6.381490e-02 8.141533e-02 -2.527596e-02 -4.559984e-02 8.406737e-02 -3.414572e-03 -1.460311e-01 7.119206e-02 4.987432e-02 -8.653436e-02 5.821976e-03 6.149246e-02 8.064434e-02 -4.131787e-03 -1.444069e-01 -1.827560e-01 2.771558e-04 1.760731e-01 -6.779943e-02 6.605431e-02 -6.803193e-02 -1.139403e-02 -4.532342e-02
<VARIANCE> 39
 1.059898e+01 2.054949e+01 2.000665e+01 4.739460e+01 4.305884e+01 5.643985e+01 5.520300e+01 3.394313e+01 4.020084e+01 4.150880e+01 3.353231e+01 2.605438e+01 1.288769e+01 1.020015e-01 3.448628e-01 3.671710e-01 5.979792e-01 6.303833e-01 7.806644e-01 7.460995e-01 9.810321e-01 7.442790e-01 8.041176e-01 7.845150e-01 6.307746e-01 7.776345e-02 2.265460e-02 5.190483e-02 6.901772e-02 9.340668e-02 1.205395e-01 1.333870e-01 1.377138e-01 1.770311e-01 1.381969e-01 1.242778e-01 1.363951e-01 1.145685e-01 1.774470e-02
<GCONST> 7.445110e+01
<MIXTURE> 4 1.835497e-01
<MEAN> 39
 1.027916e+01 -1.038552e+01 -1.196522e+01 -5.434955e+00 1.894195e+00 6.077393e+00 8.351974e-01 1.753185e+00 3.138569e-02 2.241261e+00 1.439381e+00 -6.018832e+00 1.048613e+01 4.978719e-01 -2.299763e-01 -1.177284e+00 4.666074e-01 6.386236e-01 5.250900e-01 4.295785e-01 -1.613131e-01 -4.355159e-01 -5.675292e-01 8.126122e-01 1.564453e-01 -2.149156e-01 -1.577391e-01 2.218908e-01 3.270451e-01 1.784513e-01 -1.086391e-01 -5.548881e-01 -3.552749e-01 2.448393e-01 2.793714e-01 -2.112289e-01 -1.946515e-01 3.338348e-01 -1.061899e-01
<VARIANCE> 39
 8.599898e+00 1.685182e+01 2.250274e+01 3.339006e+01 4.154751e+01 4.662526e+01 5.155987e+01 5.666214e+01 4.990453e+01 3.806020e+01 4.713669e+01 3.245762e+01 8.571286e+00 2.805852e-01 6.443238e-01 1.179679e+00 1.924883e+00 1.617781e+00 2.943114e+00 2.823066e+00 3.301465e+00 2.481577e+00 2.461566e+00 1.979404e+00 1.950607e+00 1.930036e-01 7.277603e-02 1.215504e-01 2.269253e-01 2.367937e-01 3.400361e-01 3.363535e-01 5.079777e-01 4.474600e-01 4.332447e-01 3.712741e-01 3.485731e-01 3.340190e-01 4.682945e-02
<GCONST> 1.019325e+02
<STATE> 4
<NUMMIXES> 4
<MIXTURE> 1 2.133649e-01
<MEAN> 39
 1.002472e+01 -6.650881e+00 -1.123710e+01 -9.750126e+00 3.567060e+00 1.275593e+01 -2.171770e+00 -2.589126e+00 3.081928e+00 -2.348979e+00 1.582082e+00 -4.031187e+00 8.360015e+00 6.623943e-02 7.316073e-01 3.193303e-01 5.886266e-02 -5.030323e-01 -9.308179e-01 -1.144306e-01 4.982810e-01 -2.159896e-01 2.239385e-01 -1.643265e-01 3.441365e-02 -5.547888e-01 -1.323591e-01 2.672242e-01 3.527901e-01 2.856174e-01 -1.283270e-01 -6.008108e-01 1.532256e-01 -1.021788e-03 -1.535924e-01 2.145741e-01 -2.443289e-01 1.418047e-01 -2.854693e-01
<VARIANCE> 39
 8.426854e+00 3.320478e+01 2.522170e+01 5.747786e+01 5.505145e+01 3.214082e+01 4.663163e+01 2.793077e+01 3.353902e+01 3.875216e+01 3.351193e+01 3.596519e+01 1.830503e+01 3.566267e-01 1.186250e+00 1.053818e+00 2.695415e+00 1.605454e+00 2.198478e+00 2.633564e+00 1.807983e+00 2.038180e+00 1.748955e+00 2.235568e+00 1.503140e+00 4.291267e-01 8.139941e-02 2.493621e-01 2.446005e-01 3.603992e-01 3.170114e-01 3.088575e-01 3.854456e-01 3.687254e-01 3.236842e-01 3.446833e-01 3.395585e-01 3.182877e-01 1.444946e-01
<GCONST> 1.041017e+02
<MIXTURE> 2 3.122862e-01
<MEAN> 39
 1.147895e+01 -1.191433e+01 -1.415678e+01 -1.021452e+00 3.995882e+00 1.854995e+00 -1.942632e-01 7.903285e+00 -3.084242e+00 4.653193e-01 1.875116e+00 -4.107146e+00 9.754135e+00 1.686103e-01 -7.061800e-02 -4.758613e-01 8.111655e-01 4.203646e-01 -1.489496e+00 -5.929910e-01 1.423283e+00 2.976939e-01 -8.776890e-01 -3.628302e-01 7.283294e-01 -1.329167e-01 -7.254268e-02 1.365457e-01 2.594960e-01 -1.109865e-01 -9.520636e-02 -3.125500e-01 -2.234344e-01 7.671237e-03 2.712399e-01 3.865450e-02 -2.913412e-01 9.075952e-02 -7.643536e-02
<VARIANCE> 39
 6.573682e+00 1.578200e+01 2.450877e+01 2.987408e+01 3.731419e+01 4.895741e+01 3.895935e+01 5.069191e+01 4.956153e+01 2.913052e+01 4.091774e+01 2.770646e+01 7.449605e+00 1.919117e-01 4.317721e-01 9.525201e-01 9.935142e-01 1.420352e+00 1.853204e+00 1.990749e+00 1.772804e+00 1.617221e+00 1.220186e+00 1.267506e+00 1.125110e+00 1.240859e-01 2.866217e-02 7.188230e-02 1.108401e-01 1.442815e-01 1.795234e-01 2.417103e-01 2.894318e-01 2.245856e-01 2.527188e-01 2.453535e-01 2.606277e-01 2.235986e-01 2.103347e-02
<GCONST> 8.728510e+01
<MIXTURE> 3 2.704552e-01
<MEAN> 39
 7.610459e+00 -1.174799e+01 -8.472123e+00 -4.067353e+00 4.489186e+00 3.491525e+00 -2.042876e+00 3.089686e+00 1.005255e+00 -2.936183e+00 -6.198509e+00 -1.429790e+00 1.105322e+01 -2.502577e-03 1.220967e+00 1.053292e+00 2.217216e-01 -1.924942e+00 -1.754870e+00 4.858349e-01 7.363799e-01 -2.216912e-01 -3.883967e-01 -3.926387e-01 4.335665e-01 -1.020023e+00 -1.613932e-01 8.234580e-01 4.864139e-01 3.602459e-01 -2.185693e-01 -1.131865e-01 -1.635398e-02 -4.837224e-01 -4.827508e-02 1.639521e-01 3.731183e-01 -4.131108e-02 -7.882823e-01
<VARIANCE> 39
 9.948824e+00 2.011808e+01 1.944009e+01 2.694406e+01 3.693967e+01 4.428399e+01 4.215357e+01 4.124072e+01 3.718935e+01 5.066414e+01 2.675289e+01 2.980416e+01 1.081309e+01 5.844322e-01 1.324181e+00 1.837829e+00 2.066458e+00 2.321402e+00 2.732652e+00 3.278511e+00 3.325473e+00 3.455991e+00 3.350209e+00 2.364394e+00 2.381704e+00 7.705238e-01 1.739219e-01 2.799224e-01 3.004609e-01 4.211832e-01 4.510786e-01 4.551886e-01 5.477601e-01 6.183987e-01 5.393497e-01 5.671363e-01 4.070202e-01 4.266735e-01 2.676483e-01
<GCONST> 1.119242e+02
<MIXTURE> 4 2.038937e-01
<MEAN> 39
 7.755646e+00 -8.447885e+00 -1.235040e+01 -6.451746e+00 5.578070e+00 3.315374e+00 6.851833e+00 -5.910955e+00 5.958513e+00 -6.203021e-02 -1.121567e+00 -7.126483e+00 1.117420e+01 -5.269275e-02 1.323243e-01 5.229466e-01 1.257739e+00 -8.161954e-01 -1.384851e+00 -7.228649e-01 1.214487e+00 4.625261e-01 -2.539341e-01 -3.868410e-01 -5.801821e-03 -3.646286e-01 2.133040e-02 3.338094e-01 4.934175e-01 1.983618e-01 -4.491815e-01 4.734495e-02 -5.248833e-01 4.579562e-01 -2.681496e-01 1.993196e-03 4.416442e-02 4.323272e-01 -4.938959e-01
<VARIANCE> 39
 8.726201e+00 1.814069e+01 2.115964e+01 3.817255e+01 3.059697e+01 3.708913e+01 4.053996e+01 3.468538e+01 3.756187e+01 3.602168e+01 3.217532e+01 3.091259e+01 1.318587e+01 3.997043e-01 8.596807e-01 1.473911e+00 2.452823e+00 2.472774e+00 2.467759e+00 2.515831e+00 2.917760e+00 2.313457e+00 2.390303e+00 2.646316e+00 2.056223e+00 4.687445e-01 1.242375e-01 1.705669e-01 2.255097e-01 3.163420e-01 3.288653e-01 3.063057e-01 4.058142e-01 4.648088e-01 4.402853e-01 4.269266e-01 4.213531e-01 4.080894e-01 1.201639e-01
<GCONST> 1.050671e+02
<STATE> 5
<NUMMIXES> 4
<MIXTURE> 1 2.610245e-01
<MEAN> 39
 9.682255e+00 -6.252937e+00 -9.521452e+00 -6.575575e+00 9.297044e-01 5.891454e+00 1.362938e-01 -2.367113e+00 3.145673e+00 1.430309e+00 5.792179e-01 -5.963474e+00 7.268171e+00 -6.075660e-01 2.405932e+00 1.664991e+00 2.339185e+00 -5.784863e-01 -1.831382e+00 -5.122638e-01 -1.096580e-01 -7.641304e-01 5.531415e-01 -1.158326e-01 6.256295e-01 -2.918146e+00 -7.192914e-01 4.131840e-01 5.546652e-01 5.874051e-01 4.118005e-01 -1.098859e-01 7.998820e-02 -1.316110e-01 -2.656818e-01 -1.916240e-01 -1.742558e-01 4.177768e-01 -6.482821e-01
<VARIANCE> 39
 1.159589e+01 3.100209e+01 2.499327e+01 4.742667e+01 3.936253e+01 4.948729e+01 5.481971e+01 3.940868e+01 4.969251e+01 4.424860e+01 3.707409e+01 3.332568e+01 2.228980e+01 1.970692e+00 3.579548e+00 3.630995e+00 4.555654e+00 4.306069e+00 4.228114e+00 5.639573e+00 5.834934e+00 5.147339e+00 4.278321e+00 4.688137e+00 3.873434e+00 3.736474e+00 4.486174e-01 5.022458e-01 4.502467e-01 7.944173e-01 5.218958e-01 6.567842e-01 7.347550e-01 7.235345e-01 7.270285e-01 6.635654e-01 5.928370e-01 5.453618e-01 6.387298e-01
<GCONST> 1.297484e+02
<MIXTURE> 2 2.574610e-01
<MEAN> 39
 1.253912e+01 -9.508570e+00 -1.630386e+01 -2.235630e+00 5.347766e+00 -4.040602e-01 -5.941727e+00 8.729841e+00 4.140155e+00 -2.425555e+00 1.652027e+00 -3.702497e-01 8.896443e+00 7.481774e-02 2.541178e-01 9.848775e-03 4.666260e-01 5.253863e-01 -1.369846e+00 -1.753621e+00 6.190018e-01 9.048623e-01 1.589591e-01 -8.124107e-01 1.600279e-01 -3.454634e-01 -1.173760e-01 1.423564e-01 4.121687e-01 5.572458e-03 -2.258769e-01 -1.096624e-01 -1.448032e-02 -2.680748e-01 -1.682329e-01 2.068398e-01 -1.436699e-02 -8.546196e-02 -1.456127e-01
<VARIANCE> 39
 8.687111e+00 2.008286e+01 2.936413e+01 3.856425e+01 3.972970e+01 5.373814e+01 6.287344e+01 6.079426e+01 6.281912e+01 3.409872e+01 3.810534e+01 2.989571e+01 9.387638e+00 2.487453e-01 5.629704e-01 1.499693e+00 1.090540e+00 1.934340e+00 2.228178e+00 2.896722e+00 2.214499e+00 2.207695e+00 1.807911e+00 1.709879e+00 1.773140e+00 2.088952e-01 4.384515e-02 1.087947e-01 1.735895e-01 1.967240e-01 2.502162e-01 3.080995e-01 3.886715e-01 3.506242e-01 3.389859e-01 3.487028e-01 2.835361e-01 2.640095e-01 5.491063e-02
<GCONST> 9.859807e+01
<MIXTURE> 3 2.581292e-01
<MEAN> 39
 7.227395e-01 2.081047e+00 3.252503e-01 3.462475e+00 2.585021e+00 8.329520e-01 1.291765e+00 -3.814890e-01 1.436582e+00 -1.378095e+00 -1.982192e+00 -1.275990e+00 -1.150908e+00 -4.289594e+00 2.339435e+00 2.436046e+00 2.306461e+00 7.244309e-01 1.512289e-01 2.327139e-01 -3.476095e-01 -1.414966e-01 3.206797e-01 1.262883e+00 8.658794e-01 -3.056144e+00 -2.441653e-01 -8.694416e-01 -6.387017e-01 -6.268964e-01 1.473834e-01 3.801149e-01 2.703864e-02 5.137831e-02 1.716462e-01 1.964628e-01 1.202375e-01 -2.706430e-02 7.164820e-01
<VARIANCE> 39
 5.450090e+01 2.959029e+01 3.728499e+01 3.571549e+01 4.546744e+01 4.623016e+01 5.164753e+01 6.024426e+01 4.851463e+01 4.949634e+01 3.511808e+01 2.582574e+01 4.737669e+01 6.138152e+00 4.265687e+00 3.950656e+00 5.614902e+00 5.168162e+00 6.456083e+00 5.300190e+00 6.811060e+00 6.689836e+00 6.153627e+00 5.276826e+00 3.762131e+00 9.256729e+00 8.024822e-01 5.214088e-01 5.003930e-01 7.205055e-01 7.608838e-01 7.706505e-01 9.248597e-01 1.095481e+00 9.181882e-01 8.658779e-01 7.224860e-01 5.483612e-01 6.906881e-01
<GCONST> 1.388546e+02
<MIXTURE> 4 2.233853e-01
<MEAN> 39
 7.989048e+00 -7.208866e+00 -5.599177e+00 -1.830673e+00 2.102856e-01 -2.874489e+00 -9.241338e-01 4.225958e+00 1.064613e+00 -2.819185e+00 -6.957359e+00 -3.278936e-01 7.166306e+00 -1.616489e+00 3.001050e+00 2.713745e+00 1.963145e+00 -9.375040e-01 -1.319499e+00 6.545109e-02 -3.994250e-01 -2.091228e-01 -4.993395e-01 3.369139e-01 7.667974e-01 -2.903147e+00 -9.914168e-01 3.692845e-01 3.167841e-01 2.628207e-01 5.247232e-01 8.606247e-01 1.469277e-01 -6.218297e-01 2.569519e-02 2.783537e-01 7.787961e-01 -1.732208e-01 -4.883993e-01
<VARIANCE> 39
 1.053646e+01 2.291777e+01 3.179773e+01 3.233599e+01 4.235418e+01 5.283086e+01 4.701283e+01 4.808738e+01 5.226225e+01 5.382610e+01 2.831901e+01 2.720755e+01 1.536877e+01 3.104968e+00 3.583697e+00 2.902613e+00 4.136238e+00 4.756429e+00 5.118165e+00 5.412951e+00 7.016449e+00 4.781360e+00 5.359907e+00 4.324538e+00 4.011435e+00 4.012507e+00 5.538377e-01 4.514514e-01 4.750088e-01 6.678426e-01 8.216904e-01 7.314584e-01 9.209741e-01 9.739053e-01 9.992986e-01 1.034865e+00 5.815853e-01 5.365291e-01 6.425860e-01
<GCONST> 1.313427e+02
<TRANSP> 6
 0.000000e+00 1.000000e+00 0.000000e+00 0.000000e+00 0.000000e+00 0.000000e+00
 0.000000e+00 6.736888e-01 3.263112e-01 0.000000e+00 0.000000e+00 0.000000e+00
 0.000000e+00 0.000000e+00 7.902088e-01 2.097912e-01 0.000000e+00 0.000000e+00
 0.000000e+00 0.000000e+00 0.000000e+00 6.087872e-01 3.912129e-01 0.000000e+00
 0.000000e+00 0.000000e+00 0.000000e+00 0.000000e+00 6.688196e-01 3.311804e-01
 0.000000e+00 0.000000e+00 0.000000e+00 0.000000e+00 0.000000e+00 0.000000e+00
<ENDHMM>
