~o
<STREAMINFO> 1 39
<VECSIZE> 39<NULLD><MFCC_D_A_Z_0><DIAGC>
~h "ah"
<BEGINHMM>
<NUMSTATES> 6
<STATE> 2
<NUMMIXES> 4
<MIXTURE> 1 2.125341e-01
<MEAN> 39
 5.976667e+00 -4.456216e+00 -1.593577e+00 -5.684252e+00 -2.323358e+00 -6.922871e+00 -3.376497e+00 2.538576e+00 2.746679e+00 -8.627387e-01 -5.981463e+00 8.817897e-01 9.789006e+00 2.753708e+00 -2.816887e+00 -8.844240e-01 -2.119768e+00 -4.640113e-01 -1.572297e-01 -7.559852e-01 1.296657e+00 5.105491e-01 3.158146e-01 -1.715374e+00 -4.685590e-01 1.804796e+00 -1.143211e+00 2.650702e-01 -1.105511e-01 6.713905e-01 6.487185e-01 1.090108e+00 5.674176e-01 -2.480104e-02 6.091711e-02 8.843534e-02 6.795703e-01 -1.171704e-01 -6.806604e-01
<VARIANCE> 39
 1.079062e+01 2.724337e+01 4.114347e+01 3.444769e+01 5.114676e+01 3.143045e+01 4.609996e+01 3.508119e+01 3.687471e+01 4.869746e+01 4.062878e+01 2.407019e+01 1.530919e+01 3.606815e+00 3.182941e+00 3.051011e+00 4.145961e+00 5.646968e+00 5.551651e+00 6.351831e+00 4.203343e+00 4.930678e+00 4.189011e+00 4.259919e+00 3.602674e+00 1.642570e+00 5.178120e-01 5.506524e-01 4.648449e-01 8.165398e-01 7.921853e-01 5.982849e-01 7.422447e-01 7.153091e-01 6.935644e-01 7.643371e-01 8.649234e-01 5.165665e-01 6.353586e-01
<GCONST> 1.289612e+02
<MIXTURE> 2 2.269365e-01
<MEAN> 39
 9.376287e+00 -6.862677e+00 -5.374326e+00 -5.961122e+00 -2.492303e+00 3.308581e+00 -7.172182e+00 -6.410460e-01 4.632357e+00 2.868823e+00 1.015111e+00 -6.671989e+00 1.033854e+01 1.247362e+00 -2.069935e+00 -7.326185e-01 -1.799756e+00 -8.602327e-01 1.337288e+00 -6.235602e-01 7.653016e-01 1.241711e+00 1.078715e-01 7.548564e-02 -1.196613e+00 1.780364e+00 -9.997928e-01 5.869939e-01 2.479993e-01 4.959506e-01 6.255151e-01 -2.497584e-01 7.726109e-01 -6.735655e-02 -4.060469e-01 -1.954243e-01 -2.730539e-01 6.900580e-01 -7.100230e-01
<VARIANCE> 39
 1.361134e+01 1.984460e+01 3.718983e+01 3.779713e+01 4.597958e+01 3.981247e+01 5.417171e+01 5.198762e+01 4.705780e+01 4.623808e+01 4.067162e+01 2.422374e+01 1.276856e+01 3.134385e+00 2.301095e+00 3.027930e+00 3.644477e+00 4.418574e+00 4.506403e+00 5.764205e+00 6.786470e+00 4.815556e+00 4.000427e+00 4.475249e+00 3.514319e+00 1.324670e+00 6.311433e-01 3.991418e-01 5.394139e-01 7.078805e-01 7.149003e-01 6.886945e-01 1.030572e+00 1.027294e+00 7.977841e-01 7.560701e-01 6.437603e-01 4.864257e-01 3.175700e-01
<GCONST> 1.283279e+02
<MIXTURE> 3 3.207474e-01
<MEAN> 39
 6.691726e+00 -8.894616e+00 -2.420751e+00 -6.336092e+00 -4.108273e-01 -2.900212e+00 -1.387585e+00 6.662104e+00 8.747502e-01 -1.203489e+00 -5.739297e+00 1.467827e-01 1.081306e+01 7.850043e-02 -1.283142e+00 -7.818046e-01 -4.168279e-01 1.122159e+00 8.425506e-01 6.147032e-01 8.926921e-01 3.998349e-01 -7.102926e-01 -5.329530e-01 4.893913e-02 9.154522e-01 -2.962922e-01 6.785399e-01 1.447250e-01 4.971798e-01 2.667054e-02 1.395585e-01 -9.325756e-02 -7.411935e-01 -4.605955e-02 4.116660e-02 3.857112e-01 -4.825012e-02 -5.986167e-01
<VARIANCE> 39
 1.223715e+01 1.699817e+01 3.617269e+01 2.492355e+01 6.007260e+01 3.660334e+01 5.804182e+01 3.661996e+01 4.052746e+01 3.991963e+01 3.758203e+01 2.604016e+01 1.296183e+01 6.686509e-01 1.457872e+00 2.782763e+00 1.936174e+00 3.001333e+00 2.726046e+00 2.777767e+00 3.954306e+00 2.893071e+00 3.563426e+00 2.455928e+00 2.664665e+00 8.389236e-01 2.311620e-01 2.643266e-01 2.986927e-01 4.628707e-01 5.600551e-01 5.022311e-01 6.963760e-01 6.228477e-01 5.795771e-01 5.603883e-01 6.379390e-01 3.923322e-01 2.052235e-01
<GCONST> 1.152354e+02
<MIXTURE> 4 2.397820e-01
<MEAN> 39
 9.478884e+00 -2.989306e+00 -8.222298e+00 -1.141675e+01 -1.269182e-01 9.269015e+00 -1.149997e+00 -4.683443e+00 5.741478e-01 1.944040e+00 3.125073e+00 -2.028450e+00 7.852129e+00 -3.207437e-01 -1.374704e+00 -3.026500e-01 4.125306e-01 1.047493e+00 -2.408118e-01 -1.147876e+00 3.947492e-01 1.724478e+00 8.251939e-01 -6.753474e-01 -1.030077e+00 1.123441e+00 -1.856690e-01 2.723912e-01 5.180854e-01 5.976611e-01 -1.228859e-01 -7.671901e-01 -6.097873e-02 2.962751e-01 -9.331793e-02 -2.216286e-01 -4.039401e-01 -1.053282e-01 -3.718798e-01
<VARIANCE> 39
 1.023406e+01 1.831764e+01 2.261205e+01 4.581350e+01 5.145930e+01 4.208656e+01 5.441199e+01 3.636927e+01 4.960300e+01 6.285651e+01 4.133866e+01 3.453243e+01 1.183562e+01 5.136685e-01 1.371221e+00 1.839758e+00 3.785124e+00 2.321963e+00 4.369773e+00 3.204914e+00 3.924770e+00 4.209170e+00 5.007297e+00 3.262749e+00 3.258053e+00 6.625525e-01 1.228523e-01 2.061867e-01 2.640357e-01 4.550197e-01 5.419537e-01 4.617961e-01 5.404214e-01 5.734039e-01 7.590140e-01 7.717261e-01 5.130482e-01 6.499025e-01 9.484111e-02
<GCONST> 1.160036e+02
<STATE> 3
<NUMMIXES> 4
<MIXTURE> 1 2.848008e-01
<MEAN> 39
 7.758906e+00 -7.837502e+00 -6.220986e+00 -6.085644e+00 -1.118482e-01 3.222914e+00 -4.627177e+00 6.360512e-01 8.219452e+00 4.467264e-03 -1.795109e+00 -7.113533e+00 1.110638e+01 6.849603e-03 8.366665e-02 -6.636776e-02 -4.643959e-02 2.723252e-01 3.434208e-02 -8.510779e-02 1.886607e-02 5.812009e-02 -3.504369e-03 -2.220640e-01 -1.469340e-01 -1.094398e-01 -5.018682e-02 4.324889e-01 3.252150e-01 2.204935e-01 -9.958084e-02 -3.122410e-01 1.033867e-02 -1.320822e-01 -5.852221e-01 1.192508e-01 1.203885e-01 4.552604e-01 -4.506933e-01
<VARIANCE> 39
 9.520312e+00 1.627949e+01 2.167544e+01 2.994971e+01 3.897844e+01 4.535775e+01 4.448158e+01 3.872086e+01 3.235203e+01 5.029792e+01 3.336467e+01 1.948436e+01 1.373473e+01 4.341555e-01 7.910961e-01 1.332031e+00 1.781674e+00 1.829052e+00 3.501109e+00 2.021199e+00 2.557228e+00 1.678238e+00 1.688359e+00 2.123943e+00 1.699149e+00 3.331399e-01 9.403071e-02 1.546468e-01 2.151401e-01 2.504689e-01 3.347889e-01 3.877587e-01 4.774844e-01 4.131307e-01 3.898728e-01 3.715480e-01 3.344859e-01 2.595445e-01 1.031175e-01
<GCONST> 1.016734e+02
<MIXTURE> 2 2.651254e-01
<MEAN> 39
 5.938005e+00 -9.941260e+00 -4.082930e+00 -5.524157e+00 2.866344e+00 -1.248303e+00 -1.026492e+00 6.666082e+00 8.399168e-01 -5.447410e+00 -6.889185e+00 2.441837e+00 1.146734e+01 6.659328e-02 2.461097e-01 -8.772616e-03 1.299526e-01 -8.508718e-02 -1.742766e-01 -1.479678e-01 -6.426913e-02 1.463592e-01 -3.575492e-01 4.384886e-02 3.587812e-02 -2.913403e-01 4.750408e-02 5.889165e-01 2.195252e-01 1.348674e-01 -4.004351e-01 -2.114955e-01 -1.707375e-01 -4.654495e-01 -9.307261e-02 3.894614e-01 2.279775e-01 -2.788678e-01 -5.136261e-01
<VARIANCE> 39
 8.339872e+00 1.390392e+01 2.065639e+01 2.704935e+01 3.812436e+01 3.005618e+01 5.202924e+01 2.824661e+01 3.653562e+01 3.372448e+01 2.279630e+01 1.624908e+01 1.298843e+01 4.151959e-01 8.580211e-01 1.590055e+00 1.112841e+00 2.783610e+00 2.143588e+00 3.147325e+00 1.740853e+00 2.465197e+00 2.141495e+00 1.723492e+00 2.132521e+00 3.792953e-01 7.428990e-02 1.582070e-01 1.766163e-01 2.695452e-01 2.654721e-01 2.964766e-01 4.538838e-01 4.462571e-01 3.839624e-01 3.735972e-01 3.019980e-01 2.913422e-01 8.866969e-02
<GCONST> 9.928727e+01
<MIXTURE> 3 2.567634e-01
<MEAN> 39
 7.947642e+00 -7.261546e+00 -6.745579e+00 -6.504014e+00 2.988118e+00 2.987114e+00 -3.886070e+00 2.404158e+00 3.970706e+00 -7.200255e-01 -3.318501e+00 -2.611640e+00 9.153176e+00 -2.194820e-02 1.639798e-01 -7.620025e-02 8.866519e-02 7.753958e-02 -1.259329e-01 9.125213e-02 -3.374565e-02 1.266869e-02 -1.852435e-03 -7.757896e-02 7.119349e-02 -1.648059e-01 -1.402606e-02 1.172507e-01 1.057112e-01 3.909698e-02 -1.239184e-01 -1.878251e-01 -1.458793e-02 -3.576249e-02 -7.519828e-02 3.252396e-02 3.802558e-02 2.957676e-02 -1.080728e-01
<VARIANCE> 39
 1.094411e+01 1.726300e+01 2.538831e+01 3.947210e+01 4.675406e+01 5.768684e+01 4.680333e+01 4.196730e+01 3.290756e+01 4.299958e+01 3.785727e+01 3.687380e+01 1.191007e+01 1.545042e-01 3.739926e-01 5.473871e-01 7.539129e-01 7.707705e-01 1.043912e+00 8.954107e-01 9.229408e-01 9.440801e-01 9.566559e-01 9.838840e-01 8.132170e-01 1.265228e-01 2.577551e-02 5.708828e-02 7.637732e-02 1.077967e-01 1.247772e-01 1.659758e-01 1.647535e-01 1.449543e-01 1.581416e-01 1.468282e-01 1.635533e-01 1.386837e-01 2.383414e-02
<GCONST> 7.953004e+01
<MIXTURE> 4 1.933104e-01
<MEAN> 39
 8.538361e+00 -9.350849e+00 -4.251068e+00 -8.063313e+00 -2.739930e-01 2.350399e+00 -6.081916e+00 3.282598e+00 3.277522e+00 4.098150e+00 -3.901726e+00 -5.562628e+00 1.152610e+01 -1.606862e-01 4.199784e-02 5.319766e-01 3.852478e-01 -1.334271e-01 -6.207170e-01 -1.204465e-01 2.515958e-01 1.056165e-01 -1.297505e-01 -3.675553e-01 2.124551e-01 -1.130168e-01 -3.731357e-01 1.123644e+00 2.155440e-01 7.229913e-01 6.929573e-02 -2.702641e-01 4.006763e-01 -6.497871e-01 -4.086134e-01 -3.735480e-01 3.826388e-01 4.993936e-01 -9.947053e-01
<VARIANCE> 39
 1.067967e+01 1.760410e+01 2.818893e+01 3.100376e+01 3.797070e+01 6.035997e+01 4.545493e+01 4.549411e+01 4.268372e+01 4.628598e+01 4.734588e+01 3.218502e+01 1.177863e+01 9.503418e-01 1.494897e+00 2.112310e+00 2.853256e+00 2.811274e+00 4.881720e+00 3.198233e+00 4.334730e+00 2.834069e+00 3.978496e+00 3.884184e+00 3.017733e+00 8.224848e-01 3.554738e-01 2.501221e-01 3.603465e-01 5.839349e-01 6.850247e-01 8.497239e-01 7.564625e-01 7.901081e-01 8.418521e-01 6.862283e-01 7.236291e-01 5.830821e-01 3.252611e-01
<GCONST> 1.209571e+02
<STATE> 4
<NUMMIXES> 4
<MIXTURE> 1 2.436076e-01
<MEAN> 39
 6.211509e+00 -7.829247e+00 -1.570309e+00 -7.467587e+00 -1.011064e+00 -7.512345e+00 1.132916e+00 5.270200e+00 2.431198e+00 -1.820316e+00 -7.716646e+00 2.271490e+00 1.056699e+01 9.243856e-02 2.142391e+00 9.311774e-01 1.401169e+00 -9.282988e-01 -6.686408e-01 -1.021140e+00 -1.289388e+00 -1.250598e-01 3.619451e-01 7.862698e-01 4.584746e-02 -2.186808e+00 -3.419021e-01 9.493616e-01 1.713783e-01 9.947399e-01 2.314376e-01 6.585627e-01 -4.212805e-01 -7.330207e-01 -2.544111e-01 -2.389898e-02 4.484003e-01 -3.889758e-01 -1.168764e+00
<VARIANCE> 39
 9.634078e+00 1.568751e+01 2.517279e+01 2.096697e+01 3.291636e+01 3.391548e+01 3.153065e+01 2.325702e+01 4.323275e+01 4.810550e+01 2.330122e+01 2.227920e+01 1.227895e+01 8.050128e-01 1.645985e+00 2.243876e+00 2.492759e+00 2.482108e+00 2.680192e+00 3.633507e+00 3.535666e+00 3.721610e+00 3.970586e+00 2.600569e+00 3.175925e+00 2.019825e+00 3.175524e-01 3.147783e-01 3.885189e-01 4.152663e-01 5.305236e-01 6.517753e-01 5.341306e-01 5.358114e-01 5.417668e-01 7.065600e-01 6.104324e-01 3.908657e-01 4.654941e-01
<GCONST> 1.153399e+02
<MIXTURE> 2 2.584844e-01
<MEAN> 39
 7.863619e+00 -4.386953e+00 -6.559206e+00 -4.989864e+00 1.349689e+00 -1.711716e+00 -2.468531e+00 -2.383105e+00 7.716956e+00 1.868760e+00 -3.662188e+00 -5.529994e+00 8.581746e+00 -3.141002e-01 1.796883e+00 9.894357e-01 1.322086e+00 -8.115969e-02 -5.846049e-01 -3.854326e-01 -9.987189e-01 -1.414328e+00 5.393782e-01 3.539225e-01 3.299738e-01 -1.931937e+00 -4.502881e-01 4.888093e-01 5.455015e-01 4.940308e-01 -1.057457e-02 3.218331e-01 9.711781e-02 -5.315704e-02 -8.785651e-01 -1.778071e-01 2.591988e-01 3.950537e-01 -7.045575e-01
<VARIANCE> 39
 9.969138e+00 1.546498e+01 2.160059e+01 2.891615e+01 2.793102e+01 3.606256e+01 3.824554e+01 2.997991e+01 4.388975e+01 6.601415e+01 3.284795e+01 2.421471e+01 1.827299e+01 1.265824e+00 1.402273e+00 2.447272e+00 2.478846e+00 2.581168e+00 4.109287e+00 3.882853e+00 5.059358e+00 4.040173e+00 3.396991e+00 3.919133e+00 3.391586e+00 9.702013e-01 3.955843e-01 2.912037e-01 3.316577e-01 5.425583e-01 3.839882e-01 5.601910e-01 6.032074e-01 5.777851e-01 7.203244e-01 7.563024e-01 4.657964e-01 4.544246e-01 3.219783e-01
<GCONST> 1.177995e+02
<MIXTURE> 3 2.682473e-01
<MEAN> 39
 7.863997e+00 -7.898212e+00 -1.772135e+00 -5.050238e+00 -1.943440e+00 6.789803e-01 -1.031314e+01 6.431433e+00 6.494053e-01 -1.913672e+00 -2.999167e+00 -3.386975e+00 9.179987e+00 -1.534577e-01 2.392748e+00 1.183493e+00 1.520615e+00 -4.760537e-01 -1.504016e+00 1.039602e+00 -2.169213e+00 -1.495815e+00 5.184894e-01 -2.472112e-01 5.161998e-01 -2.422516e+00 -4.048146e-01 8.707801e-01 7.526658e-02 5.368636e-01 2.154745e-01 -1.089805e-01 9.366701e-01 -1.198387e+00 -2.645817e-01 1.477181e-01 -1.089608e-01 1.931596e-01 -7.358950e-01
<VARIANCE> 39
 9.025538e+00 1.546186e+01 2.813344e+01 2.789075e+01 4.891503e+01 3.847527e+01 2.639964e+01 3.671486e+01 4.601035e+01 7.078514e+01 4.610624e+01 3.806543e+01 1.174632e+01 9.361730e-01 1.870250e+00 2.282705e+00 2.798157e+00 4.858083e+00 3.700303e+00 4.242963e+00 6.225374e+00 5.566730e+00 4.874615e+00 4.590634e+00 3.582490e+00 1.414114e+00 3.889375e-01 3.693104e-01 4.077856e-01 5.100766e-01 8.615523e-01 6.615319e-01 5.022744e-01 8.083050e-01 7.778494e-01 1.021487e+00 7.230759e-01 5.429244e-01 3.842091e-01
<GCONST> 1.236488e+02
<MIXTURE> 4 2.296606e-01
<MEAN> 39
 9.937464e+00 -5.065557e+00 -8.408709e+00 -9.679968e+00 8.423029e-01 9.016684e+00 -3.696837e+00 -2.582518e+00 1.688722e+00 1.024876e+00 1.950308e+00 -2.760917e+00 7.889261e+00 1.875895e-01 1.482419e+00 2.319678e-01 -7.866868e-02 -3.023369e-01 -3.614158e-01 4.550756e-01 -4.954149e-01 -1.264454e+00 -1.623870e-01 6.235211e-01 6.328828e-01 -1.219200e+00 -2.141679e-01 3.661981e-01 4.101370e-01 4.721521e-01 -4.997516e-02 -5.604861e-01 1.339434e-01 -1.568250e-02 -2.825434e-01 -4.162200e-02 -2.651760e-01 4.994426e-02 -3.673199e-01
<VARIANCE> 39
 1.225628e+01 2.226611e+01 2.108016e+01 7.062408e+01 4.339713e+01 3.478918e+01 5.137910e+01 4.049366e+01 4.283876e+01 5.076572e+01 3.684270e+01 3.657070e+01 1.387981e+01 4.608106e-01 8.342564e-01 1.340828e+00 2.316278e+00 2.005346e+00 2.972232e+00 2.924136e+00 2.423794e+00 3.092118e+00 2.813284e+00 2.214455e+00 2.311625e+00 4.825000e-01 9.595691e-02 2.144691e-01 2.865336e-01 3.608052e-01 3.780060e-01 3.921732e-01 5.063727e-01 4.495080e-01 4.924711e-01 4.696006e-01 3.856428e-01 4.411741e-01 1.297232e-01
<GCONST> 1.092418e+02
<STATE> 5
<NUMMIXES> 4
<MIXTURE> 1 2.295673e-01
<MEAN> 39
 6.681195e+00 -1.827814e+00 2.132060e-01 -2.067661e+00 -2.361503e+00 -7.689341e+00 -4.565372e+00 1.818764e+00 2.742924e+00 -4.051090e-01 -5.912407e+00 1.233521e+00 4.793916e+00 -2.287103e+00 3.805832e+00 1.194541e+00 3.083365e+00 1.017800e+00 9.178805e-01 -4.625287e-02 -1.748626e+00 -9.160008e-01 -8.893730e-01 1.081013e+00 -2.550850e-01 -3.850231e+00 -1.076667e+00 1.055091e-01 -1.594329e-01 2.555092e-01 5.800416e-01 1.008112e+00 6.204334e-01 -9.799195e-03 -6.568936e-02 -1.499025e-03 4.979418e-01 -2.618536e-01 -3.177545e-01
<VARIANCE> 39
 1.016854e+01 2.316520e+01 3.061816e+01 2.603650e+01 3.466446e+01 3.474076e+01 4.787562e+01 3.942054e+01 4.799263e+01 5.813123e+01 3.493272e+01 3.409121e+01 2.351612e+01 3.263360e+00 3.143504e+00 3.440639e+00 4.250780e+00 4.545350e+00 5.533459e+00 6.653628e+00 5.783236e+00 4.926737e+00 5.108607e+00 4.814676e+00 4.322216e+00 6.333775e+00 4.112173e-01 4.813144e-01 3.783206e-01 6.118144e-01 6.718072e-01 7.226614e-01 7.503735e-01 8.673890e-01 8.591563e-01 9.333503e-01 8.300169e-01 6.739644e-01 6.780647e-01
<GCONST> 1.311981e+02
<MIXTURE> 2 3.004808e-01
<MEAN> 39
 -6.106031e-01 6.159522e+00 8.615769e-01 3.795726e+00 3.568841e+00 -9.952723e-01 -9.732537e-01 -1.818531e+00 1.047599e+00 -1.209370e+00 -1.778293e+00 -1.359465e+00 -1.840896e+00 -4.569031e+00 2.312794e+00 8.816394e-01 2.604943e+00 1.568805e+00 1.373534e+00 1.627236e+00 -2.558403e-01 -5.489799e-01 -3.049031e-01 1.073815e+00 5.723395e-01 -3.091948e+00 -1.712911e-01 -1.109594e+00 -4.463162e-01 -7.486247e-01 -2.435062e-01 2.177561e-01 8.095258e-02 5.289469e-01 2.653994e-01 3.275749e-01 6.533232e-02 4.997931e-02 7.932797e-01
<VARIANCE> 39
 5.086833e+01 2.970924e+01 3.034243e+01 3.144764e+01 3.477167e+01 4.287274e+01 4.474681e+01 4.546106e+01 4.176896e+01 4.082170e+01 2.519502e+01 2.434650e+01 6.194215e+01 5.002364e+00 3.943812e+00 3.873091e+00 4.935094e+00 4.465221e+00 6.035729e+00 5.583573e+00 5.284796e+00 5.353139e+00 5.886801e+00 5.958584e+00 4.398341e+00 8.031225e+00 7.069640e-01 4.486120e-01 4.462746e-01 6.055510e-01 6.100083e-01 7.090931e-01 8.973083e-01 8.625630e-01 8.322643e-01 6.992060e-01 5.534124e-01 5.333837e-01 8.242921e-01
<GCONST> 1.346754e+02
<MIXTURE> 3 2.816506e-01
<MEAN> 39
 7.035258e+00 -3.511372e-01 -9.227108e-01 -4.481767e-01 -1.180300e+00 -1.904657e+00 -2.391349e+00 -3.403142e+00 -3.237885e+00 2.825814e-01 -2.838320e+00 -1.518468e+00 2.158860e+00 -3.905177e-01 2.143925e+00 1.582805e+00 1.882371e+00 -8.618737e-01 -9.356909e-01 9.985155e-01 -2.492067e+00 -1.936502e+00 8.119850e-01 -3.207268e-01 2.292312e-01 -2.262927e+00 -1.001344e-01 -3.089574e-01 -1.567117e-01 -2.899621e-01 1.314909e-01 2.805885e-01 -1.101050e-01 2.587895e-01 3.199749e-01 -2.209360e-01 -1.915899e-02 -3.251989e-02 3.645392e-01
<VARIANCE> 39
 1.078852e+01 2.015767e+01 3.398274e+01 4.143470e+01 3.919011e+01 4.545914e+01 4.538799e+01 5.909590e+01 5.653992e+01 4.829342e+01 4.819856e+01 3.869172e+01 1.388602e+01 8.082992e-01 2.166657e+00 2.947192e+00 3.122656e+00 3.649326e+00 4.514686e+00 5.066938e+00 6.849133e+00 6.640927e+00 4.899802e+00 4.072414e+00 3.640737e+00 1.027148e+00 9.932566e-02 2.555866e-01 3.509192e-01 4.332279e-01 4.027175e-01 4.762385e-01 5.363467e-01 7.699701e-01 6.337941e-01 6.480719e-01 5.860967e-01 4.861461e-01 1.950651e-01
<GCONST> 1.212246e+02
<MIXTURE> 4 1.883013e-01
<MEAN> 39
 1.067924e+01 -1.653590e+00 -6.121805e+00 -7.122682e+00 -7.702851e-02 4.266222e+00 -3.892025e+00 -5.498686e+00 5.483568e-01 4.578549e+00 2.540413e+00 -3.821931e+00 3.953208e+00 -1.482126e+00 3.508052e+00 1.554391e+00 2.832355e+00 1.029637e+00 -4.332645e-01 6.322365e-01 -1.283149e+00 -1.771221e+00 -1.450733e+00 2.782221e-01 1.159134e+00 -4.280219e+00 -9.930260e-01 1.225900e-01 4.414219e-01 6.729067e-01 3.123328e-01 -7.830182e-02 3.985676e-01 5.202178e-01 7.047869e-02 -4.792364e-01 -5.236689e-01 1.332836e-01 -4.013093e-01
<VARIANCE> 39
 1.098620e+01 2.235453e+01 2.524751e+01 4.686839e+01 3.592667e+01 4.170986e+01 3.992277e+01 3.032273e+01 3.985682e+01 4.543023e+01 4.730403e+01 3.440250e+01 2.801932e+01 3.372210e+00 2.701349e+00 3.543973e+00 5.675509e+00 4.274032e+00 4.166528e+00 4.785819e+00 5.454545e+00 5.748762e+00 5.096577e+00 5.192809e+00 3.945396e+00 5.157834e+00 4.480171e-01 4.440760e-01 3.481771e-01 5.796837e-01 4.993964e-01 5.344279e-01 5.198096e-01 5.230635e-01 6.526656e-01 7.639800e-01 6.938894e-01 6.647159e-01 5.929959e-01
<GCONST> 1.284569e+02
<TRANSP> 6
 0.000000e+00 1.000000e+00 0.000000e+00 0.000000e+00 0.000000e+00 0.000000e+00
 0.000000e+00 5.624757e-01 4.375243e-01 0.000000e+00 0.000000e+00 0.000000e+00
 0.000000e+00 0.000000e+00 7.235612e-01 2.764388e-01 0.000000e+00 0.000000e+00
 0.000000e+00 0.000000e+00 0.000000e+00 4.774523e-01 5.225477e-01 0.000000e+00
 0.000000e+00 0.000000e+00 0.000000e+00 0.000000e+00 5.496795e-01 4.503205e-01
 0.000000e+00 0.000000e+00 0.000000e+00 0.000000e+00 0.000000e+00 0.000000e+00
<ENDHMM>
