~o
<STREAMINFO> 1 39
<VECSIZE> 39<NULLD><MFCC_D_A_Z_0><DIAGC>
~h "ao"
<BEGINHMM>
<NUMSTATES> 6
<STATE> 2
<NUMMIXES> 4
<MIXTURE> 1 3.083680e-01
<MEAN> 39
 1.054790e+01 -1.085260e+00 -8.714494e+00 -1.823132e+01 -4.317042e+00 1.348713e+01 6.172187e+00 -2.116494e+00 -8.359839e-01 6.890917e-01 1.700094e+00 -3.098124e-02 4.998271e+00 -2.106343e-01 -1.074186e+00 -2.115517e-01 -1.092184e-01 9.983215e-01 8.512873e-01 1.042341e-01 -3.552890e-01 1.424006e-01 2.266629e-01 2.010165e-01 -1.922305e-01 8.969066e-01 -3.869708e-02 1.047797e-01 -1.794747e-02 4.479244e-01 1.203628e-01 -4.359279e-01 -1.884678e-01 -6.113743e-02 -1.732984e-02 4.599468e-02 5.099820e-02 -1.510748e-01 -1.536175e-01
<VARIANCE> 39
 6.444198e+00 2.275150e+01 2.483951e+01 3.276243e+01 5.356701e+01 3.259823e+01 5.131790e+01 3.349823e+01 2.875939e+01 3.088575e+01 2.867441e+01 2.528635e+01 9.822126e+00 2.243437e-01 1.131443e+00 1.016149e+00 1.646958e+00 1.903628e+00 1.613965e+00 1.797960e+00 1.531394e+00 1.429645e+00 1.557760e+00 1.562780e+00 1.340965e+00 3.550444e-01 3.664178e-02 1.006836e-01 1.295865e-01 2.118889e-01 2.460701e-01 2.302616e-01 2.317215e-01 2.498682e-01 2.386354e-01 2.740178e-01 2.332129e-01 2.262950e-01 4.252566e-02
<GCONST> 9.198190e+01
<MIXTURE> 2 2.286177e-01
<MEAN> 39
 1.228267e+01 2.776057e+00 -7.748965e+00 -1.392012e+01 -7.126588e+00 6.398468e+00 3.816418e+00 -5.431975e-01 -4.383961e+00 -7.273961e-01 2.088575e+00 1.248163e+00 2.862415e+00 9.289269e-01 -2.477291e-01 -3.806266e-01 -1.803746e+00 -1.010528e+00 6.052414e-01 6.750805e-01 6.120361e-01 -3.454336e-01 -2.065906e-01 1.916741e-01 8.227918e-02 7.605743e-01 -7.080727e-01 -3.152777e-01 5.936072e-02 8.896931e-01 7.495846e-01 -2.472532e-01 -2.281805e-01 1.020377e-02 3.830110e-01 1.155360e-01 -5.096545e-02 -5.608544e-02 -2.014716e-01
<VARIANCE> 39
 1.097455e+01 2.460175e+01 3.717903e+01 3.817105e+01 6.188765e+01 4.039231e+01 6.360365e+01 6.178814e+01 5.717324e+01 5.284365e+01 5.249497e+01 3.318859e+01 1.370590e+01 2.318784e+00 2.275483e+00 2.471564e+00 4.583872e+00 4.998774e+00 4.285789e+00 4.243046e+00 3.979791e+00 4.712668e+00 4.356706e+00 3.502360e+00 3.153161e+00 1.313457e+00 5.450010e-01 3.526730e-01 3.879634e-01 6.594915e-01 6.215069e-01 6.726862e-01 7.058715e-01 7.104100e-01 9.436768e-01 6.196357e-01 7.094203e-01 5.138843e-01 2.069455e-01
<GCONST> 1.267104e+02
<MIXTURE> 3 1.763754e-01
<MEAN> 39
 8.234658e+00 -6.014381e+00 -5.093245e+00 -6.554760e+00 -8.027964e-01 2.817105e-01 -5.792200e+00 2.916814e-01 1.828914e+00 1.725868e+00 -1.946813e+00 -2.947694e+00 9.120227e+00 2.355534e+00 -1.749374e+00 -2.031870e+00 -2.404354e+00 7.058199e-01 1.908887e+00 -6.453548e-01 -1.099491e-02 -8.705876e-02 6.194704e-01 2.234178e-01 -8.145263e-01 1.270782e+00 -9.703513e-01 5.113037e-01 2.024591e-01 4.204489e-01 3.886754e-01 5.632576e-01 8.251528e-01 -1.580697e-01 -2.855111e-01 -9.304192e-02 4.357842e-01 3.006586e-01 -6.804356e-01
<VARIANCE> 39
 1.663911e+01 2.348550e+01 3.962041e+01 5.234821e+01 4.562567e+01 7.678014e+01 5.013860e+01 5.330736e+01 4.223258e+01 5.495434e+01 5.320824e+01 3.255381e+01 1.399769e+01 4.420947e+00 3.391109e+00 3.022507e+00 4.615447e+00 6.356087e+00 6.350961e+00 5.797794e+00 5.699506e+00 5.308535e+00 5.481019e+00 5.886847e+00 3.566468e+00 2.105925e+00 6.547140e-01 4.273531e-01 4.885241e-01 1.052730e+00 8.271585e-01 1.039911e+00 9.708158e-01 1.273251e+00 9.850390e-01 9.549013e-01 9.565024e-01 6.367699e-01 4.943927e-01
<GCONST> 1.357403e+02
<MIXTURE> 4 2.866389e-01
<MEAN> 39
 9.735446e+00 -7.031900e+00 -1.023600e+01 -8.965436e+00 2.013339e+00 8.265182e+00 -1.154803e+00 -1.614897e+00 6.244411e-01 2.530749e+00 1.317669e+00 -4.378857e+00 8.951072e+00 2.350641e-01 1.353942e-02 -5.199523e-01 -1.189790e+00 5.818613e-01 1.703005e+00 9.988030e-01 -6.440674e-01 -6.238191e-01 -1.003785e-01 5.587523e-01 1.731061e-01 1.251084e-01 -2.268031e-01 3.592936e-01 2.837330e-01 3.579878e-01 -9.209707e-02 -4.113417e-01 3.176915e-03 6.653823e-02 5.746967e-02 -2.521468e-01 -1.133921e-01 3.534544e-01 -3.411851e-01
<VARIANCE> 39
 1.133312e+01 2.004885e+01 2.544558e+01 4.222676e+01 4.976571e+01 6.036076e+01 7.060513e+01 4.652397e+01 4.119293e+01 4.689679e+01 5.012208e+01 2.860342e+01 1.396869e+01 5.506078e-01 1.259980e+00 1.928033e+00 2.728657e+00 2.728309e+00 2.941751e+00 3.577402e+00 3.337660e+00 3.159518e+00 2.768584e+00 3.080783e+00 2.749536e+00 4.267178e-01 1.915325e-01 2.214596e-01 2.757726e-01 3.739179e-01 4.573691e-01 4.591127e-01 5.918687e-01 5.835361e-01 5.691667e-01 4.712220e-01 5.643146e-01 3.887495e-01 1.657884e-01
<GCONST> 1.142835e+02
<STATE> 3
<NUMMIXES> 4
<MIXTURE> 1 4.181599e-01
<MEAN> 39
 9.350335e+00 -7.859278e+00 -1.125559e+01 -1.024965e+01 5.984380e+00 1.171242e+01 -6.443926e-01 -3.382925e+00 1.478827e+00 -2.452424e-01 4.766456e-01 -3.856670e+00 9.614152e+00 -1.418866e-02 1.066862e-01 -1.553611e-03 1.674082e-02 1.128602e-01 -5.455744e-02 -7.737237e-02 -1.171407e-02 1.009394e-01 -2.095339e-01 -8.495253e-02 8.951312e-02 -2.753939e-02 -2.118138e-02 1.569788e-01 8.170298e-02 9.082893e-02 -1.930623e-01 -3.071202e-01 -2.104070e-02 1.769411e-01 -2.323219e-02 2.754863e-03 -1.281423e-01 4.732784e-02 -1.201103e-01
<VARIANCE> 39
 9.006577e+00 1.912282e+01 2.102040e+01 4.558240e+01 5.027716e+01 4.803020e+01 6.509496e+01 3.830836e+01 3.148423e+01 3.989535e+01 3.790136e+01 2.657599e+01 1.267086e+01 2.421689e-01 7.288598e-01 6.614320e-01 1.333647e+00 1.101196e+00 1.629937e+00 1.297928e+00 1.403211e+00 1.343148e+00 1.445998e+00 1.388552e+00 1.244819e+00 2.280384e-01 3.905410e-02 9.292053e-02 1.161834e-01 1.673382e-01 1.960477e-01 2.139612e-01 2.287268e-01 2.243694e-01 2.239981e-01 2.308975e-01 2.205344e-01 1.917161e-01 4.013851e-02
<GCONST> 8.990853e+01
<MIXTURE> 2 2.741213e-01
<MEAN> 39
 9.900479e+00 -3.759817e+00 -1.027219e+01 -1.459999e+01 2.259271e+00 1.371262e+01 2.129033e+00 -2.129196e+00 -1.396961e-01 -1.706730e+00 2.215385e+00 -1.265936e+00 7.033540e+00 2.137957e-02 1.608888e-01 2.767570e-02 -1.173371e-01 2.557613e-02 -1.084349e-01 -9.440067e-02 7.050709e-02 3.667840e-03 -5.981071e-02 -2.991325e-02 5.000957e-02 -8.785626e-02 -6.337535e-03 5.083943e-03 1.164515e-02 5.189664e-02 -3.565929e-02 -1.331079e-01 -6.347457e-02 1.178809e-02 3.971639e-02 5.316263e-02 -4.177214e-02 -5.677317e-02 -2.795571e-02
<VARIANCE> 39
 8.052692e+00 2.329847e+01 2.680493e+01 4.766742e+01 6.207748e+01 4.162289e+01 6.561028e+01 3.917929e+01 2.801431e+01 3.346556e+01 3.348868e+01 2.478917e+01 1.005879e+01 7.233932e-02 2.813551e-01 2.343803e-01 5.491700e-01 5.581682e-01 5.418632e-01 6.390482e-01 6.557900e-01 6.012210e-01 5.851846e-01 5.493172e-01 5.149626e-01 8.022611e-02 1.382150e-02 3.766442e-02 4.466963e-02 6.596385e-02 8.215593e-02 9.360939e-02 1.083680e-01 1.011804e-01 1.100595e-01 9.999739e-02 8.928665e-02 7.672249e-02 1.014717e-02
<GCONST> 6.595430e+01
<MIXTURE> 3 1.402481e-01
<MEAN> 39
 1.166953e+01 -2.090041e+00 -1.059831e+01 -1.452922e+01 -1.946664e+00 1.001898e+01 3.555384e+00 -4.547471e-01 -6.035281e+00 2.182006e+00 5.052075e+00 -2.753584e-01 5.949147e+00 -7.970053e-02 -1.482539e+00 -9.103954e-01 1.682411e+00 1.700721e+00 -5.745512e-01 -7.643526e-01 -1.657698e-01 1.214823e-02 8.759429e-01 9.770647e-01 -6.066315e-01 7.212937e-01 -1.055467e-01 6.792435e-02 1.498945e-01 6.288468e-01 6.925238e-02 -7.210437e-01 -4.718850e-01 2.079022e-01 5.895569e-01 -1.352524e-03 -4.177558e-01 -2.206473e-01 -1.940534e-01
<VARIANCE> 39
 8.574886e+00 1.780236e+01 2.192547e+01 3.659198e+01 5.252268e+01 5.197350e+01 6.254749e+01 5.933959e+01 4.965599e+01 6.168169e+01 4.074548e+01 3.639125e+01 9.210898e+00 3.368426e-01 1.095660e+00 1.103632e+00 1.861997e+00 1.820554e+00 2.414780e+00 2.409247e+00 2.997773e+00 2.911694e+00 3.074924e+00 2.665700e+00 2.850279e+00 3.336284e-01 1.112143e-01 1.447476e-01 1.929756e-01 3.181329e-01 4.351321e-01 3.663521e-01 4.933136e-01 4.996012e-01 4.825070e-01 5.405496e-01 4.374651e-01 4.424351e-01 8.500338e-02
<GCONST> 1.077692e+02
<MIXTURE> 4 1.674707e-01
<MEAN> 39
 1.246508e+01 3.455900e+00 -5.983203e+00 -1.515460e+01 -1.031147e+01 6.061968e+00 5.120456e+00 1.522848e+00 -3.985356e+00 -2.066127e+00 2.425128e+00 7.199259e-01 2.744028e+00 1.239178e-01 -4.564841e-01 -7.079006e-01 2.851532e-01 5.375068e-01 1.283092e-02 3.388612e-01 2.190363e-01 -3.616511e-01 -2.912236e-01 5.292403e-01 5.029570e-01 2.633722e-01 -3.837982e-02 -2.646529e-01 -1.936014e-01 4.040628e-01 4.467048e-01 -9.524006e-02 -3.552754e-01 -1.639823e-01 -3.971526e-02 1.171363e-01 2.055904e-01 7.985007e-02 7.956406e-02
<VARIANCE> 39
 8.862747e+00 1.775278e+01 2.951215e+01 3.278223e+01 5.499582e+01 3.931333e+01 4.866301e+01 5.102534e+01 5.158272e+01 5.856561e+01 4.314301e+01 3.051515e+01 1.221242e+01 1.588361e-01 8.379349e-01 9.287476e-01 1.243208e+00 1.533399e+00 1.774098e+00 1.332170e+00 1.794872e+00 1.851196e+00 1.669348e+00 1.821739e+00 1.538841e+00 2.884300e-01 2.680826e-02 7.111963e-02 1.285122e-01 1.816105e-01 2.115408e-01 2.632471e-01 3.156543e-01 2.899405e-01 3.443227e-01 3.022895e-01 2.721327e-01 2.993345e-01 2.511867e-02
<GCONST> 9.396666e+01
<STATE> 4
<NUMMIXES> 4
<MIXTURE> 1 2.793492e-01
<MEAN> 39
 8.223310e+00 -9.061863e+00 -9.639652e+00 -7.174042e+00 4.791358e+00 6.729192e+00 -1.950496e+00 1.151234e-01 1.828570e+00 7.038143e-01 -1.646527e+00 -4.952857e+00 9.782703e+00 -8.216370e-02 5.022711e-01 5.783326e-01 1.354368e+00 -1.219083e+00 -1.800026e+00 -7.786434e-02 7.605132e-01 3.493946e-01 -3.390564e-01 -8.298103e-01 4.402793e-01 -5.996367e-01 -5.120743e-02 5.473894e-01 3.676982e-01 3.133045e-01 -3.498259e-01 -1.949743e-01 1.444308e-01 -1.760088e-01 -7.288745e-02 -6.799860e-02 7.708079e-02 3.894746e-01 -5.782989e-01
<VARIANCE> 39
 9.553848e+00 2.169589e+01 2.119976e+01 4.296619e+01 3.796022e+01 4.786148e+01 6.158092e+01 4.658825e+01 3.826543e+01 4.745995e+01 4.507781e+01 3.568373e+01 1.147715e+01 4.485463e-01 1.491848e+00 1.273341e+00 3.169178e+00 2.871368e+00 2.644071e+00 3.189681e+00 3.057795e+00 3.217418e+00 2.836424e+00 2.277704e+00 2.258693e+00 5.586208e-01 1.869571e-01 2.121352e-01 2.751186e-01 4.220655e-01 4.259539e-01 4.197447e-01 5.667600e-01 5.912659e-01 5.377547e-01 4.968050e-01 4.924219e-01 4.643284e-01 1.310714e-01
<GCONST> 1.121621e+02
<MIXTURE> 2 2.765957e-01
<MEAN> 39
 9.826650e+00 1.041268e+00 -9.534236e+00 -2.130679e+01 -6.030153e-02 1.405859e+01 6.522958e+00 -3.251592e+00 1.848818e+00 -1.177975e+00 -1.072519e+00 2.328676e+00 5.399421e+00 4.200651e-02 3.365750e-01 2.156263e-01 -2.138328e-01 -4.640551e-02 -1.966048e-01 -3.586330e-01 -3.003443e-02 1.389097e-01 3.033966e-02 5.045655e-02 1.807820e-01 -1.329906e-01 -3.319859e-02 -1.166576e-01 4.239581e-02 3.257649e-01 5.914562e-02 -1.661480e-01 -2.195942e-01 -9.211627e-02 -1.395964e-02 2.601259e-01 1.401855e-01 -2.017233e-01 1.016869e-02
<VARIANCE> 39
 6.709324e+00 1.699615e+01 1.877864e+01 2.844511e+01 4.626879e+01 4.096888e+01 6.878517e+01 3.412127e+01 2.854946e+01 3.762312e+01 2.736331e+01 2.354654e+01 8.191019e+00 1.682877e-01 6.191787e-01 5.289536e-01 1.093011e+00 1.025743e+00 1.106064e+00 1.151583e+00 1.059497e+00 1.053412e+00 1.586739e+00 1.051878e+00 1.043124e+00 2.081906e-01 3.024255e-02 8.075446e-02 8.607698e-02 1.524836e-01 1.582749e-01 2.119008e-01 2.080066e-01 2.044452e-01 2.015913e-01 2.322209e-01 2.146604e-01 1.868883e-01 2.486185e-02
<GCONST> 8.323334e+01
<MIXTURE> 3 1.854818e-01
<MEAN> 39
 1.434679e+01 -1.696432e+00 -1.430606e+01 -7.723718e+00 -1.509024e+00 1.470189e+00 -7.198511e-01 4.740072e+00 -5.124838e+00 -4.869226e+00 7.927350e+00 5.868080e+00 5.420160e+00 2.061073e-01 -7.207739e-01 -1.404897e+00 1.427826e+00 2.367888e+00 -8.075668e-01 -2.453717e+00 6.404606e-02 1.547060e+00 3.451081e-01 -3.491710e-01 4.837361e-01 1.860757e-01 -9.007825e-02 5.816432e-02 3.158629e-01 9.283218e-02 1.565220e-02 -4.095407e-02 -4.434215e-01 -2.797765e-01 4.834612e-01 4.318430e-01 -4.917055e-01 -5.177370e-01 -1.013078e-01
<VARIANCE> 39
 1.015850e+01 2.188241e+01 2.812787e+01 2.843566e+01 5.663025e+01 3.622053e+01 6.727913e+01 6.242585e+01 7.005359e+01 6.932545e+01 4.105669e+01 4.158171e+01 1.265630e+01 1.812352e-01 6.413041e-01 1.236044e+00 1.721519e+00 1.936577e+00 2.059388e+00 2.911058e+00 2.746003e+00 2.819590e+00 3.103181e+00 2.589875e+00 2.938583e+00 2.285179e-01 3.758331e-02 1.202288e-01 1.920235e-01 2.189142e-01 3.643157e-01 3.134925e-01 4.856817e-01 3.372275e-01 5.069764e-01 4.234286e-01 5.343214e-01 3.564694e-01 5.061936e-02
<GCONST> 1.042627e+02
<MIXTURE> 4 2.585732e-01
<MEAN> 39
 1.038857e+01 -6.156351e+00 -1.149359e+01 -1.153840e+01 3.265041e+00 1.068274e+01 1.361523e+00 -3.503639e+00 -9.684871e-01 6.194560e+00 2.912587e+00 -5.259976e+00 7.528072e+00 -3.090582e-01 -1.011418e+00 -9.723198e-02 2.148027e+00 5.848805e-01 -1.948948e+00 -1.034075e+00 6.473729e-01 1.033579e+00 6.241968e-01 -5.998615e-01 -1.480089e+00 4.575871e-01 -1.140015e-02 2.215325e-01 2.310705e-01 3.409753e-01 -4.506180e-01 -6.134611e-01 -1.029158e-01 4.924563e-01 2.085032e-01 -4.584044e-01 -4.074366e-01 3.477501e-01 -2.200394e-01
<VARIANCE> 39
 7.482110e+00 1.762782e+01 1.775686e+01 3.356684e+01 3.215858e+01 4.347412e+01 4.202247e+01 3.222793e+01 4.542603e+01 3.795177e+01 3.805702e+01 2.881907e+01 7.977751e+00 2.040168e-01 7.299158e-01 7.544097e-01 1.591898e+00 1.616341e+00 1.922527e+00 2.017704e+00 2.199783e+00 2.164625e+00 2.305711e+00 1.899814e+00 1.777650e+00 1.756491e-01 4.047215e-02 1.072821e-01 1.244809e-01 2.427243e-01 2.779430e-01 3.369171e-01 2.720825e-01 3.082455e-01 3.449896e-01 3.649611e-01 3.733252e-01 3.456582e-01 4.804458e-02
<GCONST> 9.497976e+01
<STATE> 5
<NUMMIXES> 4
<MIXTURE> 1 2.126837e-01
<MEAN> 39
 8.556975e-02 1.594221e+00 -3.617978e-01 2.386322e+00 2.805580e+00 1.458865e+00 2.379907e+00 -3.564844e-01 2.528411e+00 -1.020356e+00 -2.143999e+00 -3.595186e-01 9.709547e-01 -4.579583e+00 1.580950e+00 2.325391e+00 2.227563e+00 3.159351e-01 -2.915163e-01 5.983574e-01 -2.510846e-01 1.676676e-01 -3.794566e-02 8.010458e-01 8.857630e-01 -1.645556e+00 -1.435508e-01 -7.068241e-01 -6.278279e-01 -6.328408e-01 -3.947929e-02 3.341679e-01 -1.604526e-01 5.972311e-02 3.881294e-03 3.106460e-01 3.040895e-01 -1.563426e-01 5.827686e-01
<VARIANCE> 39
 6.536969e+01 2.976237e+01 4.118119e+01 4.498299e+01 4.608729e+01 4.777279e+01 4.493650e+01 4.516003e+01 5.394765e+01 4.635116e+01 3.579061e+01 2.363112e+01 2.860930e+01 7.585272e+00 3.761509e+00 4.289891e+00 6.043742e+00 4.977308e+00 6.419703e+00 6.415890e+00 6.604994e+00 5.188553e+00 5.663622e+00 5.631312e+00 3.401468e+00 4.888434e+00 1.118823e+00 4.278028e-01 5.448539e-01 7.491527e-01 8.308349e-01 7.653965e-01 8.323376e-01 9.670336e-01 8.501246e-01 9.234245e-01 7.775570e-01 5.254743e-01 4.332094e-01
<GCONST> 1.374664e+02
<MIXTURE> 2 2.304718e-01
<MEAN> 39
 1.089354e+01 4.377726e-01 -1.133473e+01 -1.417115e+01 1.034792e+00 9.088954e+00 1.818182e+00 -3.738669e+00 6.638333e-01 -6.712935e-01 2.677033e+00 1.776227e+00 5.190279e+00 -1.438320e-01 9.340377e-02 3.337342e-01 1.064591e+00 4.773487e-01 -8.913879e-01 -1.444582e+00 -5.028362e-01 1.131301e-01 1.201209e+00 4.605906e-02 -5.879008e-01 -2.579531e-01 -1.531022e-01 -8.706966e-02 3.621938e-01 4.490818e-01 -5.487518e-02 -4.007232e-01 -3.020841e-01 1.560899e-01 5.299248e-02 6.407991e-02 -1.913490e-01 -2.455527e-01 -7.424330e-02
<VARIANCE> 39
 1.251865e+01 2.240457e+01 3.705663e+01 6.673771e+01 5.698435e+01 5.640971e+01 9.704579e+01 5.659728e+01 4.744976e+01 5.280675e+01 3.567483e+01 3.404153e+01 1.149294e+01 3.819306e-01 1.566305e+00 1.396462e+00 2.671164e+00 2.585756e+00 2.715330e+00 4.050210e+00 2.555371e+00 3.365151e+00 3.131194e+00 2.573674e+00 2.462805e+00 5.074371e-01 8.237891e-02 1.657147e-01 2.338661e-01 3.348773e-01 3.423742e-01 4.987686e-01 4.999031e-01 5.280589e-01 4.589246e-01 5.531639e-01 4.461094e-01 4.118079e-01 7.834616e-02
<GCONST> 1.122430e+02
<MIXTURE> 3 1.995360e-01
<MEAN> 39
 1.207219e+01 -5.991047e+00 -1.265964e+01 -4.496904e+00 4.389809e+00 -1.179264e-01 -6.025366e+00 2.500991e+00 1.133675e-01 5.926205e+00 1.529187e+00 -4.255217e+00 6.646020e+00 -3.915519e-01 -7.079872e-01 1.129610e+00 2.447158e+00 -1.159621e-01 -3.229398e+00 -1.701963e+00 1.665281e+00 1.499432e+00 -8.074206e-01 -1.533970e+00 -1.402722e-01 -3.307324e-02 -2.135365e-01 3.141852e-01 7.849739e-01 -1.001177e-01 -6.929599e-01 -5.708761e-02 5.385938e-01 4.955482e-02 -3.957207e-01 -7.466763e-01 -7.423088e-02 6.071875e-01 -2.446174e-01
<VARIANCE> 39
 1.288117e+01 2.155205e+01 3.613753e+01 4.244081e+01 3.844056e+01 6.252194e+01 5.544864e+01 7.539088e+01 7.176246e+01 5.382942e+01 5.181917e+01 4.464610e+01 1.016879e+01 3.299672e-01 1.059401e+00 2.273031e+00 2.525258e+00 3.322890e+00 3.897484e+00 3.713431e+00 3.751848e+00 3.814035e+00 4.724478e+00 3.027168e+00 3.372695e+00 2.870806e-01 7.796668e-02 1.464286e-01 2.406579e-01 3.775831e-01 4.743612e-01 6.579755e-01 6.396969e-01 7.501651e-01 8.732392e-01 7.384244e-01 7.269840e-01 6.029596e-01 6.595317e-02
<GCONST> 1.161933e+02
<MIXTURE> 4 3.573086e-01
<MEAN> 39
 9.119320e+00 -5.861209e+00 -8.047853e+00 -3.112915e+00 -3.672639e-01 1.208239e+00 -1.704833e+00 4.025107e-01 3.110271e+00 9.589698e-01 -2.058146e+00 -2.852468e+00 6.212692e+00 -8.077389e-01 1.685439e+00 1.816062e+00 2.695452e+00 -7.738293e-01 -1.974654e+00 -1.451745e-01 -1.129461e-01 1.207421e-01 -4.593430e-01 -5.406005e-01 1.076213e+00 -2.142400e+00 -6.208875e-01 3.733240e-01 3.102354e-01 1.921695e-02 3.413560e-01 3.966812e-01 2.137971e-01 -2.885926e-01 -2.292995e-01 -2.140471e-02 2.794018e-01 1.224501e-01 -3.217046e-01
<VARIANCE> 39
 1.099304e+01 2.626679e+01 3.429245e+01 5.967022e+01 4.531654e+01 6.357957e+01 5.736797e+01 5.915426e+01 5.263173e+01 5.128826e+01 5.042923e+01 3.422963e+01 1.632516e+01 2.631596e+00 3.374490e+00 4.055793e+00 4.976965e+00 7.200689e+00 4.531388e+00 6.549641e+00 6.226529e+00 5.901215e+00 5.380676e+00 5.180595e+00 3.860814e+00 1.955593e+00 6.555735e-01 3.367069e-01 5.071946e-01 9.984419e-01 7.577748e-01 8.788663e-01 9.373869e-01 9.594040e-01 8.422245e-01 7.714222e-01 8.143699e-01 6.504000e-01 4.099040e-01
<GCONST> 1.340536e+02
<TRANSP> 6
 0.000000e+00 1.000000e+00 0.000000e+00 0.000000e+00 0.000000e+00 0.000000e+00
 0.000000e+00 6.881646e-01 3.118354e-01 0.000000e+00 0.000000e+00 0.000000e+00
 0.000000e+00 0.000000e+00 7.675741e-01 2.324259e-01 0.000000e+00 0.000000e+00
 0.000000e+00 0.000000e+00 0.000000e+00 6.623279e-01 3.376721e-01 0.000000e+00
 0.000000e+00 0.000000e+00 0.000000e+00 0.000000e+00 6.522300e-01 3.477700e-01
 0.000000e+00 0.000000e+00 0.000000e+00 0.000000e+00 0.000000e+00 0.000000e+00
<ENDHMM>
