~o
<STREAMINFO> 1 39
<VECSIZE> 39<NULLD><MFCC_D_A_Z_0><DIAGC>
~h "ax-h"
<BEGINHMM>
<NUMSTATES> 6
<STATE> 2
<NUMMIXES> 4
<MIXTURE> 1 2.200000e-01
<MEAN> 39
 -8.456458e+00 5.898185e+00 8.838479e+00 9.839556e-02 2.702894e+00 -3.787092e+00 2.436375e+00 -3.355090e+00 -3.300136e+00 -1.574256e-02 -1.755501e+00 -1.583238e+00 -1.075455e+00 3.085716e+00 2.644835e-01 9.838320e-01 1.202502e+00 -8.222960e-01 -7.687067e-01 -7.181309e-01 -1.093358e+00 -6.993585e-01 -2.278730e-01 -4.891514e-01 -7.049989e-01 -1.690851e+00 -3.771771e-01 1.134573e-01 -7.379166e-01 3.676990e-01 2.471254e-01 6.106524e-01 1.243382e-01 4.803286e-01 5.464428e-01 3.084846e-01 3.408452e-01 3.023463e-01 -5.416099e-01
<VARIANCE> 39
 3.393327e+01 2.155114e+01 1.921401e+01 3.123410e+01 3.304133e+01 4.683288e+01 2.790585e+01 3.609717e+01 2.260843e+01 5.016635e+01 1.543247e+01 2.432775e+01 1.767215e+01 5.982296e+00 3.864708e+00 2.861592e+00 3.245672e+00 5.842333e+00 5.086609e+00 7.569985e+00 5.093138e+00 4.992146e+00 3.580092e+00 3.009362e+00 1.949068e+00 3.617750e+00 8.185527e-01 3.063094e-01 4.509776e-01 7.812907e-01 8.218579e-01 8.119281e-01 7.002890e-01 3.438142e-01 4.033733e-01 1.270317e+00 6.780150e-01 3.228184e-01 1.308105e+00
<GCONST> 1.269395e+02
<MIXTURE> 2 4.066667e-01
<MEAN> 39
 -9.398627e+00 -4.647873e-01 5.064969e-01 1.242895e+00 4.474717e+00 -3.082636e+00 4.320212e+00 2.673455e+00 3.776227e+00 5.445251e-01 -1.962191e+00 2.203372e+00 1.563298e+00 2.282729e+00 2.163870e-01 7.754151e-01 1.423798e+00 1.156590e-01 -2.309622e-01 -6.937992e-01 -5.147411e-01 -3.398960e-01 -8.050765e-01 -7.775762e-01 -2.473969e-01 -1.542328e+00 1.004039e-01 5.718167e-01 9.082126e-02 1.352498e-01 2.227867e-01 4.068951e-01 -1.769016e-01 -3.297762e-01 -5.911623e-01 4.511857e-02 2.762000e-01 -1.357124e-01 -7.903090e-01
<VARIANCE> 39
 3.893288e+01 2.507446e+01 2.506659e+01 3.101481e+01 2.914024e+01 3.501730e+01 2.889238e+01 4.093515e+01 3.134750e+01 2.943705e+01 3.593274e+01 2.042400e+01 1.389915e+01 3.672729e+00 4.468554e+00 3.047987e+00 2.859700e+00 3.806943e+00 3.308857e+00 5.183313e+00 3.383723e+00 2.120406e+00 3.814395e+00 2.767898e+00 2.976826e+00 2.714361e+00 5.321637e-01 4.124213e-01 2.905616e-01 4.473450e-01 7.953150e-01 7.852144e-01 5.954399e-01 6.580585e-01 7.444074e-01 4.427616e-01 4.494007e-01 4.460840e-01 7.653264e-01
<GCONST> 1.228879e+02
<MIXTURE> 3 2.600000e-01
<MEAN> 39
 3.231500e+00 2.892706e+00 2.341533e-01 4.662687e-01 3.445863e+00 -5.916315e+00 -4.965967e+00 -3.631563e+00 2.423822e+00 4.457551e+00 -3.511471e+00 -3.114737e+00 -3.456132e-01 2.559919e+00 3.646677e-01 1.218160e-01 2.083031e-01 -1.004945e-01 -7.553704e-01 -1.405810e+00 -1.130027e+00 -4.642836e-01 5.223435e-01 -3.325880e-01 -5.168411e-01 -7.522035e-01 -1.582266e+00 2.123169e-01 1.036812e-01 3.424006e-01 1.737659e-01 7.932420e-01 8.924832e-01 5.204720e-01 4.462405e-02 -4.550489e-01 5.498025e-01 5.409865e-01 -7.607632e-01
<VARIANCE> 39
 1.989840e+01 2.365464e+01 3.573185e+01 3.437708e+01 2.242201e+01 3.145217e+01 2.621314e+01 2.365158e+01 2.685614e+01 3.788277e+01 2.752989e+01 1.912896e+01 1.760937e+01 6.251212e+00 2.326395e+00 2.091361e+00 3.670110e+00 3.896249e+00 2.143572e+00 4.244932e+00 2.725340e+00 4.405061e+00 3.501379e+00 3.382344e+00 3.280320e+00 3.484425e+00 7.847122e-01 6.651120e-01 5.569115e-01 1.206191e+00 7.739179e-01 6.414266e-01 6.447307e-01 6.781705e-01 6.583904e-01 5.410713e-01 1.077000e+00 4.164999e-01 1.052170e+00
<GCONST> 1.253109e+02
<MIXTURE> 4 1.133333e-01
<MEAN> 39
 5.018730e+00 -7.129005e-01 6.765622e+00 5.037518e+00 -5.309658e+00 -5.568920e+00 -3.873848e+00 1.719955e+00 -3.453823e-01 -6.592357e+00 3.071940e-01 -1.769963e+00 -4.773463e-02 1.060405e+00 9.875366e-01 1.260875e+00 6.170049e-01 -1.163825e+00 5.623288e-01 -3.389137e-01 -1.434066e+00 -7.677469e-01 -1.867329e-01 1.253124e+00 -6.264399e-01 -3.493667e-01 -1.371188e+00 5.607189e-01 -6.903322e-01 -1.960804e-01 9.187885e-01 7.745317e-01 8.711007e-01 -1.345353e-01 -1.240830e-01 1.263536e+00 6.471811e-02 3.477185e-01 -7.429062e-01
<VARIANCE> 39
 4.055215e+01 3.277329e+01 2.922385e+01 8.694016e+01 2.295440e+01 1.909191e+01 3.974773e+01 2.898713e+01 2.326687e+01 1.953718e+01 4.367131e+01 3.114719e+01 1.685184e+01 6.261299e+00 1.763137e+00 3.551163e+00 2.378508e+00 1.018116e+01 4.683182e+00 4.428770e+00 5.173351e+00 5.977511e+00 5.204723e+00 1.401594e+00 3.402730e+00 4.447579e+00 9.363446e-01 4.904998e-01 3.585492e-01 1.720011e+00 5.650641e-01 1.390716e+00 1.168164e+00 1.198317e+00 1.099727e+00 8.689855e-01 9.172232e-01 7.247497e-01 7.628030e-01
<GCONST> 1.321340e+02
<STATE> 3
<NUMMIXES> 4
<MIXTURE> 1 3.777778e-01
<MEAN> 39
 -6.902279e+00 -2.248529e+00 1.275995e+00 3.796973e+00 6.851915e+00 -2.766692e-01 5.145210e+00 2.819360e+00 4.551677e+00 -1.851524e+00 -3.066148e+00 3.070370e+00 -9.681257e-01 1.097057e+00 5.577430e-01 3.356331e-01 1.044121e+00 5.064139e-01 5.455644e-01 -1.890581e-01 -5.051354e-01 -7.316782e-01 2.999368e-01 2.361892e-01 -4.045872e-01 -2.454829e+00 -1.540201e-01 4.609322e-01 -1.943561e-01 -2.553678e-01 -4.213089e-01 9.676461e-02 -1.658345e-01 -2.720631e-01 -4.522733e-01 3.100573e-01 4.292175e-01 -1.495978e-01 -3.771920e-01
<VARIANCE> 39
 3.596297e+01 1.506253e+01 2.997613e+01 2.819026e+01 2.261956e+01 2.270092e+01 3.917868e+01 3.451018e+01 3.414949e+01 4.311599e+01 2.113989e+01 1.986073e+01 1.571143e+01 5.022317e+00 2.866233e+00 2.804576e+00 3.724514e+00 2.662325e+00 3.349256e+00 5.055289e+00 4.864212e+00 4.133820e+00 2.961075e+00 1.993061e+00 3.104020e+00 5.274889e+00 5.746126e-01 3.571281e-01 3.055856e-01 4.770755e-01 5.342954e-01 5.026316e-01 8.212776e-01 7.466900e-01 7.089197e-01 4.150838e-01 4.068332e-01 4.386783e-01 5.503799e-01
<GCONST> 1.217875e+02
<MIXTURE> 2 1.555556e-01
<MEAN> 39
 -8.914326e-01 5.601428e+00 1.270993e+01 4.885185e+00 -3.490201e+00 -1.554683e+00 -6.532477e-02 -4.871165e+00 -3.117019e+00 -1.081457e+00 -2.720789e+00 -2.140652e+00 -4.573769e+00 9.803694e-01 7.441994e-01 -3.150179e-01 8.185111e-01 -6.248222e-02 5.619832e-01 -2.436953e-01 -4.896458e-01 -1.029458e+00 2.745849e-01 9.377337e-01 -2.460766e-01 -1.542290e+00 -1.003238e+00 -1.599805e-01 -1.403883e+00 -5.152239e-01 9.874648e-01 3.840569e-01 1.703943e-01 7.968947e-01 4.036712e-01 1.206313e-01 5.886360e-01 5.304304e-01 2.853648e-01
<VARIANCE> 39
 3.828843e+01 1.802359e+01 1.425569e+01 5.334317e+01 3.277654e+01 2.777854e+01 3.727099e+01 4.777737e+01 4.198354e+01 1.978482e+01 3.954411e+01 1.114662e+01 2.597231e+01 1.067056e+01 2.628104e+00 3.379753e+00 8.518877e+00 5.785970e+00 4.432201e+00 8.429890e+00 5.656727e+00 4.559703e+00 8.034520e+00 2.995488e+00 2.533207e+00 9.095908e+00 4.620917e-01 4.929532e-01 2.391419e-01 1.765920e+00 6.645052e-01 5.911770e-01 1.124005e+00 8.420525e-01 1.141126e+00 7.272929e-01 8.141565e-01 2.935724e-01 1.744549e+00
<GCONST> 1.324609e+02
<MIXTURE> 3 2.074074e-01
<MEAN> 39
 6.939460e+00 1.436992e+00 -1.250268e+00 1.353614e+00 2.455859e+00 -4.455028e+00 -6.610572e+00 -4.601135e+00 1.471946e+00 3.346472e+00 -1.486188e+00 -1.658767e+00 -1.873096e+00 3.094417e-01 1.155456e+00 3.122812e-01 9.776203e-01 6.174535e-01 9.794750e-01 1.835144e-01 -3.216255e-01 -5.639833e-01 -4.749921e-02 7.010103e-01 -2.244222e-01 -2.746455e+00 -2.160855e+00 3.144415e-01 2.212705e-01 4.131659e-01 4.962768e-01 9.225878e-01 1.285728e+00 6.999745e-01 1.280424e-01 -4.430141e-01 3.419077e-01 5.906017e-01 -7.558540e-01
<VARIANCE> 39
 1.282905e+01 1.242312e+01 3.498262e+01 4.234058e+01 3.400698e+01 4.881064e+01 3.827609e+01 2.730328e+01 2.098662e+01 3.552070e+01 4.865162e+01 2.525752e+01 2.667967e+01 7.799714e+00 2.706561e+00 2.411666e+00 5.101041e+00 3.151201e+00 2.413652e+00 2.338748e+00 4.000236e+00 5.552125e+00 3.903672e+00 2.700931e+00 3.668371e+00 5.032170e+00 7.791780e-01 7.248790e-01 5.790662e-01 1.791508e+00 6.219086e-01 1.212470e+00 9.260917e-01 7.419916e-01 8.234271e-01 1.117497e+00 1.981313e+00 6.301664e-01 7.009026e-01
<GCONST> 1.308282e+02
<MIXTURE> 4 2.592593e-01
<MEAN> 39
 -2.397707e+00 8.093016e+00 4.710087e+00 1.413905e-01 1.450369e+00 -8.301904e+00 -2.732066e+00 1.622885e-01 -2.655909e+00 -3.349793e+00 -2.324157e+00 2.163823e+00 9.097794e-01 5.436887e-01 8.869710e-01 8.260076e-02 1.226132e+00 -2.203627e-01 2.719956e-01 -3.961861e-01 -3.725288e-01 8.976395e-02 -2.030801e-03 -3.862018e-02 -6.904571e-02 -1.386931e+00 -1.529368e+00 -4.806480e-01 -5.939873e-01 1.159253e-01 6.216011e-01 1.210332e+00 8.731784e-01 5.288086e-01 4.588551e-01 6.508926e-01 4.092477e-01 1.013454e-01 -2.869344e-01
<VARIANCE> 39
 2.462076e+01 3.806899e+01 3.123471e+01 2.120858e+01 4.081122e+01 1.847904e+01 3.141623e+01 4.123447e+01 3.389159e+01 3.251283e+01 2.279056e+01 4.081090e+01 1.897402e+01 4.935784e+00 3.433174e+00 1.235611e+00 1.893758e+00 3.871332e+00 2.703601e+00 3.739616e+00 2.399802e+00 2.105719e+00 3.328531e+00 2.599805e+00 1.396711e+00 3.682898e+00 5.843574e-01 5.684810e-01 4.100167e-01 4.436964e-01 9.829317e-01 3.918918e-01 6.036168e-01 7.041351e-01 5.950511e-01 4.890746e-01 6.534854e-01 8.072699e-01 5.527906e-01
<GCONST> 1.212722e+02
<STATE> 4
<NUMMIXES> 4
<MIXTURE> 1 3.359375e-01
<MEAN> 39
 -2.289576e+00 7.806632e+00 3.605963e+00 2.990728e+00 7.403863e+00 -4.482851e+00 -4.445765e+00 -9.878119e-01 2.723066e+00 2.892301e+00 -3.031881e+00 -1.451701e+00 -2.982906e+00 -2.053085e+00 4.554846e-01 -1.012185e-01 1.276344e+00 9.572845e-01 2.027065e+00 1.010152e+00 1.127916e+00 -1.415612e-01 2.530424e-01 1.051959e+00 1.988453e-01 -1.756245e+00 -9.676094e-01 -4.665441e-01 -3.673931e-01 -1.710767e-01 -7.456096e-02 4.113616e-01 8.103837e-01 4.023886e-01 -1.801120e-01 -9.813429e-02 3.436465e-01 2.334469e-01 1.618785e-01
<VARIANCE> 39
 3.090595e+01 2.798315e+01 3.628708e+01 3.873108e+01 2.810629e+01 1.534872e+01 1.558120e+01 2.207989e+01 4.060496e+01 5.418959e+01 2.739667e+01 2.472678e+01 4.251699e+01 6.665431e+00 2.034767e+00 2.549949e+00 3.682194e+00 2.354238e+00 1.667472e+00 5.300399e+00 3.597811e+00 3.326533e+00 2.751294e+00 3.291465e+00 2.268128e+00 4.594862e+00 4.502552e-01 4.699400e-01 3.313173e-01 3.531976e-01 4.323439e-01 3.365431e-01 3.524063e-01 4.665898e-01 6.177368e-01 4.982701e-01 4.058829e-01 3.885987e-01 2.781240e-01
<GCONST> 1.187357e+02
<MIXTURE> 2 3.125000e-01
<MEAN> 39
 -9.050653e+00 1.847420e-01 4.041474e+00 3.670790e+00 5.727433e+00 1.325629e+00 4.501559e+00 2.499616e+00 3.192538e+00 6.941481e-01 4.963268e-02 1.309955e+00 -6.141478e+00 -4.096969e-01 6.639050e-01 -5.820691e-01 7.194748e-01 2.876581e-01 1.146580e+00 4.655606e-01 3.037178e-01 -8.961998e-01 6.595041e-01 1.468061e+00 1.828641e-01 -2.414325e+00 -2.113823e-01 1.347658e-01 -4.016792e-01 -3.463588e-01 -1.945364e-01 -1.895098e-01 1.136338e-01 -2.305862e-01 -2.307374e-01 5.516830e-02 2.011405e-01 1.176127e-01 5.664486e-01
<VARIANCE> 39
 2.523923e+01 1.794048e+01 2.915936e+01 2.922563e+01 3.239444e+01 3.201247e+01 3.204882e+01 6.034581e+01 3.245274e+01 4.033012e+01 2.829991e+01 1.643166e+01 3.610459e+01 8.044109e+00 3.515110e+00 3.106962e+00 7.171422e+00 4.702631e+00 3.759720e+00 4.168106e+00 4.650240e+00 5.696404e+00 2.130901e+00 2.304661e+00 3.639371e+00 1.336348e+01 4.813595e-01 3.184023e-01 3.311362e-01 3.249815e-01 4.608503e-01 4.504968e-01 6.509135e-01 7.760607e-01 4.197799e-01 6.971404e-01 5.562938e-01 5.022135e-01 6.843832e-01
<GCONST> 1.262126e+02
<MIXTURE> 3 2.265625e-01
<MEAN> 39
 3.684152e+00 2.304990e+00 4.447043e+00 4.719087e+00 5.932144e-01 -1.967996e+00 2.360861e+00 -3.275875e+00 -6.774600e+00 1.551341e+00 2.412455e+00 8.710158e-01 -4.078463e+00 5.096484e-01 1.359377e+00 -5.058590e-01 6.609977e-01 6.239554e-02 7.227681e-01 9.546372e-01 -1.384403e+00 -9.524115e-01 5.933096e-02 4.105713e-01 -8.499841e-01 -2.356605e+00 -1.144355e+00 -1.307522e-01 -5.882905e-01 -3.379817e-01 5.362698e-01 4.775423e-01 8.285860e-02 4.313006e-01 1.038351e+00 -6.148565e-02 -3.993736e-01 3.130014e-02 6.094010e-02
<VARIANCE> 39
 3.816857e+01 2.699089e+01 3.586459e+01 4.825851e+01 4.204947e+01 8.452786e+01 2.724302e+01 3.624799e+01 2.792560e+01 3.330808e+01 1.210390e+01 2.138468e+01 2.889288e+01 6.195535e+00 2.956875e+00 4.636985e+00 6.155083e+00 6.978890e+00 4.660645e+00 2.337094e+00 4.892469e+00 5.993015e+00 6.294662e+00 4.924794e+00 1.727067e+00 6.509916e+00 9.931054e-01 5.698775e-01 5.808784e-01 9.460777e-01 1.063299e+00 1.782152e+00 7.151119e-01 7.004984e-01 9.942813e-01 5.743659e-01 5.122155e-01 6.971070e-01 1.198801e+00
<GCONST> 1.340909e+02
<MIXTURE> 4 1.250000e-01
<MEAN> 39
 4.990096e+00 6.544723e+00 5.804482e+00 3.667112e+00 -8.813351e-01 -2.145222e+00 -8.203479e+00 -8.140157e+00 -4.390763e+00 -5.056959e-01 4.310817e-02 -6.295788e+00 -9.188991e+00 -2.034323e-01 1.683696e+00 -2.088543e-01 2.022616e+00 1.183521e+00 1.134540e+00 1.599984e-01 -5.257736e-01 -5.049070e-01 -6.799834e-01 -1.044605e-02 1.183557e+00 -3.811633e+00 -1.532275e+00 -5.669631e-01 -3.685963e-01 -1.616383e-01 4.966764e-01 4.672030e-01 1.148425e+00 1.231965e+00 7.451904e-01 1.322056e-01 1.328535e-01 1.126462e+00 3.981720e-01
<VARIANCE> 39
 2.142377e+01 2.104744e+01 6.263795e+01 1.308077e+01 1.575744e+01 3.362091e+01 4.279944e+01 3.932386e+01 2.304837e+01 5.208255e+01 3.117657e+01 1.013639e+01 2.111602e+01 9.263591e+00 1.770693e+00 3.278828e+00 1.282034e+01 6.085174e+00 6.439928e+00 9.092801e+00 5.018345e+00 4.198435e+00 3.779973e+00 3.281186e+00 1.386926e+00 8.993201e+00 5.390492e-01 8.580975e-01 7.990922e-01 4.639349e-01 4.294161e-01 4.666444e-01 1.068849e+00 7.937511e-01 8.262529e-01 1.269362e+00 1.141259e+00 3.202579e-01 7.147459e-01
<GCONST> 1.297654e+02
<STATE> 5
<NUMMIXES> 4
<MIXTURE> 1 2.426471e-01
<MEAN> 39
 -1.574434e+00 1.054453e+01 5.215840e+00 1.094526e+01 5.496318e+00 -7.122844e-01 -2.322202e+00 -5.433317e+00 -2.474732e+00 -2.255991e+00 -3.744695e+00 -2.172265e+00 -1.390016e+01 -1.319053e+00 5.905821e-01 -2.489201e-01 1.813893e+00 1.140473e+00 2.109133e+00 9.596999e-01 7.129642e-02 -2.409924e-01 -3.523689e-01 4.788340e-01 1.449992e-01 -3.996731e+00 -5.918020e-01 -1.007998e+00 -5.004795e-01 -1.038613e+00 -2.510390e-01 -8.108078e-02 5.120658e-01 6.462973e-01 5.636214e-01 3.675377e-01 3.514969e-01 6.351919e-01 1.345587e+00
<VARIANCE> 39
 2.432772e+01 1.894967e+01 2.565822e+01 1.562818e+01 2.323238e+01 2.959071e+01 3.644196e+01 2.497236e+01 3.586749e+01 3.162595e+01 1.264597e+01 1.839190e+01 2.312805e+01 7.062396e+00 3.609988e+00 3.374122e+00 3.764330e+00 4.825728e+00 2.648396e+00 3.163631e+00 3.792149e+00 4.511769e+00 3.850057e+00 5.444789e+00 3.733036e+00 4.283559e+00 9.990143e-01 5.047265e-01 4.591488e-01 5.804747e-01 7.388387e-01 6.750087e-01 5.907060e-01 6.732828e-01 6.946625e-01 7.378768e-01 4.943211e-01 6.538140e-01 1.178711e+00
<GCONST> 1.256512e+02
<MIXTURE> 2 3.823529e-01
<MEAN> 39
 -1.009893e+01 2.704971e+00 3.516847e+00 8.994935e-01 5.388858e+00 3.574322e-01 4.533597e+00 3.693151e+00 8.152449e-01 1.812745e-01 -1.081887e+00 1.670148e+00 -3.079229e-01 -2.618304e+00 -2.776504e-01 -1.102121e+00 -5.457206e-01 4.075242e-01 4.362126e-01 1.139633e+00 5.556038e-01 1.058038e-02 5.873509e-01 7.552225e-01 7.788982e-01 2.290747e-01 2.730660e-01 -8.083945e-03 -1.826296e-01 3.331717e-03 -2.557975e-01 -1.905114e-01 -3.718078e-01 -2.853431e-01 -7.121778e-02 4.452294e-02 -1.035390e-01 -3.738328e-02 4.410092e-02
<VARIANCE> 39
 3.830802e+01 5.706433e+01 3.002433e+01 2.665357e+01 4.839344e+01 2.445718e+01 2.721426e+01 4.452393e+01 3.285178e+01 2.120434e+01 2.641751e+01 2.417072e+01 1.554408e+01 5.098153e+00 1.437505e+00 1.614899e+00 1.911639e+00 2.614151e+00 2.768856e+00 2.871816e+00 3.118252e+00 1.577896e+00 1.888685e+00 1.642779e+00 1.780381e+00 2.492401e+00 2.674063e-01 2.240470e-01 1.625255e-01 2.564521e-01 5.082103e-01 3.693288e-01 4.099934e-01 5.162969e-01 5.187405e-01 4.678227e-01 2.497436e-01 2.919087e-01 8.747929e-02
<GCONST> 1.106569e+02
<MIXTURE> 3 1.617647e-01
<MEAN> 39
 -8.645089e+00 5.328791e+00 1.291842e+00 9.713106e+00 7.678605e+00 3.770607e+00 5.405703e+00 1.572265e+00 3.799574e+00 3.881013e+00 5.122734e+00 2.667108e+00 -1.982932e+01 -1.055696e+00 6.293690e-01 -1.088550e+00 1.250463e+00 7.317470e-01 1.597079e+00 1.968502e+00 6.505872e-02 -3.758148e-01 1.094219e-01 6.847067e-01 5.680896e-01 -3.488924e+00 2.006891e-01 -8.839772e-01 -1.909072e-02 -1.000911e+00 -6.167997e-01 -7.464491e-01 -2.483311e-01 -3.916439e-01 -3.376866e-01 -5.042797e-01 -6.731017e-01 -1.589165e-01 2.328075e+00
<VARIANCE> 39
 1.488438e+01 1.540768e+01 1.202436e+01 2.141591e+01 3.393005e+01 1.946392e+01 2.457143e+01 3.903387e+01 2.806832e+01 2.267125e+01 2.004202e+01 1.799275e+01 1.986800e+01 7.643075e+00 3.498156e+00 6.572564e+00 3.894941e+00 3.006898e+00 3.278158e+00 5.570897e+00 4.345566e+00 6.338570e+00 5.345735e+00 4.352043e+00 2.942316e+00 5.421553e+00 4.249653e-01 6.578574e-01 3.756481e-01 2.937098e-01 4.860913e-01 4.355093e-01 3.764184e-01 8.013465e-01 4.400273e-01 5.204325e-01 5.895954e-01 2.795438e-01 1.080808e+00
<GCONST> 1.216926e+02
<MIXTURE> 4 2.132353e-01
<MEAN> 39
 5.481725e+00 3.456038e+00 2.075458e+00 1.515829e+00 -2.580152e+00 -1.554076e+00 -4.967096e-02 -3.295164e+00 -6.073198e+00 1.179801e+00 2.469193e+00 -1.647147e+00 -4.008362e+00 3.552524e-01 7.516542e-01 -1.156169e+00 -1.463753e-01 -2.912225e-01 1.201399e+00 -1.432754e-01 -8.091525e-01 -2.993465e-01 -1.908500e-01 7.900102e-01 -1.346120e-01 -5.660482e-01 -8.150898e-01 -3.506059e-01 -1.075424e-01 -2.302035e-01 3.363640e-01 1.621162e-01 1.187557e-01 1.457316e-01 6.991175e-01 -4.840545e-02 -3.167953e-01 1.325606e-01 3.375545e-01
<VARIANCE> 39
 3.524238e+01 1.763426e+01 2.714321e+01 6.688280e+01 3.103184e+01 6.740704e+01 6.207089e+01 1.959134e+01 3.259911e+01 3.448054e+01 2.299487e+01 2.999872e+01 1.672350e+01 5.593214e+00 2.195687e+00 4.504559e+00 1.044285e+01 6.142904e+00 8.532063e+00 4.226927e+00 6.192171e+00 6.968289e+00 4.825410e+00 3.768084e+00 3.165159e+00 8.910166e+00 4.821085e-01 7.285680e-01 4.427036e-01 1.002455e+00 5.330700e-01 7.628967e-01 1.164369e+00 6.110727e-01 7.397177e-01 1.185749e+00 6.478482e-01 6.040189e-01 4.634810e-01
<GCONST> 1.335675e+02
<TRANSP> 6
 0.000000e+00 1.000000e+00 0.000000e+00 0.000000e+00 0.000000e+00 0.000000e+00
 0.000000e+00 2.600000e-01 7.400000e-01 0.000000e+00 0.000000e+00 0.000000e+00
 0.000000e+00 0.000000e+00 1.777778e-01 8.222222e-01 0.000000e+00 0.000000e+00
 0.000000e+00 0.000000e+00 0.000000e+00 1.328125e-01 8.671875e-01 0.000000e+00
 0.000000e+00 0.000000e+00 0.000000e+00 0.000000e+00 1.838235e-01 8.161765e-01
 0.000000e+00 0.000000e+00 0.000000e+00 0.000000e+00 0.000000e+00 0.000000e+00
<ENDHMM>
