~o
<STREAMINFO> 1 39
<VECSIZE> 39<NULLD><MFCC_D_A_Z_0><DIAGC>
~h "axr"
<BEGINHMM>
<NUMSTATES> 6
<STATE> 2
<NUMMIXES> 4
<MIXTURE> 1 2.155642e-01
<MEAN> 39
 8.876350e+00 -7.505024e+00 5.293312e-01 1.351149e+00 -7.525002e+00 -1.010383e+01 2.131276e+00 6.478858e+00 -4.196357e+00 9.810650e-01 1.791377e+00 -1.912093e+00 4.782910e+00 7.651928e-01 -5.678608e-01 -1.717764e+00 1.109611e+00 1.343102e+00 -1.370021e+00 -3.694235e-01 2.016821e+00 8.016211e-02 -1.090547e+00 4.106549e-01 2.482837e-01 -2.103744e-01 -1.681604e-01 3.794143e-01 1.725585e-02 -8.640338e-02 2.897171e-01 3.249189e-01 -4.395572e-01 -3.842130e-01 2.665884e-01 -1.373888e-01 -2.367503e-01 9.370594e-02 -1.911290e-01
<VARIANCE> 39
 1.068985e+01 2.038257e+01 4.845544e+01 3.364075e+01 3.449931e+01 5.463448e+01 3.849363e+01 5.162164e+01 4.031543e+01 3.872889e+01 4.060363e+01 2.692785e+01 1.394103e+01 4.438779e-01 7.895011e-01 1.787440e+00 1.453047e+00 2.165518e+00 2.062623e+00 2.704003e+00 1.963199e+00 3.100250e+00 2.059128e+00 2.011785e+00 1.992068e+00 3.646730e-01 9.378006e-02 1.787021e-01 1.798347e-01 2.815281e-01 2.838266e-01 4.032136e-01 3.036598e-01 4.209424e-01 3.586807e-01 4.078550e-01 3.836646e-01 3.053468e-01 7.958160e-02
<GCONST> 1.039895e+02
<MIXTURE> 2 2.573282e-01
<MEAN> 39
 7.500811e+00 -5.604088e+00 2.783989e+00 1.054827e+00 -7.336940e+00 -8.253245e+00 -5.064083e+00 1.336474e+00 -7.175077e-01 -6.288623e-01 2.281310e-01 -4.417691e-01 5.527034e+00 2.995039e+00 -2.066468e+00 -1.221990e+00 1.059088e-01 -2.357717e-01 -2.017351e+00 -1.518222e+00 1.900475e+00 -2.971124e-01 -2.244197e-01 3.439710e-01 3.537263e-01 4.097337e-01 -8.665838e-01 5.268350e-01 -2.074127e-01 1.476095e-01 8.713588e-01 5.983633e-01 2.545556e-01 1.872167e-02 2.120018e-01 -6.569698e-02 4.707578e-02 1.636826e-01 -4.601628e-01
<VARIANCE> 39
 2.164367e+01 2.595508e+01 4.767627e+01 3.839539e+01 3.699922e+01 4.596542e+01 4.806640e+01 4.577177e+01 5.317845e+01 4.403450e+01 3.102268e+01 2.542204e+01 1.052951e+01 4.270729e+00 2.809290e+00 3.929461e+00 4.123876e+00 5.352820e+00 5.718097e+00 7.390476e+00 5.413096e+00 4.800524e+00 4.173246e+00 3.402763e+00 2.855449e+00 1.330614e+00 8.229871e-01 5.400754e-01 5.080476e-01 6.332853e-01 6.693533e-01 1.078351e+00 8.729109e-01 9.495888e-01 8.717325e-01 7.722397e-01 6.300617e-01 5.362712e-01 3.210208e-01
<GCONST> 1.303005e+02
<MIXTURE> 3 3.027237e-01
<MEAN> 39
 1.083082e+01 -6.471934e+00 -5.872503e+00 5.486947e+00 -2.186840e-01 -1.097068e+01 -1.083607e+01 9.168968e+00 4.937427e+00 -4.193083e+00 4.450116e-01 4.228003e+00 3.579340e+00 5.950810e-01 1.685463e-01 -1.866454e+00 -2.576268e-02 1.785011e+00 -1.986217e-02 -1.638105e+00 3.251202e-01 1.425411e+00 2.082829e-01 -8.018276e-01 1.339505e-02 -3.454681e-01 -2.633283e-01 2.609404e-01 3.291046e-01 -1.246562e-01 -1.282872e-01 3.162172e-01 4.838800e-01 -6.029375e-01 -3.079185e-01 3.118535e-01 -2.639552e-02 -2.808449e-01 -1.390043e-01
<VARIANCE> 39
 1.021647e+01 1.948740e+01 5.319068e+01 2.745436e+01 4.093935e+01 6.061842e+01 5.294088e+01 5.646417e+01 5.430925e+01 2.890290e+01 3.220948e+01 2.778914e+01 1.403091e+01 4.289420e-01 8.173081e-01 1.655010e+00 1.239561e+00 2.110082e+00 2.040317e+00 2.792642e+00 2.831912e+00 2.854239e+00 2.591895e+00 2.230461e+00 1.666313e+00 3.998327e-01 1.030396e-01 1.436338e-01 2.194255e-01 2.316387e-01 3.412085e-01 3.790968e-01 3.998932e-01 4.107963e-01 3.736151e-01 3.455921e-01 3.633756e-01 2.923785e-01 7.189476e-02
<GCONST> 1.045036e+02
<MIXTURE> 4 2.243839e-01
<MEAN> 39
 1.372773e+01 -3.458551e+00 -1.248036e+01 1.813769e+00 5.085700e+00 -6.541325e+00 -1.236951e+01 1.188130e+00 3.715019e+00 1.136384e-01 2.599639e-01 8.444797e-01 2.869926e+00 1.824004e+00 -8.190744e-01 -1.509169e+00 -3.737997e-01 5.758846e-01 -1.003671e+00 -2.468121e+00 1.063873e+00 9.989775e-01 3.697149e-02 -1.978231e-01 1.621518e-01 6.643115e-01 -1.170212e+00 1.153315e-01 8.493844e-01 2.056388e-01 -2.396774e-01 4.207087e-01 9.739857e-01 -8.222270e-02 -1.614519e-01 7.703094e-03 1.422043e-02 -4.228212e-02 -2.892368e-01
<VARIANCE> 39
 1.065011e+01 1.471081e+01 3.764658e+01 3.085745e+01 3.546024e+01 5.992879e+01 6.302449e+01 5.574446e+01 5.605700e+01 3.283301e+01 3.020313e+01 2.725852e+01 8.357556e+00 3.340546e+00 1.846138e+00 4.250196e+00 2.933614e+00 3.889801e+00 4.718918e+00 5.698145e+00 5.005373e+00 4.621312e+00 3.656391e+00 2.884544e+00 2.128892e+00 9.575499e-01 6.995915e-01 3.438693e-01 5.517471e-01 4.959251e-01 4.914310e-01 8.127860e-01 9.749138e-01 7.233075e-01 7.318602e-01 5.526546e-01 5.089272e-01 4.198238e-01 2.255275e-01
<GCONST> 1.232452e+02
<STATE> 3
<NUMMIXES> 4
<MIXTURE> 1 2.506837e-01
<MEAN> 39
 1.078570e+01 -7.739924e+00 -6.882380e+00 4.856803e+00 -5.755412e-01 -1.274975e+01 -1.910437e+00 1.142670e+01 7.653080e-02 -3.010141e+00 1.000972e+00 4.179896e-01 2.822482e+00 1.620330e-01 3.715529e-01 -8.156311e-01 4.269495e-01 7.979987e-01 -1.378546e-01 -4.933834e-01 9.325479e-02 3.330178e-01 -3.099360e-01 -3.253953e-01 1.057292e-01 -4.815425e-01 -1.163947e-01 1.586140e-01 2.676696e-01 -3.162463e-02 -1.795476e-01 2.886537e-01 3.115293e-02 -3.552617e-01 -5.876430e-02 6.202475e-02 -5.478664e-02 -6.681858e-02 -9.807719e-02
<VARIANCE> 39
 7.158222e+00 1.464390e+01 3.231575e+01 1.973145e+01 4.053726e+01 6.059421e+01 5.843863e+01 3.062937e+01 4.796791e+01 2.639120e+01 2.701463e+01 2.266889e+01 1.334715e+01 1.953185e-01 3.660327e-01 1.126095e+00 6.720250e-01 1.259512e+00 1.245454e+00 1.479910e+00 1.115635e+00 1.181698e+00 1.319225e+00 9.917131e-01 8.846479e-01 1.929064e-01 2.557711e-02 5.660824e-02 9.378720e-02 9.933200e-02 1.385015e-01 1.735730e-01 2.044870e-01 1.758042e-01 1.698944e-01 1.627757e-01 1.748084e-01 1.443879e-01 2.481141e-02
<GCONST> 8.170712e+01
<MIXTURE> 2 3.279398e-01
<MEAN> 39
 1.331192e+01 -3.001549e+00 -1.568320e+01 2.336395e+00 7.500638e+00 -5.596756e+00 -1.409839e+01 1.531717e+00 9.524450e+00 2.087390e+00 -1.996582e+00 1.299051e+00 1.822596e+00 9.272345e-03 3.095528e-01 -4.426686e-01 -2.124684e-01 4.984192e-01 2.672235e-01 -1.311335e-02 -2.844781e-01 1.932739e-01 2.304108e-01 -7.544077e-02 -1.795091e-01 -2.848630e-01 -1.961440e-01 -5.053272e-02 3.634320e-01 1.307783e-01 -2.941305e-01 4.979718e-03 5.144024e-01 9.950365e-02 -2.554362e-01 -1.679909e-01 5.719404e-02 2.333468e-02 -5.201624e-02
<VARIANCE> 39
 7.133935e+00 1.656736e+01 3.899870e+01 2.880477e+01 3.223418e+01 4.474948e+01 5.295856e+01 7.568005e+01 4.320567e+01 3.434695e+01 2.389912e+01 2.290958e+01 1.283669e+01 1.774748e-01 6.898478e-01 9.758877e-01 1.018329e+00 1.200768e+00 1.334250e+00 1.613688e+00 1.685163e+00 1.328899e+00 1.356645e+00 1.112783e+00 9.432843e-01 2.742593e-01 5.228107e-02 1.226473e-01 1.635601e-01 1.407170e-01 2.365677e-01 2.416348e-01 2.567599e-01 2.968513e-01 2.507179e-01 2.410294e-01 2.214543e-01 1.712148e-01 6.231327e-02
<GCONST> 9.080198e+01
<MIXTURE> 3 2.247037e-01
<MEAN> 39
 1.225346e+01 -6.644395e+00 -4.653491e+00 4.201512e+00 4.245346e-01 -7.762986e+00 -1.641473e+01 4.982351e+00 5.148955e+00 -4.481124e+00 6.087449e-01 2.523685e+00 4.239111e+00 -1.712481e-01 5.670903e-01 8.492982e-02 7.219512e-01 2.740641e-01 6.324298e-02 3.991070e-01 -7.386841e-01 1.249082e-01 -2.692631e-02 -8.134338e-01 1.132541e-01 -8.623611e-01 -1.118242e+00 8.564460e-01 5.695021e-01 2.091007e-01 7.665404e-02 4.395097e-01 1.671826e+00 -6.094838e-01 -6.099436e-01 2.949545e-01 -1.609973e-01 -2.167462e-01 -6.979913e-01
<VARIANCE> 39
 1.265789e+01 1.841758e+01 6.316118e+01 3.256873e+01 5.237443e+01 3.766474e+01 6.333788e+01 5.334962e+01 3.840273e+01 3.982240e+01 3.235057e+01 2.832069e+01 1.074728e+01 1.533210e+00 1.810436e+00 4.100750e+00 2.775808e+00 4.337453e+00 3.597960e+00 5.193304e+00 4.757192e+00 3.620462e+00 3.580314e+00 3.048380e+00 2.420959e+00 1.325150e+00 6.457571e-01 4.666028e-01 6.382386e-01 6.055179e-01 8.647214e-01 7.518846e-01 9.625521e-01 7.291279e-01 7.233271e-01 6.547622e-01 6.731713e-01 5.266756e-01 4.208876e-01
<GCONST> 1.256632e+02
<MIXTURE> 4 1.966727e-01
<MEAN> 39
 1.126915e+01 -8.532679e+00 -3.281074e+00 1.399647e+00 -7.669000e-01 -1.598801e+01 -4.399921e+00 1.169614e+01 -6.021868e+00 1.125660e+00 3.080641e-01 -5.224352e-01 5.523670e+00 6.430882e-02 1.352854e-01 2.359767e-01 4.655590e-01 1.554830e-02 -1.868999e-01 -3.189284e-01 8.874445e-02 1.723145e-01 -5.370686e-01 1.993173e-01 4.091817e-01 -4.431986e-01 -7.481528e-01 8.739374e-01 5.208601e-01 3.381932e-01 -2.676076e-01 1.206883e+00 2.321425e-01 -1.328892e+00 4.914566e-01 -3.467693e-01 1.729670e-02 -7.355271e-02 -6.546881e-01
<VARIANCE> 39
 1.081792e+01 1.391579e+01 7.225768e+01 2.291260e+01 5.675222e+01 5.093033e+01 4.344826e+01 4.186388e+01 3.251896e+01 3.432033e+01 2.950190e+01 2.375763e+01 8.158049e+00 6.669843e-01 1.330626e+00 3.073623e+00 1.733522e+00 3.560323e+00 4.047565e+00 3.184857e+00 3.970081e+00 2.896638e+00 3.079545e+00 2.337365e+00 2.071467e+00 6.509681e-01 3.850622e-01 3.337363e-01 4.177381e-01 4.582782e-01 6.929632e-01 8.654627e-01 6.262464e-01 6.365160e-01 6.227477e-01 5.408443e-01 4.915234e-01 4.366545e-01 2.780131e-01
<GCONST> 1.162994e+02
<STATE> 4
<NUMMIXES> 4
<MIXTURE> 1 2.824015e-01
<MEAN> 39
 1.159552e+01 -5.954566e+00 -8.327459e+00 6.571434e+00 3.165064e-01 -1.156425e+01 -5.309475e+00 1.011958e+01 1.767394e+00 -4.366762e+00 9.480439e-02 6.451358e-01 1.372333e+00 -5.475681e-01 5.790735e-01 7.597715e-01 5.480587e-01 -1.626764e-01 6.989703e-01 7.742440e-01 -6.493942e-01 -3.620255e-01 -4.862197e-01 -2.340110e-01 -7.428634e-02 -6.829522e-01 -3.844522e-01 1.419106e-01 5.243704e-01 -1.051999e-01 -2.024811e-02 5.350659e-01 3.677467e-01 -4.673266e-01 -2.070654e-01 1.477875e-01 -3.192084e-02 -8.931716e-02 -1.526147e-01
<VARIANCE> 39
 9.401157e+00 1.577176e+01 4.115728e+01 2.314387e+01 3.631844e+01 4.995229e+01 5.379364e+01 3.570585e+01 4.586271e+01 3.262535e+01 2.512204e+01 2.699506e+01 1.581243e+01 3.838117e-01 1.191047e+00 2.528655e+00 1.387634e+00 3.009315e+00 1.931931e+00 2.875680e+00 2.541517e+00 2.251862e+00 2.156783e+00 2.037275e+00 1.776750e+00 7.486600e-01 9.906049e-02 1.644429e-01 2.121104e-01 2.784575e-01 2.782405e-01 3.250260e-01 3.492046e-01 3.612643e-01 3.098530e-01 3.068886e-01 2.550116e-01 3.115095e-01 8.586223e-02
<GCONST> 1.032289e+02
<MIXTURE> 2 2.315756e-01
<MEAN> 39
 1.349259e+01 -2.178005e+00 -1.650378e+01 1.210423e+00 8.702768e+00 -5.062210e+00 -1.405979e+01 -3.595510e-02 8.876053e+00 2.321067e+00 -1.909998e+00 1.437229e+00 1.344526e+00 -4.272414e-01 2.548344e-01 3.906157e-01 7.488332e-02 -3.651991e-01 2.375756e-01 1.565672e+00 1.766530e-01 -7.332436e-01 -4.143426e-01 8.894369e-02 1.741961e-01 -5.191692e-01 -3.942195e-01 -2.645943e-02 7.137856e-01 8.968014e-02 -5.270228e-01 1.893719e-01 8.701977e-01 2.279230e-01 -5.751377e-01 -2.867210e-01 2.087579e-01 -2.166875e-02 -9.338707e-02
<VARIANCE> 39
 9.700218e+00 1.615870e+01 3.696507e+01 3.323801e+01 3.219905e+01 4.336523e+01 4.947924e+01 6.115515e+01 4.912910e+01 3.743343e+01 3.478196e+01 2.618849e+01 1.397524e+01 5.488730e-01 1.945285e+00 2.109593e+00 1.935941e+00 2.910795e+00 3.821350e+00 3.431921e+00 5.307753e+00 3.359297e+00 3.234440e+00 2.473250e+00 1.994721e+00 1.153793e+00 1.196834e-01 1.687357e-01 2.352532e-01 3.084311e-01 3.235962e-01 4.878426e-01 4.126430e-01 4.939328e-01 5.295101e-01 4.575995e-01 4.563940e-01 3.529112e-01 1.435225e-01
<GCONST> 1.118324e+02
<MIXTURE> 3 2.515883e-01
<MEAN> 39
 1.169893e+01 -3.068245e+00 -7.582458e+00 5.773240e+00 2.811742e+00 -9.920214e+00 -1.045874e+01 2.726616e+00 3.127278e+00 -2.086034e+00 -1.499520e+00 1.714345e+00 4.367384e-01 -2.888152e+00 2.177830e+00 2.389387e+00 1.058686e+00 2.661873e-03 1.716212e+00 2.970549e+00 -1.532687e+00 -7.502831e-01 -1.469348e-01 -1.454290e-01 -3.666638e-01 -2.484041e+00 -1.251021e+00 3.340181e-01 7.619281e-01 -1.218832e-01 -3.236829e-02 9.496428e-01 8.354440e-01 -1.269520e-01 -2.134871e-01 1.336148e-01 1.980408e-01 -1.973629e-01 -4.505876e-01
<VARIANCE> 39
 1.454800e+01 2.018665e+01 4.592432e+01 3.703004e+01 3.784026e+01 5.970555e+01 5.617339e+01 6.316605e+01 5.056932e+01 4.312317e+01 3.438605e+01 3.321193e+01 1.606073e+01 3.419793e+00 3.454223e+00 5.129968e+00 3.056043e+00 6.011229e+00 5.721683e+00 7.390324e+00 6.936605e+00 5.504377e+00 4.387556e+00 3.696186e+00 3.063104e+00 4.884763e+00 4.982018e-01 4.680013e-01 5.379013e-01 6.944299e-01 5.778965e-01 9.200122e-01 8.006357e-01 8.602660e-01 7.716328e-01 7.616253e-01 5.939786e-01 5.262365e-01 5.096042e-01
<GCONST> 1.322793e+02
<MIXTURE> 4 2.344346e-01
<MEAN> 39
 7.890124e+00 -6.194985e+00 6.089262e+00 4.373075e+00 -9.180470e+00 -1.043938e+01 -4.940363e+00 2.261914e+00 -3.445199e+00 -3.631744e+00 7.669877e-01 1.755536e+00 3.766915e+00 -1.765057e+00 2.929631e+00 9.442366e-01 1.413952e+00 2.900314e-01 2.046217e+00 1.108943e+00 -2.875242e+00 6.151066e-01 -4.712338e-01 -8.869762e-01 -4.743966e-01 -2.567886e+00 -7.666701e-01 1.059522e+00 -2.096107e-01 4.036918e-02 1.136515e+00 6.157179e-01 1.450256e-01 -1.770276e-01 1.288101e-01 1.776859e-01 -1.526515e-01 -3.489254e-01 -8.339354e-01
<VARIANCE> 39
 1.125957e+01 1.686370e+01 2.746027e+01 4.313091e+01 3.002847e+01 4.227734e+01 3.565232e+01 3.650822e+01 4.831691e+01 4.184849e+01 3.780317e+01 2.653741e+01 1.195450e+01 2.208972e+00 2.764306e+00 3.866756e+00 5.670607e+00 5.023286e+00 5.678658e+00 7.159519e+00 4.411323e+00 4.715155e+00 5.008912e+00 4.060670e+00 3.091239e+00 4.598954e+00 4.440801e-01 4.175048e-01 4.289117e-01 7.724040e-01 6.078492e-01 8.343866e-01 7.499352e-01 7.586211e-01 7.591031e-01 7.547698e-01 7.093518e-01 4.905169e-01 5.711773e-01
<GCONST> 1.280348e+02
<STATE> 5
<NUMMIXES> 4
<MIXTURE> 1 3.541147e-01
<MEAN> 39
 1.266918e-01 3.492818e+00 5.033888e+00 4.817779e+00 -9.294738e-01 -3.309944e+00 -2.065683e+00 -2.540840e+00 -2.442515e-01 -1.972751e+00 -1.086039e+00 -5.018907e-01 -2.652005e+00 -4.596106e+00 2.463911e+00 1.298680e+00 1.146493e-01 1.769194e+00 2.847594e+00 2.016552e+00 -7.757819e-01 1.081388e-01 3.364652e-01 -3.887566e-02 -4.028902e-01 -2.106879e+00 4.778708e-03 -5.979133e-01 -7.033455e-01 -2.486104e-01 2.844749e-01 -6.814759e-02 -2.503603e-01 7.343625e-01 1.403964e-01 1.745192e-01 2.238615e-01 2.078037e-01 3.545845e-01
<VARIANCE> 39
 5.558704e+01 3.296786e+01 5.584913e+01 5.065572e+01 5.421581e+01 3.904356e+01 5.169251e+01 4.110468e+01 4.149496e+01 3.741503e+01 2.894265e+01 2.473093e+01 5.710394e+01 6.256953e+00 5.034129e+00 5.840127e+00 6.136939e+00 6.390521e+00 6.096426e+00 6.584125e+00 6.060416e+00 5.043149e+00 4.238203e+00 3.817030e+00 2.792886e+00 7.974811e+00 8.122985e-01 7.680992e-01 7.051690e-01 9.732471e-01 1.097112e+00 8.867452e-01 1.130993e+00 9.564718e-01 7.792020e-01 7.700899e-01 5.885513e-01 4.781711e-01 8.530213e-01
<GCONST> 1.395717e+02
<MIXTURE> 2 2.082294e-01
<MEAN> 39
 9.268629e+00 1.126487e+00 -1.134023e+01 7.303680e+00 8.400147e+00 -6.367905e+00 -6.774801e+00 4.644149e+00 7.977411e+00 -1.544725e+00 -4.973333e+00 1.584581e+00 -4.738565e+00 -1.366860e+00 5.364598e-01 1.062872e+00 1.124363e+00 8.425000e-01 1.586024e+00 1.963180e+00 -1.269925e-01 -4.912157e-01 -5.740848e-01 -4.919257e-01 -4.242723e-02 -1.431047e+00 -3.733902e-01 -5.081658e-01 2.999130e-01 4.027046e-02 -1.407023e-01 1.094235e-01 3.128433e-01 1.136762e-01 -2.694345e-01 -5.881649e-02 2.641748e-01 4.603833e-02 7.327338e-02
<VARIANCE> 39
 1.132804e+01 1.257138e+01 3.409027e+01 2.833989e+01 3.449007e+01 3.406443e+01 4.963638e+01 5.653419e+01 4.369071e+01 5.870659e+01 3.092301e+01 2.399242e+01 9.093175e+00 1.179198e+00 1.656623e+00 2.443932e+00 1.940761e+00 2.534814e+00 2.928735e+00 4.159079e+00 2.981180e+00 2.368102e+00 2.566019e+00 2.122880e+00 1.688892e+00 6.567485e-01 1.658912e-01 2.163050e-01 3.057803e-01 2.595014e-01 3.684460e-01 3.123356e-01 4.495194e-01 4.244287e-01 3.923624e-01 4.481222e-01 3.100163e-01 2.851536e-01 8.983285e-02
<GCONST> 1.083396e+02
<MIXTURE> 3 1.901496e-01
<MEAN> 39
 5.304781e+00 -1.477695e+00 -2.726472e+00 1.301971e+01 4.576931e+00 -5.641841e+00 5.189266e-01 5.809309e+00 7.864951e-01 -7.452694e+00 -3.664507e+00 1.248799e+00 -6.613014e+00 -2.362455e+00 1.338167e+00 1.398014e+00 1.005647e+00 1.239913e+00 2.114613e+00 2.130668e+00 -9.343502e-01 -7.225096e-01 9.000034e-02 -2.903827e-01 -5.324937e-01 -2.669331e+00 -1.710069e-01 -1.889643e-01 -6.228870e-02 -7.335435e-01 -2.418572e-01 7.700767e-02 -3.699121e-01 -1.168158e-01 1.231253e-01 5.402007e-01 4.371972e-01 -1.880698e-02 2.527495e-01
<VARIANCE> 39
 1.328786e+01 2.222742e+01 4.333028e+01 2.763414e+01 5.686392e+01 4.940670e+01 5.172440e+01 4.883424e+01 6.398691e+01 3.859669e+01 4.166060e+01 3.255026e+01 1.438296e+01 1.675315e+00 7.457800e+00 3.085707e+00 3.574935e+00 3.862604e+00 4.157684e+00 5.245239e+00 4.396787e+00 4.361528e+00 4.100666e+00 3.458652e+00 3.686227e+00 4.129405e+00 2.079479e-01 3.975914e-01 4.816976e-01 4.795002e-01 6.112790e-01 8.670028e-01 6.740321e-01 5.807291e-01 6.677125e-01 4.897528e-01 5.990806e-01 5.572296e-01 2.430698e-01
<GCONST> 1.264463e+02
<MIXTURE> 4 2.475062e-01
<MEAN> 39
 1.100241e+01 -5.339802e+00 -7.579069e+00 6.613657e-01 -1.343660e+00 -4.383146e+00 -2.296725e+00 2.815067e+00 -1.245665e+00 -7.744342e-02 1.447021e+00 -1.187282e-01 3.639286e+00 -9.369552e-01 6.903458e-01 1.751541e+00 -1.320221e+00 -1.085386e+00 1.660976e+00 1.923467e+00 -1.259105e+00 -1.409203e+00 3.323640e-01 2.646648e-01 -7.192850e-01 -2.803822e-01 -8.577430e-02 2.220234e-01 9.549911e-02 -2.852177e-01 2.241357e-01 2.187677e-01 -2.706561e-01 -2.107397e-01 2.373444e-01 9.225550e-02 -2.163796e-01 -5.213942e-02 -4.570776e-02
<VARIANCE> 39
 1.475367e+01 3.300183e+01 7.935580e+01 4.414431e+01 4.688888e+01 7.121214e+01 6.444550e+01 7.899356e+01 6.343808e+01 5.005645e+01 3.656788e+01 3.723164e+01 1.479480e+01 7.701352e-01 2.237433e+00 2.631831e+00 3.437630e+00 3.920376e+00 4.308380e+00 5.609795e+00 4.689656e+00 5.045562e+00 3.239804e+00 3.419324e+00 2.691743e+00 1.574978e+00 1.023823e-01 2.295883e-01 3.139555e-01 4.428506e-01 4.653181e-01 6.771451e-01 5.787442e-01 8.080997e-01 6.248261e-01 6.403301e-01 5.060732e-01 5.341716e-01 1.076939e-01
<GCONST> 1.228692e+02
<TRANSP> 6
 0.000000e+00 1.000000e+00 0.000000e+00 0.000000e+00 0.000000e+00 0.000000e+00
 0.000000e+00 5.891051e-01 4.108949e-01 0.000000e+00 0.000000e+00 0.000000e+00
 0.000000e+00 0.000000e+00 6.390155e-01 3.609845e-01 0.000000e+00 0.000000e+00
 0.000000e+00 0.000000e+00 0.000000e+00 4.968234e-01 5.031766e-01 0.000000e+00
 0.000000e+00 0.000000e+00 0.000000e+00 0.000000e+00 5.062344e-01 4.937656e-01
 0.000000e+00 0.000000e+00 0.000000e+00 0.000000e+00 0.000000e+00 0.000000e+00
<ENDHMM>
