~o
<STREAMINFO> 1 39
<VECSIZE> 39<NULLD><MFCC_D_A_Z_0><DIAGC>
~h "b"
<BEGINHMM>
<NUMSTATES> 6
<STATE> 2
<NUMMIXES> 4
<MIXTURE> 1 4.715909e-01
<MEAN> 39
 -5.784328e+00 -1.980805e+00 5.281546e-01 4.979023e+00 3.355812e+00 1.641556e+00 3.667083e+00 4.086119e+00 8.282537e+00 1.468773e+00 4.098369e+00 1.338342e+00 -5.206122e-01 3.196602e+00 -1.561467e+00 -1.018759e+00 -2.520210e+00 -1.494644e+00 -2.535858e+00 -1.185350e+00 -5.874654e-02 -5.490859e-01 3.683189e-01 -9.831856e-01 -4.578154e-01 4.978779e+00 1.363434e+00 6.467154e-01 -3.196766e-03 -4.459716e-01 -2.105010e-01 -5.513517e-01 -1.002134e+00 -7.955690e-01 -1.317470e+00 5.823945e-03 -5.504222e-01 -3.330182e-01 -7.272748e-01
<VARIANCE> 39
 1.397994e+01 2.338117e+01 2.598531e+01 2.486094e+01 3.792134e+01 1.894516e+01 3.360902e+01 2.081404e+01 1.553118e+01 2.880004e+01 3.084820e+01 1.495586e+01 2.811768e+01 3.942015e+00 2.329033e+00 5.144639e+00 4.651060e+00 3.850973e+00 4.203356e+00 4.585266e+00 3.865406e+00 4.799609e+00 4.367655e+00 3.866372e+00 2.895368e+00 5.473513e+00 5.599276e-01 7.178898e-01 7.168064e-01 8.294905e-01 1.034283e+00 8.861184e-01 1.020001e+00 1.598132e+00 7.888055e-01 1.031432e+00 1.272409e+00 6.223484e-01 7.553204e-01
<GCONST> 1.290982e+02
<MIXTURE> 2 3.295455e-01
<MEAN> 39
 -5.746048e+00 -1.550868e+00 -1.959737e+00 2.218713e+00 3.442816e+00 -1.659424e+00 2.563841e+00 -1.335090e+00 1.541084e+00 4.769122e-01 2.165600e-01 2.482689e+00 5.232190e-01 3.047595e+00 -1.199219e+00 -5.134026e-01 -2.381810e+00 -2.157080e+00 -1.123041e+00 -1.102361e+00 -4.437469e-01 -6.570927e-01 5.302392e-02 7.033662e-01 1.516361e-01 5.173941e+00 1.171233e+00 8.135135e-01 4.358793e-01 -8.288986e-02 -2.518700e-01 6.594362e-01 -5.707587e-01 -1.892430e-01 -5.303157e-01 -9.916668e-02 1.329439e-01 -1.370778e-01 -1.068390e+00
<VARIANCE> 39
 1.595726e+01 1.285795e+01 1.984170e+01 2.337034e+01 2.185196e+01 2.693921e+01 2.088391e+01 3.016562e+01 2.169462e+01 2.591461e+01 2.092514e+01 2.191532e+01 1.482714e+01 3.866863e+00 3.058005e+00 6.330980e+00 4.214894e+00 5.149226e+00 3.961535e+00 3.641670e+00 4.349416e+00 3.160342e+00 3.119650e+00 2.259474e+00 2.727158e+00 4.711495e+00 7.646375e-01 4.544777e-01 5.703341e-01 7.098115e-01 8.755959e-01 7.163429e-01 9.894928e-01 9.551938e-01 7.283973e-01 6.284352e-01 4.574096e-01 7.976668e-01 7.126116e-01
<GCONST> 1.236968e+02
<MIXTURE> 3 1.079545e-01
<MEAN> 39
 2.727422e+00 7.583764e+00 -5.900337e-01 2.374375e-01 2.231946e+00 5.505977e+00 3.045126e+00 -6.820243e+00 -2.525957e+00 1.072230e+00 1.203106e+00 1.718502e+00 -4.911136e+00 6.111622e-01 -2.177382e+00 -1.828829e+00 -4.322234e+00 -1.324177e+00 6.247976e-01 -2.217343e-01 1.165628e+00 1.278156e+00 1.096691e+00 9.208419e-01 2.787689e-01 4.316642e+00 2.673810e-01 -3.216285e-01 -1.226096e-01 -7.068082e-02 4.647098e-02 1.965550e-01 -1.524996e-01 2.477939e-01 -1.242822e-01 -1.789721e-01 -1.635486e-01 -2.961636e-01 -7.008531e-02
<VARIANCE> 39
 3.112663e+01 2.261075e+01 1.856622e+01 4.307001e+01 2.974853e+01 2.629508e+01 1.261856e+01 2.533120e+01 5.853902e+01 3.934288e+01 2.129688e+01 1.609413e+01 7.015376e+01 8.286432e+00 3.757442e+00 5.154617e+00 1.168131e+01 2.533876e+00 2.962846e+00 2.566592e+00 2.725316e+00 3.363377e+00 4.583018e+00 2.659136e+00 2.726165e+00 8.117023e+00 4.818074e-01 3.439548e-01 3.298277e-01 1.023255e+00 7.910410e-01 5.617574e-01 6.965358e-01 6.988599e-01 5.179483e-01 6.869570e-01 3.059998e-01 4.035452e-01 1.073862e+00
<GCONST> 1.260160e+02
<MIXTURE> 4 9.090909e-02
<MEAN> 39
 2.511463e+00 6.028130e+00 4.015740e+00 2.825356e+00 2.764292e+00 -2.960974e+00 -7.154478e+00 -5.776123e+00 -3.924010e+00 3.964436e-01 -4.200822e+00 -6.423728e+00 -4.205803e+00 4.938889e-01 -2.085831e+00 -9.062629e-01 -2.465938e+00 -1.953321e+00 -1.174146e+00 -4.245384e-01 1.321098e+00 1.123657e+00 8.262756e-01 2.859532e-01 -1.950310e-01 4.260695e+00 2.390228e-01 -4.219972e-01 -5.165738e-01 -1.852576e-02 -3.750151e-01 2.127621e-01 5.586461e-01 6.216133e-01 5.575361e-01 -4.310852e-02 2.779754e-01 7.490078e-01 6.006129e-02
<VARIANCE> 39
 3.748101e+01 1.612189e+01 4.236903e+01 3.229762e+01 4.993690e+01 2.675880e+01 4.248882e+01 4.173252e+01 2.109915e+01 4.362922e+01 2.729552e+01 4.586750e+01 1.364343e+01 5.978389e+00 4.068613e+00 7.089833e+00 1.714173e+00 5.059898e+00 2.682740e+00 7.095445e+00 4.708329e+00 3.821555e+00 5.322067e+00 1.969353e+00 2.648910e+00 6.548606e+00 1.040590e+00 8.202314e-01 8.848759e-01 8.285099e-01 1.459653e+00 4.300587e-01 1.108621e+00 1.080704e+00 4.330102e-01 8.007925e-01 6.904694e-01 9.762972e-01 8.886901e-01
<GCONST> 1.325759e+02
<STATE> 3
<NUMMIXES> 4
<MIXTURE> 1 3.483871e-01
<MEAN> 39
 -1.548402e+00 -9.111992e-01 -1.677324e+00 3.883884e+00 3.716431e+00 6.165546e-01 6.672801e-01 1.887384e+00 6.135495e+00 -1.384458e-01 3.319541e-01 -1.386193e+00 2.330402e+00 4.281537e+00 -4.437720e-01 -1.150087e+00 -3.308692e+00 -1.365425e+00 -1.857533e+00 -1.279672e+00 -8.883884e-01 -1.101064e+00 1.166614e-01 -9.953274e-01 2.038232e-02 3.327934e+00 4.538979e-01 5.102174e-01 2.750099e-01 -6.220659e-02 -7.583992e-02 1.552175e-01 -2.589892e-01 -5.109874e-01 -8.572470e-01 4.081137e-02 3.392511e-03 2.003000e-02 -1.306165e+00
<VARIANCE> 39
 2.056211e+01 1.567316e+01 1.809101e+01 1.782845e+01 1.987510e+01 1.707742e+01 4.099399e+01 1.899277e+01 2.623946e+01 1.915146e+01 2.503230e+01 1.342330e+01 2.565946e+01 2.923714e+00 3.850550e+00 5.209490e+00 8.399225e+00 5.891425e+00 1.016047e+01 5.443305e+00 5.019019e+00 4.818125e+00 6.378747e+00 7.427375e+00 3.119389e+00 7.144192e+00 7.326359e-01 4.375568e-01 4.101578e-01 5.026569e-01 6.668117e-01 7.460157e-01 1.511335e+00 7.799348e-01 7.150293e-01 5.356233e-01 8.185738e-01 5.939511e-01 5.296776e-01
<GCONST> 1.275620e+02
<MIXTURE> 2 2.387097e-01
<MEAN> 39
 -4.635615e-01 9.379522e-01 8.112861e+00 4.530065e+00 -3.917668e+00 -5.323359e+00 1.364706e+00 1.770550e+00 -1.606341e+00 -2.633697e+00 2.123764e+00 6.523979e-01 1.324215e+00 2.791261e+00 -1.069236e+00 2.824892e+00 -2.721639e+00 -4.460808e+00 -1.967027e+00 -1.866677e+00 -1.019425e+00 -2.555522e+00 8.546568e-01 -2.124479e-01 -5.350868e-01 4.174357e+00 -8.167922e-02 5.057050e-01 9.114604e-02 -1.506706e-01 3.220966e-01 7.018309e-01 -4.364347e-01 -5.563692e-01 -1.302174e-01 5.592635e-01 -2.975949e-01 -6.690834e-03 -1.369438e+00
<VARIANCE> 39
 2.288087e+01 1.137525e+01 3.113791e+01 1.642727e+01 3.400951e+01 3.401836e+01 2.752619e+01 2.739163e+01 4.132145e+01 1.781793e+01 2.175460e+01 2.935843e+01 1.958149e+01 2.236695e+00 5.469888e+00 5.115056e+00 7.246875e+00 4.219168e+00 5.093890e+00 6.762645e+00 1.365294e+01 5.793251e+00 7.063067e+00 5.698928e+00 3.999803e+00 5.067337e+00 6.572281e-01 4.905587e-01 4.724920e-01 4.186918e-01 4.498127e-01 8.013865e-01 6.621327e-01 9.194129e-01 6.809282e-01 5.104373e-01 6.185179e-01 6.041440e-01 5.781511e-01
<GCONST> 1.285038e+02
<MIXTURE> 3 2.838710e-01
<MEAN> 39
 3.247782e+00 1.262975e+00 -2.834362e+00 4.253101e+00 3.852525e+00 -8.335268e-02 -1.474720e+00 -5.476158e+00 2.648168e+00 2.291296e+00 7.542129e-01 -7.183557e-01 -2.426740e+00 5.367485e+00 -8.106405e-01 -2.863522e+00 -1.779780e+00 -5.786360e-01 -1.396917e+00 -3.305631e+00 5.688347e-01 -1.309810e+00 2.771409e-02 3.156414e-01 -4.932641e-01 2.303190e+00 2.303074e-02 1.407079e-01 -3.210220e-02 -8.205730e-04 8.586710e-02 1.279028e-01 -1.303492e-01 8.877425e-01 -3.599030e-01 -3.705751e-01 9.926914e-02 7.624375e-02 -8.034126e-01
<VARIANCE> 39
 2.260660e+01 1.300983e+01 2.376896e+01 1.507690e+01 2.135749e+01 2.113213e+01 3.677385e+01 2.083729e+01 2.033298e+01 2.011737e+01 2.108867e+01 3.293442e+01 1.036020e+01 2.779543e+00 3.608486e+00 4.691266e+00 4.333784e+00 6.472763e+00 6.062667e+00 6.866045e+00 6.558992e+00 5.206663e+00 2.370336e+00 2.896463e+00 5.284788e+00 3.771765e+00 5.591453e-01 3.853767e-01 3.869557e-01 4.353199e-01 6.845319e-01 4.712425e-01 6.948540e-01 6.337771e-01 5.556434e-01 5.034019e-01 4.574403e-01 6.824296e-01 4.788905e-01
<GCONST> 1.218132e+02
<MIXTURE> 4 1.290323e-01
<MEAN> 39
 3.092734e+00 4.978750e+00 -2.648086e+00 -1.079493e+01 2.312314e-01 4.320977e+00 1.248220e+00 -3.952513e+00 -3.080945e+00 2.686232e+00 8.888916e-01 2.786386e+00 2.452831e+00 1.234001e+00 -9.221130e-01 -1.027872e+00 -3.845681e+00 -8.884996e-01 1.207900e+00 2.247746e-01 7.327482e-01 3.867354e-01 9.795302e-01 1.012717e-01 -5.829525e-03 2.453279e+00 -8.036299e-02 5.151394e-02 3.865010e-01 1.420069e+00 5.835530e-01 3.027625e-01 -1.119541e-01 -1.192552e-02 1.425136e-01 -3.594463e-01 -2.997094e-01 -4.893930e-01 -1.364701e+00
<VARIANCE> 39
 7.031255e+01 4.114241e+01 2.703692e+01 2.292789e+01 3.429898e+01 4.282777e+01 3.760297e+01 2.305212e+01 6.357127e+01 5.514555e+01 3.662928e+01 2.304673e+01 2.749933e+01 9.125366e+00 9.504085e+00 3.766349e+00 7.921801e+00 3.448910e+00 2.498350e+00 3.509958e+00 6.066132e+00 4.006797e+00 2.993536e+00 3.564095e+00 3.899787e+00 7.458041e+00 6.158672e-01 4.852786e-01 7.654353e-01 4.198458e-01 5.668210e-01 8.337193e-01 7.340039e-01 3.699235e-01 9.874943e-01 1.637112e+00 6.924168e-01 3.002458e-01 6.089393e-01
<GCONST> 1.325620e+02
<STATE> 4
<NUMMIXES> 4
<MIXTURE> 1 2.545455e-01
<MEAN> 39
 1.220457e+01 -3.429471e+00 -8.551925e+00 1.519345e-01 1.871978e+00 -8.821433e+00 -8.751528e+00 1.148747e+00 -2.030263e-02 5.359405e-01 -7.620617e-01 -2.089997e+00 3.979167e+00 3.845002e+00 -2.084952e+00 -2.246162e+00 -1.869941e+00 -7.945828e-01 -3.188029e+00 -1.825444e+00 2.517922e+00 -1.816289e+00 -1.730027e-02 -7.280673e-01 -3.583278e-01 2.454379e+00 -1.450372e+00 -7.394035e-04 8.370622e-01 3.857286e-01 2.370660e-02 8.163829e-01 1.170674e+00 5.239138e-01 1.482478e-01 2.906185e-02 1.705500e-01 2.113411e-01 -7.706734e-01
<VARIANCE> 39
 1.337161e+01 1.234987e+01 3.745446e+01 2.154280e+01 3.044772e+01 4.120291e+01 4.808696e+01 2.492209e+01 3.036190e+01 2.830106e+01 3.480283e+01 3.127542e+01 1.942633e+01 2.897234e+00 1.831742e+00 5.245305e+00 3.723989e+00 5.213571e+00 6.654664e+00 1.218696e+01 4.410712e+00 8.091241e+00 3.042331e+00 5.332686e+00 6.010932e+00 2.896482e+00 2.503478e-01 3.320870e-01 2.908489e-01 2.940322e-01 3.617397e-01 4.668852e-01 6.178908e-01 4.719271e-01 4.970075e-01 5.094214e-01 7.686647e-01 5.466133e-01 4.295492e-01
<GCONST> 1.232793e+02
<MIXTURE> 2 2.424242e-01
<MEAN> 39
 4.030089e+00 -6.068739e-01 1.248757e+01 -8.040655e-01 -1.001351e+01 -7.425530e+00 -3.696678e+00 -1.892220e+00 -6.418542e+00 4.399237e-01 4.156421e-01 -3.326184e-01 4.376931e+00 2.302539e+00 -5.349529e-01 2.528869e+00 -2.735035e+00 -3.326971e+00 -1.312017e+00 -1.909595e+00 -1.239529e+00 -2.482625e+00 9.433012e-01 -4.826031e-01 -1.197584e-01 2.023197e+00 -7.725672e-01 5.391850e-01 -6.870031e-01 4.809612e-01 1.125682e+00 9.483751e-01 3.182665e-01 -6.860490e-02 6.749210e-01 5.954184e-02 -4.019752e-02 1.142483e-01 -1.561566e+00
<VARIANCE> 39
 1.171400e+01 2.504690e+01 3.187779e+01 3.397729e+01 1.861299e+01 2.165218e+01 3.013698e+01 4.869824e+01 3.766832e+01 3.362325e+01 2.917313e+01 1.394824e+01 1.600403e+01 2.298105e+00 4.055507e+00 4.324052e+00 5.252430e+00 5.687726e+00 5.640227e+00 4.334201e+00 1.200677e+01 4.543061e+00 7.770127e+00 7.455118e+00 4.743588e+00 1.578438e+00 3.070872e-01 3.503298e-01 4.287876e-01 3.629847e-01 4.183954e-01 5.203509e-01 6.233492e-01 6.670562e-01 7.219053e-01 5.327870e-01 4.945154e-01 2.611362e-01 4.273253e-01
<GCONST> 1.235791e+02
<MIXTURE> 3 1.939394e-01
<MEAN> 39
 -6.846005e-01 1.398797e+00 -3.785214e+00 3.772491e+00 5.826501e+00 1.309494e-01 -1.160893e+00 1.188582e+00 2.755195e+00 -5.028192e+00 -5.367633e-01 1.726556e+00 -4.102422e+00 1.431595e+00 -1.258263e-01 -1.021951e+00 -4.695919e-01 5.032663e-01 -7.490245e-01 -1.464132e+00 -6.996892e-01 -6.412559e-01 -2.020983e-01 -1.908110e-01 2.966267e-01 -1.193309e-01 5.204817e-02 -2.712140e-02 1.014285e-01 1.169935e-01 -1.938693e-01 -7.477817e-03 7.242915e-02 7.396185e-02 -1.477665e-01 3.674206e-01 1.681837e-01 -1.530638e-02 -2.884509e-01
<VARIANCE> 39
 4.283478e+01 6.093278e+01 3.611251e+01 4.083174e+01 4.312063e+01 2.328654e+01 2.784649e+01 5.358453e+01 3.653321e+01 5.647689e+01 3.076370e+01 2.667973e+01 4.416440e+01 8.512042e+00 2.973836e+00 2.665028e+00 3.027660e+00 4.832849e+00 2.612514e+00 8.869164e+00 6.964898e+00 2.469156e+00 4.803505e+00 3.657218e+00 1.887665e+00 1.928110e+00 4.817742e-01 9.360753e-01 1.900588e-01 6.240821e-01 3.791948e-01 3.970149e-01 3.090823e-01 5.594884e-01 5.992067e-01 6.789967e-01 5.460250e-01 2.948970e-01 4.382490e-01
<GCONST> 1.261038e+02
<MIXTURE> 4 3.090909e-01
<MEAN> 39
 9.243322e+00 2.956259e+00 -5.095677e+00 -8.620472e+00 -9.844019e-02 4.158163e+00 -4.448898e-01 -7.540068e+00 -9.623159e-01 3.558058e+00 1.623503e+00 -2.329959e-03 2.636429e+00 3.769625e+00 -1.529164e-01 -1.051430e+00 -3.617626e+00 -1.235353e+00 1.505081e+00 -1.369411e+00 -1.161755e+00 -7.126389e-01 6.683665e-01 1.050215e-01 -2.015782e-01 1.332912e+00 -9.286510e-01 2.756935e-02 4.087263e-01 1.024428e+00 4.985290e-01 1.238725e-01 1.052791e-02 4.212611e-01 1.010153e-01 -3.607666e-01 -1.516971e-01 -1.653000e-01 -1.092763e+00
<VARIANCE> 39
 1.244081e+01 2.112676e+01 2.333664e+01 4.509661e+01 2.317752e+01 2.980801e+01 2.908449e+01 3.687650e+01 2.945475e+01 3.309010e+01 3.358409e+01 2.864944e+01 1.773789e+01 4.252789e+00 4.224653e+00 3.790622e+00 7.353125e+00 7.163573e+00 4.120222e+00 6.615251e+00 6.462020e+00 4.361980e+00 5.583120e+00 5.609666e+00 4.395514e+00 3.226351e+00 3.485302e-01 3.867378e-01 4.477583e-01 6.414501e-01 4.499465e-01 6.279399e-01 4.421183e-01 7.159671e-01 4.787875e-01 7.455231e-01 5.023037e-01 4.055789e-01 6.383086e-01
<GCONST> 1.265399e+02
<STATE> 5
<NUMMIXES> 4
<MIXTURE> 1 2.875000e-01
<MEAN> 39
 1.087027e+01 -1.047973e+00 -6.502114e+00 -1.073658e+01 -2.073096e+00 6.849096e+00 -1.506244e+00 -5.867931e+00 -6.116047e-01 4.242223e+00 1.332600e+00 -1.933050e+00 6.123417e+00 1.585626e+00 -1.317436e+00 -7.779180e-01 -2.073555e+00 -6.205431e-01 1.552145e+00 -8.019400e-01 -2.164661e-01 -4.208636e-01 7.362478e-01 -3.501701e-01 -4.160750e-01 1.321289e+00 -1.412016e+00 7.297084e-02 4.742659e-01 1.272004e+00 7.305954e-01 -2.511798e-01 3.363491e-01 4.564680e-01 3.425997e-01 -3.460806e-01 -1.711811e-01 1.359653e-01 -8.507125e-01
<VARIANCE> 39
 1.060275e+01 3.186563e+01 2.146631e+01 5.190368e+01 4.607740e+01 4.590613e+01 4.166455e+01 3.742582e+01 4.507312e+01 3.743219e+01 5.396790e+01 3.526462e+01 1.609085e+01 2.769998e+00 2.159249e+00 2.018027e+00 5.435446e+00 6.877975e+00 3.864927e+00 5.782994e+00 2.904104e+00 2.585289e+00 3.616986e+00 4.169307e+00 2.647583e+00 1.324542e+00 4.730485e-01 5.881197e-01 3.714415e-01 7.440972e-01 5.480188e-01 7.587624e-01 4.798187e-01 8.146282e-01 6.532321e-01 9.388235e-01 7.667073e-01 6.746194e-01 4.312803e-01
<GCONST> 1.261165e+02
<MIXTURE> 2 2.625000e-01
<MEAN> 39
 4.210301e+00 -2.655957e+00 1.492296e+01 -4.345201e+00 -1.103691e+01 -7.855867e+00 -4.124742e+00 -2.157129e+00 -6.908169e+00 1.646676e+00 5.981842e-01 1.227999e+00 6.882944e+00 7.288759e-01 -1.673496e-01 1.107628e+00 -2.128845e+00 -1.662110e+00 -3.901975e-01 -8.696396e-01 -8.285949e-01 -8.614392e-01 8.467150e-01 -3.844886e-01 4.358378e-01 1.110970e+00 -9.335011e-01 5.386378e-01 -1.125243e+00 8.738874e-01 1.318753e+00 8.233700e-01 6.630923e-01 1.584168e-01 9.655253e-01 -1.661490e-01 -3.220970e-02 -4.536566e-03 -1.216733e+00
<VARIANCE> 39
 1.486357e+01 2.743867e+01 3.573203e+01 4.639265e+01 1.682821e+01 2.880568e+01 3.712885e+01 6.853139e+01 3.951228e+01 5.520923e+01 3.594469e+01 1.967559e+01 1.153835e+01 2.200077e+00 2.436214e+00 3.242177e+00 3.186047e+00 4.162369e+00 4.061398e+00 3.545396e+00 6.488535e+00 3.912173e+00 5.116491e+00 3.998291e+00 4.094842e+00 1.251803e+00 2.346722e-01 6.282340e-01 3.503398e-01 6.739569e-01 5.565760e-01 6.471276e-01 9.776639e-01 1.168873e+00 5.616946e-01 8.180011e-01 8.344290e-01 6.067795e-01 3.133813e-01
<GCONST> 1.249512e+02
<MIXTURE> 3 2.812500e-01
<MEAN> 39
 1.316598e+01 -6.726985e+00 -1.000149e+01 -1.231924e+00 1.190566e+00 -1.080264e+01 -9.427673e+00 6.865087e+00 -5.941735e-01 1.241926e+00 6.793990e-01 -1.129893e+00 6.470515e+00 1.710872e+00 -2.362702e+00 -1.240571e+00 -1.495972e+00 -7.476431e-01 -1.971077e+00 -1.814358e-01 3.381676e+00 -9.914526e-01 1.190104e-01 7.361825e-02 -2.219677e-01 2.107576e+00 -1.761131e+00 1.541877e-01 1.172265e+00 4.848151e-01 -1.095348e-01 1.201462e+00 1.477443e+00 -2.702744e-01 5.433558e-01 -1.789803e-02 5.714281e-02 5.096175e-03 -4.882654e-01
<VARIANCE> 39
 1.495332e+01 1.333811e+01 5.285946e+01 3.263102e+01 5.073750e+01 6.083142e+01 7.315694e+01 3.539511e+01 4.283200e+01 3.101297e+01 3.755565e+01 4.600448e+01 1.846720e+01 2.849625e+00 1.054861e+00 3.564032e+00 2.284222e+00 3.542755e+00 4.908906e+00 6.003105e+00 3.879534e+00 4.424685e+00 2.944171e+00 3.507077e+00 2.539754e+00 9.109552e-01 1.818945e-01 5.475414e-01 6.281581e-01 6.209304e-01 8.740012e-01 8.042502e-01 1.184399e+00 9.170197e-01 8.384004e-01 7.534806e-01 9.613827e-01 7.898541e-01 4.684343e-01
<GCONST> 1.267329e+02
<MIXTURE> 4 1.687500e-01
<MEAN> 39
 3.457115e+00 3.967623e+00 -4.431132e+00 -3.506678e+00 5.636903e+00 6.867041e-01 -2.728616e+00 -5.730462e+00 2.539518e+00 5.315974e-01 -4.666203e-01 2.381380e+00 -1.982812e+00 8.425303e-01 4.117700e-01 -8.625274e-01 -8.612435e-01 -2.982635e-01 -4.410564e-01 -1.125003e+00 -8.891455e-02 5.252345e-01 -9.967986e-02 2.913723e-02 2.221689e-01 1.810021e-01 -6.217694e-01 -3.055269e-01 1.242233e-01 5.149516e-01 -3.466277e-01 -1.046146e-01 2.321523e-01 7.503952e-01 1.471666e-01 -1.904505e-01 1.658009e-01 -1.594500e-01 2.771665e-02
<VARIANCE> 39
 9.816953e+01 3.532741e+01 5.830716e+01 8.635742e+01 3.150802e+01 2.978910e+01 6.823612e+01 9.844956e+01 5.816507e+01 4.840889e+01 3.900952e+01 3.761765e+01 4.437476e+01 4.092436e+00 1.580218e+00 2.490809e+00 5.806970e+00 2.162419e+00 2.145160e+00 8.593446e+00 5.717780e+00 3.258160e+00 4.330472e+00 2.837902e+00 1.950645e+00 2.793369e+00 8.581516e-01 3.945709e-01 2.381549e-01 7.596425e-01 5.511168e-01 4.879046e-01 8.721705e-01 1.470487e+00 7.713410e-01 5.289442e-01 9.271725e-01 6.833350e-01 2.700309e-01
<GCONST> 1.318699e+02
<TRANSP> 6
 0.000000e+00 1.000000e+00 0.000000e+00 0.000000e+00 0.000000e+00 0.000000e+00
 0.000000e+00 1.363636e-01 8.636364e-01 0.000000e+00 0.000000e+00 0.000000e+00
 0.000000e+00 0.000000e+00 1.935484e-02 9.806452e-01 0.000000e+00 0.000000e+00
 0.000000e+00 0.000000e+00 0.000000e+00 7.878789e-02 9.212121e-01 0.000000e+00
 0.000000e+00 0.000000e+00 0.000000e+00 0.000000e+00 5.000000e-02 9.500000e-01
 0.000000e+00 0.000000e+00 0.000000e+00 0.000000e+00 0.000000e+00 0.000000e+00
<ENDHMM>
