~o
<STREAMINFO> 1 39
<VECSIZE> 39<NULLD><MFCC_D_A_Z_0><DIAGC>
~h "ch"
<BEGINHMM>
<NUMSTATES> 6
<STATE> 2
<NUMMIXES> 4
<MIXTURE> 1 1.921230e-01
<MEAN> 39
 -1.190102e+01 -4.990215e+00 1.991456e+00 -3.819690e+00 2.885342e+00 5.794040e+00 -5.015327e-01 6.811468e-01 4.135192e+00 7.775123e-01 2.910730e+00 1.444440e+00 1.940401e+00 -3.319261e+00 2.014156e-01 8.699624e-01 -2.073662e+00 -6.379011e-01 2.269708e-01 6.561061e-01 7.391106e-01 6.421965e-01 2.880510e-01 7.743462e-01 2.965091e-01 5.394131e+00 1.715969e-01 1.273556e+00 6.403531e-01 1.097595e+00 -1.502071e-01 -3.895876e-01 2.790634e-01 -9.619801e-02 -4.438773e-01 -9.906787e-02 -2.819894e-01 -1.678300e-01 -7.940523e-01
<VARIANCE> 39
 1.520227e+01 2.029860e+01 2.648212e+01 2.227281e+01 3.550085e+01 3.029981e+01 4.226328e+01 3.554253e+01 2.583125e+01 2.449841e+01 2.423707e+01 1.329777e+01 1.850631e+01 2.250860e+00 3.361638e+00 2.962454e+00 2.645994e+00 3.530410e+00 3.335854e+00 2.832590e+00 2.768815e+00 2.890570e+00 2.605830e+00 2.098498e+00 1.856325e+00 3.129567e+00 5.369295e-01 3.870498e-01 4.957993e-01 6.449513e-01 6.567205e-01 7.239198e-01 7.934492e-01 7.212984e-01 5.592625e-01 6.134127e-01 3.841257e-01 3.468271e-01 8.330318e-01
<GCONST> 1.190755e+02
<MIXTURE> 2 3.025936e-01
<MEAN> 39
 -2.036037e+01 7.320443e+00 6.361429e+00 -1.169181e-01 9.507074e+00 4.867363e+00 1.652941e+00 4.393586e+00 2.712670e+00 2.148067e+00 4.106633e+00 1.231804e+00 1.185733e+00 -2.313114e+00 8.903463e-01 6.765488e-01 -4.272446e-01 -3.826043e-02 8.960714e-01 4.904573e-01 2.308997e-01 1.472587e-01 3.136046e-01 4.347185e-01 1.414575e-01 2.442466e+00 1.254210e+00 -4.616072e-01 -1.396838e-01 2.168658e-01 -8.881164e-01 -3.229373e-01 -1.486038e-03 -4.218042e-01 -2.248684e-01 -1.655119e-01 -2.422305e-01 2.382916e-02 -3.865138e-01
<VARIANCE> 39
 1.317921e+01 1.858615e+01 3.269056e+01 2.214247e+01 2.261753e+01 3.104192e+01 2.466615e+01 2.309536e+01 1.885754e+01 2.412548e+01 1.971280e+01 1.430875e+01 1.795843e+01 3.317280e+00 3.470087e+00 3.213990e+00 2.605506e+00 3.005917e+00 2.520082e+00 1.889080e+00 2.735796e+00 2.119059e+00 2.036789e+00 1.597583e+00 1.443885e+00 2.911739e+00 4.393436e-01 4.824180e-01 5.419772e-01 5.442760e-01 4.030623e-01 4.778341e-01 4.357174e-01 5.003199e-01 4.244903e-01 4.103667e-01 2.953440e-01 3.722983e-01 9.261410e-01
<GCONST> 1.129405e+02
<MIXTURE> 3 2.872238e-01
<MEAN> 39
 -2.079947e+01 -4.722506e-01 1.046539e+01 2.633866e-01 -1.147148e+00 8.165705e+00 3.520500e+00 -1.111064e+00 4.800501e+00 -6.576744e-01 9.628901e-01 2.995613e+00 4.418416e+00 -1.561288e+00 5.054585e-01 1.144948e+00 3.776071e-01 -1.150327e+00 -7.794948e-01 1.182433e+00 1.516883e-01 -1.641383e-01 3.193023e-01 -5.121300e-02 -7.208139e-02 2.371703e+00 1.435680e+00 -3.572955e-02 -6.104953e-01 4.573854e-01 8.017650e-02 -6.833166e-01 -1.605320e-01 9.680985e-02 -4.293270e-01 1.355714e-03 -1.031350e-01 -2.376407e-01 -1.085392e+00
<VARIANCE> 39
 1.248017e+01 1.337068e+01 2.134031e+01 2.283637e+01 2.113902e+01 2.078735e+01 2.393063e+01 2.113325e+01 2.466890e+01 2.108838e+01 2.122346e+01 1.356493e+01 1.487433e+01 2.737319e+00 2.286756e+00 2.912725e+00 2.633459e+00 2.195811e+00 1.860537e+00 2.297744e+00 2.527001e+00 1.498343e+00 1.932296e+00 1.390618e+00 1.182174e+00 2.030601e+00 5.228940e-01 3.341487e-01 4.049084e-01 3.700892e-01 3.358322e-01 4.032282e-01 4.196233e-01 3.919365e-01 3.484119e-01 4.399090e-01 2.779525e-01 2.603389e-01 4.762817e-01
<GCONST> 1.065273e+02
<MIXTURE> 4 2.180596e-01
<MEAN> 39
 -1.651282e+01 1.264575e+00 1.611710e+00 -6.523011e+00 2.086056e+00 6.805402e+00 5.289880e-01 1.975863e+00 4.158981e+00 1.143408e+00 5.188235e+00 1.229703e+00 6.064607e+00 -2.127909e+00 1.643837e+00 1.179055e+00 2.135024e-01 -1.013617e+00 -1.641507e-01 1.159809e+00 2.738290e-01 7.759949e-02 1.385566e-02 -5.709613e-02 1.576747e-01 2.298451e+00 8.341983e-01 2.419463e-01 5.311656e-01 1.361383e+00 4.830019e-02 -3.831334e-01 1.935668e-01 -2.145601e-01 -3.947390e-01 -1.324192e-01 -4.554457e-01 -1.089089e-01 -1.525538e+00
<VARIANCE> 39
 1.209231e+01 1.934167e+01 2.318413e+01 1.686487e+01 4.138210e+01 2.444963e+01 2.442648e+01 2.332624e+01 2.113485e+01 1.719921e+01 2.376370e+01 1.271632e+01 1.104376e+01 2.407173e+00 2.625440e+00 2.103183e+00 2.184765e+00 2.369968e+00 2.626535e+00 2.205479e+00 2.503148e+00 1.928872e+00 2.000173e+00 1.323300e+00 1.483557e+00 2.024509e+00 4.279253e-01 4.842693e-01 4.778882e-01 3.439682e-01 5.385032e-01 5.295959e-01 4.877308e-01 4.611940e-01 4.919505e-01 3.735859e-01 4.345350e-01 3.380585e-01 3.485711e-01
<GCONST> 1.092180e+02
<STATE> 3
<NUMMIXES> 4
<MIXTURE> 1 2.168950e-01
<MEAN> 39
 -1.781337e+01 -2.388260e+00 8.481697e+00 1.330394e+00 -6.352441e+00 3.335999e+00 8.459192e+00 -1.259846e+00 1.844218e+00 2.177737e+00 1.568686e+00 3.234113e-01 7.751272e+00 1.750907e+00 -5.329214e-01 -4.886878e-01 1.412608e+00 -5.250232e-01 -2.072896e+00 3.960278e-01 7.880206e-01 -8.524624e-01 -3.883481e-01 -2.715758e-03 -3.619135e-01 -1.390781e-01 1.389509e+00 -9.431749e-02 -5.091370e-01 5.552970e-02 6.288654e-01 -2.879608e-01 -9.580983e-01 1.831652e-01 3.134410e-02 -4.473981e-01 -1.762282e-01 1.002995e-01 -8.832070e-01
<VARIANCE> 39
 1.367681e+01 1.468733e+01 2.040390e+01 2.166598e+01 1.796301e+01 2.935878e+01 2.447798e+01 2.610446e+01 2.226165e+01 1.775700e+01 2.137470e+01 1.578701e+01 9.217822e+00 2.429168e+00 1.280243e+00 2.038759e+00 2.195487e+00 1.561107e+00 2.415480e+00 2.519304e+00 2.084290e+00 1.732619e+00 2.053250e+00 1.645103e+00 1.198568e+00 1.413174e+00 6.786599e-01 3.499774e-01 4.900331e-01 3.733727e-01 3.969217e-01 6.285964e-01 5.274768e-01 5.103184e-01 4.242465e-01 3.703812e-01 3.823926e-01 2.864925e-01 4.319708e-01
<GCONST> 1.069962e+02
<MIXTURE> 2 2.716895e-01
<MEAN> 39
 -2.047473e+01 7.113317e+00 6.687904e+00 -1.387996e+00 8.676447e+00 4.949786e+00 3.730138e+00 4.391232e+00 2.421170e+00 2.794848e+00 4.962870e+00 1.261250e+00 5.880780e+00 2.512268e-01 -5.139265e-01 3.759109e-01 -1.804507e-01 -1.058740e+00 3.501540e-05 1.215820e-01 -1.948969e-01 -1.296383e-01 -2.559939e-01 4.447356e-02 8.264900e-03 9.072805e-01 8.140380e-01 -5.189558e-01 -2.797384e-01 4.519258e-02 -4.068221e-01 -2.550529e-01 -1.367702e-01 -2.755984e-01 7.152230e-02 -1.540437e-01 -1.600534e-01 2.640350e-02 -5.812190e-01
<VARIANCE> 39
 1.104307e+01 1.671729e+01 2.660914e+01 1.803306e+01 1.862347e+01 2.419592e+01 2.356304e+01 1.575894e+01 1.649818e+01 2.125985e+01 1.406880e+01 1.349258e+01 1.013198e+01 9.080017e-01 1.381961e+00 1.562269e+00 1.179135e+00 1.510073e+00 1.381661e+00 1.339097e+00 1.663495e+00 1.162922e+00 1.147158e+00 1.229576e+00 1.112762e+00 1.486221e+00 3.631715e-01 2.771491e-01 2.479716e-01 2.149317e-01 3.060270e-01 2.929435e-01 2.886590e-01 2.630431e-01 2.476262e-01 2.245828e-01 2.293488e-01 2.517060e-01 1.725881e-01
<GCONST> 9.417477e+01
<MIXTURE> 3 2.701674e-01
<MEAN> 39
 -1.816632e+01 2.222677e+00 6.963168e+00 -3.554604e+00 1.659739e+00 6.937192e+00 2.067155e+00 1.853705e+00 4.304331e+00 1.508796e+00 4.518885e+00 1.839608e+00 8.250478e+00 1.933249e+00 -1.025676e+00 4.401555e-02 5.476481e-01 -1.954072e+00 -8.703029e-01 5.849558e-01 -7.674209e-01 -4.050922e-01 -1.606872e-01 -5.669261e-01 3.130894e-01 9.019878e-02 1.410138e+00 -2.605693e-01 -1.590398e-01 2.786618e-01 -1.652952e-01 -6.793243e-01 -2.961792e-01 -1.364187e-01 -4.941135e-01 -2.458155e-01 -3.727293e-01 -1.851666e-01 -8.199986e-01
<VARIANCE> 39
 1.344970e+01 1.358763e+01 2.190916e+01 1.645902e+01 2.159653e+01 1.946225e+01 1.983185e+01 2.334081e+01 2.287119e+01 2.398067e+01 2.251330e+01 1.735559e+01 9.280355e+00 1.526537e+00 1.338220e+00 2.005834e+00 1.449892e+00 1.943161e+00 2.225490e+00 1.781991e+00 1.977062e+00 1.661630e+00 1.863217e+00 1.759372e+00 1.299036e+00 1.121730e+00 4.006286e-01 3.522070e-01 4.745800e-01 4.854172e-01 3.756327e-01 4.788956e-01 4.892038e-01 4.443209e-01 4.346341e-01 4.396783e-01 3.704259e-01 3.509005e-01 2.168083e-01
<GCONST> 1.041398e+02
<MIXTURE> 4 2.412481e-01
<MEAN> 39
 -1.842090e+01 -7.489823e-02 7.232547e+00 -4.727154e-01 -1.223244e+00 3.961427e+00 4.204192e+00 -3.536198e-02 2.899602e+00 -2.620986e-01 1.837435e+00 2.664766e+00 5.998841e+00 4.920118e-01 -9.274023e-02 -2.268254e-01 1.737869e-01 -7.712065e-02 -3.983945e-01 1.095390e-01 3.762633e-02 -7.620993e-02 -3.557391e-02 -2.263166e-01 -1.742435e-01 -1.612370e-01 3.882977e-01 2.330742e-02 -1.039369e-01 1.090550e-01 2.446755e-01 6.309263e-02 -1.013960e-01 4.583256e-02 3.678000e-02 -1.520170e-02 1.844916e-02 -9.008589e-02 -5.091061e-01
<VARIANCE> 39
 1.619523e+01 1.658888e+01 2.883578e+01 2.011123e+01 3.078246e+01 2.344632e+01 1.769291e+01 2.558186e+01 1.924428e+01 2.221745e+01 2.326972e+01 1.902292e+01 1.213012e+01 9.426461e-01 6.692018e-01 1.264045e+00 9.145740e-01 1.228923e+00 1.446497e+00 1.328391e+00 1.561265e+00 1.622419e+00 1.417359e+00 1.041994e+00 1.122646e+00 6.924081e-01 2.992026e-01 1.521575e-01 2.526640e-01 1.550374e-01 2.375863e-01 2.416418e-01 2.999748e-01 3.273865e-01 2.501398e-01 3.034633e-01 2.291750e-01 2.340323e-01 1.620497e-01
<GCONST> 9.375674e+01
<STATE> 4
<NUMMIXES> 4
<MIXTURE> 1 1.541451e-01
<MEAN> 39
 -8.680667e+00 -3.101214e+00 7.165438e+00 6.010340e+00 -5.958658e+00 -3.123882e+00 7.418670e+00 1.105290e+00 -1.125631e+00 -9.952024e-01 9.690813e-01 -9.039598e-01 3.569472e+00 6.395086e+00 -1.261238e-01 -1.397373e+00 7.083617e-01 7.595813e-01 -3.226260e+00 -3.413353e+00 8.591609e-01 -7.812345e-02 -1.959810e+00 -7.100955e-01 1.828719e-01 -5.598662e-01 7.453658e-01 -2.630207e-01 -5.459818e-01 -8.555572e-01 5.090591e-01 1.379238e-01 -1.520645e+00 7.187268e-02 6.212056e-01 1.073319e-02 -3.726938e-02 2.831804e-01 4.621280e-01
<VARIANCE> 39
 2.956813e+01 1.368053e+01 2.238285e+01 2.231361e+01 2.152343e+01 3.538021e+01 2.586247e+01 2.872797e+01 2.356732e+01 3.036994e+01 2.518916e+01 1.766970e+01 1.753627e+01 2.010676e+00 1.551464e+00 2.663830e+00 2.550640e+00 3.956994e+00 5.341308e+00 7.596632e+00 3.174338e+00 3.250858e+00 2.120080e+00 2.470353e+00 2.057215e+00 1.251582e+00 5.902776e-01 2.720718e-01 3.968321e-01 5.244392e-01 6.476928e-01 7.974246e-01 9.046425e-01 6.118605e-01 4.556061e-01 7.022378e-01 6.774365e-01 3.364369e-01 3.258076e-01
<GCONST> 1.173527e+02
<MIXTURE> 2 2.111399e-01
<MEAN> 39
 -1.908983e+01 4.820397e+00 4.825442e+00 -5.452502e-01 6.086315e+00 3.627162e+00 3.734097e+00 3.433889e+00 3.170480e+00 7.238799e-01 3.010116e+00 2.468968e+00 3.147626e+00 1.271987e+00 -1.741696e-01 -9.117638e-01 7.965114e-01 2.611235e-01 -2.780648e-01 1.215579e-03 -1.293187e-01 3.515655e-01 -8.042227e-02 -6.351095e-02 1.985742e-01 -1.990177e+00 5.361175e-01 -5.537496e-02 -1.677864e-01 2.526801e-01 -1.775654e-01 -9.940224e-02 -1.813800e-01 -2.224963e-01 -1.944019e-02 3.691639e-02 -3.936449e-02 -1.649716e-02 -5.372139e-01
<VARIANCE> 39
 1.190477e+01 2.375848e+01 3.936650e+01 2.504060e+01 2.747144e+01 2.432399e+01 2.111762e+01 2.369184e+01 1.761514e+01 1.585428e+01 2.762306e+01 1.464642e+01 1.415476e+01 1.688135e+00 2.040119e+00 2.847218e+00 2.008235e+00 3.132719e+00 3.008808e+00 1.912841e+00 2.084517e+00 1.390704e+00 2.236737e+00 1.387001e+00 1.383034e+00 2.634576e+00 4.037228e-01 3.438300e-01 4.834059e-01 4.384846e-01 4.212089e-01 4.531395e-01 4.165548e-01 4.524632e-01 3.431780e-01 2.959749e-01 2.112365e-01 2.051924e-01 6.350498e-01
<GCONST> 1.078516e+02
<MIXTURE> 3 3.808290e-01
<MEAN> 39
 -1.353456e+01 -4.231285e-02 6.936286e+00 -1.297184e+00 -1.077202e+00 4.644565e+00 3.996799e+00 3.963415e-01 3.357937e+00 1.296067e+00 3.022233e+00 2.252771e+00 5.588058e+00 4.952909e+00 -4.268700e-01 4.759674e-01 5.831121e-01 -2.101305e+00 -2.459213e+00 -1.158169e+00 -1.263694e+00 -1.813063e+00 -1.230102e+00 -1.382241e+00 -6.661161e-01 -9.726549e-01 1.103652e+00 -1.349863e-01 -2.448270e-02 -3.983810e-01 -1.936774e-01 -6.222937e-01 -7.280829e-01 1.481462e-01 -6.008615e-01 -1.587227e-01 -2.548379e-01 -3.049732e-01 1.431562e-01
<VARIANCE> 39
 1.612265e+01 1.520699e+01 1.725001e+01 1.883328e+01 3.215339e+01 2.314479e+01 2.465381e+01 2.407117e+01 2.132667e+01 2.411204e+01 2.359246e+01 1.753481e+01 1.003376e+01 1.619976e+00 2.069925e+00 2.159672e+00 2.609213e+00 3.072735e+00 3.017305e+00 3.359829e+00 2.779450e+00 2.317512e+00 2.056293e+00 2.428700e+00 1.834126e+00 8.631180e-01 3.738287e-01 4.064589e-01 6.197998e-01 3.752204e-01 5.466941e-01 5.814397e-01 5.771278e-01 6.282911e-01 4.626338e-01 6.192251e-01 6.428632e-01 4.115395e-01 1.942765e-01
<GCONST> 1.111211e+02
<MIXTURE> 4 2.538860e-01
<MEAN> 39
 -1.281661e+01 -4.122766e+00 3.168687e+00 4.257437e+00 -1.954317e+00 -2.853714e+00 2.790447e+00 5.416810e+00 2.743513e+00 -1.672071e+00 1.984514e+00 2.151271e+00 5.478294e+00 2.952785e+00 -6.566764e-01 -1.528668e+00 9.046174e-01 1.079384e+00 -7.314261e-01 -1.288387e+00 2.438592e-01 3.025785e-01 -4.981695e-02 -6.814771e-01 -4.976287e-01 -1.923561e+00 5.995763e-01 3.639631e-01 -1.628096e-01 -4.620735e-01 3.438506e-01 7.679330e-01 -3.575547e-01 -6.822063e-01 -4.219409e-02 3.092281e-01 -9.260300e-02 -1.887815e-01 -6.515198e-01
<VARIANCE> 39
 2.279709e+01 1.561961e+01 2.216838e+01 2.355354e+01 3.032279e+01 2.540691e+01 3.353540e+01 2.974241e+01 3.437466e+01 2.704078e+01 2.926797e+01 1.877682e+01 1.460601e+01 2.339408e+00 1.880045e+00 2.495703e+00 2.614657e+00 2.237963e+00 4.155695e+00 3.241392e+00 3.390666e+00 2.603600e+00 3.201349e+00 2.617430e+00 1.731252e+00 2.422462e+00 5.973631e-01 3.425935e-01 4.731264e-01 5.053518e-01 5.856829e-01 6.099154e-01 6.022093e-01 6.154396e-01 7.106079e-01 6.137264e-01 5.435635e-01 4.732866e-01 7.889813e-01
<GCONST> 1.182241e+02
<STATE> 5
<NUMMIXES> 4
<MIXTURE> 1 2.286049e-01
<MEAN> 39
 8.047828e+00 -4.717626e+00 1.972574e+00 1.194038e+00 -4.666250e+00 -7.270219e+00 -5.047499e+00 1.934402e+00 -6.772981e-01 -3.441505e+00 -2.360123e+00 -1.116317e-01 6.585067e+00 4.837031e+00 -1.691203e+00 -1.945626e+00 -1.628999e+00 -2.712663e-01 -1.349951e+00 -3.572546e+00 6.149734e-01 -2.164117e-01 -1.018979e-01 -1.839097e-01 -2.689320e-01 1.566077e+00 -1.582538e+00 4.554493e-02 -3.020396e-02 -3.839464e-01 3.332894e-01 9.678562e-01 5.528352e-01 -8.496846e-02 3.806440e-01 5.178624e-01 4.517340e-01 6.334350e-02 1.576380e-01
<VARIANCE> 39
 1.772439e+01 2.171432e+01 4.066184e+01 3.729641e+01 3.263335e+01 3.874574e+01 4.673303e+01 2.939694e+01 3.775719e+01 2.949163e+01 2.596899e+01 2.058302e+01 1.920677e+01 2.795073e+00 2.547059e+00 4.327614e+00 4.294775e+00 4.948842e+00 6.992577e+00 8.112300e+00 5.880909e+00 6.845763e+00 5.861274e+00 4.663579e+00 3.850670e+00 1.191818e+00 2.551589e-01 3.451944e-01 4.394221e-01 5.514309e-01 6.257634e-01 6.789296e-01 8.361906e-01 6.046801e-01 6.326387e-01 5.905730e-01 6.358991e-01 4.364790e-01 3.448639e-01
<GCONST> 1.259079e+02
<MIXTURE> 2 2.977726e-01
<MEAN> 39
 -5.330830e+00 1.040365e+00 7.988564e+00 1.706969e+00 -1.409133e+00 -3.049884e-01 1.032908e+00 -1.601415e+00 9.635549e-01 -2.212649e+00 -3.108054e-01 -8.436243e-02 2.477205e+00 6.118679e+00 -7.232281e-01 8.132949e-02 -9.494046e-01 -1.894669e+00 -2.372660e+00 -2.345951e+00 -7.787926e-01 -2.224178e+00 -8.374134e-01 -1.357079e+00 -9.069219e-01 3.801697e-03 -1.122858e-01 -3.894166e-01 -2.465708e-01 -7.336743e-01 -6.414200e-02 1.678058e-01 -2.637267e-01 4.681985e-01 -6.391822e-02 3.491289e-01 2.177081e-01 3.846932e-02 6.627696e-01
<VARIANCE> 39
 2.702676e+01 1.853942e+01 3.819415e+01 2.283983e+01 3.349245e+01 2.858832e+01 3.189112e+01 3.521577e+01 3.597782e+01 2.817260e+01 1.775346e+01 1.618512e+01 1.208587e+01 1.589695e+00 2.832144e+00 4.951775e+00 4.090007e+00 4.941773e+00 5.474999e+00 5.131416e+00 6.363126e+00 4.342237e+00 5.106719e+00 6.200139e+00 3.522996e+00 9.178879e-01 3.706598e-01 2.709368e-01 4.632488e-01 4.368804e-01 5.167301e-01 5.084240e-01 5.741834e-01 7.045402e-01 7.101883e-01 6.208770e-01 4.056955e-01 3.406052e-01 2.013443e-01
<GCONST> 1.204827e+02
<MIXTURE> 3 2.543963e-01
<MEAN> 39
 -1.097161e+01 9.339858e-01 1.688172e+00 4.295750e+00 3.786211e+00 3.044162e+00 1.907871e+00 2.115276e+00 3.102477e+00 1.101229e+00 2.589636e+00 2.108623e+00 -4.986643e+00 2.003537e+00 4.133862e-01 -1.378162e+00 8.919843e-01 6.068366e-01 2.386620e-01 -4.805983e-02 -4.446971e-01 1.320221e-01 5.390816e-01 -9.956321e-02 1.814250e-01 -3.931436e+00 -2.013904e-01 6.829568e-02 9.757709e-02 -3.423108e-01 -3.098263e-01 -6.448887e-02 1.735443e-01 -1.080316e-01 -1.729056e-01 -6.924351e-02 -1.842211e-02 5.552928e-02 5.960727e-01
<VARIANCE> 39
 3.793444e+01 4.253147e+01 4.929503e+01 3.370427e+01 3.772847e+01 3.290808e+01 3.698262e+01 3.304334e+01 2.783770e+01 3.242858e+01 2.560071e+01 1.666515e+01 6.211190e+01 2.802181e+00 3.020895e+00 2.913173e+00 3.229575e+00 3.312654e+00 4.007541e+00 2.894212e+00 2.745494e+00 2.663681e+00 2.190291e+00 2.136414e+00 1.819200e+00 8.312936e+00 4.639225e-01 5.853052e-01 5.966892e-01 4.885181e-01 7.230015e-01 5.399775e-01 5.196325e-01 5.741026e-01 5.010446e-01 5.740610e-01 4.435840e-01 3.466905e-01 1.478299e+00
<GCONST> 1.245628e+02
<MIXTURE> 4 2.192263e-01
<MEAN> 39
 3.052755e+00 2.247214e-01 9.180328e+00 -5.150336e+00 -9.689093e+00 -4.921976e+00 -2.745675e+00 -5.551270e+00 -6.036751e+00 -3.068570e+00 -2.453926e+00 -2.214834e+00 5.641384e+00 4.699390e+00 -1.556979e+00 3.561062e-02 -1.740826e+00 -2.339639e+00 -2.510808e+00 -1.503906e+00 1.403549e-01 -2.287419e+00 -8.738749e-02 -1.097873e+00 -6.114668e-01 7.529991e-01 -1.284293e+00 -2.219385e-01 -3.886049e-01 6.219357e-02 1.002283e+00 8.414429e-01 4.384391e-01 9.925015e-01 7.234391e-01 7.085306e-01 5.521889e-01 3.598485e-01 2.339411e-01
<VARIANCE> 39
 1.681921e+01 2.085448e+01 3.280589e+01 3.065388e+01 2.514306e+01 3.148469e+01 2.746096e+01 2.636107e+01 2.443974e+01 3.202876e+01 2.608305e+01 2.286676e+01 1.204936e+01 2.367603e+00 2.981395e+00 5.241746e+00 4.025948e+00 4.766531e+00 6.122507e+00 4.351379e+00 4.504366e+00 4.818098e+00 4.656022e+00 4.546449e+00 2.460899e+00 1.439238e+00 2.724333e-01 2.813720e-01 4.339024e-01 4.139472e-01 4.554441e-01 5.257409e-01 3.570085e-01 3.567002e-01 4.240646e-01 5.377253e-01 4.452511e-01 4.626579e-01 2.220963e-01
<GCONST> 1.181561e+02
<TRANSP> 6
 0.000000e+00 1.000000e+00 0.000000e+00 0.000000e+00 0.000000e+00 0.000000e+00
 0.000000e+00 5.994236e-01 4.005764e-01 0.000000e+00 0.000000e+00 0.000000e+00
 0.000000e+00 0.000000e+00 6.826484e-01 3.173516e-01 0.000000e+00 0.000000e+00
 0.000000e+00 0.000000e+00 0.000000e+00 4.598446e-01 5.401554e-01 0.000000e+00
 0.000000e+00 0.000000e+00 0.000000e+00 0.000000e+00 5.111372e-01 4.888628e-01
 0.000000e+00 0.000000e+00 0.000000e+00 0.000000e+00 0.000000e+00 0.000000e+00
<ENDHMM>
