~o
<STREAMINFO> 1 39
<VECSIZE> 39<NULLD><MFCC_D_A_Z_0><DIAGC>
~h "em"
<BEGINHMM>
<NUMSTATES> 6
<STATE> 2
<NUMMIXES> 4
<MIXTURE> 1 2.535211e-01
<MEAN> 39
 8.599241e+00 2.510599e+00 -4.490989e+00 1.817040e+00 3.729778e+00 1.373225e-01 9.912889e-01 -4.069854e+00 -8.636540e+00 -7.854825e-01 3.758868e+00 -1.526498e+00 -8.010967e-01 3.330557e-01 7.984773e-01 1.609442e+00 2.109653e+00 -4.086661e-01 -7.765966e-01 6.982525e-01 -2.171097e+00 -3.478840e+00 -1.541554e-01 1.034414e+00 -5.116336e-01 -7.364860e-01 -8.806800e-01 -1.609021e-01 2.164471e-01 3.446265e-01 1.102507e-01 -7.036819e-02 -9.897675e-02 7.693426e-02 4.802614e-01 1.173219e-01 -3.003506e-01 -1.188673e-01 -6.535820e-02
<VARIANCE> 39
 1.218692e+01 1.128097e+01 2.818608e+01 2.590278e+01 1.431524e+01 1.119263e+01 4.197074e+01 3.544856e+01 3.439845e+01 3.993804e+01 4.222298e+01 4.048906e+01 8.281417e+00 3.475993e+00 2.614371e+00 2.769682e+00 2.736785e+00 3.376641e+00 3.926297e+00 5.124119e+00 6.715654e+00 4.269747e+00 2.809824e+00 2.871524e+00 4.037869e+00 1.283958e+00 4.654047e-01 3.133022e-01 3.775961e-01 4.891003e-01 5.170214e-01 3.445980e-01 8.911746e-01 7.900763e-01 1.097573e+00 6.165760e-01 9.542266e-01 5.829586e-01 4.222668e-01
<GCONST> 1.203699e+02
<MIXTURE> 2 2.605634e-01
<MEAN> 39
 8.218540e+00 6.133401e+00 4.328862e-01 8.978039e+00 -3.558183e+00 -2.563782e+00 1.873165e-02 -1.299001e+01 -6.168679e+00 2.133789e+00 -2.195860e+00 -6.598995e+00 -4.086805e+00 8.126578e-02 7.191319e-01 1.211627e+00 1.009659e+00 -1.265753e+00 2.717372e-01 2.000933e-01 -3.076630e+00 -4.590880e-01 1.067177e+00 -4.394148e-01 -3.114692e-01 -5.769147e-01 -8.671104e-01 -3.714784e-01 7.186092e-02 -5.755178e-01 5.283580e-01 6.105322e-03 8.986533e-02 1.156616e+00 3.782272e-01 -1.299600e-01 -6.294070e-03 6.344532e-01 8.898392e-02
<VARIANCE> 39
 1.216917e+01 1.072341e+01 3.228143e+01 2.860084e+01 2.449234e+01 1.915751e+01 2.747724e+01 5.198253e+01 1.438511e+01 4.753705e+01 2.311632e+01 1.963957e+01 1.015182e+01 2.432476e+00 2.643656e+00 2.610056e+00 1.562616e+00 2.055438e+00 2.933910e+00 1.622559e+00 6.765352e+00 1.868462e+00 2.543317e+00 2.896109e+00 3.888073e+00 8.524469e-01 9.981969e-01 3.465358e-01 4.979145e-01 5.280887e-01 1.013674e+00 5.496980e-01 7.155288e-01 1.145989e+00 4.176255e-01 6.331750e-01 5.884603e-01 4.597887e-01 1.900023e-01
<GCONST> 1.155561e+02
<MIXTURE> 3 2.816902e-01
<MEAN> 39
 6.928580e+00 1.640941e+00 -9.590303e-01 1.544583e+00 -1.209683e+00 1.300447e+00 -6.685934e+00 -5.383604e+00 4.555704e+00 -2.172637e+00 -8.465514e-01 -6.651614e-01 -1.071261e+00 2.112183e+00 1.914077e-01 -1.312897e-01 2.260532e-01 -7.724701e-01 8.033308e-01 -3.411176e-01 -1.668715e+00 -9.421702e-01 -1.296328e+00 1.164150e+00 -5.733541e-01 2.587498e-02 -1.318690e+00 1.135839e-01 4.418423e-02 4.928129e-01 6.643625e-01 -5.448874e-01 8.614834e-01 3.494085e-01 -1.004246e+00 2.657544e-01 -1.370586e-02 1.443908e-01 -3.682822e-01
<VARIANCE> 39
 1.594582e+01 1.925048e+01 2.692269e+01 2.114428e+01 1.558000e+01 2.057085e+01 3.784007e+01 7.581807e+01 3.468746e+01 6.459010e+01 2.306063e+01 2.900199e+01 1.704074e+01 5.106235e+00 2.037526e+00 3.194359e+00 3.066026e+00 4.150598e+00 3.488745e+00 4.714400e+00 5.084274e+00 6.315322e+00 8.714312e+00 2.770755e+00 3.108231e+00 3.366979e+00 4.899377e-01 3.569571e-01 4.639636e-01 7.621559e-01 5.008893e-01 5.451990e-01 8.481210e-01 1.263345e+00 4.925729e-01 1.149780e+00 4.063550e-01 5.292232e-01 6.121210e-01
<GCONST> 1.257757e+02
<MIXTURE> 4 2.042253e-01
<MEAN> 39
 6.306963e+00 1.776691e+00 3.742074e-01 4.478629e-01 2.092128e+00 -8.412701e+00 -5.385271e+00 -8.019770e+00 -2.702466e-01 -2.128982e+00 -7.584125e+00 -4.153559e+00 -8.214692e-01 1.773494e+00 -3.861670e-01 2.900842e-02 -1.273298e-01 -1.188533e+00 4.550444e-01 -3.509189e-01 -2.378917e+00 -2.206305e-01 1.440237e+00 -8.550790e-01 -4.718704e-01 -1.796620e-01 -1.001958e+00 2.228005e-02 6.630060e-02 4.705455e-01 -6.706557e-02 8.862514e-01 5.022260e-01 5.060952e-01 1.408730e-01 1.935488e-01 8.516270e-01 3.708854e-01 -1.234415e-01
<VARIANCE> 39
 1.015483e+01 1.071352e+01 1.240818e+01 2.119708e+01 4.126908e+01 2.734764e+01 2.193991e+01 6.429420e+01 2.765784e+01 5.007168e+01 3.084865e+01 2.130521e+01 4.167924e+00 3.822772e+00 1.464004e+00 2.833347e+00 2.041659e+00 3.859705e+00 6.947094e+00 4.217136e+00 7.421676e+00 4.458516e+00 4.828110e+00 4.746312e+00 3.818711e+00 8.151492e-01 3.851259e-01 1.977679e-01 5.343333e-01 3.108813e-01 6.946167e-01 4.533875e-01 4.881841e-01 1.097491e+00 6.955904e-01 1.264169e+00 5.151354e-01 3.882846e-01 1.240593e-01
<GCONST> 1.173660e+02
<STATE> 3
<NUMMIXES> 4
<MIXTURE> 1 2.636816e-01
<MEAN> 39
 6.533842e+00 1.882865e+00 -1.035039e+00 5.240630e+00 7.499403e-01 -4.225654e+00 -3.434303e+00 -1.448664e+00 -5.862403e+00 9.360810e-01 9.421067e-03 -7.514185e+00 -1.975193e+00 -2.244940e-01 1.082126e+00 5.449265e-01 3.720704e-01 3.209089e-01 -5.551357e-01 1.153255e+00 -6.665612e-01 -1.186293e+00 4.976962e-01 -2.427615e-01 6.742369e-02 -1.045454e+00 -3.416933e-01 2.506881e-01 8.965100e-02 -1.184432e-01 2.912802e-01 -1.012877e-01 1.384557e-01 -3.617651e-02 2.843948e-01 -2.428620e-02 -4.716146e-02 4.312261e-01 -2.287789e-01
<VARIANCE> 39
 1.374611e+01 1.570282e+01 2.086393e+01 3.451645e+01 1.649254e+01 7.358942e+01 5.294396e+01 3.632727e+01 3.174846e+01 2.773063e+01 2.712335e+01 1.599806e+01 8.334191e+00 3.306562e-01 1.091794e+00 1.211129e+00 2.035449e+00 2.018821e+00 2.779254e+00 2.203170e+00 2.824019e+00 2.189490e+00 2.660575e+00 1.779891e+00 1.989575e+00 8.056803e-01 3.071936e-01 1.961540e-01 1.859076e-01 4.491587e-01 3.411446e-01 4.804484e-01 5.914304e-01 5.614854e-01 5.567291e-01 5.197147e-01 6.306863e-01 4.030798e-01 2.570513e-01
<GCONST> 1.073438e+02
<MIXTURE> 2 1.542289e-01
<MEAN> 39
 4.795330e+00 3.016272e+00 4.562537e+00 7.066412e+00 5.572251e+00 -4.094707e+00 2.564817e+00 -1.205900e+01 -1.470273e+01 3.888174e+00 4.944375e+00 -5.192807e+00 -2.974150e+00 -7.582511e-01 5.057122e-01 1.415681e+00 1.113943e+00 5.622120e-01 -3.451616e-01 -1.167139e-01 -1.523838e+00 -4.566199e-01 3.993647e-01 -2.459318e-01 -1.742832e-02 -7.039654e-01 -2.588799e-01 2.037626e-01 -6.773905e-01 -5.235648e-01 -1.652048e-01 5.893861e-01 -1.709898e-01 1.072653e+00 1.510967e+00 -3.473035e-01 -6.009411e-01 5.023637e-01 -1.617871e-01
<VARIANCE> 39
 9.375073e+00 1.770466e+01 1.425544e+01 4.036336e+01 1.857977e+01 2.222137e+01 4.909982e+01 2.832875e+01 5.293620e+01 1.306203e+01 3.244149e+01 3.064986e+01 9.363964e+00 1.296120e+00 7.593365e-01 1.946957e+00 2.537659e+00 2.217974e+00 2.097791e+00 8.199218e-01 4.673681e+00 4.596437e+00 2.543259e+00 3.405339e+00 2.224635e+00 8.467500e-01 3.203833e-01 4.683263e-01 3.224132e-01 5.399911e-01 5.939730e-01 3.782942e-01 3.576408e-01 6.955326e-01 4.509670e-01 2.941364e-01 5.069849e-01 4.510934e-01 1.719764e-01
<GCONST> 1.090774e+02
<MIXTURE> 3 1.691542e-01
<MEAN> 39
 7.283823e+00 2.849861e+00 -1.504386e+00 7.602456e+00 5.672585e-01 -1.055032e+00 -2.169099e+00 -1.294844e+01 -3.704103e+00 -1.104731e+01 4.005232e+00 4.500949e+00 -6.773492e-01 -6.916547e-01 5.129222e-01 1.418069e+00 8.749675e-01 1.329330e-01 -1.660672e-01 -3.697411e-01 6.276606e-01 -2.118034e+00 -8.234186e-02 1.468918e+00 -4.669672e-01 -4.222949e-01 -2.546810e-01 1.528342e-01 1.137623e-01 -5.663837e-01 1.729828e-01 8.443303e-02 2.324114e-01 7.098414e-01 3.039912e-02 9.203883e-01 -5.563047e-01 -2.961399e-01 -1.893281e-01
<VARIANCE> 39
 7.865705e+00 6.030214e+00 2.802316e+01 1.210150e+01 2.473590e+01 3.541648e+01 2.474106e+01 1.902171e+01 2.993051e+01 7.007776e+01 2.766748e+01 3.720492e+01 8.876307e+00 4.831312e-01 1.117229e+00 1.237529e+00 1.697767e+00 2.225506e+00 9.053050e-01 1.350489e+00 2.083765e+00 5.443456e+00 4.492544e+00 2.504104e+00 2.151205e+00 9.839861e-01 3.659528e-01 2.695833e-01 4.712035e-01 2.846699e-01 6.658397e-01 4.808902e-01 5.810046e-01 3.077146e-01 7.907491e-01 6.955879e-01 5.834410e-01 3.342965e-01 1.983564e-01
<GCONST> 1.067511e+02
<MIXTURE> 4 4.129353e-01
<MEAN> 39
 6.264544e+00 2.978668e+00 2.831152e+00 6.071904e+00 -1.439995e-01 -5.046854e+00 -1.071261e+00 -1.145302e+01 -2.940989e+00 3.562241e+00 -5.208264e+00 -5.940959e+00 -2.607134e+00 -1.319352e-01 1.224386e-01 1.162798e-01 -4.163180e-02 -1.066376e-01 1.408574e-01 1.188875e-01 1.666770e-01 3.229298e-02 7.432751e-02 -7.313088e-02 3.290007e-01 -5.152174e-02 -3.735464e-02 -1.111075e-02 -1.895194e-01 -2.107483e-01 8.971430e-02 1.909290e-01 -3.617559e-02 3.466120e-01 -7.691565e-02 -3.469390e-01 1.993151e-01 1.280174e-01 8.861469e-02
<VARIANCE> 39
 4.880416e+00 1.433745e+01 1.383138e+01 1.756293e+01 3.593040e+01 3.614802e+01 6.863116e+01 4.984965e+01 3.664771e+01 5.119878e+01 3.016346e+01 4.653214e+01 1.149244e+01 1.468797e-01 2.740991e-01 4.147293e-01 4.946939e-01 1.318268e+00 9.292669e-01 1.622374e+00 9.880747e-01 1.565778e+00 1.145141e+00 1.257536e+00 1.252505e+00 1.750810e-01 7.011688e-02 5.357661e-02 1.388244e-01 1.663902e-01 2.465120e-01 2.558286e-01 1.901851e-01 5.033522e-01 2.257941e-01 2.878386e-01 2.004247e-01 2.570653e-01 4.337660e-02
<GCONST> 8.582565e+01
<STATE> 4
<NUMMIXES> 4
<MIXTURE> 1 3.412699e-01
<MEAN> 39
 6.359863e+00 9.006080e+00 1.657912e+00 7.145719e+00 1.125468e+00 -1.924884e+00 1.455150e+00 -9.327391e+00 -1.171047e+01 -1.006585e+00 3.668335e+00 -3.045364e+00 -6.308724e+00 -1.434403e+00 1.540174e+00 8.050031e-01 -6.022724e-01 1.239945e+00 6.544175e-01 2.165252e-01 8.323016e-01 9.174193e-01 4.570211e-03 -1.438505e+00 1.026878e+00 -1.460399e+00 -7.662339e-01 -7.361414e-01 -1.604693e-01 -3.818617e-01 1.266775e-01 2.951840e-01 -2.795835e-02 8.143935e-01 1.074555e+00 2.488581e-02 -6.438747e-01 2.064607e-01 2.578297e-01
<VARIANCE> 39
 7.966897e+00 1.703362e+01 2.055426e+01 3.261063e+01 3.699618e+01 1.539456e+01 3.010236e+01 3.061597e+01 3.871726e+01 2.774094e+01 2.094370e+01 2.973666e+01 1.522308e+01 1.061663e+00 2.455148e+00 2.983315e+00 3.458051e+00 3.821713e+00 2.517600e+00 5.197289e+00 4.743950e+00 6.660873e+00 3.441258e+00 2.440147e+00 2.831908e+00 2.387580e+00 2.446650e-01 3.632140e-01 2.610957e-01 7.824656e-01 5.538849e-01 3.563047e-01 4.561383e-01 6.692537e-01 3.820366e-01 3.908356e-01 4.340602e-01 4.094224e-01 3.334589e-01
<GCONST> 1.155531e+02
<MIXTURE> 2 4.523810e-01
<MEAN> 39
 6.349730e+00 5.053738e+00 3.517595e+00 5.662957e+00 -1.300383e+00 -4.754857e+00 1.896833e+00 -1.140554e+01 -4.918437e+00 6.477933e+00 -5.601706e+00 -4.041056e+00 -5.094567e+00 -7.014371e-01 2.461475e-01 -8.580783e-02 -4.307401e-01 3.594957e-01 1.027522e+00 -5.196419e-01 7.159900e-01 9.470070e-01 -1.254545e+00 4.938294e-01 6.152173e-01 -2.457241e-02 -2.242521e-01 -2.433777e-01 -3.454340e-01 -3.220788e-01 2.232501e-01 3.406514e-01 -2.034357e-01 8.142670e-01 4.355211e-01 -5.612987e-01 2.734779e-01 4.294677e-02 2.473108e-01
<VARIANCE> 39
 7.455193e+00 1.038474e+01 1.402863e+01 1.808407e+01 3.427102e+01 3.642101e+01 6.826446e+01 5.462430e+01 3.264251e+01 2.447835e+01 2.519843e+01 3.416722e+01 1.267820e+01 7.589177e-01 1.222624e+00 2.373474e+00 2.570590e+00 1.605088e+00 3.144495e+00 4.165588e+00 4.403629e+00 2.128525e+00 3.029661e+00 2.766161e+00 1.160726e+00 1.291610e+00 3.291921e-01 2.040916e-01 4.662478e-01 5.736759e-01 5.230517e-01 4.814754e-01 7.337974e-01 4.840500e-01 4.569504e-01 5.302491e-01 4.154609e-01 3.436459e-01 1.230834e-01
<GCONST> 1.105532e+02
<MIXTURE> 3 1.428571e-01
<MEAN> 39
 4.179375e+00 6.142468e+00 4.873604e+00 4.770526e+00 -1.647580e-01 4.662333e+00 -7.588990e+00 -9.286252e+00 -4.697735e+00 -9.815977e+00 -4.279782e+00 5.612286e-01 -6.357482e+00 -1.069604e+00 2.795007e-01 1.056315e+00 4.983576e-01 4.275837e-01 5.510710e-01 6.917190e-01 1.003804e+00 -1.503397e+00 -3.742070e-01 5.713633e-01 3.058985e-02 -6.759565e-01 -3.510963e-01 -5.328950e-01 -2.300023e-01 1.456376e-01 1.122981e-01 -3.435939e-01 7.527761e-01 4.928500e-01 7.166620e-01 7.950257e-01 2.853889e-02 7.787523e-04 2.018363e-01
<VARIANCE> 39
 4.013690e+00 2.118766e+01 2.002099e+01 3.092724e+01 2.255655e+01 2.076079e+01 1.862566e+01 2.695749e+01 4.617915e+01 1.102575e+01 4.017537e+01 3.404205e+01 1.976182e+01 2.750730e+00 1.987497e+00 2.118593e+00 2.077370e+00 1.906257e+00 9.903930e-01 1.914092e+00 1.409711e+00 1.300360e+00 2.756860e+00 2.001431e+00 1.717030e+00 2.259471e+00 2.588109e-01 3.371250e-01 7.534462e-01 3.117923e-01 6.885146e-01 4.490371e-01 2.988962e-01 5.533023e-01 5.895803e-01 3.413447e-01 4.564122e-01 5.762509e-01 3.628637e-01
<GCONST> 1.086757e+02
<MIXTURE> 4 6.349207e-02
<MEAN> 39
 5.690348e+00 4.874187e+00 -1.092996e-01 8.794506e+00 7.514555e+00 1.578501e+00 -8.653244e+00 -7.793691e+00 -7.034672e+00 -2.087341e+01 3.998544e+00 1.683924e+00 -2.970311e+00 -2.078535e+00 6.732146e-01 1.235654e+00 -6.534438e-01 -1.425359e-01 7.135397e-01 2.006460e+00 3.762400e-01 6.283370e-01 1.880187e+00 -1.069273e+00 8.045796e-02 -2.311399e+00 -1.703959e-01 -6.564013e-01 -9.402821e-01 -9.092821e-01 -4.661130e-01 3.316163e-01 8.921850e-01 6.315382e-01 1.331378e+00 1.927161e+00 1.174492e-01 1.587705e-01 2.074110e-01
<VARIANCE> 39
 4.055741e+01 1.060107e+00 1.078390e+02 6.420410e+00 6.718289e+00 2.723409e+01 9.410781e+00 9.418481e+01 7.253014e+01 2.316909e+01 4.359390e+01 3.341246e+01 1.109116e+01 6.472505e+00 1.215773e+00 7.918724e+00 1.282270e+00 1.676872e+00 4.313547e+00 2.704046e+00 5.129320e+00 1.844319e+01 1.297070e+01 3.039373e+00 4.441756e+00 3.097392e+00 7.665927e-01 1.035639e-01 1.264492e+00 1.950705e-01 2.191206e-01 5.159926e-01 2.007108e-01 3.462634e+00 1.683018e+00 1.470202e+00 5.177630e-01 2.238102e-01 5.421401e-01
<GCONST> 1.209533e+02
<STATE> 5
<NUMMIXES> 4
<MIXTURE> 1 5.294118e-01
<MEAN> 39
 -5.195829e-02 9.718494e+00 5.209079e+00 6.658759e+00 4.375473e+00 -1.506669e-01 5.777057e-01 -6.310635e+00 -6.583713e+00 -1.295922e+00 -1.497266e+00 -6.770027e-01 -8.750739e+00 -3.277473e+00 -8.442253e-01 -5.482117e-01 -5.113189e-01 1.115131e+00 1.324325e+00 1.778216e+00 2.285201e+00 1.908853e+00 4.150063e-01 -2.926990e-01 8.335892e-01 -5.764900e-01 -5.765542e-02 -9.679492e-01 -8.274258e-01 -3.239756e-01 -3.197032e-01 1.024383e-01 1.149834e-01 2.948069e-01 7.291670e-01 2.643248e-01 3.049876e-01 -5.165721e-02 6.715618e-01
<VARIANCE> 39
 3.757200e+01 2.351064e+01 3.478639e+01 2.615410e+01 4.173394e+01 3.422601e+01 3.057243e+01 4.822718e+01 3.662883e+01 3.946743e+01 3.350171e+01 2.242562e+01 2.199898e+01 4.009049e+00 3.694803e+00 5.277459e+00 4.690777e+00 4.236231e+00 3.118816e+00 3.691578e+00 5.025269e+00 4.495388e+00 6.989711e+00 4.757992e+00 2.464533e+00 3.598816e+00 4.692470e-01 6.203630e-01 6.244941e-01 3.845716e-01 9.598463e-01 5.980384e-01 6.553715e-01 7.229299e-01 8.314541e-01 7.578162e-01 5.344591e-01 4.247734e-01 6.430847e-01
<GCONST> 1.290711e+02
<MIXTURE> 2 1.176471e-01
<MEAN> 39
 6.268148e+00 -5.521132e+00 4.732086e+00 -8.524784e-01 -3.159497e+00 1.574730e-01 -4.005660e+00 -6.300790e-01 -1.116654e+00 -5.235202e+00 1.309869e+00 -1.016488e+00 7.724935e+00 -2.250018e-01 -1.902276e+00 4.050111e-01 -1.694305e+00 -2.922267e+00 4.350935e-01 -4.240762e-01 3.709630e+00 1.972016e+00 -4.859551e-01 -1.694556e+00 2.100483e+00 2.406121e+00 -2.563897e-01 4.235843e-01 3.667894e-01 9.388213e-02 -3.607278e-01 4.163728e-02 3.818648e-01 -2.383227e-01 -3.486397e-01 8.825230e-02 2.140000e-01 -3.471925e-01 -1.819235e-01
<VARIANCE> 39
 2.756396e+00 8.779645e+00 3.795860e+01 3.985911e+01 3.495942e+01 4.209509e+01 1.093472e+01 2.637395e+01 8.021441e+01 1.895207e+01 5.797312e+01 1.798356e+01 8.783107e+00 8.419636e-01 7.906299e-01 3.756045e+00 5.381427e+00 5.336352e+00 3.485612e+00 2.754732e+00 1.789112e+00 3.659101e+00 2.975174e+00 6.626025e+00 2.855532e+00 4.553729e-01 5.293223e-02 2.525554e-01 1.798649e-01 4.582595e-01 6.149569e-01 4.627911e-01 8.251142e-01 7.711915e-01 9.949748e-01 2.886445e-01 6.567448e-01 3.455427e-01 2.248887e-01
<GCONST> 1.105092e+02
<MIXTURE> 3 9.243698e-02
<MEAN> 39
 -2.363327e+00 4.793311e+00 9.948118e+00 -6.779250e+00 -6.881517e-02 1.037802e+01 -1.098386e+01 -6.279675e+00 8.138963e+00 -1.461490e+00 -3.668008e+00 -6.423000e-01 -4.540959e+00 -2.819139e+00 3.294902e-01 -3.042821e-01 -3.011755e+00 1.148467e+00 8.736885e-01 -6.802552e-01 2.639013e+00 6.067705e-01 1.650445e-01 7.301576e-01 -1.278771e-01 8.626922e-01 -3.736600e-03 3.956694e-01 -1.107689e+00 1.223379e+00 -1.666887e-01 -1.577590e+00 1.280812e+00 2.432454e-01 -1.673426e+00 8.876335e-01 1.882459e-01 -4.008020e-01 5.752318e-02
<VARIANCE> 39
 3.919751e+01 2.690531e+01 1.736087e+01 3.964660e+01 3.719242e+01 1.563947e+01 2.623588e+01 4.553557e+01 6.403352e+01 3.227954e+01 2.141770e+01 1.908162e+01 6.108345e+00 5.164640e+00 3.544383e+00 2.970053e+00 6.760582e+00 8.224758e+00 8.532698e+00 7.146370e+00 5.276951e+00 5.325453e+00 4.077013e+00 1.105159e+00 2.384609e+00 1.338145e+00 1.044046e+00 5.235742e-01 2.016543e-01 4.829649e-01 6.289970e-01 9.893793e-01 5.260494e-01 6.997018e-01 3.619217e-01 4.785835e-01 6.947328e-01 1.922350e-01 1.305715e-01
<GCONST> 1.219973e+02
<MIXTURE> 4 2.605042e-01
<MEAN> 39
 4.413277e+00 3.092573e+00 -4.702264e+00 -1.090870e-01 3.290472e+00 -3.848522e-02 -3.259867e+00 -6.710872e+00 -4.464298e-01 -1.401775e+00 -7.325293e-01 -2.554025e+00 2.163427e+00 3.642058e-01 -1.594399e+00 -1.863975e+00 -2.479906e+00 3.418704e-01 1.666568e+00 -5.867255e-01 3.363238e+00 1.650244e+00 -1.195185e+00 8.370564e-03 2.129014e-01 1.671293e+00 3.669632e-01 -4.503217e-01 5.100781e-01 -6.001943e-02 -4.491306e-01 9.002169e-02 4.190119e-02 -1.053395e-03 -2.457453e-01 5.149087e-01 -2.417282e-01 -1.496886e-01 -3.104377e-02
<VARIANCE> 39
 2.607468e+01 2.115194e+01 4.836777e+01 2.743682e+01 4.652925e+01 3.905319e+01 4.164987e+01 3.000318e+01 6.797762e+01 1.656135e+01 2.033102e+01 4.429529e+01 1.415507e+01 1.558519e+00 1.060270e+00 4.351033e+00 2.706154e+00 2.903517e+00 4.423489e+00 4.469195e+00 4.092392e+00 6.241344e+00 3.951397e+00 3.212109e+00 3.075986e+00 1.114658e+00 1.775900e-01 1.813040e-01 8.190650e-01 9.253601e-01 7.646149e-01 8.977933e-01 4.623217e-01 7.828333e-01 9.369257e-01 4.417001e-01 4.463910e-01 4.047177e-01 3.779366e-01
<GCONST> 1.216554e+02
<TRANSP> 6
 0.000000e+00 1.000000e+00 0.000000e+00 0.000000e+00 0.000000e+00 0.000000e+00
 0.000000e+00 5.633803e-01 4.366197e-01 0.000000e+00 0.000000e+00 0.000000e+00
 0.000000e+00 0.000000e+00 6.915423e-01 3.084577e-01 0.000000e+00 0.000000e+00
 0.000000e+00 0.000000e+00 0.000000e+00 5.079365e-01 4.920635e-01 0.000000e+00
 0.000000e+00 0.000000e+00 0.000000e+00 0.000000e+00 4.789916e-01 5.210084e-01
 0.000000e+00 0.000000e+00 0.000000e+00 0.000000e+00 0.000000e+00 0.000000e+00
<ENDHMM>
