~o
<STREAMINFO> 1 39
<VECSIZE> 39<NULLD><MFCC_D_A_Z_0><DIAGC>
~h "f"
<BEGINHMM>
<NUMSTATES> 6
<STATE> 2
<NUMMIXES> 4
<MIXTURE> 1 2.255497e-01
<MEAN> 39
 -6.938450e+00 3.398563e+00 -1.833697e-01 5.034382e+00 6.192492e+00 3.712169e+00 5.015293e+00 6.004912e-01 1.213620e+00 9.514133e-01 -6.918294e-01 1.186249e+00 -2.869587e+00 -5.117204e+00 -4.368924e-01 2.168841e-01 9.947608e-01 2.956238e-01 1.924410e-01 6.512085e-01 4.332977e-01 8.129560e-02 2.200775e-01 3.808277e-01 7.321346e-01 -1.214956e+00 7.125776e-01 -8.467506e-01 -4.746377e-01 -7.831824e-01 -7.447341e-01 -3.709044e-01 -6.451240e-01 -9.735372e-02 9.415079e-02 -4.024294e-02 1.005305e-01 -1.807601e-01 6.882826e-01
<VARIANCE> 39
 3.330643e+01 1.996627e+01 1.857586e+01 1.970080e+01 1.665109e+01 2.407513e+01 2.331268e+01 1.816823e+01 2.355753e+01 1.483712e+01 1.854833e+01 1.679124e+01 3.230257e+01 2.098249e+00 3.174286e+00 3.085458e+00 4.378461e+00 2.640236e+00 4.513176e+00 4.899911e+00 3.832476e+00 3.443238e+00 3.221255e+00 3.021560e+00 2.639731e+00 2.723432e+00 6.768911e-01 4.507364e-01 5.390606e-01 5.985746e-01 4.908630e-01 6.048673e-01 6.954725e-01 5.559320e-01 5.805423e-01 4.487797e-01 5.002994e-01 4.103718e-01 4.912697e-01
<GCONST> 1.184676e+02
<MIXTURE> 2 2.536012e-01
<MEAN> 39
 -1.086612e+01 -1.256940e+00 -3.414850e+00 1.488815e+00 1.460130e+00 9.798804e-01 1.550729e+00 5.196161e-01 1.948519e+00 1.097486e+00 1.076836e+00 1.621110e+00 -1.301787e+00 -9.602013e-01 -3.799681e-01 -4.897777e-01 -1.764473e-02 -6.315803e-01 -1.424361e-01 -4.775988e-01 4.775311e-02 5.444671e-02 6.740224e-02 -2.349659e-02 -4.363947e-03 -1.658844e-01 4.601912e-01 3.379513e-01 2.699805e-01 2.054000e-01 2.344084e-01 1.133406e-01 1.021895e-01 -5.578882e-02 -1.288638e-01 -2.954989e-02 -1.212216e-01 -1.019997e-01 -5.287949e-02
<VARIANCE> 39
 2.023249e+01 2.072751e+01 1.981410e+01 1.994625e+01 2.159633e+01 2.478005e+01 2.263564e+01 2.688946e+01 2.379162e+01 2.293710e+01 2.145384e+01 1.366943e+01 2.723287e+01 2.964329e+00 2.206915e+00 2.279118e+00 2.557106e+00 2.365020e+00 2.310418e+00 2.215496e+00 2.165967e+00 2.147959e+00 1.666937e+00 1.758360e+00 1.468890e+00 4.431710e+00 5.810869e-01 3.732786e-01 4.411960e-01 4.588231e-01 4.798570e-01 4.718841e-01 4.656450e-01 5.696447e-01 5.013496e-01 4.240635e-01 4.085258e-01 2.896109e-01 5.698092e-01
<GCONST> 1.121142e+02
<MIXTURE> 3 2.065959e-01
<MEAN> 39
 -2.929937e+00 3.824311e+00 3.255484e+00 6.636400e+00 2.607307e+00 2.775366e-01 5.606519e-01 -2.850080e+00 -9.061474e-01 -3.443141e+00 -1.075902e+00 -1.511745e+00 -2.135685e+00 -4.721392e+00 -7.392455e-02 -6.077626e-01 1.398516e+00 1.584153e+00 1.700350e+00 1.350490e+00 1.192968e+00 2.071477e+00 6.906728e-01 1.662572e+00 8.516923e-01 -1.241492e+00 5.220362e-02 -7.988112e-01 -4.474535e-01 -8.327847e-01 -4.487328e-01 -1.466655e-01 -3.299889e-02 4.647110e-01 1.149291e-01 5.810538e-01 9.525222e-02 2.941054e-01 4.578965e-01
<VARIANCE> 39
 2.998584e+01 1.726099e+01 2.363259e+01 2.107977e+01 2.504591e+01 3.100539e+01 2.734159e+01 2.299549e+01 2.845853e+01 2.382571e+01 2.026599e+01 1.878190e+01 1.833430e+01 2.623786e+00 3.689247e+00 6.501716e+00 4.754551e+00 4.360425e+00 5.211528e+00 3.497685e+00 5.141810e+00 4.950033e+00 4.561639e+00 4.443818e+00 3.154474e+00 2.998593e+00 6.402736e-01 3.946608e-01 5.571418e-01 5.650485e-01 6.477210e-01 7.109796e-01 6.145591e-01 6.608167e-01 6.628754e-01 6.412206e-01 5.675588e-01 4.364357e-01 2.880738e-01
<GCONST> 1.234719e+02
<MIXTURE> 4 3.142532e-01
<MEAN> 39
 -1.213198e+01 -1.155042e+00 -6.752793e-01 5.013679e+00 3.245833e+00 2.360085e+00 3.232979e+00 1.987850e+00 3.524133e+00 7.717171e-01 2.553367e+00 1.589035e+00 -1.476539e+00 -3.126317e+00 -1.515713e+00 -1.238025e+00 -3.081885e-01 -9.553751e-03 5.966552e-01 7.352117e-01 1.279149e+00 1.391363e+00 1.114338e+00 1.087372e+00 9.167237e-01 -5.547174e-02 1.408551e+00 1.139602e-01 -3.780022e-02 -4.756591e-01 -4.067727e-01 -3.777941e-01 -4.678389e-01 -4.491660e-01 -4.869120e-01 -1.189539e-01 -3.770237e-01 -2.326838e-01 2.347413e-01
<VARIANCE> 39
 1.119785e+01 1.346950e+01 1.823340e+01 1.780886e+01 1.715414e+01 2.041171e+01 2.024300e+01 2.234781e+01 2.152527e+01 2.013361e+01 2.355745e+01 1.532694e+01 1.745930e+01 1.891779e+00 1.193079e+00 2.018028e+00 1.878442e+00 2.204967e+00 2.666447e+00 2.326715e+00 2.552094e+00 2.352680e+00 2.442599e+00 2.190734e+00 1.817791e+00 1.519437e+00 2.292451e-01 3.321044e-01 5.647333e-01 6.070723e-01 4.896377e-01 5.617383e-01 5.710189e-01 5.727173e-01 5.274615e-01 5.707025e-01 5.657768e-01 4.768037e-01 2.767816e-01
<GCONST> 1.086684e+02
<STATE> 3
<NUMMIXES> 4
<MIXTURE> 1 2.717099e-01
<MEAN> 39
 -1.363463e+01 -2.937980e+00 -2.659240e+00 3.981088e+00 2.676214e+00 2.328785e+00 3.071674e+00 2.775693e+00 5.466370e+00 3.228693e+00 4.774952e+00 2.750566e+00 -5.454079e-01 1.306038e-01 -2.271347e-01 -2.113044e-01 -1.553373e-01 5.253989e-03 -5.342030e-02 4.016620e-02 2.246122e-02 1.040532e-01 2.087299e-01 6.176291e-02 1.192287e-02 1.453065e-01 9.957052e-01 3.767203e-01 1.870947e-01 -8.658228e-02 8.112304e-03 -1.505918e-01 -2.468726e-01 -4.003408e-01 -5.091305e-01 -4.984268e-01 -5.562653e-01 -3.425116e-01 -1.845227e-02
<VARIANCE> 39
 1.033486e+01 9.584105e+00 1.428431e+01 1.732159e+01 1.594221e+01 1.799647e+01 1.669359e+01 1.617638e+01 1.695412e+01 1.661277e+01 1.412116e+01 1.226325e+01 1.442628e+01 1.302698e+00 8.343955e-01 9.668767e-01 1.136556e+00 1.191051e+00 1.391671e+00 1.613424e+00 1.474675e+00 1.474770e+00 1.517025e+00 1.503960e+00 1.264391e+00 1.053027e+00 4.181639e-01 1.784180e-01 2.402238e-01 3.389128e-01 3.102145e-01 3.645194e-01 3.659124e-01 3.032038e-01 2.788408e-01 2.981957e-01 2.428301e-01 2.555293e-01 1.927063e-01
<GCONST> 9.315954e+01
<MIXTURE> 2 3.038342e-01
<MEAN> 39
 -1.252558e+01 -9.132543e-01 -3.582561e+00 2.830593e+00 1.038605e+00 3.226714e-01 1.195065e+00 -6.531474e-02 1.380809e+00 7.212857e-01 3.877047e-01 1.507973e+00 -1.231595e+00 3.662062e-02 -2.120091e-02 -7.023623e-02 5.203658e-02 5.193424e-02 1.689215e-02 -1.233718e-01 -1.128752e-01 1.878327e-02 3.903717e-02 -1.836226e-02 -6.552163e-02 2.508006e-03 3.297940e-01 -1.228254e-02 1.367770e-01 7.561185e-02 2.339928e-01 2.041596e-01 2.422422e-01 1.337822e-01 1.043164e-01 4.053312e-02 4.767368e-02 -4.753705e-02 7.936033e-02
<VARIANCE> 39
 1.193526e+01 1.468299e+01 1.375676e+01 1.760124e+01 1.475966e+01 1.974270e+01 1.761611e+01 1.713904e+01 2.164211e+01 1.757635e+01 1.806583e+01 1.510072e+01 1.633535e+01 4.092058e-01 5.589302e-01 6.682602e-01 8.904403e-01 1.008982e+00 1.232599e+00 1.326142e+00 1.541646e+00 1.390880e+00 1.364183e+00 1.369065e+00 1.188894e+00 5.856480e-01 1.424101e-01 1.137390e-01 1.645050e-01 1.860717e-01 1.825519e-01 2.295108e-01 2.176110e-01 2.782909e-01 2.784158e-01 2.687936e-01 2.494884e-01 2.367016e-01 1.303371e-01
<GCONST> 8.654707e+01
<MIXTURE> 3 1.968912e-01
<MEAN> 39
 -1.277498e+01 2.842757e+00 -1.882089e-01 5.997799e+00 4.053457e+00 4.283208e+00 3.657449e+00 1.491860e+00 3.585137e+00 1.624924e+00 3.294495e+00 2.588768e+00 -6.899515e+00 -9.663319e-02 -2.064526e-01 -1.016170e-01 -1.605674e-02 3.793414e-02 4.736083e-02 4.115236e-02 1.818941e-02 -1.529025e-03 -4.694850e-03 -1.038819e-01 -3.171280e-02 3.078940e-01 8.545956e-01 -2.747594e-01 -6.151606e-02 -3.857730e-01 -3.020156e-01 -4.180843e-01 -2.124198e-01 -1.712101e-01 -2.106048e-01 -1.820808e-01 -3.218950e-01 -2.346899e-01 7.425875e-01
<VARIANCE> 39
 1.600709e+01 1.248602e+01 1.901759e+01 1.794865e+01 1.936758e+01 1.649010e+01 2.246735e+01 1.951150e+01 2.207006e+01 1.652857e+01 1.763315e+01 1.472691e+01 3.333458e+01 1.918581e+00 1.521872e+00 1.180602e+00 1.388049e+00 1.929688e+00 1.633287e+00 1.622899e+00 1.797287e+00 1.800363e+00 1.693576e+00 1.424986e+00 1.356432e+00 3.316239e+00 5.530334e-01 2.736140e-01 3.930490e-01 3.355164e-01 3.690428e-01 3.940876e-01 4.062952e-01 4.743975e-01 4.327500e-01 3.382957e-01 3.212517e-01 3.428143e-01 5.732809e-01
<GCONST> 1.042065e+02
<MIXTURE> 4 2.275648e-01
<MEAN> 39
 -1.443460e+01 -1.802127e+00 -3.702731e+00 3.544809e+00 3.588162e+00 2.574683e+00 4.648816e+00 6.760710e-01 1.009588e+00 -2.387818e-02 -2.235510e+00 5.179665e-01 -9.535300e-01 -7.962251e-02 -3.961267e-01 -3.121534e-01 -3.441798e-01 -1.654448e-01 -9.595814e-02 -1.417140e-01 -2.726145e-02 -1.055583e-02 -8.848512e-03 5.769772e-02 1.529374e-01 2.904482e-01 1.029161e+00 2.192021e-01 1.521254e-01 -1.499422e-01 -1.312246e-01 -2.879340e-01 -3.282186e-01 -1.133572e-01 7.399883e-02 1.800561e-01 3.359807e-01 1.173663e-01 4.999905e-02
<VARIANCE> 39
 1.131323e+01 1.154711e+01 1.588455e+01 1.579562e+01 1.319905e+01 1.637152e+01 1.754851e+01 1.944950e+01 2.030357e+01 1.727216e+01 1.386758e+01 1.294313e+01 1.429171e+01 1.755270e+00 8.691936e-01 1.064471e+00 1.179604e+00 1.170049e+00 1.287469e+00 1.496133e+00 1.310423e+00 1.421175e+00 1.550713e+00 1.429369e+00 1.193082e+00 1.178225e+00 4.030344e-01 2.056023e-01 2.845481e-01 2.599284e-01 2.313489e-01 3.183746e-01 3.515980e-01 3.104108e-01 3.274344e-01 2.638526e-01 2.254296e-01 2.362358e-01 1.870145e-01
<GCONST> 9.323759e+01
<STATE> 4
<NUMMIXES> 4
<MIXTURE> 1 3.113146e-01
<MEAN> 39
 -1.548302e+00 1.818232e+00 -2.813457e-03 3.345336e+00 2.695911e+00 1.570239e-01 1.509120e+00 -1.022751e+00 1.152008e+00 -4.614792e-02 -1.050879e+00 -5.744151e-02 -1.008550e+00 6.195534e+00 -3.667184e-01 -3.097459e-01 -2.209559e+00 -1.743533e+00 -1.183606e+00 -2.264932e+00 -4.817547e-01 -1.048059e+00 -5.844463e-01 -3.366502e-01 -7.973889e-01 1.750451e+00 -1.209388e-01 -6.049729e-01 -3.031141e-01 -5.046540e-01 -4.240517e-01 1.852755e-02 -3.012343e-01 2.664765e-01 -9.306013e-03 6.794734e-02 2.656162e-01 6.399977e-02 4.760355e-01
<VARIANCE> 39
 2.992100e+01 1.704955e+01 3.331693e+01 2.463453e+01 2.406562e+01 2.726399e+01 3.074955e+01 2.548936e+01 2.026029e+01 2.014607e+01 1.672125e+01 1.605628e+01 1.913857e+01 2.021510e+00 4.601177e+00 6.965048e+00 6.091798e+00 5.777810e+00 8.336811e+00 7.351764e+00 6.014485e+00 5.855382e+00 4.466926e+00 5.503829e+00 3.453938e+00 2.411720e+00 4.520853e-01 3.426017e-01 3.707808e-01 4.725724e-01 5.667078e-01 6.007274e-01 7.296469e-01 7.038423e-01 5.211233e-01 5.746257e-01 4.020172e-01 4.080954e-01 3.282973e-01
<GCONST> 1.235821e+02
<MIXTURE> 2 2.285808e-01
<MEAN> 39
 -1.110358e+01 -4.875789e+00 -4.233431e+00 1.000623e+00 2.525830e+00 3.128337e-01 3.152067e+00 5.832998e-01 1.736032e+00 2.352710e+00 -9.130902e-01 1.029640e+00 1.554554e+00 3.033104e+00 7.927346e-01 7.901008e-01 -1.695488e-01 1.024882e-01 1.289205e-01 -2.382741e-01 -4.036482e-01 -2.745662e-01 -3.286789e-01 -5.850052e-02 -2.051223e-01 -2.031588e-01 1.329099e+00 6.021927e-01 2.025940e-01 -1.812283e-01 -3.813070e-01 5.517285e-02 -5.019608e-01 -2.081216e-01 -2.384951e-01 -3.174702e-01 2.211695e-01 1.564749e-02 -1.571533e-01
<VARIANCE> 39
 1.494954e+01 9.592990e+00 2.095922e+01 2.054106e+01 2.062447e+01 2.062733e+01 2.326019e+01 2.553643e+01 2.143290e+01 2.024583e+01 1.625758e+01 1.643393e+01 1.067092e+01 3.796501e+00 1.526541e+00 2.362605e+00 1.913995e+00 2.118936e+00 2.320047e+00 2.760483e+00 2.244574e+00 2.030398e+00 2.173031e+00 1.950575e+00 1.295622e+00 1.523103e+00 3.059448e-01 2.368215e-01 5.030100e-01 5.908381e-01 6.158099e-01 5.745689e-01 7.658705e-01 5.981692e-01 5.824932e-01 5.325372e-01 3.952253e-01 4.151741e-01 3.596457e-01
<GCONST> 1.090326e+02
<MIXTURE> 3 2.403532e-01
<MEAN> 39
 -9.981485e+00 -2.206750e+00 -1.296417e+00 4.392231e+00 3.385973e+00 3.268048e+00 2.900928e+00 1.868410e+00 5.486017e+00 1.566263e+00 4.293183e+00 2.027491e+00 -5.734343e-01 4.882572e+00 6.773363e-01 -4.802059e-02 -1.567939e+00 -9.979662e-01 -1.506404e+00 -1.305895e+00 -1.036290e+00 -1.560724e+00 -8.326384e-01 -1.368908e+00 -8.757863e-01 6.521834e-01 1.267826e+00 -7.967246e-02 -3.018678e-01 -8.216028e-01 -4.785804e-01 -5.866823e-01 -5.679340e-01 -4.493180e-02 -6.798687e-01 -6.056780e-02 -5.145527e-01 -2.658091e-01 3.667722e-01
<VARIANCE> 39
 1.516062e+01 1.207546e+01 2.092755e+01 1.889526e+01 2.108834e+01 1.953767e+01 2.280961e+01 2.155368e+01 2.456967e+01 1.976940e+01 1.681699e+01 1.708477e+01 1.657972e+01 3.146891e+00 2.105293e+00 3.952148e+00 3.932369e+00 3.236696e+00 4.033173e+00 2.968105e+00 3.174601e+00 2.813385e+00 2.432153e+00 2.331524e+00 2.033999e+00 2.521222e+00 3.345129e-01 4.793034e-01 5.589582e-01 6.289330e-01 6.137826e-01 7.417176e-01 6.838138e-01 7.462265e-01 6.665390e-01 6.494119e-01 4.973835e-01 4.383817e-01 3.071568e-01
<GCONST> 1.157149e+02
<MIXTURE> 4 2.197515e-01
<MEAN> 39
 -1.149109e+01 1.097552e+00 -1.787105e+00 3.271113e+00 2.727080e+00 1.545181e+00 2.827613e+00 -2.154747e-01 8.456053e-01 -2.189697e-01 -1.624379e-01 1.675611e+00 -1.498447e+00 2.720176e+00 5.076896e-03 4.789910e-01 -3.970528e-01 -2.260802e-01 -4.045987e-01 -3.219281e-01 -2.983632e-01 1.641980e-01 -2.743537e-02 -1.636267e-01 -5.397792e-01 1.030254e+00 1.277414e+00 -2.985668e-01 -6.207403e-02 -4.444670e-01 -3.658341e-01 -1.070902e-01 -3.990821e-01 4.360307e-02 1.186992e-01 1.412328e-01 1.184840e-01 -2.043142e-01 2.762430e-01
<VARIANCE> 39
 1.868554e+01 1.261805e+01 2.015429e+01 2.068220e+01 2.205217e+01 2.085480e+01 2.857207e+01 1.682137e+01 1.964134e+01 1.938138e+01 1.863775e+01 1.532211e+01 2.842107e+01 5.519780e+00 1.830699e+00 2.242400e+00 2.453594e+00 2.132190e+00 2.740873e+00 2.620084e+00 2.000231e+00 1.936139e+00 1.784612e+00 1.445441e+00 1.758806e+00 4.439730e+00 5.213286e-01 4.247268e-01 5.509319e-01 6.692622e-01 5.966110e-01 7.675667e-01 8.660015e-01 5.294279e-01 4.556963e-01 4.556865e-01 4.610108e-01 4.307602e-01 7.060018e-01
<GCONST> 1.139232e+02
<STATE> 5
<NUMMIXES> 4
<MIXTURE> 1 3.017783e-01
<MEAN> 39
 1.277281e+01 -5.135856e+00 -1.034380e+01 -2.204508e+00 2.330067e+00 -3.947690e+00 -8.334744e+00 6.916029e-01 1.301349e+00 1.394234e-02 -8.207152e-01 -2.735870e+00 5.373220e+00 4.069122e+00 -2.041698e+00 -1.790265e+00 -1.588024e+00 -3.125398e-01 -1.441447e+00 -2.257467e+00 1.115441e+00 -1.392724e-01 -1.718404e-01 -2.479428e-01 -4.905728e-01 2.309559e+00 -1.988564e+00 4.940969e-02 7.565745e-01 5.620010e-01 -6.456524e-02 4.255545e-01 9.361155e-01 2.201991e-01 1.398919e-01 6.923480e-02 2.044807e-01 3.931685e-01 -3.675964e-01
<VARIANCE> 39
 1.368639e+01 2.260754e+01 2.946231e+01 4.378416e+01 3.608809e+01 7.407249e+01 5.571880e+01 4.914515e+01 4.120070e+01 3.449897e+01 3.215198e+01 3.286894e+01 1.699629e+01 4.198390e+00 2.971867e+00 3.368586e+00 3.543187e+00 4.582119e+00 7.660001e+00 9.298514e+00 6.474447e+00 6.555088e+00 4.401585e+00 4.063726e+00 3.529730e+00 1.729465e+00 2.205437e-01 4.452536e-01 4.424635e-01 6.149039e-01 6.449911e-01 9.604754e-01 6.994823e-01 8.286142e-01 7.520468e-01 6.301229e-01 5.430661e-01 4.976885e-01 2.999368e-01
<GCONST> 1.287624e+02
<MIXTURE> 2 1.825314e-01
<MEAN> 39
 -9.212906e+00 1.382459e+00 5.273939e-01 4.431238e+00 4.605979e+00 3.306087e+00 2.611706e+00 -1.409225e-01 3.051940e+00 9.228718e-01 2.346282e+00 1.978161e+00 -6.143563e+00 6.810091e-01 7.519456e-01 1.281429e-01 8.547301e-01 4.315675e-01 6.814615e-01 6.247489e-03 -1.605466e-01 1.517259e-01 4.021725e-01 3.373949e-01 9.776984e-02 -3.029664e+00 -3.496401e-02 -2.257186e-02 -2.214518e-01 -6.369983e-02 -4.724615e-02 -1.761408e-02 1.471865e-01 1.350053e-01 -6.023730e-02 2.776189e-02 -4.854935e-02 -4.014806e-02 6.753440e-02
<VARIANCE> 39
 3.342076e+01 2.597539e+01 3.013651e+01 3.445849e+01 2.972003e+01 3.244362e+01 2.673938e+01 2.970786e+01 2.541699e+01 2.406792e+01 2.466575e+01 1.671887e+01 7.530946e+01 2.598910e+00 2.727341e+00 2.850847e+00 2.939425e+00 2.616999e+00 2.903990e+00 2.666744e+00 2.599888e+00 2.269353e+00 2.015300e+00 2.155866e+00 1.679246e+00 7.974709e+00 4.323186e-01 5.312157e-01 4.643254e-01 8.016759e-01 6.038477e-01 6.711761e-01 5.512667e-01 5.175761e-01 4.880258e-01 4.363657e-01 3.877684e-01 3.214591e-01 2.201731e+00
<GCONST> 1.211732e+02
<MIXTURE> 3 2.536611e-01
<MEAN> 39
 1.056972e+01 3.067096e+00 -6.117774e+00 -1.037151e+01 -3.711751e+00 5.418117e+00 1.229723e+00 -4.727949e+00 -3.212696e+00 -1.110428e+00 1.336237e+00 -1.611704e-01 2.225305e+00 4.730970e+00 -1.118284e-01 -1.265388e+00 -4.077629e+00 -2.151339e+00 1.197556e+00 -8.008491e-01 -6.505968e-01 -1.150911e+00 -1.226295e-01 5.290183e-01 -3.407071e-01 1.843738e+00 -1.584702e+00 -7.028556e-01 1.892086e-02 8.359852e-01 5.426816e-01 -1.439480e-01 -5.250385e-02 4.928024e-01 5.359843e-01 2.958158e-01 6.144301e-02 6.843334e-02 8.186307e-02
<VARIANCE> 39
 1.540309e+01 2.509875e+01 2.204963e+01 4.350449e+01 4.705066e+01 3.510660e+01 4.532990e+01 3.611888e+01 3.112539e+01 3.021179e+01 2.823735e+01 2.292325e+01 1.703244e+01 3.445104e+00 4.489682e+00 3.613927e+00 6.064685e+00 6.029899e+00 4.828927e+00 5.249511e+00 6.001844e+00 6.146278e+00 6.080747e+00 5.007708e+00 3.908906e+00 1.924704e+00 2.751561e-01 3.338428e-01 3.490413e-01 6.697027e-01 5.885678e-01 4.938989e-01 4.888214e-01 6.049914e-01 5.578817e-01 5.627440e-01 5.888738e-01 4.160755e-01 3.088158e-01
<GCONST> 1.253281e+02
<MIXTURE> 4 2.620293e-01
<MEAN> 39
 5.876120e+00 -3.257200e+00 5.992935e+00 -2.168561e+00 -7.694817e+00 -7.441522e+00 -3.492583e+00 -3.016261e-01 -2.856266e+00 -1.049294e+00 -1.352003e+00 -7.685224e-01 6.776533e+00 3.117745e+00 -1.413270e+00 1.444023e+00 -1.982819e+00 -2.731898e+00 -1.793917e+00 -1.957784e+00 1.368650e-01 -1.178369e+00 8.455688e-02 -2.668537e-01 -5.394073e-01 2.156245e+00 -1.485248e+00 1.684025e-01 -4.869137e-01 2.552549e-01 6.872160e-01 8.050748e-01 6.644975e-01 1.963564e-01 3.724393e-01 2.139141e-01 2.828265e-01 2.693796e-01 -5.437884e-01
<VARIANCE> 39
 1.496382e+01 2.732371e+01 4.859778e+01 3.386769e+01 3.016818e+01 3.157242e+01 3.649769e+01 5.008438e+01 3.834376e+01 3.436148e+01 3.512560e+01 1.926385e+01 2.257276e+01 2.985913e+00 3.558571e+00 3.773230e+00 4.116978e+00 3.857861e+00 4.772267e+00 6.023246e+00 5.609306e+00 4.795978e+00 5.630292e+00 6.284331e+00 3.027100e+00 2.151899e+00 2.673648e-01 4.594828e-01 4.477798e-01 5.668148e-01 4.915384e-01 6.441761e-01 6.010001e-01 7.592167e-01 6.405586e-01 5.512347e-01 6.401973e-01 3.508460e-01 4.261566e-01
<GCONST> 1.260414e+02
<TRANSP> 6
 0.000000e+00 1.000000e+00 0.000000e+00 0.000000e+00 0.000000e+00 0.000000e+00
 0.000000e+00 5.852919e-01 4.147081e-01 0.000000e+00 0.000000e+00 0.000000e+00
 0.000000e+00 0.000000e+00 7.732642e-01 2.267357e-01 0.000000e+00 0.000000e+00
 0.000000e+00 0.000000e+00 0.000000e+00 6.422498e-01 3.577502e-01 0.000000e+00
 0.000000e+00 0.000000e+00 0.000000e+00 0.000000e+00 4.278243e-01 5.721757e-01
 0.000000e+00 0.000000e+00 0.000000e+00 0.000000e+00 0.000000e+00 0.000000e+00
<ENDHMM>
