~o
<STREAMINFO> 1 39
<VECSIZE> 39<NULLD><MFCC_D_A_Z_0><DIAGC>
~h "gcl"
<BEGINHMM>
<NUMSTATES> 6
<STATE> 2
<NUMMIXES> 4
<MIXTURE> 1 3.290214e-01
<MEAN> 39
 1.244256e+00 1.336281e+01 7.126096e+00 1.054236e+01 5.103960e-02 -3.244949e+00 -3.424923e+00 -8.117385e+00 -4.261677e+00 -3.707807e+00 -1.529708e+00 -2.486349e+00 -1.566911e+01 -2.142788e+00 5.947684e-01 -6.962290e-01 2.200720e+00 2.890744e+00 1.968048e+00 -1.254557e-01 1.947507e-01 1.466097e+00 -1.046893e+00 3.251879e-01 -6.317496e-02 -2.715816e+00 -8.630364e-02 -2.207268e+00 -1.006124e+00 -1.400773e+00 -8.434610e-02 -5.191371e-03 4.979923e-01 9.583455e-01 4.513810e-01 9.361739e-01 1.794039e-01 4.150058e-01 2.379296e+00
<VARIANCE> 39
 1.302580e+01 1.060051e+01 2.357991e+01 2.333985e+01 3.065767e+01 3.213628e+01 3.702585e+01 3.036290e+01 2.964408e+01 2.211265e+01 2.737126e+01 2.169198e+01 9.521978e+00 2.309489e+00 5.205594e+00 5.323072e+00 4.980118e+00 6.444549e+00 5.533717e+00 6.232750e+00 9.059618e+00 5.168668e+00 5.881530e+00 4.878908e+00 3.521046e+00 4.383122e+00 3.674562e-01 5.719534e-01 7.537683e-01 7.325380e-01 8.095782e-01 1.021692e+00 1.142151e+00 8.975755e-01 8.916423e-01 7.719498e-01 6.544043e-01 6.520961e-01 6.989781e-01
<GCONST> 1.291647e+02
<MIXTURE> 2 2.767154e-01
<MEAN> 39
 4.288619e+00 9.184133e+00 6.700135e+00 4.467786e+00 -6.208688e+00 -1.339308e+00 4.374906e-01 -1.130325e+01 -6.002822e+00 2.377164e+00 -3.920852e+00 -4.009842e+00 -9.436160e+00 -8.307790e-01 1.877200e+00 -3.823217e-01 2.696594e+00 2.006741e+00 4.152836e-01 -7.117674e-01 2.777570e-01 7.532755e-01 -2.076363e+00 4.787394e-01 -3.418792e-01 -3.541946e+00 -4.296482e-01 -1.138293e+00 -5.512825e-01 -2.911538e-01 7.146597e-01 -7.504921e-02 -5.798702e-03 9.582952e-01 4.676188e-01 -9.704418e-02 2.506358e-01 4.345770e-01 9.938765e-01
<VARIANCE> 39
 1.350930e+01 1.527156e+01 4.196913e+01 3.299610e+01 4.641363e+01 3.902002e+01 4.113606e+01 3.839390e+01 4.664990e+01 3.554376e+01 4.608903e+01 3.496631e+01 1.597567e+01 2.110532e+00 5.165140e+00 4.264704e+00 6.427271e+00 6.062865e+00 5.564157e+00 5.974854e+00 6.203813e+00 4.468277e+00 5.289927e+00 3.967867e+00 4.369912e+00 4.890295e+00 2.439889e-01 6.569332e-01 5.729189e-01 6.765858e-01 8.070073e-01 7.958916e-01 8.321413e-01 8.265818e-01 8.946972e-01 6.572414e-01 7.878445e-01 7.068319e-01 7.406684e-01
<GCONST> 1.320979e+02
<MIXTURE> 3 2.547807e-01
<MEAN> 39
 3.019725e+00 6.994573e+00 6.628227e+00 1.007257e+01 -3.203683e+00 -9.013542e+00 1.053753e+00 1.415831e+00 -1.028610e+01 -5.805243e+00 2.247674e+00 -1.177281e+00 -9.085189e+00 -1.101550e+00 3.035440e+00 -6.148824e-01 1.491263e+00 2.428719e+00 1.537777e+00 1.109138e-02 -2.325578e+00 1.080117e+00 -2.078693e-02 -1.299103e+00 -3.023219e-01 -3.932218e+00 -1.841861e-01 -1.013150e+00 -6.185888e-01 -9.650019e-01 3.434314e-01 7.117200e-01 -3.376295e-01 -1.083399e-01 9.175628e-01 7.513962e-01 -1.401370e-01 8.592698e-02 1.274143e+00
<VARIANCE> 39
 1.238097e+01 1.756026e+01 3.261019e+01 2.595455e+01 3.301400e+01 3.202924e+01 4.283056e+01 3.644365e+01 4.725693e+01 4.226537e+01 3.411307e+01 3.296777e+01 1.784569e+01 1.799089e+00 4.653098e+00 4.009639e+00 4.559685e+00 6.405469e+00 5.482993e+00 7.220538e+00 6.688623e+00 6.186329e+00 6.105316e+00 4.091680e+00 3.111848e+00 3.963687e+00 2.560010e-01 5.803533e-01 6.165479e-01 6.212824e-01 6.992246e-01 8.094674e-01 9.991084e-01 6.886134e-01 8.511295e-01 8.337220e-01 6.975908e-01 6.738580e-01 5.053791e-01
<GCONST> 1.300531e+02
<MIXTURE> 4 1.394826e-01
<MEAN> 39
 -4.391204e-01 1.148181e+00 7.480693e-01 6.340951e+00 5.796854e+00 -1.793080e+00 -1.816938e+00 -1.149984e+00 -1.579658e+00 -4.563798e-01 8.874369e-01 -1.353546e-01 -8.377954e+00 -4.706409e-01 1.572659e+00 6.557436e-01 1.731630e+00 8.049321e-01 9.331082e-01 3.372575e-01 -8.695837e-01 -3.126335e-01 -3.094102e-01 -3.160551e-01 -1.355835e-01 -4.247453e+00 -1.580827e-01 -4.763725e-02 -1.168377e-01 -4.188177e-01 -5.015415e-01 7.776412e-02 2.588038e-01 7.159995e-02 1.195650e-01 7.808455e-02 8.290755e-03 3.977939e-02 8.268927e-01
<VARIANCE> 39
 6.699960e+01 4.017294e+01 6.583218e+01 5.634948e+01 5.457699e+01 8.151041e+01 7.203965e+01 7.423190e+01 7.198577e+01 5.222139e+01 3.841439e+01 3.212586e+01 4.655837e+01 4.813942e+00 4.738847e+00 5.346579e+00 6.091671e+00 8.893998e+00 7.391747e+00 6.277916e+00 6.156879e+00 5.546227e+00 5.089024e+00 4.684079e+00 2.553759e+00 4.817038e+00 5.528054e-01 1.059485e+00 9.960384e-01 1.076872e+00 9.577089e-01 1.474926e+00 1.236552e+00 1.209563e+00 9.896883e-01 9.035599e-01 6.936303e-01 6.219167e-01 1.464851e+00
<GCONST> 1.455268e+02
<STATE> 3
<NUMMIXES> 4
<MIXTURE> 1 3.047796e-01
<MEAN> 39
 -1.024067e+00 1.302245e+01 7.137541e+00 1.252846e+01 3.796067e+00 -3.703096e-01 -3.029246e+00 -7.407373e+00 -3.834267e+00 -4.072248e+00 -1.685546e+00 -2.333395e+00 -1.819611e+01 -1.908035e+00 -3.313705e+00 -2.490518e+00 -4.846263e-01 2.304861e+00 1.372777e+00 7.865716e-01 1.780714e+00 2.017334e+00 7.546970e-01 6.420040e-01 9.931638e-01 1.436715e+00 3.027348e-01 -1.803922e+00 -7.739792e-01 -1.547636e+00 -7.277046e-01 -6.256630e-01 2.984014e-01 6.636555e-01 1.895956e-01 8.674487e-01 2.153962e-01 3.019150e-01 2.595314e+00
<VARIANCE> 39
 1.238184e+01 1.109107e+01 1.497797e+01 1.828424e+01 2.945234e+01 2.823113e+01 2.976809e+01 2.569442e+01 2.388150e+01 2.275442e+01 1.940267e+01 2.162212e+01 8.449882e+00 1.825140e+00 4.696692e+00 4.594416e+00 4.424774e+00 5.065237e+00 5.229906e+00 5.209603e+00 5.585120e+00 4.479664e+00 4.629561e+00 3.954393e+00 2.963805e+00 5.237498e+00 4.854423e-01 6.423671e-01 8.251799e-01 7.633563e-01 8.962827e-01 8.018108e-01 1.069082e+00 9.879610e-01 7.053626e-01 8.153053e-01 7.501304e-01 5.660827e-01 7.000466e-01
<GCONST> 1.253338e+02
<MIXTURE> 2 2.203600e-01
<MEAN> 39
 -4.304953e+00 6.265186e+00 3.965218e+00 1.111166e+01 5.818781e+00 -3.613972e+00 -1.631929e+00 -3.400388e+00 -1.990476e+00 -3.101536e+00 -5.708506e-01 1.439829e-01 -1.088221e+01 -1.134741e+00 -1.676986e+00 -2.568602e+00 -7.759895e-01 2.633318e+00 1.971757e+00 1.274438e-01 -1.032106e-02 1.661387e+00 1.326017e+00 -3.369267e-02 -4.591583e-02 7.312388e-01 8.487083e-01 -7.209041e-01 -4.138080e-01 -1.327212e+00 -9.717008e-01 1.188366e-01 1.407265e-01 1.224191e-01 -3.917448e-03 6.587030e-01 3.591409e-01 -1.677554e-04 1.543882e+00
<VARIANCE> 39
 4.301131e+01 5.141541e+01 7.195182e+01 6.194524e+01 5.181740e+01 7.454421e+01 5.996524e+01 7.626707e+01 5.131406e+01 3.581001e+01 3.605881e+01 2.382909e+01 2.033201e+01 3.351509e+00 7.333033e+00 6.318500e+00 6.495285e+00 6.780160e+00 8.119165e+00 6.172163e+00 1.039670e+01 5.904288e+00 6.519336e+00 3.742371e+00 3.745625e+00 5.256477e+00 9.131657e-01 1.294169e+00 1.552068e+00 2.004957e+00 1.185983e+00 1.540192e+00 1.389779e+00 1.552163e+00 1.075280e+00 1.195338e+00 1.178981e+00 6.613004e-01 9.896150e-01
<GCONST> 1.474540e+02
<MIXTURE> 3 1.998758e-01
<MEAN> 39
 -8.832086e+00 4.867177e+00 2.126208e+00 1.134674e+01 7.564101e+00 5.730296e+00 3.603589e+00 1.550006e+00 4.089906e+00 2.258760e+00 3.307475e+00 1.027170e+00 -2.088335e+01 -5.870029e-01 -1.482828e+00 -1.344521e+00 -3.022717e-01 4.729201e-01 6.633599e-01 8.339682e-01 1.114169e+00 1.075437e+00 8.325179e-01 6.485318e-01 5.277353e-01 7.897697e-02 6.763957e-01 -5.444155e-01 -1.934241e-01 -9.770161e-01 -7.556383e-01 -9.974661e-01 -3.520649e-01 -3.873619e-01 -3.390668e-01 1.659260e-02 -3.069440e-01 -4.342298e-03 2.457893e+00
<VARIANCE> 39
 9.556675e+00 1.304757e+01 1.508580e+01 2.037151e+01 2.132173e+01 2.169477e+01 2.493530e+01 2.744375e+01 1.929766e+01 1.887456e+01 2.414121e+01 1.531954e+01 8.166018e+00 3.484754e+00 4.682326e+00 6.503795e+00 4.316417e+00 3.954743e+00 3.764669e+00 3.856336e+00 5.466207e+00 4.115066e+00 2.899291e+00 3.160007e+00 2.177554e+00 7.089437e+00 5.798960e-01 6.588832e-01 8.199517e-01 8.046860e-01 9.102138e-01 8.063698e-01 7.275376e-01 7.678992e-01 5.557736e-01 6.605949e-01 5.438784e-01 4.146664e-01 1.629822e+00
<GCONST> 1.227771e+02
<MIXTURE> 4 2.749845e-01
<MEAN> 39
 3.474629e+00 1.038176e+01 4.911245e+00 7.966231e+00 -2.198834e+00 -2.513798e+00 1.444943e+00 -5.640613e+00 -7.522175e+00 -2.652218e+00 -8.179675e-02 -3.612153e+00 -1.181318e+01 -7.689138e-01 -1.043025e+00 -1.171069e+00 1.617677e-02 2.294343e+00 3.560545e-01 -8.126271e-01 3.102857e-01 1.597555e+00 6.570528e-02 -5.581686e-01 7.757733e-01 2.715344e-01 -1.258519e-01 -1.097498e+00 -2.196394e-01 -4.217633e-01 1.085691e-01 -1.066590e-01 -2.520433e-01 3.824387e-01 2.361409e-01 3.546690e-01 7.303638e-02 2.751639e-01 1.234805e+00
<VARIANCE> 39
 9.789911e+00 1.475727e+01 3.706052e+01 3.140867e+01 4.135490e+01 2.881842e+01 4.385354e+01 4.797210e+01 4.636861e+01 3.437334e+01 3.789136e+01 2.558117e+01 1.954997e+01 1.601478e+00 5.086856e+00 3.785032e+00 3.108407e+00 4.903191e+00 4.974810e+00 4.817091e+00 5.456475e+00 4.806402e+00 3.710942e+00 4.021373e+00 2.489630e+00 2.117494e+00 2.341744e-01 4.806427e-01 5.422221e-01 5.663882e-01 6.847750e-01 6.612716e-01 9.467971e-01 8.431889e-01 8.396951e-01 7.119457e-01 5.881207e-01 4.515953e-01 6.060064e-01
<GCONST> 1.259058e+02
<STATE> 4
<NUMMIXES> 4
<MIXTURE> 1 3.229079e-01
<MEAN> 39
 -2.202200e+00 -4.714306e+00 -6.981508e+00 6.993867e+00 1.098982e+01 8.769776e-01 -1.371772e+00 -1.983207e-01 3.321403e+00 9.738052e-01 -6.481771e-01 6.582392e-01 -5.345704e+00 -2.656769e-01 -4.342244e+00 -3.747143e+00 -2.410792e+00 1.792848e+00 -3.714082e-02 -5.547816e-01 1.452145e+00 2.300529e+00 1.866797e+00 1.917609e-01 7.741554e-01 4.388873e+00 8.306832e-01 1.206306e+00 1.092013e+00 -4.797347e-01 -1.468601e+00 -6.992846e-01 -9.421909e-02 -5.994213e-01 -7.945118e-01 1.221244e-01 7.919271e-03 -3.082004e-01 3.078729e-01
<VARIANCE> 39
 2.134550e+01 4.084448e+01 5.292690e+01 5.933622e+01 4.499818e+01 5.210742e+01 4.842898e+01 5.159164e+01 4.198543e+01 3.632246e+01 3.132400e+01 2.109856e+01 2.598293e+01 3.435859e+00 5.079810e+00 4.257557e+00 6.578530e+00 5.951415e+00 7.313590e+00 8.041304e+00 8.951928e+00 5.495414e+00 4.388955e+00 4.416183e+00 3.500944e+00 4.011715e+00 7.116750e-01 6.539447e-01 7.960493e-01 1.529804e+00 9.356443e-01 9.404812e-01 1.021551e+00 1.322048e+00 6.875495e-01 9.689377e-01 9.733782e-01 6.621494e-01 4.451288e-01
<GCONST> 1.386665e+02
<MIXTURE> 2 1.749789e-01
<MEAN> 39
 -9.491881e+00 4.014446e+00 1.616077e+00 1.129932e+01 7.569642e+00 5.934036e+00 4.353763e+00 2.670717e+00 5.785488e+00 3.129261e+00 4.054787e+00 1.797256e+00 -2.035820e+01 8.220748e-01 -3.715595e+00 -2.312052e+00 -3.095071e+00 -6.728997e-01 -1.449876e+00 -3.348922e-01 1.137470e-02 1.823351e-01 1.047281e+00 1.410851e-02 5.725864e-01 6.438593e+00 1.025607e+00 3.272320e-02 1.386587e-01 -9.851105e-01 -8.196304e-01 -1.111087e+00 -7.101872e-01 -7.030753e-01 -7.638615e-01 -2.223700e-01 -5.506058e-01 -2.015628e-01 2.133233e+00
<VARIANCE> 39
 1.054751e+01 1.631226e+01 1.687929e+01 2.421212e+01 1.877158e+01 2.726486e+01 2.480076e+01 2.471428e+01 2.466213e+01 1.901924e+01 2.357006e+01 1.354142e+01 1.629143e+01 2.837930e+00 4.919511e+00 7.559209e+00 4.375848e+00 5.364023e+00 5.109599e+00 6.065242e+00 5.214788e+00 4.773289e+00 4.122359e+00 3.465815e+00 2.571028e+00 2.914562e+00 4.990042e-01 5.551405e-01 5.737184e-01 5.147783e-01 7.329857e-01 8.287728e-01 7.439137e-01 8.516229e-01 6.309506e-01 5.671743e-01 6.071339e-01 3.118948e-01 8.403851e-01
<GCONST> 1.230139e+02
<MIXTURE> 3 2.662722e-01
<MEAN> 39
 -1.417688e+00 2.056706e+00 1.202411e+00 5.815930e+00 3.663719e+00 -1.912384e+00 7.346031e-01 -3.545051e+00 -3.420418e+00 2.151026e-01 -7.089915e-01 -3.389412e-01 -5.463128e+00 -9.192643e-02 -1.891133e+00 -8.269918e-01 -2.154656e+00 -2.871220e-01 1.912088e-01 1.269276e-01 -2.582789e-02 7.287664e-01 1.215215e+00 3.346780e-01 6.359479e-01 3.767774e+00 7.314908e-01 -4.084206e-02 3.401536e-01 -5.852885e-01 -9.088300e-01 -3.784103e-01 -4.168957e-01 2.888736e-01 -1.952200e-01 -1.932599e-01 3.308422e-01 1.212720e-02 7.783974e-01
<VARIANCE> 39
 3.804332e+01 3.695947e+01 6.076048e+01 4.067028e+01 7.065055e+01 6.618018e+01 6.534335e+01 4.729765e+01 6.166281e+01 4.034842e+01 3.112072e+01 2.547415e+01 2.567044e+01 5.078948e+00 4.353681e+00 4.915307e+00 5.320676e+00 5.292181e+00 7.389394e+00 6.259624e+00 7.348249e+00 5.128485e+00 5.725019e+00 3.742785e+00 2.824296e+00 4.722799e+00 5.294970e-01 7.278194e-01 8.127092e-01 8.700062e-01 1.168313e+00 1.328866e+00 1.368295e+00 1.000232e+00 1.190450e+00 1.172815e+00 9.026460e-01 6.726034e-01 3.698215e-01
<GCONST> 1.404031e+02
<MIXTURE> 4 2.358411e-01
<MEAN> 39
 -1.185605e+00 1.072647e+01 4.461496e+00 1.176985e+01 4.710955e+00 1.043043e+00 -4.720048e-01 -5.290820e+00 -3.853212e+00 -3.320259e+00 -2.127330e+00 -1.973011e+00 -1.641948e+01 -1.102879e+00 -4.967165e+00 -3.550060e+00 -2.601451e+00 1.748085e+00 2.647396e-01 2.682630e-01 1.635749e+00 1.945099e+00 1.634050e+00 5.207657e-01 1.210101e+00 4.563932e+00 4.603146e-01 -6.737437e-01 2.588523e-02 -9.658591e-01 -8.692973e-01 -7.634377e-01 -1.701060e-01 1.224753e-01 -1.589807e-01 5.043842e-01 2.679051e-01 1.420145e-01 1.745925e+00
<VARIANCE> 39
 1.896014e+01 1.715254e+01 2.928697e+01 2.372464e+01 4.161798e+01 3.620663e+01 3.598295e+01 3.407463e+01 3.193863e+01 2.849032e+01 2.328442e+01 1.981491e+01 1.380653e+01 2.873952e+00 4.580956e+00 6.323411e+00 5.639632e+00 7.363012e+00 6.886572e+00 6.963002e+00 7.544807e+00 5.411129e+00 4.587625e+00 4.444376e+00 3.794096e+00 2.477367e+00 5.122005e-01 3.953266e-01 5.127719e-01 7.222377e-01 6.604279e-01 6.922827e-01 8.352060e-01 8.388903e-01 6.257976e-01 7.761542e-01 6.237810e-01 3.685391e-01 3.375715e-01
<GCONST> 1.279837e+02
<STATE> 5
<NUMMIXES> 4
<MIXTURE> 1 2.761299e-01
<MEAN> 39
 -8.403366e-01 -7.026860e+00 -1.323105e+01 2.577472e-01 1.134081e+01 -3.127445e-01 -3.369040e+00 -2.025059e+00 3.420813e+00 6.057533e+00 -7.008836e-01 4.774175e-01 4.440700e-01 1.417665e+00 -1.339149e+00 -1.558272e+00 -2.218014e+00 -7.994996e-02 -8.197111e-01 -1.184944e+00 -2.566321e-01 3.672062e-01 1.189452e+00 2.142073e-01 -3.742153e-02 3.562430e+00 6.411939e-01 1.866330e+00 1.966827e+00 6.411877e-01 -1.279812e+00 -4.749598e-01 -8.731500e-02 -3.361529e-01 -9.187014e-01 -9.619817e-01 1.215704e-01 -1.542901e-01 -9.766468e-01
<VARIANCE> 39
 1.305823e+01 3.573378e+01 3.242300e+01 4.038634e+01 3.832772e+01 5.881044e+01 5.745234e+01 5.477718e+01 5.732710e+01 3.899267e+01 4.358903e+01 2.461642e+01 1.768539e+01 3.920511e+00 4.522948e+00 5.521567e+00 5.353528e+00 4.629586e+00 5.123411e+00 4.491409e+00 5.311965e+00 4.610768e+00 4.178196e+00 4.065036e+00 2.254083e+00 4.015040e+00 5.530094e-01 5.863009e-01 7.244056e-01 1.526571e+00 1.179041e+00 1.319601e+00 1.419617e+00 1.344586e+00 1.059934e+00 9.576346e-01 9.937965e-01 7.663684e-01 5.290256e-01
<GCONST> 1.366703e+02
<MIXTURE> 2 2.408192e-01
<MEAN> 39
 -2.929567e+00 -7.395156e+00 -4.256199e+00 7.493620e+00 5.715702e+00 -7.147359e+00 1.750632e-01 3.982713e+00 2.438485e+00 -1.067067e+00 3.052638e-01 2.992186e+00 1.540190e+00 3.882699e-03 -1.818450e+00 -8.920866e-01 -1.397562e+00 -4.915065e-01 -2.049555e+00 -5.260168e-01 1.354296e+00 8.603832e-01 5.757638e-01 -1.154832e-01 5.199682e-01 4.149632e+00 6.640620e-01 1.716251e+00 8.813133e-01 -2.951750e-01 -8.391481e-01 3.038120e-01 -4.322985e-01 -9.939801e-01 -7.867695e-01 8.695719e-02 -2.087031e-01 -6.469029e-01 -9.033582e-01
<VARIANCE> 39
 2.975274e+01 4.811593e+01 2.978734e+01 3.240208e+01 5.357017e+01 5.188535e+01 5.620012e+01 4.151873e+01 4.855629e+01 3.347806e+01 3.325894e+01 2.370138e+01 1.901001e+01 6.828335e+00 6.167295e+00 4.055306e+00 3.873427e+00 5.857733e+00 6.621253e+00 6.655084e+00 5.390163e+00 4.983397e+00 4.201493e+00 3.321647e+00 2.645257e+00 4.798570e+00 8.740349e-01 1.121496e+00 7.126724e-01 8.773562e-01 1.125628e+00 1.076087e+00 1.273050e+00 1.255912e+00 1.227740e+00 8.862704e-01 8.615091e-01 7.592852e-01 6.036011e-01
<GCONST> 1.383517e+02
<MIXTURE> 3 2.401130e-01
<MEAN> 39
 -7.233615e+00 -4.425869e+00 2.872916e+00 -1.337033e+00 -6.529179e-01 1.115750e-01 3.345809e+00 -2.135083e+00 8.300104e-01 2.899765e+00 1.054217e+00 2.331102e+00 4.493448e+00 9.956410e-01 -9.322198e-01 8.072861e-01 -3.400978e+00 -2.767352e+00 -1.745056e+00 -9.277348e-01 -3.386348e-01 -4.347945e-01 3.323354e-01 -3.227349e-03 4.235584e-01 5.772744e+00 1.109558e+00 1.211085e+00 6.212373e-01 4.860686e-01 -4.721192e-01 -3.741223e-01 -5.998635e-01 3.706852e-02 -5.815368e-01 -4.237343e-01 -1.150334e-01 -4.698989e-01 -1.192428e+00
<VARIANCE> 39
 1.870597e+01 2.809620e+01 2.944188e+01 3.642632e+01 3.270203e+01 5.025488e+01 3.719340e+01 4.063280e+01 6.730379e+01 3.344979e+01 3.703522e+01 1.724974e+01 2.181597e+01 3.935204e+00 4.948892e+00 3.909320e+00 4.604579e+00 4.022979e+00 4.580215e+00 4.776803e+00 4.554949e+00 4.869400e+00 4.537683e+00 3.662752e+00 2.508237e+00 4.527668e+00 5.419245e-01 8.457690e-01 8.474467e-01 8.620121e-01 1.261149e+00 1.164546e+00 1.168740e+00 9.669592e-01 1.467545e+00 1.088192e+00 1.215837e+00 5.284142e-01 7.187866e-01
<GCONST> 1.346909e+02
<MIXTURE> 4 2.429378e-01
<MEAN> 39
 2.393272e+00 4.577678e+00 -2.141292e+00 5.447891e-01 1.709950e+00 3.622505e-01 -1.187045e+00 -6.627285e+00 -3.115433e+00 1.614259e+00 1.929777e+00 -4.878142e-01 -1.875237e+00 1.622073e+00 -7.145849e-01 -8.239937e-01 -2.962882e+00 -1.024829e+00 2.127787e-01 -3.122931e-01 -3.167626e-01 -1.065676e-01 7.407666e-01 6.424092e-01 1.287149e-02 2.790623e+00 1.683353e-01 -2.618977e-02 4.041089e-01 1.577368e-01 -2.030526e-01 -3.431959e-01 -1.412403e-01 4.390457e-01 -3.259195e-02 -3.132731e-01 -8.092623e-02 -2.539721e-02 -2.256061e-01
<VARIANCE> 39
 2.916516e+01 3.138371e+01 9.524222e+01 6.020537e+01 6.792028e+01 6.231982e+01 7.252464e+01 6.611971e+01 5.920490e+01 3.589850e+01 3.702531e+01 3.468390e+01 2.406933e+01 2.763121e+00 3.979904e+00 4.339629e+00 7.244219e+00 5.410746e+00 7.979570e+00 6.471207e+00 7.033916e+00 5.359120e+00 4.760446e+00 5.364614e+00 3.958716e+00 2.251544e+00 5.243894e-01 5.504038e-01 1.206367e+00 1.015090e+00 1.019769e+00 1.206333e+00 1.230469e+00 1.239992e+00 9.119104e-01 8.578338e-01 9.055820e-01 6.653518e-01 3.666547e-01
<GCONST> 1.403468e+02
<TRANSP> 6
 0.000000e+00 1.000000e+00 0.000000e+00 0.000000e+00 0.000000e+00 0.000000e+00
 0.000000e+00 4.628796e-01 5.371203e-01 0.000000e+00 0.000000e+00 0.000000e+00
 0.000000e+00 0.000000e+00 4.072005e-01 5.927995e-01 0.000000e+00 0.000000e+00
 0.000000e+00 0.000000e+00 0.000000e+00 1.927304e-01 8.072696e-01 0.000000e+00
 0.000000e+00 0.000000e+00 0.000000e+00 0.000000e+00 3.255650e-01 6.744350e-01
 0.000000e+00 0.000000e+00 0.000000e+00 0.000000e+00 0.000000e+00 0.000000e+00
<ENDHMM>
