~o
<STREAMINFO> 1 39
<VECSIZE> 39<NULLD><MFCC_D_A_Z_0><DIAGC>
~h "k"
<BEGINHMM>
<NUMSTATES> 6
<STATE> 2
<NUMMIXES> 4
<MIXTURE> 1 2.764406e-01
<MEAN> 39
 -8.420473e+00 -7.524800e+00 -6.910516e-01 3.264822e+00 1.315623e+00 -9.321804e-01 4.383502e+00 1.972927e+00 4.761981e-01 3.055624e+00 2.163101e+00 2.074640e+00 1.558487e+00 2.407372e-01 -1.616410e-01 3.395303e-01 -2.073882e+00 -1.248383e+00 -1.341814e+00 3.596323e-02 -9.803990e-02 -1.093596e-01 7.267290e-02 -1.836818e-01 1.451522e-01 4.581844e+00 4.561821e-01 1.453685e+00 4.632025e-01 1.967675e-01 1.458165e-01 4.174184e-02 -3.273161e-01 -1.964200e-01 -5.393533e-02 -3.596808e-01 -2.003171e-01 -2.048725e-01 -1.071693e+00
<VARIANCE> 39
 2.354761e+01 3.934048e+01 3.618110e+01 5.644015e+01 4.835181e+01 5.287242e+01 5.307172e+01 5.244290e+01 5.498477e+01 3.798618e+01 3.330418e+01 2.265629e+01 3.633883e+01 4.120074e+00 4.437591e+00 4.165411e+00 4.317111e+00 4.381997e+00 4.244771e+00 3.824731e+00 4.037070e+00 4.618129e+00 3.022165e+00 3.088096e+00 2.536449e+00 6.788475e+00 8.146803e-01 8.865174e-01 6.233999e-01 1.132766e+00 1.160034e+00 1.165262e+00 1.002693e+00 9.930445e-01 1.161666e+00 9.146835e-01 8.409193e-01 6.151256e-01 1.473154e+00
<GCONST> 1.372490e+02
<MIXTURE> 2 3.125456e-01
<MEAN> 39
 -1.070395e+01 -3.826089e+00 2.527467e+00 -5.526367e+00 -1.077365e+00 2.943283e+00 3.419515e+00 -3.315757e+00 3.468191e+00 5.062801e+00 -6.295555e-01 3.054803e+00 6.635004e+00 -1.253724e-01 1.685025e+00 6.641362e-01 -1.700940e+00 -6.665197e-01 -3.154985e-01 5.568359e-02 -2.832589e-01 3.404350e-01 -2.069480e-01 -7.330382e-04 1.072281e-01 3.252264e+00 3.224552e-01 1.176434e+00 4.039592e-01 1.431891e+00 5.303918e-01 1.804020e-01 1.807243e-01 3.208927e-01 -3.399809e-01 -4.446975e-01 3.245796e-01 -2.348959e-01 -2.379364e+00
<VARIANCE> 39
 1.023670e+01 2.188978e+01 1.513703e+01 2.394021e+01 2.701980e+01 2.726903e+01 3.185093e+01 3.137496e+01 6.063783e+01 3.430249e+01 2.751748e+01 1.966854e+01 1.478512e+01 1.284076e+00 2.940767e+00 1.792692e+00 3.672327e+00 2.237072e+00 2.385883e+00 2.330210e+00 2.211873e+00 2.516897e+00 2.104595e+00 1.714925e+00 1.441602e+00 6.998130e+00 2.459780e-01 5.458995e-01 3.547007e-01 4.154875e-01 4.586798e-01 4.572246e-01 5.649389e-01 5.911333e-01 7.290404e-01 6.848822e-01 5.098385e-01 4.435400e-01 4.502650e-01
<GCONST> 1.146042e+02
<MIXTURE> 3 2.272064e-01
<MEAN> 39
 -2.389721e+00 -9.631133e+00 -9.819311e+00 3.042984e+00 8.256780e+00 -4.107697e+00 -2.553361e+00 4.980558e+00 3.859390e+00 4.187017e+00 -2.128729e+00 2.203761e+00 4.669127e+00 8.089089e-01 -4.611915e-01 -5.715281e-01 -1.169889e+00 -1.509666e-01 -1.493853e+00 -6.386659e-01 2.200290e-01 3.484280e-01 4.244936e-01 -7.707877e-01 -2.518463e-01 4.178355e+00 -2.961161e-01 1.547706e+00 1.329337e+00 4.398504e-01 -3.502177e-01 8.330531e-01 5.420651e-01 -5.767435e-01 -1.809720e-01 -3.674717e-01 4.476750e-01 -2.440746e-01 -1.925542e+00
<VARIANCE> 39
 1.222788e+01 1.729383e+01 2.549948e+01 3.007272e+01 3.817383e+01 4.224355e+01 5.127802e+01 4.538211e+01 5.204992e+01 4.389326e+01 2.699319e+01 3.116794e+01 1.841649e+01 2.558546e+00 3.203181e+00 3.674260e+00 2.400674e+00 3.610389e+00 4.052315e+00 3.550984e+00 3.438775e+00 3.122164e+00 2.972073e+00 2.907214e+00 2.708179e+00 5.182965e+00 5.107735e-01 3.861403e-01 4.907351e-01 6.949072e-01 9.123937e-01 9.202213e-01 1.081066e+00 1.028471e+00 9.704983e-01 8.421942e-01 6.834300e-01 7.746183e-01 6.744421e-01
<GCONST> 1.275969e+02
<MIXTURE> 4 1.838074e-01
<MEAN> 39
 8.438734e-01 -3.064901e+00 -1.581936e+01 -5.418162e+00 8.376019e+00 6.397079e+00 5.085258e-01 -4.663077e-01 -1.260122e+00 6.689783e+00 1.937626e+00 5.839701e-01 2.787280e-01 5.789322e-01 2.440105e-01 2.322386e-01 -9.605485e-01 -5.794165e-01 -2.744538e-01 1.122278e-01 -3.252403e-01 -2.010903e-02 1.472019e-01 2.412901e-01 -2.508711e-02 2.027395e+00 -5.006985e-01 7.369699e-01 1.819543e+00 1.205579e+00 -4.333324e-01 -3.548305e-01 1.292079e-01 -6.984032e-02 3.243531e-01 -6.581848e-01 4.055159e-02 5.759764e-02 -1.404638e+00
<VARIANCE> 39
 1.632560e+01 3.360114e+01 2.025079e+01 5.657884e+01 5.488765e+01 4.954438e+01 5.719966e+01 5.676484e+01 7.640592e+01 4.731203e+01 3.564297e+01 2.585535e+01 2.321979e+01 3.777760e+00 3.373990e+00 5.192082e+00 5.949345e+00 3.598948e+00 4.062365e+00 3.641741e+00 3.503561e+00 4.811467e+00 3.044846e+00 3.547633e+00 2.180660e+00 5.620437e+00 6.447971e-01 6.119701e-01 5.392879e-01 1.056414e+00 1.188354e+00 9.543300e-01 1.122270e+00 1.176735e+00 1.376697e+00 9.890364e-01 9.660654e-01 6.073601e-01 6.932380e-01
<GCONST> 1.351674e+02
<STATE> 3
<NUMMIXES> 4
<MIXTURE> 1 2.314095e-01
<MEAN> 39
 -4.066175e+00 -5.241430e+00 -4.676080e+00 5.116382e+00 5.397443e+00 -4.757861e+00 5.976260e-03 5.976756e+00 5.038538e+00 2.899770e+00 -2.480308e-01 2.182315e+00 3.969488e+00 -5.669443e-02 1.374603e+00 1.349930e+00 1.375023e-01 2.361084e-01 4.439063e-01 2.387431e-01 -5.101556e-01 4.282479e-01 -3.744470e-01 3.891460e-02 -4.699885e-01 3.117433e-02 2.144858e-01 4.716342e-01 2.783938e-01 7.593749e-02 9.826434e-02 8.004327e-01 7.442591e-02 -6.684391e-01 -4.348177e-01 -2.800973e-01 9.161106e-02 -2.384118e-01 -1.308555e+00
<VARIANCE> 39
 1.403692e+01 1.663434e+01 2.549894e+01 2.456651e+01 3.031898e+01 3.454218e+01 4.737423e+01 3.867951e+01 3.707923e+01 2.862046e+01 2.895630e+01 2.732836e+01 1.456912e+01 3.018224e+00 2.323406e+00 2.262077e+00 2.607569e+00 3.904241e+00 3.751817e+00 3.928877e+00 3.551554e+00 3.225148e+00 2.709301e+00 2.840685e+00 2.938909e+00 2.785376e+00 4.773343e-01 5.351447e-01 5.679541e-01 4.860593e-01 5.780392e-01 6.622893e-01 8.901938e-01 7.564735e-01 7.400272e-01 6.061367e-01 6.102656e-01 6.610305e-01 6.618710e-01
<GCONST> 1.225844e+02
<MIXTURE> 2 2.855161e-01
<MEAN> 39
 -1.175122e+01 4.262476e+00 5.551323e+00 -4.854730e+00 1.941221e+00 4.844273e+00 3.703029e+00 -2.878392e+00 6.323644e+00 2.270914e+00 1.881307e+00 3.075554e+00 4.746658e+00 6.528685e-01 1.183345e+00 1.389302e+00 5.019256e-01 -2.042616e-01 2.007760e-01 8.500631e-01 -1.803414e-01 -7.350424e-01 -3.460515e-01 5.373016e-02 -3.344489e-01 -7.605662e-01 7.261848e-01 -6.055630e-01 1.272737e-01 5.311720e-01 -4.120607e-01 -2.969383e-01 4.587144e-03 -7.610313e-02 -7.235653e-01 -1.433707e-01 -2.368397e-01 -2.669568e-01 -7.618663e-01
<VARIANCE> 39
 1.208463e+01 1.482059e+01 1.760135e+01 2.083282e+01 2.766594e+01 2.501955e+01 2.809626e+01 2.925815e+01 4.981574e+01 2.722204e+01 3.138213e+01 1.595126e+01 1.139470e+01 1.073506e+00 2.872387e+00 1.397946e+00 1.772466e+00 2.164458e+00 2.215835e+00 2.271411e+00 2.385539e+00 2.478355e+00 2.233442e+00 2.305668e+00 1.721190e+00 1.183727e+00 2.916408e-01 3.703064e-01 3.487624e-01 5.413440e-01 5.209242e-01 5.735683e-01 4.935361e-01 6.129290e-01 6.704282e-01 5.117291e-01 5.705158e-01 3.441681e-01 7.575841e-01
<GCONST> 1.111602e+02
<MIXTURE> 3 2.880133e-01
<MEAN> 39
 -2.825961e+00 -2.584260e+00 -8.171590e+00 8.607490e-02 1.034619e+01 4.530198e+00 1.106286e+00 -1.496549e+00 2.649922e+00 5.326286e+00 1.750911e+00 3.926544e-03 -4.604091e-01 1.471981e+00 1.262491e+00 1.349180e+00 -5.312332e-01 -1.355133e+00 7.878470e-02 1.093095e-01 -1.014807e+00 -8.616824e-01 -1.238576e+00 6.934272e-02 -3.202459e-01 -2.371438e-01 7.497213e-01 1.535930e-01 1.522900e-01 -2.974855e-01 -8.009374e-01 -2.291223e-01 -2.315214e-01 1.435195e-01 -3.968526e-01 -3.899736e-01 -1.072091e-01 -2.235721e-02 -1.759216e-02
<VARIANCE> 39
 1.851827e+01 2.995790e+01 2.276914e+01 4.334760e+01 3.563741e+01 4.059884e+01 4.156610e+01 3.367358e+01 5.063406e+01 4.206127e+01 3.455282e+01 3.034875e+01 2.505015e+01 3.870432e+00 2.450396e+00 3.363084e+00 5.145313e+00 4.007971e+00 4.904779e+00 5.246319e+00 4.470798e+00 4.429793e+00 4.350051e+00 3.963935e+00 2.942729e+00 2.087668e+00 5.199258e-01 4.433247e-01 7.378948e-01 7.122928e-01 6.572914e-01 8.192669e-01 8.264244e-01 7.683827e-01 8.702863e-01 8.715350e-01 8.717287e-01 6.467040e-01 7.830402e-01
<GCONST> 1.303588e+02
<MIXTURE> 4 1.950610e-01
<MEAN> 39
 -8.865104e+00 -1.608890e+00 3.988351e+00 -3.159422e-01 -1.010998e+00 -1.225554e+00 6.000374e+00 2.003475e+00 -1.248186e+00 4.928547e+00 1.226809e+00 2.104316e+00 1.922615e+00 1.312405e+00 2.120101e+00 1.487080e+00 2.415866e-01 -6.696525e-01 -9.893598e-01 -2.318632e-01 -1.191113e-01 -3.485176e-01 -1.506353e+00 -1.013132e-01 -1.575339e-01 1.261125e-01 7.388637e-01 1.773483e-01 -2.064146e-01 5.852352e-01 2.355022e-01 8.352740e-02 -5.188671e-01 2.974977e-02 7.436204e-02 -5.974287e-01 -6.865331e-02 -1.434362e-01 -1.020105e+00
<VARIANCE> 39
 2.609178e+01 2.281218e+01 2.916212e+01 3.504892e+01 3.557204e+01 4.869366e+01 4.369067e+01 4.579623e+01 4.320590e+01 3.598759e+01 2.846391e+01 2.052605e+01 2.988969e+01 6.528296e+00 3.916082e+00 3.368957e+00 5.032227e+00 5.207729e+00 4.451234e+00 4.697767e+00 5.034643e+00 5.145531e+00 4.298442e+00 4.340655e+00 2.958920e+00 4.172298e+00 5.128880e-01 6.751936e-01 4.537347e-01 6.181879e-01 7.328315e-01 9.041841e-01 8.368060e-01 8.873398e-01 9.412763e-01 8.436323e-01 7.629412e-01 5.480275e-01 1.044425e+00
<GCONST> 1.325274e+02
<STATE> 4
<NUMMIXES> 4
<MIXTURE> 1 2.507122e-01
<MEAN> 39
 -8.752494e+00 2.944489e+00 8.856708e+00 -2.919786e+00 2.188651e-01 5.307692e+00 7.104000e+00 -4.583752e+00 2.111131e+00 2.093381e+00 3.788989e-01 1.711072e+00 1.855517e+00 3.052692e+00 -3.308455e-01 9.673404e-01 3.167015e-01 -2.315675e+00 -1.651416e+00 -3.140730e-01 -6.113044e-01 -2.907731e+00 -1.275309e+00 -1.121182e+00 -1.199168e+00 1.481446e-01 7.505807e-01 -8.257607e-01 -6.113191e-01 -2.645809e-01 -6.263341e-01 -8.502187e-01 -6.596575e-01 4.595743e-01 -2.857796e-01 -5.806194e-02 -2.063529e-02 -1.488790e-01 7.039281e-01
<VARIANCE> 39
 1.043920e+01 2.078679e+01 1.857610e+01 2.172805e+01 2.384569e+01 3.659462e+01 3.477786e+01 3.118808e+01 4.130331e+01 2.692821e+01 2.756684e+01 1.822287e+01 1.166812e+01 1.641292e+00 2.356171e+00 2.393892e+00 3.764004e+00 3.780442e+00 4.250779e+00 3.661281e+00 5.075194e+00 4.396204e+00 3.700791e+00 4.896942e+00 2.391948e+00 1.333985e+00 2.177717e-01 5.212860e-01 3.977984e-01 4.672138e-01 5.341890e-01 5.588580e-01 5.992850e-01 7.350839e-01 6.726379e-01 5.942962e-01 7.267357e-01 4.102718e-01 2.360382e-01
<GCONST> 1.178386e+02
<MIXTURE> 2 2.757835e-01
<MEAN> 39
 -6.090013e+00 -2.805481e+00 -3.795265e-01 6.126413e+00 6.523975e+00 -2.207772e+00 3.696451e+00 3.452413e+00 3.622383e+00 5.092035e-03 7.464240e-01 2.540436e+00 7.715475e-01 1.165473e+00 9.333522e-01 2.539461e-01 -3.260606e-01 2.315051e-01 3.785159e-01 -7.103193e-01 -1.044875e+00 -8.216011e-01 -1.101773e+00 -8.420194e-01 -7.286561e-01 -2.583936e-01 7.852710e-01 -1.978718e-01 -6.111572e-01 -5.348478e-01 -4.185959e-01 -1.924290e-02 -4.843475e-01 -2.814791e-01 -4.089555e-01 8.873214e-02 -2.028351e-01 -3.024163e-01 1.544557e-01
<VARIANCE> 39
 3.627988e+01 3.354577e+01 2.554208e+01 2.854915e+01 3.943555e+01 3.803107e+01 4.956520e+01 3.768181e+01 3.291211e+01 2.953854e+01 3.389107e+01 2.415598e+01 4.021527e+01 6.629521e+00 3.916287e+00 3.199395e+00 3.254355e+00 4.039629e+00 4.517722e+00 5.192477e+00 5.279138e+00 5.084873e+00 3.279466e+00 3.628910e+00 3.281830e+00 2.576266e+00 5.279745e-01 5.388260e-01 5.509651e-01 6.708160e-01 7.448540e-01 8.279608e-01 7.997490e-01 7.844535e-01 7.277817e-01 6.269681e-01 6.882983e-01 5.341211e-01 9.741335e-01
<GCONST> 1.305392e+02
<MIXTURE> 3 1.871795e-01
<MEAN> 39
 -1.280034e+00 1.026393e+00 8.739222e+00 2.478000e+00 -4.338094e+00 -3.617470e+00 5.699530e+00 1.094912e+00 -4.750887e+00 -6.710381e-01 2.191692e-01 1.148300e+00 2.802413e+00 3.974413e+00 -1.012785e+00 1.654065e-01 4.673441e-01 -1.917221e+00 -2.019934e+00 -2.116245e+00 1.242453e+00 -4.170325e-01 -2.114266e+00 5.495238e-01 -4.347724e-01 1.622969e+00 -6.277310e-02 -7.898735e-01 -7.936233e-01 -4.135285e-01 1.006059e-01 9.475169e-02 -6.711089e-01 8.804741e-02 5.516365e-01 2.342642e-01 1.064617e-02 4.587533e-02 3.451549e-01
<VARIANCE> 39
 2.094182e+01 1.584881e+01 2.571786e+01 2.035610e+01 2.488783e+01 3.431278e+01 3.645558e+01 3.934816e+01 2.053794e+01 2.572598e+01 2.005614e+01 1.965413e+01 1.707001e+01 1.289353e+00 3.012263e+00 4.207061e+00 3.832798e+00 4.406242e+00 4.964618e+00 5.708703e+00 6.295383e+00 6.537440e+00 4.848469e+00 4.511213e+00 3.037823e+00 1.611446e+00 3.118888e-01 3.884259e-01 3.278218e-01 4.165417e-01 4.972249e-01 5.329013e-01 6.053217e-01 6.663178e-01 4.355495e-01 5.468034e-01 4.509343e-01 3.807920e-01 6.190571e-01
<GCONST> 1.201861e+02
<MIXTURE> 4 2.863248e-01
<MEAN> 39
 3.863976e+00 1.377954e+00 -2.632324e+00 9.771895e-01 4.364779e+00 -4.584433e-01 -1.296563e+00 -3.006841e+00 -1.253751e+00 -4.823490e-01 -1.921286e+00 -1.497796e+00 7.790221e-02 3.810635e+00 5.005881e-01 -6.962629e-02 -2.289874e+00 -2.469329e+00 -7.273614e-01 -1.482236e+00 -1.171737e+00 -1.835928e+00 -9.901873e-01 -6.476607e-01 -9.146233e-01 1.633669e+00 -1.542507e-01 -7.347710e-01 -3.812146e-01 -4.188378e-01 -1.297606e-01 1.071938e-01 3.759598e-02 5.271745e-01 2.712254e-01 4.309154e-01 3.029459e-01 1.912936e-01 4.653130e-01
<VARIANCE> 39
 2.619779e+01 3.529647e+01 3.790370e+01 5.353193e+01 5.294031e+01 5.222000e+01 5.055472e+01 4.744639e+01 4.009156e+01 4.076229e+01 3.315354e+01 2.565401e+01 2.789176e+01 1.352020e+00 2.688815e+00 5.190744e+00 5.739933e+00 5.126773e+00 7.642870e+00 6.232015e+00 6.874265e+00 6.659500e+00 5.301980e+00 6.344617e+00 4.270953e+00 1.608269e+00 3.526265e-01 3.363737e-01 4.156046e-01 6.344321e-01 7.158962e-01 7.323169e-01 8.018510e-01 8.066820e-01 7.449942e-01 7.521785e-01 6.135662e-01 5.353600e-01 5.922571e-01
<GCONST> 1.319893e+02
<STATE> 5
<NUMMIXES> 4
<MIXTURE> 1 2.930775e-01
<MEAN> 39
 7.315156e+00 -5.419679e+00 1.765314e+00 1.049028e+00 -5.749358e+00 -8.382400e+00 -3.455670e+00 4.732982e+00 -2.767896e+00 -3.549982e+00 1.343664e+00 4.748617e-01 8.175849e+00 2.688985e+00 -1.766768e+00 -1.072006e+00 -7.932071e-01 -1.470595e+00 -1.406780e+00 -2.240021e+00 9.932795e-01 4.833770e-01 -9.430674e-01 5.290536e-01 -1.993782e-01 2.050485e+00 -1.104932e+00 -1.203013e-02 -2.461753e-01 -1.477823e-01 6.300261e-01 6.984513e-01 4.792865e-01 -2.604244e-01 4.062405e-01 6.789364e-01 -1.090034e-01 7.291286e-02 -4.798152e-01
<VARIANCE> 39
 1.929428e+01 1.849214e+01 7.082088e+01 2.654534e+01 5.517491e+01 5.509255e+01 6.730462e+01 3.598235e+01 5.069209e+01 3.352888e+01 3.103197e+01 2.571084e+01 1.517263e+01 1.938393e+00 2.527090e+00 3.701344e+00 3.329281e+00 4.612457e+00 4.963311e+00 6.550237e+00 7.338597e+00 5.680752e+00 4.664171e+00 4.002663e+00 3.174863e+00 1.774602e+00 2.051057e-01 4.196540e-01 7.411144e-01 6.012095e-01 7.457104e-01 7.564027e-01 8.333308e-01 7.878844e-01 9.164771e-01 7.258706e-01 6.156177e-01 4.809403e-01 3.233070e-01
<GCONST> 1.282332e+02
<MIXTURE> 2 2.400301e-01
<MEAN> 39
 1.953300e+00 1.730255e+00 8.866283e+00 -6.528061e+00 -9.828461e+00 -2.542158e+00 1.632280e+00 -7.397522e+00 -6.066878e+00 -1.026862e+00 -4.054609e+00 -3.036222e+00 6.191911e+00 2.917516e+00 -1.652548e+00 -4.694264e-01 -1.391890e+00 -2.635905e+00 -2.529772e+00 -8.341740e-01 7.664431e-01 -2.421633e+00 2.418668e-01 -7.504788e-01 -9.054497e-01 1.932593e+00 -7.118649e-01 -5.055978e-01 -5.624584e-01 2.575455e-01 9.020818e-01 3.473198e-01 3.263511e-01 1.022990e+00 9.862826e-01 4.721526e-01 7.256203e-01 5.323843e-01 -4.660149e-03
<VARIANCE> 39
 1.045091e+01 2.171839e+01 3.175991e+01 3.074328e+01 2.493606e+01 4.117579e+01 4.062265e+01 2.957517e+01 2.995322e+01 3.457218e+01 2.715678e+01 2.198849e+01 1.310609e+01 1.233065e+00 2.434341e+00 3.788387e+00 3.651132e+00 4.088556e+00 4.606489e+00 3.791173e+00 5.184230e+00 4.090269e+00 4.485031e+00 4.734771e+00 2.583196e+00 9.948054e-01 1.762047e-01 3.085250e-01 4.176550e-01 4.907201e-01 5.008057e-01 5.756102e-01 5.411013e-01 5.950729e-01 5.503979e-01 6.132933e-01 4.938967e-01 3.841026e-01 2.698657e-01
<GCONST> 1.180352e+02
<MIXTURE> 3 1.324304e-01
<MEAN> 39
 -1.056991e+01 2.090420e+00 7.923119e-02 4.315777e+00 3.920385e+00 -9.192564e-01 5.397201e+00 2.014439e+00 2.459380e+00 1.413727e-02 1.173166e+00 2.569206e+00 -1.067062e+00 -5.834697e-01 1.189742e+00 -7.071891e-02 -1.491166e-01 2.402428e-01 7.116044e-01 1.668996e-01 -2.043938e-02 -1.277034e-01 -1.902359e-01 -1.095143e-02 -1.104842e-01 -3.839755e-01 3.963388e-01 -4.277642e-01 -3.125607e-01 2.471813e-02 -1.086717e-02 2.095909e-02 -1.583315e-01 -1.579821e-02 -5.618946e-02 1.643894e-01 -3.175755e-02 -1.028731e-01 -9.066343e-02
<VARIANCE> 39
 7.286532e+01 4.143985e+01 3.142879e+01 3.278480e+01 3.867576e+01 3.368085e+01 4.227920e+01 4.137704e+01 3.586609e+01 2.092813e+01 3.343404e+01 1.884594e+01 6.401701e+01 3.439903e+00 3.237031e+00 2.380268e+00 2.212622e+00 2.399553e+00 3.141397e+00 3.032436e+00 2.975940e+00 2.330879e+00 2.565644e+00 1.776992e+00 2.041856e+00 3.023707e+00 5.579094e-01 4.899233e-01 4.253963e-01 3.579482e-01 4.880864e-01 5.635982e-01 5.226108e-01 5.272385e-01 4.354126e-01 3.904059e-01 3.890394e-01 3.233596e-01 6.546228e-01
<GCONST> 1.209403e+02
<MIXTURE> 4 3.344620e-01
<MEAN> 39
 1.006336e+01 -1.049141e+00 -7.108918e+00 -7.723595e+00 3.949683e-01 1.687973e+00 -2.747481e+00 -4.495949e+00 -3.362926e+00 4.278753e-01 -1.472678e+00 -2.798700e+00 5.660279e+00 2.498980e+00 -9.866132e-01 -6.274169e-01 -2.749500e+00 -1.994582e+00 2.630846e-01 -9.533163e-01 -1.638169e-01 -6.430624e-01 1.046953e-01 1.483934e-01 -4.996193e-01 2.186411e+00 -1.051635e+00 -5.148493e-01 3.439175e-02 5.367787e-01 5.265315e-01 1.032982e-01 3.345976e-01 6.716205e-01 6.348397e-01 3.737936e-01 2.764580e-01 3.439238e-01 -1.675382e-01
<VARIANCE> 39
 1.149123e+01 3.879684e+01 2.995366e+01 5.765338e+01 4.885418e+01 5.837144e+01 5.161655e+01 4.307695e+01 4.596355e+01 4.842874e+01 5.857835e+01 2.812834e+01 2.708111e+01 1.775773e+00 2.895850e+00 3.377010e+00 4.430892e+00 4.753514e+00 5.890563e+00 5.303744e+00 6.062456e+00 4.838285e+00 4.902843e+00 4.680535e+00 3.762378e+00 1.486214e+00 1.792178e-01 3.897000e-01 5.202429e-01 6.595219e-01 6.484415e-01 6.732076e-01 8.197346e-01 8.565459e-01 8.023943e-01 7.486950e-01 8.928414e-01 5.988984e-01 2.543665e-01
<GCONST> 1.294663e+02
<TRANSP> 6
 0.000000e+00 1.000000e+00 0.000000e+00 0.000000e+00 0.000000e+00 0.000000e+00
 0.000000e+00 3.307804e-01 6.692196e-01 0.000000e+00 0.000000e+00 0.000000e+00
 0.000000e+00 0.000000e+00 4.908435e-01 5.091565e-01 0.000000e+00 0.000000e+00
 0.000000e+00 0.000000e+00 0.000000e+00 4.772080e-01 5.227920e-01 0.000000e+00
 0.000000e+00 0.000000e+00 0.000000e+00 0.000000e+00 3.096313e-01 6.903687e-01
 0.000000e+00 0.000000e+00 0.000000e+00 0.000000e+00 0.000000e+00 0.000000e+00
<ENDHMM>
