~o
<STREAMINFO> 1 39
<VECSIZE> 39<NULLD><MFCC_D_A_Z_0><DIAGC>
~h "kcl"
<BEGINHMM>
<NUMSTATES> 6
<STATE> 2
<NUMMIXES> 4
<MIXTURE> 1 2.631691e-01
<MEAN> 39
 -1.334341e+00 9.575196e+00 7.674435e+00 6.449232e+00 -2.218446e+00 -1.300757e+00 9.571680e-01 -8.020354e+00 -5.001598e+00 8.763623e-01 -7.011639e-01 -2.035290e+00 -1.264232e+01 -2.952528e+00 5.253326e-01 -1.772963e+00 3.002941e+00 4.064503e+00 2.468326e+00 1.259038e-01 1.074223e+00 2.413479e+00 -8.835050e-01 7.395777e-01 4.293722e-01 -4.999010e+00 -1.053739e-01 -1.440762e+00 -7.240527e-01 -7.580923e-01 2.644151e-02 1.073039e-01 1.388284e-01 1.141311e+00 6.253937e-01 2.338487e-01 2.541099e-01 3.534969e-01 1.371990e+00
<VARIANCE> 39
 2.358704e+01 1.988149e+01 4.033813e+01 3.771279e+01 4.643234e+01 3.454594e+01 5.138133e+01 3.548470e+01 4.909852e+01 4.171352e+01 3.249336e+01 2.596987e+01 2.647501e+01 2.312516e+00 4.153979e+00 4.978279e+00 7.180195e+00 5.602583e+00 5.673220e+00 6.241537e+00 7.601569e+00 6.109348e+00 6.047046e+00 7.523771e+00 3.801557e+00 5.813823e+00 4.164112e-01 5.455027e-01 6.964954e-01 9.057494e-01 9.717064e-01 6.304542e-01 1.038670e+00 8.479712e-01 8.782790e-01 1.068640e+00 7.002643e-01 5.516725e-01 1.008922e+00
<GCONST> 1.359975e+02
<MIXTURE> 2 2.519116e-01
<MEAN> 39
 -7.430224e+00 5.464489e+00 2.700796e+00 1.120655e+01 5.552186e+00 2.389191e+00 1.468999e+00 1.239565e+00 2.602091e+00 1.375869e+00 2.390289e+00 1.274765e+00 -1.938143e+01 -3.554596e+00 4.820146e-01 -3.063491e-01 1.372373e+00 2.034028e+00 3.981726e+00 1.343055e+00 1.333440e-01 2.254545e+00 7.064057e-01 1.031424e+00 3.779248e-01 -4.527523e+00 1.061528e+00 -1.315423e+00 -6.250217e-01 -1.272521e+00 -6.266951e-01 -8.086036e-01 -1.469708e-01 2.307355e-01 -3.736989e-01 -2.451947e-02 -3.203043e-01 -9.052820e-02 2.597406e+00
<VARIANCE> 39
 1.158035e+01 1.417328e+01 1.853871e+01 1.783651e+01 2.243191e+01 3.074374e+01 3.568195e+01 3.524508e+01 3.512748e+01 2.763676e+01 2.730963e+01 1.850430e+01 1.179111e+01 2.256472e+00 2.793080e+00 5.292821e+00 3.965341e+00 6.837121e+00 5.632760e+00 7.849707e+00 7.396649e+00 5.109969e+00 4.415220e+00 5.333348e+00 2.965245e+00 2.573525e+00 3.651663e-01 5.885042e-01 6.465363e-01 5.612135e-01 6.806943e-01 8.247453e-01 8.965943e-01 9.819278e-01 8.451337e-01 6.785792e-01 7.016068e-01 4.480528e-01 8.800524e-01
<GCONST> 1.261456e+02
<MIXTURE> 3 2.440527e-01
<MEAN> 39
 -5.780527e+00 -3.293576e-02 -3.455526e+00 7.208271e+00 9.516881e+00 2.738041e+00 -7.569048e-01 1.938528e+00 2.705477e+00 2.718575e+00 7.357067e-01 8.276632e-01 -1.054120e+01 -9.835142e-01 2.567079e-01 3.743339e-01 1.227666e+00 1.434048e-01 1.766955e+00 9.688488e-01 -3.388328e-01 2.899625e-01 5.123627e-01 2.461416e-01 1.581644e-01 -4.805784e+00 4.387837e-02 3.847324e-02 8.810954e-02 -5.463287e-01 -7.359378e-01 -3.732789e-01 2.320681e-01 6.772231e-04 -2.727095e-01 -2.077209e-01 4.244406e-02 -1.821199e-02 1.165846e+00
<VARIANCE> 39
 4.067112e+01 3.315238e+01 4.622923e+01 5.894156e+01 5.531061e+01 5.721246e+01 6.407809e+01 6.635007e+01 5.899590e+01 3.943853e+01 3.576928e+01 3.029951e+01 4.094417e+01 9.706040e+00 4.245171e+00 5.530937e+00 5.279490e+00 7.135666e+00 6.116122e+00 7.130396e+00 5.636537e+00 6.290009e+00 3.456595e+00 4.219163e+00 3.087665e+00 5.257716e+00 6.925355e-01 8.165789e-01 8.254263e-01 1.048666e+00 1.099373e+00 1.158322e+00 1.184878e+00 1.278510e+00 9.660782e-01 8.243371e-01 7.329766e-01 6.229536e-01 1.531235e+00
<GCONST> 1.428869e+02
<MIXTURE> 4 2.408666e-01
<MEAN> 39
 1.051672e+00 3.789863e+00 2.990625e+00 8.826657e+00 5.054927e-01 -8.834199e+00 -6.076864e-01 3.627819e+00 -4.284905e+00 -2.531238e+00 9.387063e-01 1.602971e+00 -9.043676e+00 -3.894602e+00 2.325405e+00 4.569136e-01 1.959219e+00 2.268850e+00 3.535330e+00 1.404608e+00 -1.835434e+00 1.416168e+00 7.154790e-01 3.140648e-01 2.447439e-01 -5.871076e+00 -2.468440e-01 -1.047219e+00 -6.738337e-01 -8.124489e-01 2.216277e-01 9.746926e-01 1.708723e-01 1.285298e-01 7.758417e-01 4.475904e-01 -7.236097e-02 -1.153123e-01 8.080107e-01
<VARIANCE> 39
 2.012401e+01 2.311879e+01 4.515298e+01 3.051810e+01 5.614878e+01 4.290202e+01 6.682404e+01 4.369368e+01 6.268981e+01 3.943709e+01 4.047325e+01 2.862839e+01 2.940496e+01 2.616077e+00 3.256808e+00 6.343807e+00 4.456919e+00 7.001802e+00 8.058863e+00 8.367060e+00 7.351256e+00 7.374162e+00 5.395683e+00 6.729065e+00 3.368184e+00 3.857531e+00 4.284425e-01 6.294995e-01 5.564533e-01 6.741394e-01 9.033836e-01 7.654478e-01 9.630180e-01 1.050306e+00 1.114824e+00 7.635074e-01 8.683283e-01 5.874500e-01 1.071966e+00
<GCONST> 1.374411e+02
<STATE> 3
<NUMMIXES> 4
<MIXTURE> 1 2.101095e-01
<MEAN> 39
 -1.013455e+01 3.059245e-02 4.293689e-01 8.770670e+00 6.767313e+00 2.017994e+00 3.468301e+00 1.992012e+00 1.021858e+00 2.471909e+00 1.684219e+00 1.555365e+00 -1.452591e+01 -7.039821e-01 -1.320556e+00 -1.416572e+00 -8.392451e-01 3.557575e-01 1.087618e+00 4.595431e-01 1.418210e-01 9.665732e-01 7.103781e-01 1.339810e-01 1.359866e-01 2.710864e-01 9.477332e-01 -4.538570e-03 -1.234129e-01 -9.411140e-01 -7.329726e-01 -6.903690e-01 -3.896025e-01 -1.113577e-01 -2.600057e-01 -1.850375e-01 -1.134556e-01 -1.373947e-01 2.086127e+00
<VARIANCE> 39
 3.310727e+01 3.561006e+01 5.342381e+01 5.571163e+01 6.114074e+01 6.153316e+01 5.408997e+01 5.418562e+01 6.231142e+01 4.166180e+01 4.034037e+01 3.266333e+01 2.451837e+01 6.103510e+00 4.532173e+00 5.902448e+00 5.824584e+00 6.813132e+00 6.599621e+00 6.115471e+00 6.378599e+00 6.355564e+00 4.527234e+00 4.160774e+00 3.342906e+00 7.877543e+00 9.048726e-01 8.439413e-01 1.219880e+00 1.261516e+00 1.333598e+00 1.315129e+00 1.278992e+00 1.190774e+00 1.218506e+00 9.440858e-01 1.029239e+00 7.296748e-01 1.187416e+00
<GCONST> 1.447612e+02
<MIXTURE> 2 4.074137e-01
<MEAN> 39
 -9.844519e+00 5.040217e+00 1.309275e+00 1.030335e+01 7.093443e+00 6.514926e+00 4.077635e+00 2.147079e+00 5.340216e+00 2.968749e+00 3.816870e+00 2.181606e+00 -2.207089e+01 -3.323289e-01 -8.850970e-01 -5.677707e-01 -4.760551e-01 7.779766e-02 7.497411e-01 5.524307e-01 3.258482e-01 3.873339e-01 3.279072e-01 2.814452e-01 2.844738e-01 2.264467e-01 9.481600e-01 -8.188214e-01 -2.932147e-01 -1.045258e+00 -7.002385e-01 -1.200644e+00 -4.411981e-01 -2.157204e-01 -6.728727e-01 -1.163327e-01 -4.445238e-01 -1.080563e-01 2.848058e+00
<VARIANCE> 39
 6.387840e+00 7.880137e+00 1.162404e+01 1.467633e+01 1.639711e+01 1.890973e+01 2.009665e+01 2.154654e+01 2.133867e+01 1.750964e+01 2.206571e+01 1.393743e+01 6.940393e+00 2.248062e+00 3.236706e+00 3.602426e+00 2.581563e+00 3.307396e+00 3.385931e+00 3.208082e+00 3.496544e+00 3.668654e+00 2.604906e+00 2.263296e+00 1.818380e+00 5.280103e+00 5.730814e-01 5.015008e-01 9.409294e-01 6.412041e-01 8.888665e-01 8.611490e-01 8.778095e-01 8.664062e-01 7.344957e-01 5.783493e-01 6.078415e-01 4.091590e-01 1.243379e+00
<GCONST> 1.161928e+02
<MIXTURE> 3 1.718618e-01
<MEAN> 39
 -7.081323e+00 8.075081e+00 3.540673e+00 1.100296e+01 5.804542e+00 3.664193e+00 7.867715e-01 -3.683519e+00 -1.115149e+00 -1.949737e+00 -1.764543e-01 -7.597213e-01 -2.076763e+01 -2.271585e+00 -2.086886e+00 -2.672256e+00 2.110125e-01 2.559190e+00 2.248636e+00 8.746405e-01 1.799365e+00 2.917450e+00 7.525188e-01 7.633979e-01 9.774428e-01 -1.066738e+00 6.950475e-01 -1.274373e+00 -4.949505e-02 -1.521047e+00 -1.232058e+00 -9.083695e-01 4.656400e-02 4.123194e-01 -1.538543e-01 6.761421e-01 1.413069e-01 2.228189e-01 2.992655e+00
<VARIANCE> 39
 1.429695e+01 1.355711e+01 2.044576e+01 1.835681e+01 2.049887e+01 2.712566e+01 2.912357e+01 2.852432e+01 3.058859e+01 2.176478e+01 2.375383e+01 1.939230e+01 1.011262e+01 1.772193e+00 3.520445e+00 4.032357e+00 5.759294e+00 4.334989e+00 3.762826e+00 4.149537e+00 6.202561e+00 4.567401e+00 4.248527e+00 5.427557e+00 2.936314e+00 7.751802e+00 4.308996e-01 6.068885e-01 9.922216e-01 7.691804e-01 8.815977e-01 7.888480e-01 8.851213e-01 1.101774e+00 8.710665e-01 7.234605e-01 8.626839e-01 5.669289e-01 1.205441e+00
<GCONST> 1.266704e+02
<MIXTURE> 4 2.106150e-01
<MEAN> 39
 -5.922411e+00 4.576113e+00 -2.920355e+00 4.995440e+00 4.506104e+00 4.411392e+00 2.472414e+00 -1.992201e-01 1.907248e+00 1.750461e+00 2.347536e+00 1.014350e+00 -1.671556e+01 -2.411572e-01 8.078729e-02 -1.042023e-01 -9.718731e-02 7.518478e-02 2.648976e-01 1.830647e-01 4.982208e-02 1.190558e-01 1.479483e-01 6.771538e-02 1.018236e-01 -3.390175e-01 -8.899583e-02 -4.821630e-03 5.776486e-01 3.159404e-01 -6.947367e-03 -2.535718e-01 -1.333933e-02 -2.325341e-02 -1.382503e-01 -9.058935e-02 -1.956364e-02 -4.653507e-04 3.982723e-01
<VARIANCE> 39
 3.223787e+01 2.241241e+01 3.796340e+01 3.778693e+01 3.047455e+01 3.585292e+01 3.025746e+01 3.434786e+01 3.384513e+01 2.474742e+01 2.286452e+01 1.987615e+01 2.479697e+01 2.735939e+00 1.542891e+00 3.985955e+00 3.870655e+00 2.879027e+00 2.763288e+00 2.143158e+00 2.623690e+00 2.516737e+00 2.245177e+00 1.739145e+00 1.636655e+00 2.216246e+00 6.341870e-01 4.325026e-01 9.140569e-01 7.585956e-01 6.718529e-01 6.506799e-01 5.245975e-01 6.861700e-01 6.160950e-01 4.784868e-01 4.188012e-01 3.663360e-01 8.418038e-01
<GCONST> 1.203050e+02
<STATE> 4
<NUMMIXES> 4
<MIXTURE> 1 1.918407e-01
<MEAN> 39
 -2.912845e+00 -5.054685e+00 -8.704921e+00 6.020172e+00 9.566209e+00 2.267898e+00 3.431366e-02 2.254155e+00 3.204808e+00 3.171309e+00 1.508126e+00 1.750306e+00 -7.806635e+00 1.317960e+00 -2.707252e+00 -3.168448e+00 -2.468308e+00 3.037634e-01 -1.250633e+00 -9.229020e-01 3.625960e-01 1.899279e-01 7.982148e-01 -4.284152e-01 9.519516e-02 5.905128e+00 -9.207730e-02 9.584799e-01 1.037364e+00 -1.729539e-01 -6.599053e-01 -4.529969e-01 4.558950e-02 -1.847701e-01 -2.756140e-01 -1.585391e-01 -6.502635e-02 -1.301487e-01 4.425462e-01
<VARIANCE> 39
 2.414709e+01 3.084176e+01 3.369913e+01 5.562310e+01 4.054342e+01 4.516082e+01 4.201415e+01 3.788976e+01 4.001373e+01 2.638304e+01 2.876849e+01 2.134891e+01 2.948714e+01 4.292557e+00 3.186098e+00 4.738974e+00 4.993951e+00 4.228343e+00 6.462929e+00 5.852431e+00 5.767082e+00 5.391475e+00 4.622973e+00 4.438326e+00 3.511167e+00 4.064102e+00 8.085045e-01 5.377188e-01 7.420108e-01 8.718614e-01 8.055059e-01 8.728537e-01 8.780082e-01 8.436955e-01 7.488364e-01 6.456549e-01 6.723917e-01 4.907833e-01 8.750557e-01
<GCONST> 1.335590e+02
<MIXTURE> 2 4.327343e-01
<MEAN> 39
 -9.808117e+00 4.834274e+00 1.134936e+00 1.030231e+01 6.951489e+00 6.773246e+00 3.898833e+00 2.121513e+00 4.871061e+00 3.119229e+00 3.785622e+00 2.066845e+00 -2.195342e+01 8.238105e-01 -3.325605e+00 -1.425807e+00 -2.765756e+00 -8.106478e-01 -1.259019e+00 -1.562383e-01 -9.005811e-02 -2.278890e-01 3.854186e-01 -5.172451e-01 3.538362e-01 6.356210e+00 5.926140e-01 -2.471153e-01 -2.465354e-02 -8.432874e-01 -6.053631e-01 -1.040638e+00 -3.112121e-01 -2.205279e-01 -4.788931e-01 -1.444931e-01 -3.582559e-01 -1.178068e-01 2.397677e+00
<VARIANCE> 39
 8.197051e+00 9.936037e+00 1.324891e+01 1.722999e+01 1.523871e+01 2.097254e+01 2.151232e+01 2.023058e+01 2.364283e+01 1.745467e+01 2.000324e+01 1.401514e+01 8.279567e+00 2.609281e+00 2.987483e+00 5.534168e+00 3.779859e+00 4.331375e+00 4.319881e+00 3.986446e+00 4.292812e+00 4.421210e+00 3.498479e+00 2.975929e+00 2.289117e+00 3.190880e+00 4.511754e-01 4.101177e-01 6.377027e-01 5.315952e-01 6.936899e-01 7.274824e-01 6.898530e-01 6.451139e-01 6.247463e-01 4.943695e-01 5.026597e-01 3.590854e-01 7.059667e-01
<GCONST> 1.163063e+02
<MIXTURE> 3 1.762992e-01
<MEAN> 39
 -7.877922e+00 -7.234443e+00 3.327482e+00 3.536280e+00 3.065540e+00 3.535292e+00 4.732091e+00 1.617750e+00 2.180129e+00 3.503639e+00 1.590202e+00 2.746250e+00 -5.955167e+00 4.687533e-02 -2.898985e+00 -1.179479e-01 -3.420902e+00 -2.053948e+00 -1.609954e+00 1.404222e-01 -3.117265e-01 -4.574180e-01 4.697679e-01 -4.944395e-01 2.546000e-01 7.651346e+00 1.934363e-01 1.378432e+00 1.624039e-01 1.345066e-02 -1.813399e-01 -6.088594e-01 -2.148607e-01 -1.434710e-01 -2.426713e-01 -3.151589e-01 -8.063065e-02 -1.828183e-01 2.423761e-01
<VARIANCE> 39
 2.295673e+01 3.578950e+01 2.720539e+01 3.991186e+01 3.252330e+01 4.722366e+01 3.775074e+01 4.471176e+01 4.363233e+01 2.592848e+01 2.576461e+01 1.523450e+01 3.330458e+01 2.072128e+00 2.622106e+00 2.361808e+00 3.275210e+00 2.923018e+00 4.052797e+00 3.976314e+00 4.353636e+00 4.401053e+00 3.345157e+00 2.810850e+00 2.250055e+00 2.564260e+00 7.345797e-01 5.339336e-01 4.441774e-01 5.820147e-01 7.338542e-01 7.568976e-01 5.938212e-01 5.959280e-01 7.979544e-01 4.657917e-01 5.065126e-01 3.489632e-01 7.319779e-01
<GCONST> 1.242430e+02
<MIXTURE> 4 1.991258e-01
<MEAN> 39
 -8.135896e+00 3.251186e+00 -2.038751e-01 5.211122e+00 4.832390e+00 2.866864e+00 4.678452e+00 -1.536402e+00 -5.519909e-01 2.001182e+00 4.309188e-01 7.793753e-01 -1.264409e+01 7.446972e-01 -9.000947e-01 -4.554035e-01 -9.536613e-01 -7.896752e-01 -6.994061e-01 -3.352587e-01 -2.671422e-01 -2.074807e-01 -3.926310e-01 -1.639528e-01 -2.201370e-01 3.541628e+00 5.044214e-01 -8.611324e-02 1.582819e-01 -2.433588e-01 -3.419722e-01 -6.137602e-01 -4.687254e-01 1.792008e-01 -6.370833e-03 -1.481206e-01 7.170513e-02 -3.524306e-02 1.283617e+00
<VARIANCE> 39
 3.164725e+01 3.377737e+01 3.920636e+01 3.872260e+01 3.816086e+01 4.005163e+01 3.807920e+01 4.532352e+01 4.767623e+01 3.402429e+01 3.064764e+01 2.529095e+01 2.947201e+01 8.445681e+00 4.540164e+00 5.483235e+00 5.026114e+00 6.308453e+00 5.085513e+00 5.637677e+00 6.116617e+00 7.704057e+00 4.211497e+00 3.600364e+00 3.503722e+00 5.236069e+00 7.434480e-01 6.119909e-01 7.662760e-01 8.195884e-01 9.683343e-01 9.039271e-01 8.201722e-01 1.015905e+00 9.931636e-01 7.764798e-01 7.190144e-01 5.594813e-01 5.639893e-01
<GCONST> 1.365205e+02
<STATE> 5
<NUMMIXES> 4
<MIXTURE> 1 3.745870e-01
<MEAN> 39
 -2.255226e+00 -8.272041e+00 -1.059566e+01 1.707315e+00 6.807310e+00 -1.677509e+00 -9.296975e-01 2.807304e+00 1.899546e+00 3.399415e+00 -4.066301e-02 1.778952e+00 2.440587e+00 4.220698e-01 -6.036055e-01 -8.521448e-01 -1.689303e+00 -3.807383e-01 -1.602595e+00 -3.302370e-01 1.999282e-01 -1.270403e-01 2.444253e-01 -3.342492e-01 -3.142255e-02 4.928440e+00 -5.162402e-01 1.556632e+00 1.422773e+00 5.536676e-01 -2.490215e-01 3.581395e-01 3.203442e-01 -3.010355e-01 -3.460190e-02 -3.151325e-01 1.871199e-01 -1.264968e-01 -1.520577e+00
<VARIANCE> 39
 1.698475e+01 3.208624e+01 4.078103e+01 5.228273e+01 4.391045e+01 6.344915e+01 5.333949e+01 5.316618e+01 5.660074e+01 4.202742e+01 3.247271e+01 2.810345e+01 2.357650e+01 5.285589e+00 3.547074e+00 4.139285e+00 3.232216e+00 3.834907e+00 4.357990e+00 4.261266e+00 3.660423e+00 3.579344e+00 3.022242e+00 3.423816e+00 2.341218e+00 5.296727e+00 7.503804e-01 6.959316e-01 7.684496e-01 9.518035e-01 1.007200e+00 1.217383e+00 1.169793e+00 1.086337e+00 1.085788e+00 8.627880e-01 7.560350e-01 7.196867e-01 7.042962e-01
<GCONST> 1.349506e+02
<MIXTURE> 2 2.409149e-01
<MEAN> 39
 -1.004596e+01 -6.972695e+00 2.266382e+00 -4.128407e+00 -8.599743e-01 1.577164e+00 3.584520e+00 -2.315147e+00 2.118843e+00 4.954047e+00 6.322073e-03 2.899774e+00 5.442647e+00 -4.407172e-02 -1.347969e-01 5.574177e-01 -3.022124e+00 -1.626324e+00 -1.117798e+00 -7.805528e-02 -6.594847e-01 -2.232005e-03 1.052958e-01 -4.075781e-01 1.521475e-01 5.958077e+00 3.164944e-01 1.589097e+00 3.618975e-01 1.212855e+00 4.325154e-01 1.391922e-01 4.522856e-02 2.294831e-01 -1.593018e-01 -4.669931e-01 2.145723e-01 -2.361748e-01 -1.981414e+00
<VARIANCE> 39
 1.393616e+01 2.304450e+01 1.903959e+01 2.940240e+01 2.825820e+01 3.526904e+01 3.372505e+01 3.765519e+01 6.478027e+01 3.454178e+01 3.167024e+01 2.039625e+01 1.788430e+01 1.736037e+00 3.349021e+00 1.776530e+00 2.862673e+00 2.554850e+00 2.672597e+00 2.408803e+00 2.318588e+00 2.920486e+00 2.546336e+00 1.910994e+00 1.597369e+00 5.073312e+00 3.570227e-01 5.026109e-01 4.327405e-01 5.712507e-01 5.754117e-01 6.423866e-01 6.657000e-01 7.209951e-01 9.052023e-01 7.110633e-01 6.332086e-01 4.864075e-01 7.212166e-01
<GCONST> 1.198801e+02
<MIXTURE> 3 1.067344e-01
<MEAN> 39
 3.785731e+00 6.467690e+00 -1.503655e+00 3.445504e+00 -5.634452e-01 -1.346181e+00 -1.328900e+00 -6.655195e+00 -5.848990e+00 -9.252544e-01 -6.005600e-01 -2.787643e+00 -4.899487e+00 2.772165e+00 -6.781906e-01 4.149640e-01 -1.278361e+00 -2.089711e+00 -1.829835e+00 -1.479883e+00 -4.943052e-01 -1.250583e+00 -4.503059e-01 -1.892285e-01 -8.296696e-01 3.569215e+00 -8.998965e-01 -5.599875e-01 4.046583e-01 -1.537054e-01 1.654229e-01 3.219100e-01 2.514255e-01 7.123657e-01 6.060749e-01 2.540253e-01 2.126259e-01 3.594714e-01 -1.583607e-01
<VARIANCE> 39
 1.987960e+01 2.412609e+01 4.394423e+01 4.165547e+01 4.883768e+01 4.611713e+01 5.787094e+01 7.003209e+01 5.495049e+01 4.378007e+01 3.708579e+01 3.366977e+01 3.538317e+01 3.390419e+00 3.530918e+00 5.405524e+00 7.042253e+00 5.137010e+00 5.014636e+00 5.439903e+00 7.701339e+00 6.279588e+00 4.923065e+00 5.372306e+00 3.344468e+00 4.410327e+00 5.254338e-01 4.756096e-01 7.509565e-01 1.070660e+00 9.373049e-01 7.947648e-01 1.085869e+00 1.200115e+00 1.001035e+00 9.105406e-01 7.136329e-01 6.082538e-01 8.851901e-01
<GCONST> 1.380970e+02
<MIXTURE> 4 2.777637e-01
<MEAN> 39
 -1.063065e+01 -1.938745e+00 -1.139620e+00 3.661222e+00 3.287081e+00 6.270220e-01 4.766719e+00 1.716703e+00 3.388510e+00 1.530324e+00 2.985470e+00 2.841762e+00 -2.194671e-01 -1.358695e-01 3.366584e-01 2.461793e-01 -1.259013e+00 -8.788278e-01 -1.431772e+00 1.529257e-01 6.484608e-02 -2.764138e-02 -5.362810e-01 -2.109822e-01 -4.189949e-02 4.271208e+00 7.185012e-01 6.615279e-01 2.114482e-01 1.308066e-01 -1.024037e-01 -1.102054e-01 -3.895673e-01 -1.323497e-01 -2.963623e-01 -1.035401e-01 -2.732552e-01 -2.822676e-01 -8.935646e-01
<VARIANCE> 39
 2.573605e+01 3.220259e+01 4.173141e+01 4.742033e+01 4.256966e+01 4.482034e+01 3.829734e+01 3.796921e+01 4.048669e+01 3.134956e+01 3.146290e+01 1.900867e+01 4.373815e+01 8.314296e+00 4.347869e+00 3.858030e+00 4.070039e+00 4.992002e+00 5.021494e+00 4.200121e+00 3.679131e+00 4.354125e+00 2.936894e+00 2.927792e+00 2.404472e+00 7.184224e+00 7.078272e-01 7.797576e-01 7.811776e-01 8.459878e-01 8.973106e-01 1.012887e+00 8.122457e-01 8.476881e-01 8.000130e-01 8.055747e-01 6.898012e-01 5.133488e-01 1.091358e+00
<GCONST> 1.340470e+02
<TRANSP> 6
 0.000000e+00 1.000000e+00 0.000000e+00 0.000000e+00 0.000000e+00 0.000000e+00
 0.000000e+00 4.443500e-01 5.556499e-01 0.000000e+00 0.000000e+00 0.000000e+00
 0.000000e+00 0.000000e+00 5.592250e-01 4.407751e-01 0.000000e+00 0.000000e+00
 0.000000e+00 0.000000e+00 0.000000e+00 3.647402e-01 6.352598e-01 0.000000e+00
 0.000000e+00 0.000000e+00 0.000000e+00 0.000000e+00 3.351969e-01 6.648030e-01
 0.000000e+00 0.000000e+00 0.000000e+00 0.000000e+00 0.000000e+00 0.000000e+00
<ENDHMM>
