~o
<STREAMINFO> 1 39
<VECSIZE> 39<NULLD><MFCC_D_A_Z_0><DIAGC>
~h "pau"
<BEGINHMM>
<NUMSTATES> 6
<STATE> 2
<NUMMIXES> 4
<MIXTURE> 1 3.371835e-01
<MEAN> 39
 -3.854253e+00 -2.441179e+00 -2.232356e+00 3.121022e+00 3.783022e+00 7.752752e-01 3.514070e+00 3.291022e+00 2.372570e+00 -1.496633e+00 1.582029e-01 2.425120e+00 -8.675721e+00 1.144719e-02 -5.053527e-01 -4.327317e-01 -4.010939e-01 -3.896959e-01 -3.723667e-01 -4.294703e-01 8.744629e-02 -1.303425e-01 -3.125425e-01 -7.102465e-02 1.029908e-02 -4.546933e-01 -1.055384e-01 4.419246e-01 1.341611e-01 1.988412e-01 2.125300e-02 1.021224e-01 -4.071448e-03 -2.118424e-01 -6.375813e-02 1.332454e-01 2.864700e-02 -9.365434e-02 -1.557934e-01
<VARIANCE> 39
 2.043852e+01 1.926535e+01 2.717738e+01 2.937275e+01 3.747288e+01 3.409112e+01 3.789896e+01 3.372387e+01 3.231042e+01 3.248956e+01 4.842271e+01 2.308109e+01 2.465241e+01 1.897521e+00 2.601915e+00 2.204483e+00 2.516905e+00 2.985132e+00 3.374447e+00 3.181836e+00 2.780262e+00 2.982786e+00 2.704641e+00 2.728689e+00 1.805854e+00 3.683668e+00 3.015628e-01 2.867919e-01 4.088042e-01 3.922426e-01 4.734749e-01 5.365875e-01 5.888508e-01 5.392237e-01 5.688439e-01 4.991108e-01 5.133040e-01 3.538259e-01 2.701037e-01
<GCONST> 1.175387e+02
<MIXTURE> 2 2.150155e-01
<MEAN> 39
 -7.581473e+00 4.279334e+00 6.676877e-02 9.063045e+00 6.359860e+00 5.854002e+00 4.481567e+00 1.836186e+00 5.106686e+00 2.600406e+00 3.969599e+00 1.867047e+00 -2.071746e+01 -7.865723e-01 -4.651765e-01 -2.826762e-01 3.511697e-01 7.878680e-01 1.053714e+00 6.444240e-01 5.898486e-01 2.850177e-01 1.580042e-01 2.593417e-01 8.174259e-02 -8.776091e-01 3.974804e-01 -3.626356e-01 -5.212281e-02 -5.570601e-01 -4.808488e-01 -6.025302e-01 -3.389212e-01 -1.136686e-01 -3.494832e-01 -3.242153e-01 -2.739533e-01 -5.180760e-02 1.065609e+00
<VARIANCE> 39
 1.068763e+01 1.072659e+01 1.488669e+01 1.592910e+01 1.915665e+01 2.481647e+01 2.607886e+01 2.127047e+01 3.017644e+01 2.462755e+01 2.790512e+01 2.041111e+01 1.099145e+01 1.898556e+00 2.995901e+00 2.296109e+00 3.797130e+00 4.238000e+00 5.139143e+00 3.714705e+00 3.758977e+00 4.223917e+00 3.388603e+00 3.587924e+00 2.480521e+00 3.963035e+00 3.733374e-01 3.851120e-01 4.267697e-01 4.085287e-01 5.642873e-01 5.944933e-01 5.869894e-01 5.340485e-01 6.482224e-01 5.051248e-01 4.645302e-01 4.703454e-01 4.158480e-01
<GCONST> 1.161153e+02
<MIXTURE> 3 2.438916e-01
<MEAN> 39
 1.276897e+00 5.266547e+00 3.002690e+00 5.810027e+00 3.306907e+00 3.477064e+00 3.159766e+00 -2.627151e+00 -2.343790e+00 -4.447327e-01 -3.808511e+00 -2.998371e-01 -9.320509e+00 -1.345427e+00 -6.102963e-01 -3.905727e-01 5.378346e-01 9.269634e-01 7.347126e-01 1.025398e+00 5.271416e-01 5.119336e-01 5.627349e-02 4.842366e-01 3.201498e-01 -1.300284e+00 -6.688169e-02 -3.148148e-01 -3.699139e-01 -4.630482e-01 -2.734211e-01 -2.392154e-01 -1.357554e-01 1.651502e-01 1.352983e-01 1.437764e-01 2.378469e-01 9.469920e-02 1.671304e-01
<VARIANCE> 39
 1.526667e+01 2.437977e+01 4.661000e+01 4.963220e+01 6.662532e+01 4.862958e+01 4.811172e+01 7.010325e+01 3.902929e+01 4.109189e+01 3.554692e+01 3.167336e+01 2.201806e+01 1.317488e+00 2.004623e+00 2.895028e+00 3.239903e+00 3.125203e+00 2.862291e+00 3.487074e+00 4.236928e+00 3.388237e+00 3.011964e+00 3.083375e+00 2.517402e+00 7.575600e-01 1.853815e-01 2.643879e-01 3.254529e-01 4.607188e-01 5.446954e-01 4.213182e-01 6.047127e-01 6.254088e-01 5.017114e-01 5.385540e-01 4.468997e-01 4.166139e-01 1.114989e-01
<GCONST> 1.186957e+02
<MIXTURE> 4 2.039094e-01
<MEAN> 39
 -2.280833e+00 3.007548e+00 -7.574903e-01 2.237002e+00 -7.379022e-01 -3.333521e+00 -2.306324e+00 -1.495816e+00 1.912419e+00 2.159534e+00 4.742562e-01 2.091621e+00 -1.197091e+01 -7.164996e-01 5.137187e-01 -1.271847e-01 1.454224e+00 5.610820e-01 1.385198e+00 6.553871e-01 2.009395e-01 8.194668e-01 6.838853e-01 7.574174e-01 3.449826e-01 -3.490317e+00 -5.693576e-01 -6.782445e-02 8.709742e-02 1.187669e-01 5.557988e-01 7.369115e-01 6.077827e-01 3.877393e-01 -3.799170e-02 -6.835903e-02 6.271423e-02 -1.222594e-01 2.767445e-01
<VARIANCE> 39
 3.337542e+01 3.252807e+01 4.069057e+01 4.620877e+01 6.166239e+01 5.434357e+01 5.301012e+01 6.658271e+01 7.221043e+01 6.133489e+01 5.627531e+01 5.455185e+01 3.759634e+01 7.055988e+00 3.455479e+00 4.661707e+00 5.606255e+00 7.115957e+00 6.892442e+00 5.573720e+00 6.244349e+00 5.676894e+00 4.723948e+00 3.803728e+00 4.206702e+00 3.332006e+00 7.940561e-01 6.944760e-01 6.861044e-01 9.444296e-01 1.108843e+00 1.119099e+00 9.625735e-01 1.072621e+00 1.158387e+00 1.076596e+00 9.833521e-01 9.789555e-01 8.548327e-01
<GCONST> 1.429540e+02
<STATE> 3
<NUMMIXES> 4
<MIXTURE> 1 3.040978e-01
<MEAN> 39
 -3.675873e+00 1.397211e-02 -5.159553e+00 3.172822e+00 4.628369e+00 2.840743e+00 4.444176e+00 1.826742e+00 7.141343e-01 -1.171080e+00 -7.539464e-01 2.121555e+00 -1.483188e+01 -2.599047e-01 3.244690e-01 -8.850431e-03 1.856557e-01 -1.023469e-01 1.787324e-01 8.281250e-02 -8.856646e-02 1.586324e-01 1.379523e-01 9.106219e-02 -7.427764e-03 -5.228862e-01 -6.977851e-02 7.864468e-02 2.089736e-01 4.899770e-02 1.961418e-02 -1.902685e-02 -1.694618e-02 2.279507e-02 2.556857e-02 1.121773e-01 7.889479e-02 -3.555319e-02 6.764704e-02
<VARIANCE> 39
 9.093870e+00 1.660631e+01 2.214104e+01 2.252036e+01 2.724526e+01 3.213131e+01 3.786096e+01 3.978345e+01 3.703220e+01 3.947818e+01 3.583645e+01 3.107731e+01 1.262910e+01 5.342486e-01 1.074746e+00 1.271312e+00 1.283669e+00 1.349655e+00 1.777048e+00 1.921440e+00 1.738503e+00 2.308185e+00 2.037277e+00 1.831905e+00 1.828782e+00 4.219142e-01 7.935060e-02 1.335629e-01 1.619834e-01 2.051284e-01 2.530800e-01 3.059992e-01 3.818558e-01 3.624883e-01 4.237843e-01 4.088295e-01 3.557545e-01 3.484498e-01 4.246092e-02
<GCONST> 9.826044e+01
<MIXTURE> 2 3.094896e-01
<MEAN> 39
 -8.417845e+00 4.062172e+00 1.088635e-01 8.559499e+00 5.821688e+00 6.426952e+00 3.869053e+00 2.049042e+00 4.824274e+00 1.715390e+00 3.624025e+00 2.049057e+00 -2.090417e+01 -8.919643e-02 2.030687e-02 6.051496e-02 6.386541e-02 1.378549e-02 3.777245e-02 -1.007638e-02 -3.074679e-02 -1.037469e-02 -8.816100e-03 9.760290e-03 -6.885125e-02 -6.749564e-02 1.091057e-01 -7.008032e-02 -2.846690e-02 -1.176976e-01 -9.109016e-02 -1.221913e-01 -4.044086e-02 -5.687971e-02 -5.557000e-02 -6.844199e-02 -7.109741e-02 -8.192251e-03 2.022436e-01
<VARIANCE> 39
 7.582972e+00 7.300791e+00 1.170803e+01 1.456714e+01 1.851061e+01 1.680958e+01 2.023351e+01 1.953076e+01 2.080117e+01 1.594081e+01 1.781997e+01 1.123244e+01 8.053214e+00 1.558958e-01 2.930446e-01 4.384795e-01 6.996971e-01 1.027072e+00 1.148620e+00 1.215834e+00 1.365308e+00 1.432995e+00 1.342326e+00 1.306569e+00 1.125962e+00 8.866322e-02 6.175366e-02 9.726455e-02 1.268577e-01 1.803939e-01 2.467386e-01 2.767982e-01 2.910497e-01 2.782224e-01 3.136904e-01 2.757815e-01 2.655711e-01 2.348776e-01 9.390993e-02
<GCONST> 7.908348e+01
<MIXTURE> 3 2.544932e-01
<MEAN> 39
 -6.655344e+00 -6.830971e+00 -8.801619e-01 7.010323e-01 1.720406e+00 -6.416951e-01 3.025643e+00 3.476394e+00 1.181787e+00 -1.915971e+00 3.767480e+00 2.368387e+00 -7.901954e+00 8.822441e-02 -3.148292e-02 -5.990898e-03 2.161489e-02 -4.273074e-02 1.993853e-01 4.603405e-02 -3.494291e-02 -1.123370e-01 -1.442758e-01 -5.811952e-03 2.223973e-02 -2.184657e-01 5.540450e-02 1.185067e-01 -4.733878e-02 7.584631e-02 2.549206e-02 1.433353e-01 5.711750e-02 -4.431587e-02 3.953837e-02 1.801592e-02 -3.917481e-02 1.714747e-02 -1.346787e-01
<VARIANCE> 39
 1.020697e+01 1.018648e+01 1.959950e+01 1.628391e+01 2.326794e+01 1.996769e+01 3.371177e+01 2.722159e+01 2.722347e+01 2.847677e+01 3.961250e+01 1.910184e+01 1.748885e+01 2.525399e-01 3.891238e-01 4.983768e-01 7.894602e-01 9.412857e-01 1.301814e+00 1.441662e+00 1.285519e+00 1.722015e+00 1.443432e+00 1.354457e+00 1.186288e+00 4.318483e-01 3.583400e-02 7.813941e-02 9.066360e-02 1.381818e-01 1.806918e-01 2.439793e-01 2.835276e-01 2.437918e-01 3.620790e-01 3.037072e-01 2.919438e-01 2.539485e-01 3.047343e-02
<GCONST> 8.495445e+01
<MIXTURE> 4 1.319195e-01
<MEAN> 39
 -8.222216e+00 1.980867e+00 -1.772190e+00 5.259188e+00 5.023109e+00 4.274994e+00 3.594989e+00 8.230962e-01 2.827530e+00 3.884867e+00 1.290367e+00 1.074473e+00 -1.611761e+01 -5.146408e-02 1.687767e-01 2.846429e-01 4.374692e-01 1.169103e-01 7.358054e-01 6.222152e-01 8.826061e-02 -5.005872e-01 -2.077062e-01 5.537876e-02 -3.778842e-01 -5.966593e-01 5.184318e-01 8.221268e-02 1.607647e-01 -3.365686e-01 -3.998810e-01 -4.246095e-01 -2.770673e-01 -1.330607e-01 -2.553335e-01 -3.756376e-01 -1.990894e-01 -1.111233e-01 8.055301e-01
<VARIANCE> 39
 3.281710e+01 2.819101e+01 3.972412e+01 3.832605e+01 4.319687e+01 4.565814e+01 3.967199e+01 5.732387e+01 5.374922e+01 3.981707e+01 3.376946e+01 3.296779e+01 3.436832e+01 4.497039e+00 3.536109e+00 4.431128e+00 3.774775e+00 4.692346e+00 5.167400e+00 4.999256e+00 4.967317e+00 4.315605e+00 4.157602e+00 3.934911e+00 4.038006e+00 4.224670e+00 7.105536e-01 6.506010e-01 7.565777e-01 7.978545e-01 7.866539e-01 9.270143e-01 7.938421e-01 9.707838e-01 1.028231e+00 8.875841e-01 7.789370e-01 7.380061e-01 1.268587e+00
<GCONST> 1.361903e+02
<STATE> 4
<NUMMIXES> 4
<MIXTURE> 1 1.395054e-01
<MEAN> 39
 -4.182101e+00 1.919866e+00 -1.472519e+00 1.373979e+00 1.286392e+00 5.813498e+00 5.671100e+00 1.278943e+00 -1.753063e+00 8.878988e-01 -1.027446e-01 9.487110e-01 -1.302913e+01 1.944086e+00 5.114959e-01 6.012605e-01 -7.890944e-01 -1.480905e+00 -1.068289e+00 -2.125400e-02 -4.335897e-02 -9.243129e-01 -8.217105e-01 -7.246998e-01 -8.350047e-01 2.101249e+00 4.365935e-01 -3.737457e-02 8.674697e-02 -2.424887e-01 -2.649421e-01 -6.586697e-01 -5.390487e-01 -1.208634e-01 1.971985e-01 -5.392111e-02 5.226636e-02 2.992647e-02 8.449227e-01
<VARIANCE> 39
 3.949970e+01 2.815279e+01 4.370440e+01 4.336857e+01 5.683253e+01 5.860411e+01 4.217017e+01 5.224539e+01 3.698609e+01 3.787273e+01 3.731704e+01 2.741846e+01 2.176047e+01 4.660969e+00 3.827451e+00 3.701948e+00 4.030434e+00 4.550097e+00 4.360390e+00 4.904918e+00 4.597095e+00 4.013092e+00 2.587736e+00 2.723617e+00 2.739927e+00 4.444008e+00 7.385638e-01 4.624388e-01 5.626237e-01 6.106700e-01 7.194859e-01 8.868301e-01 7.391441e-01 7.866827e-01 5.695516e-01 7.757076e-01 5.653307e-01 3.598874e-01 5.078741e-01
<GCONST> 1.306109e+02
<MIXTURE> 2 3.665187e-01
<MEAN> 39
 -9.269757e+00 4.450463e+00 6.432220e-01 9.449729e+00 6.088775e+00 6.617042e+00 4.704060e+00 2.734704e+00 4.746894e+00 2.682491e+00 3.582289e+00 1.955162e+00 -2.192932e+01 4.545420e-02 1.167730e-01 3.338188e-01 -3.041537e-02 6.373505e-02 5.750205e-02 4.067102e-02 -1.638131e-01 -1.051931e-01 -1.704332e-01 -4.994376e-02 -7.436840e-02 2.492339e-01 5.612953e-01 -3.784596e-01 -1.519800e-01 -7.888705e-01 -4.728711e-01 -5.037808e-01 -1.712691e-01 -2.188033e-01 -3.365494e-01 -2.537729e-01 -2.490107e-01 -1.036601e-01 1.289067e+00
<VARIANCE> 39
 8.370349e+00 9.632108e+00 1.248436e+01 1.748849e+01 1.582414e+01 1.971282e+01 2.047523e+01 1.920617e+01 2.235474e+01 1.723350e+01 2.036428e+01 1.478833e+01 7.264989e+00 9.983751e-01 1.432886e+00 1.577230e+00 1.820285e+00 1.981855e+00 1.860620e+00 2.299011e+00 2.215906e+00 2.201397e+00 2.056661e+00 1.860286e+00 1.527075e+00 1.525701e+00 3.072519e-01 4.218399e-01 5.847608e-01 5.880690e-01 4.661113e-01 5.446447e-01 5.634773e-01 5.666373e-01 4.824362e-01 4.718364e-01 4.443293e-01 3.661720e-01 6.248230e-01
<GCONST> 1.047479e+02
<MIXTURE> 3 3.056436e-01
<MEAN> 39
 -6.396472e+00 -1.986686e+00 -2.867937e+00 2.262866e+00 1.090939e+00 4.238309e+00 6.929737e+00 1.552381e+00 1.965149e+00 -6.207459e-03 1.733383e+00 2.854504e+00 -1.412763e+01 -3.557651e-01 8.610526e-01 4.000076e-01 4.930671e-01 1.257275e-01 8.997095e-02 2.195168e-01 -1.219852e-01 3.816776e-01 3.691486e-01 1.025812e-01 -8.565649e-02 -3.644223e-01 3.738131e-02 3.830119e-01 3.269222e-01 2.841158e-01 2.770855e-01 -2.552553e-02 -2.113288e-01 -8.076339e-02 -5.517989e-02 1.505302e-02 -1.073325e-01 -1.163989e-01 8.049548e-02
<VARIANCE> 39
 1.111722e+01 2.541940e+01 3.447610e+01 2.549429e+01 3.235797e+01 4.088306e+01 3.148070e+01 3.870338e+01 3.992657e+01 2.447638e+01 3.040772e+01 1.992088e+01 2.317337e+01 1.009581e+00 3.347479e+00 2.546174e+00 2.785007e+00 2.263291e+00 2.544168e+00 2.424556e+00 3.108005e+00 2.461847e+00 2.525985e+00 2.047121e+00 1.638853e+00 2.641145e+00 2.386524e-01 3.892053e-01 4.504385e-01 3.910424e-01 3.228187e-01 4.385256e-01 4.895828e-01 4.882245e-01 5.023116e-01 3.901920e-01 3.578090e-01 3.014090e-01 2.287401e-01
<GCONST> 1.129521e+02
<MIXTURE> 4 1.883323e-01
<MEAN> 39
 -2.524703e+00 9.198086e+00 4.111524e+00 8.289098e+00 3.674600e+00 5.966499e-01 2.150519e+00 -5.120221e+00 -3.645629e+00 -1.577520e+00 -1.732487e+00 -5.744271e-01 -1.548915e+01 6.826768e-01 6.379735e-01 6.055859e-01 6.286874e-02 -2.324967e-01 -2.792604e-01 -4.979467e-01 -3.636853e-01 -6.563032e-01 -1.747981e-01 -2.041146e-01 -1.530484e-01 4.873569e-01 -6.791039e-02 -5.657309e-01 -3.361591e-01 -4.117646e-01 -1.303840e-01 9.065606e-02 1.335418e-01 3.557177e-01 2.981471e-01 1.618927e-01 2.267630e-01 2.119920e-01 4.050772e-01
<VARIANCE> 39
 2.805370e+01 2.203833e+01 2.183808e+01 2.938470e+01 2.948509e+01 3.348855e+01 4.479757e+01 4.798334e+01 3.830565e+01 4.280925e+01 2.832845e+01 2.575899e+01 1.724048e+01 2.790866e+00 2.220289e+00 1.980330e+00 1.474571e+00 1.962704e+00 2.485445e+00 2.735112e+00 3.820532e+00 3.681402e+00 3.240489e+00 2.552890e+00 1.636916e+00 1.630389e+00 3.451401e-01 3.867825e-01 2.563317e-01 3.576126e-01 4.315729e-01 4.637486e-01 6.455803e-01 6.839094e-01 5.373248e-01 6.514946e-01 4.200790e-01 3.860208e-01 3.449603e-01
<GCONST> 1.164408e+02
<STATE> 5
<NUMMIXES> 4
<MIXTURE> 1 2.332421e-01
<MEAN> 39
 -7.891867e+00 -9.195623e-01 2.839882e-02 1.078478e+00 3.587321e+00 1.538393e+00 3.205971e+00 2.075080e+00 3.557628e+00 1.956865e-03 2.378685e+00 1.968859e+00 -4.017580e+00 -5.082536e-02 -3.373564e-01 2.480496e-01 -1.466848e+00 -7.047967e-01 -9.966981e-01 -1.216050e-01 4.473066e-02 -1.683799e-01 -1.651423e-01 -3.721213e-02 1.223461e-01 4.096188e+00 3.362402e-01 3.721414e-01 2.427325e-01 1.861595e-01 -2.451320e-01 -1.242705e-02 -1.269687e-01 -1.879548e-01 -2.334230e-01 6.363088e-02 -2.952800e-01 -1.332516e-01 -3.824407e-01
<VARIANCE> 39
 2.491104e+01 4.022668e+01 3.742285e+01 4.845485e+01 3.572064e+01 3.266137e+01 4.332482e+01 3.570160e+01 3.682644e+01 3.221341e+01 3.544821e+01 2.028622e+01 5.137129e+01 7.767162e+00 4.813704e+00 3.064973e+00 5.862622e+00 5.276865e+00 6.169769e+00 3.968273e+00 4.389651e+00 3.839649e+00 3.898487e+00 3.282493e+00 2.789584e+00 8.085425e+00 5.712103e-01 7.164015e-01 6.166274e-01 8.920779e-01 7.003098e-01 6.113768e-01 8.766905e-01 6.376470e-01 7.246590e-01 6.488754e-01 6.268170e-01 4.873867e-01 8.538030e-01
<GCONST> 1.329331e+02
<MIXTURE> 2 2.715458e-01
<MEAN> 39
 -8.117687e+00 4.355263e+00 1.179924e+00 8.989988e+00 5.830199e+00 6.198367e+00 4.010576e+00 1.288007e+00 3.835801e+00 1.456551e+00 3.085802e+00 1.300539e+00 -2.052402e+01 2.110902e+00 -1.370122e+00 -1.677052e-01 -2.942381e+00 -1.551599e+00 -1.450928e+00 -6.267963e-01 -7.706547e-01 -8.909985e-01 -4.972162e-01 -7.503821e-01 -4.952530e-01 5.100590e+00 8.462836e-01 -4.332846e-01 -1.407837e-01 -9.785537e-01 -6.537753e-01 -5.548319e-01 -3.007516e-01 -1.591697e-01 -2.750022e-01 -6.173287e-02 -3.162616e-01 -1.983607e-01 1.714628e+00
<VARIANCE> 39
 1.318691e+01 1.394135e+01 1.803932e+01 2.000185e+01 2.006149e+01 2.443359e+01 2.493551e+01 2.103885e+01 2.552188e+01 2.181512e+01 2.059105e+01 1.682681e+01 1.379141e+01 3.275114e+00 3.407194e+00 6.237711e+00 5.011198e+00 4.415190e+00 4.463729e+00 4.332868e+00 4.241787e+00 3.937848e+00 3.426815e+00 3.070598e+00 2.608084e+00 4.690411e+00 3.348103e-01 3.770582e-01 6.077699e-01 5.522543e-01 5.729508e-01 6.698095e-01 6.586291e-01 5.928572e-01 5.635647e-01 5.590624e-01 5.621490e-01 3.916132e-01 5.015899e-01
<GCONST> 1.195884e+02
<MIXTURE> 3 2.688099e-01
<MEAN> 39
 3.024507e+00 7.666523e+00 3.350358e+00 1.309049e+00 -2.818638e+00 -1.975594e+00 -4.793228e-02 -4.057224e+00 -4.842537e+00 -1.899992e+00 -2.574689e+00 -9.525989e-01 -8.460853e+00 1.904822e+00 -2.558002e-01 1.810250e-01 -1.395650e+00 -1.254047e+00 -9.164134e-01 -9.177079e-01 -2.910154e-01 -6.107918e-01 -3.070100e-01 -3.102292e-01 -2.390035e-01 2.960005e+00 -5.463248e-01 -6.696376e-01 -2.730608e-01 -4.618158e-02 3.693840e-01 2.877842e-01 7.519125e-02 4.466346e-01 4.417098e-01 3.121237e-01 3.475986e-01 1.823342e-01 2.405965e-01
<VARIANCE> 39
 3.269811e+01 2.758088e+01 6.110032e+01 5.306285e+01 4.203727e+01 4.605911e+01 4.956823e+01 4.504440e+01 3.676905e+01 3.741772e+01 2.569788e+01 3.621978e+01 2.332294e+01 4.821414e+00 4.256840e+00 3.544608e+00 4.973759e+00 5.459355e+00 4.832173e+00 3.694541e+00 4.544046e+00 4.864051e+00 4.607290e+00 4.273944e+00 3.461543e+00 4.206915e+00 4.991647e-01 4.834416e-01 4.985366e-01 7.002614e-01 6.702942e-01 7.962436e-01 5.375702e-01 5.996065e-01 5.724178e-01 7.755559e-01 5.255302e-01 5.557156e-01 4.465923e-01
<GCONST> 1.311993e+02
<MIXTURE> 4 2.264022e-01
<MEAN> 39
 3.248429e+00 -2.608038e+00 -4.418090e-01 -4.125329e+00 -2.847632e+00 -8.039526e-01 9.873220e-01 -3.309267e-01 -2.101610e-01 5.477415e-01 -3.525519e-01 -1.124444e+00 8.158983e-01 2.764303e+00 -1.657121e+00 -1.496653e-01 -2.874918e+00 -1.709522e+00 -1.439619e+00 -8.740768e-01 -1.662159e-01 -7.305292e-01 -2.370703e-01 -6.553939e-01 -6.884201e-01 5.514441e+00 -7.061508e-01 4.047051e-01 1.639443e-01 7.442608e-01 4.566740e-01 4.282790e-01 1.723170e-01 1.951026e-01 1.963761e-01 6.953151e-02 2.009635e-01 2.322391e-01 -1.087146e+00
<VARIANCE> 39
 2.763735e+01 3.139093e+01 9.059634e+01 5.807986e+01 6.198974e+01 7.815657e+01 5.173275e+01 4.718369e+01 4.577711e+01 4.059778e+01 2.919203e+01 2.125157e+01 3.174507e+01 2.796564e+00 3.293085e+00 5.559383e+00 5.910239e+00 5.420328e+00 6.895476e+00 6.469887e+00 5.722639e+00 4.039650e+00 4.920561e+00 4.225254e+00 2.495565e+00 5.906712e+00 4.193799e-01 5.306925e-01 8.819628e-01 8.767685e-01 7.407035e-01 8.015599e-01 7.842557e-01 7.265182e-01 7.632532e-01 5.889021e-01 4.930480e-01 4.465340e-01 6.946624e-01
<GCONST> 1.352579e+02
<TRANSP> 6
 0.000000e+00 1.000000e+00 0.000000e+00 0.000000e+00 0.000000e+00 0.000000e+00
 0.000000e+00 8.045313e-01 1.954687e-01 0.000000e+00 0.000000e+00 0.000000e+00
 0.000000e+00 0.000000e+00 8.418404e-01 1.581596e-01 0.000000e+00 0.000000e+00
 0.000000e+00 0.000000e+00 0.000000e+00 7.209892e-01 2.790108e-01 0.000000e+00
 0.000000e+00 0.000000e+00 0.000000e+00 0.000000e+00 6.990424e-01 3.009576e-01
 0.000000e+00 0.000000e+00 0.000000e+00 0.000000e+00 0.000000e+00 0.000000e+00
<ENDHMM>
