~o
<STREAMINFO> 1 39
<VECSIZE> 39<NULLD><MFCC_D_A_Z_0><DIAGC>
~h "q"
<BEGINHMM>
<NUMSTATES> 6
<STATE> 2
<NUMMIXES> 4
<MIXTURE> 1 2.001582e-01
<MEAN> 39
 -2.099431e+00 1.688483e+00 -4.091779e+00 1.090329e+00 -1.964528e+00 -1.707687e-01 3.314843e+00 9.003516e+00 1.326142e+01 6.568535e+00 2.323454e+00 -1.401205e+00 -1.290200e+01 -2.479035e+00 1.500005e+00 7.996006e-01 2.302290e+00 1.999596e+00 2.903618e+00 1.813249e+00 2.914059e-01 4.618349e-01 5.355697e-02 5.160392e-01 -3.090363e-01 -3.831479e+00 3.302448e-01 -4.476223e-01 2.077275e-01 -2.217531e-01 3.999702e-01 6.247758e-02 -3.231909e-01 -1.129432e+00 -1.484453e+00 -7.243045e-01 -2.526843e-01 2.100748e-01 1.439206e+00
<VARIANCE> 39
 3.467085e+01 3.183572e+01 5.419635e+01 4.590992e+01 6.634795e+01 8.109423e+01 7.954662e+01 6.947982e+01 6.570361e+01 9.617222e+01 9.100449e+01 8.346098e+01 3.030313e+01 4.432501e+00 4.869349e+00 6.630762e+00 5.750545e+00 7.156101e+00 7.963906e+00 7.458201e+00 8.643570e+00 7.523528e+00 7.109152e+00 7.213678e+00 5.457049e+00 6.537935e+00 8.863788e-01 7.197341e-01 7.312555e-01 1.219457e+00 1.189049e+00 1.443942e+00 1.638060e+00 1.376344e+00 1.257046e+00 1.880133e+00 1.830625e+00 1.532544e+00 1.270644e+00
<GCONST> 1.521812e+02
<MIXTURE> 2 2.827004e-01
<MEAN> 39
 1.343399e+00 -1.319648e+00 5.420048e+00 -5.919618e+00 -1.050707e+01 -5.691119e+00 -6.437149e-01 -2.825024e-01 -1.613418e+00 2.446794e+00 9.107795e-01 2.212520e+00 4.291146e-01 3.870600e-01 -1.485396e-01 -1.994101e-01 -4.900068e-01 -7.559747e-01 -2.771739e-01 1.870794e-01 7.708368e-01 9.463447e-01 6.945522e-01 2.229128e-01 -1.901170e-01 -5.344477e-01 -3.133009e-01 1.713913e-01 -3.575646e-01 6.126391e-01 9.512850e-01 6.743379e-01 2.197870e-01 5.617076e-02 2.186330e-01 -1.343956e-01 -1.496609e-01 -2.833648e-01 -2.855459e-01
<VARIANCE> 39
 1.840146e+01 3.172279e+01 4.946840e+01 6.212668e+01 4.546817e+01 7.066953e+01 5.685467e+01 6.119389e+01 6.164691e+01 5.443487e+01 4.491182e+01 3.462698e+01 2.887623e+01 4.118361e+00 3.793099e+00 4.629233e+00 6.173894e+00 5.912350e+00 5.009379e+00 5.121963e+00 7.194407e+00 6.813229e+00 5.478137e+00 4.569563e+00 3.796030e+00 1.112351e+01 6.392626e-01 5.304698e-01 4.818679e-01 9.330115e-01 9.857715e-01 1.300597e+00 9.777308e-01 9.743968e-01 8.627631e-01 8.923397e-01 8.319322e-01 6.335897e-01 7.520130e-01
<GCONST> 1.402484e+02
<MIXTURE> 3 3.114451e-01
<MEAN> 39
 6.264728e+00 -6.529696e+00 -8.973166e+00 -3.343141e+00 8.130634e-01 -1.465686e+00 -5.099718e+00 2.664357e+00 4.853247e+00 7.833028e-01 -2.746156e+00 -2.416182e+00 1.597491e+00 -5.011730e-01 3.353003e-01 -5.883267e-01 -3.546509e-01 3.251322e-01 1.084420e+00 7.395419e-01 3.507104e-01 6.804637e-01 3.126236e-01 1.898434e-01 -6.819387e-01 -1.211896e+00 -3.443584e-01 5.738431e-01 4.684951e-01 2.620388e-01 9.658945e-02 3.995522e-01 6.135067e-01 -2.787681e-01 -5.041033e-01 -1.887908e-02 3.383889e-01 2.136448e-01 -3.987445e-01
<VARIANCE> 39
 2.205158e+01 2.665009e+01 5.789511e+01 5.101348e+01 4.755577e+01 7.949729e+01 5.899858e+01 6.266127e+01 4.963263e+01 6.033843e+01 4.463332e+01 3.879361e+01 1.944793e+01 3.993581e+00 4.806507e+00 4.680993e+00 5.346680e+00 4.802805e+00 6.898277e+00 6.300012e+00 7.083369e+00 6.176707e+00 5.332923e+00 5.180089e+00 4.267465e+00 8.294030e+00 4.722729e-01 5.424921e-01 4.686613e-01 8.527855e-01 6.909090e-01 8.108652e-01 8.605045e-01 1.101619e+00 1.006356e+00 9.746488e-01 8.080425e-01 6.644853e-01 6.594181e-01
<GCONST> 1.391362e+02
<MIXTURE> 4 2.056962e-01
<MEAN> 39
 9.434909e-02 5.071049e+00 6.173581e-01 2.736992e+00 -1.837780e+00 -2.433696e+00 -2.558769e+00 -6.090604e+00 -1.987089e+00 4.610012e-01 -5.171842e-01 1.677357e-01 -9.564222e+00 -5.688776e-01 3.492851e-01 -1.297606e-01 4.302337e-01 5.554401e-01 4.528043e-01 4.288493e-01 3.935238e-01 4.073674e-01 -1.765881e-01 1.425672e-01 -1.066885e-01 -1.113915e+00 1.744194e-01 -6.075151e-01 2.971489e-02 -5.532629e-01 -6.946518e-02 2.692219e-01 2.170674e-01 6.706691e-01 1.710206e-01 9.845562e-03 -1.138966e-02 -4.807003e-02 9.709560e-01
<VARIANCE> 39
 3.173209e+01 2.339448e+01 6.259524e+01 5.601765e+01 5.781816e+01 5.281221e+01 5.917567e+01 5.394994e+01 5.259237e+01 5.604152e+01 4.984967e+01 3.862379e+01 3.555647e+01 4.323877e+00 3.980443e+00 5.637940e+00 7.445151e+00 8.019376e+00 7.444340e+00 6.458200e+00 8.634577e+00 7.100493e+00 5.538438e+00 5.833336e+00 3.748988e+00 7.418026e+00 5.161211e-01 4.729867e-01 6.391777e-01 7.621632e-01 8.937104e-01 9.387125e-01 1.011566e+00 9.890788e-01 8.614014e-01 1.020435e+00 8.577306e-01 6.295570e-01 6.076860e-01
<GCONST> 1.415710e+02
<STATE> 3
<NUMMIXES> 4
<MIXTURE> 1 1.982864e-01
<MEAN> 39
 4.685539e+00 -2.636131e+00 -1.101526e+01 -5.317149e+00 3.657611e+00 7.025088e+00 -4.378394e-01 -3.423990e+00 1.796014e+00 4.167133e+00 1.165884e+00 -4.853714e+00 -2.192091e+00 6.507007e-01 6.130327e-01 -4.731125e-01 -1.776056e+00 8.909186e-02 1.914354e+00 1.213093e+00 -1.181983e+00 -1.230965e+00 -2.248952e-01 5.896649e-01 3.355974e-01 3.788688e-01 1.951312e-01 2.023245e-02 4.546994e-01 1.806188e-02 -3.610732e-01 -4.582463e-01 4.306804e-02 3.451363e-01 -5.895025e-02 -4.577336e-01 -2.687530e-01 5.246065e-01 3.945569e-01
<VARIANCE> 39
 2.585135e+01 3.120748e+01 2.939040e+01 5.421346e+01 3.522401e+01 4.505877e+01 6.269439e+01 4.411694e+01 5.090881e+01 4.738979e+01 4.490021e+01 3.152067e+01 3.537937e+01 2.299603e+00 3.385197e+00 2.637662e+00 4.404568e+00 3.690294e+00 4.852845e+00 4.572801e+00 5.262766e+00 4.662176e+00 4.836185e+00 4.282435e+00 3.945970e+00 4.263652e+00 4.267090e-01 4.749603e-01 4.476601e-01 6.208924e-01 7.430319e-01 5.681576e-01 8.886425e-01 7.739143e-01 9.312302e-01 7.890195e-01 8.489532e-01 5.594162e-01 6.541802e-01
<GCONST> 1.320216e+02
<MIXTURE> 2 2.913097e-01
<MEAN> 39
 -8.819867e+00 3.973242e+00 -2.475324e-01 7.600436e+00 5.483298e+00 6.187614e+00 4.536621e+00 3.384080e+00 6.649092e+00 3.381530e+00 3.796815e+00 6.961509e-01 -1.974695e+01 -4.429504e-01 -2.559353e-01 5.498589e-01 2.672979e-01 1.137162e+00 1.278398e+00 3.804110e-01 -8.362094e-01 -1.034047e+00 -4.553176e-01 1.307594e-01 2.822256e-01 3.143309e-01 1.389261e+00 -7.755404e-01 -2.182117e-01 -1.493013e+00 -1.038949e+00 -8.378446e-01 -5.681139e-01 -4.419877e-01 -6.699371e-01 -2.875420e-01 -5.556365e-01 -9.550099e-02 2.441146e+00
<VARIANCE> 39
 1.316483e+01 1.562389e+01 2.115728e+01 2.613235e+01 3.557557e+01 3.230248e+01 2.987216e+01 3.969131e+01 3.246324e+01 3.474465e+01 3.248280e+01 2.761728e+01 1.335420e+01 3.542056e+00 2.841325e+00 3.365395e+00 5.621493e+00 5.790636e+00 4.988731e+00 5.660460e+00 6.632830e+00 6.606416e+00 5.221842e+00 5.626654e+00 4.396644e+00 6.458209e+00 6.883184e-01 7.087359e-01 1.347407e+00 1.254338e+00 1.352747e+00 1.135503e+00 1.012981e+00 1.111218e+00 1.044552e+00 9.908208e-01 1.028102e+00 7.750364e-01 1.201932e+00
<GCONST> 1.350611e+02
<MIXTURE> 3 2.518360e-01
<MEAN> 39
 2.080066e-01 2.314142e+00 8.078161e+00 -4.711529e+00 -9.406913e+00 -3.683394e+00 7.958527e-01 -2.256701e+00 -3.356340e+00 2.664280e+00 2.777177e-01 9.463787e-01 -2.095622e+00 8.474863e-02 -1.068965e-01 8.483936e-02 -1.412392e-01 2.121257e-01 4.668825e-01 3.982064e-01 3.628273e-01 7.512921e-02 1.303390e-02 -2.749895e-01 -2.647854e-01 5.345434e-01 1.536264e-01 -3.243664e-01 -1.220477e-01 7.418056e-02 2.330479e-01 1.252204e-01 -9.883501e-02 1.825910e-01 -5.148843e-02 -2.108257e-01 -5.207955e-02 -9.516148e-02 4.517179e-01
<VARIANCE> 39
 1.840497e+01 2.779496e+01 6.061156e+01 7.626092e+01 4.979757e+01 5.564219e+01 4.432804e+01 6.126216e+01 5.863759e+01 4.945392e+01 3.880914e+01 3.464345e+01 4.281776e+01 7.903526e-01 1.455590e+00 1.991926e+00 1.781870e+00 2.025811e+00 2.357395e+00 2.267512e+00 2.540447e+00 2.674846e+00 2.192950e+00 2.134097e+00 1.690657e+00 2.182580e+00 1.776141e-01 2.504577e-01 3.222243e-01 4.020525e-01 4.770026e-01 4.279221e-01 4.292780e-01 4.913000e-01 5.265560e-01 4.557869e-01 4.168174e-01 3.865551e-01 3.855279e-01
<GCONST> 1.171669e+02
<MIXTURE> 4 2.585679e-01
<MEAN> 39
 4.393044e+00 -5.575911e+00 -4.587007e+00 -1.311316e+00 -2.442853e+00 -4.499614e+00 1.384944e+00 6.624284e+00 3.135044e+00 -1.629177e+00 -2.526396e+00 -1.787486e-01 1.467686e+00 3.132870e-01 -7.923971e-01 3.544410e-01 -5.963355e-01 -1.389309e-01 6.633818e-01 1.053125e+00 -2.433747e-02 -1.003592e+00 -5.964902e-01 -9.920277e-02 -3.989557e-01 1.555106e+00 -3.146707e-02 2.211929e-01 1.232942e-01 -1.093610e-01 2.537660e-01 4.731002e-01 -2.887914e-01 -6.842675e-01 -2.420895e-01 2.860233e-01 2.310523e-01 -7.452452e-02 7.798225e-02
<VARIANCE> 39
 2.480104e+01 3.147804e+01 7.832652e+01 4.185156e+01 5.656657e+01 5.329029e+01 6.785423e+01 5.112739e+01 6.138806e+01 4.282843e+01 4.606164e+01 3.660501e+01 3.017399e+01 2.474422e+00 2.913996e+00 3.731935e+00 3.554328e+00 6.177601e+00 5.101376e+00 7.319109e+00 6.073809e+00 5.350484e+00 5.021587e+00 4.305418e+00 3.410008e+00 6.144004e+00 3.707677e-01 4.567817e-01 3.608780e-01 7.543883e-01 6.045159e-01 6.235970e-01 8.395855e-01 7.875099e-01 9.285666e-01 6.665602e-01 7.212723e-01 5.756056e-01 7.493918e-01
<GCONST> 1.347919e+02
<STATE> 4
<NUMMIXES> 4
<MIXTURE> 1 2.260749e-01
<MEAN> 39
 -6.514535e+00 1.964440e+00 5.663984e-01 4.833642e+00 4.537755e+00 6.339625e+00 4.433512e+00 1.299273e+00 4.052524e+00 2.413129e+00 2.421732e+00 1.059682e+00 -1.413654e+01 2.921294e+00 -1.613150e+00 -2.761536e-02 -3.532525e+00 -1.681697e+00 -5.782499e-01 -7.624213e-01 -1.418953e+00 -2.235945e+00 -9.384549e-01 -1.241687e+00 -2.904631e-01 5.655304e+00 1.038665e+00 -4.257827e-01 -2.867498e-01 -1.140081e+00 -8.565770e-01 -6.477191e-01 -4.316372e-01 1.094786e-03 -2.134615e-01 -8.107217e-02 -3.485943e-01 -1.963687e-01 1.613712e+00
<VARIANCE> 39
 3.431003e+01 2.995217e+01 5.222432e+01 4.790827e+01 5.503465e+01 4.002736e+01 3.627048e+01 4.067385e+01 3.618575e+01 3.167531e+01 2.892721e+01 2.418789e+01 5.095110e+01 4.170870e+00 4.268750e+00 7.544202e+00 7.058568e+00 8.096823e+00 6.788116e+00 7.134590e+00 6.134494e+00 5.177304e+00 6.251443e+00 5.648069e+00 3.703509e+00 5.724760e+00 5.882393e-01 5.059345e-01 6.710632e-01 8.707863e-01 8.891912e-01 8.840234e-01 8.284171e-01 8.569417e-01 7.978669e-01 7.089213e-01 7.037305e-01 5.574734e-01 8.706385e-01
<GCONST> 1.378828e+02
<MIXTURE> 2 2.416782e-01
<MEAN> 39
 8.332136e+00 3.153200e+00 -9.495960e+00 -9.684697e+00 -1.644342e+00 6.941666e+00 3.129306e+00 -3.278817e+00 -2.046913e+00 -5.159127e-01 9.575400e-01 9.421263e-02 -2.675210e+00 8.335510e-01 1.898122e-01 3.362419e-01 -1.345248e+00 -6.535591e-01 8.466368e-01 6.403463e-01 1.083083e-01 -3.958597e-01 -7.642633e-01 -2.011348e-01 2.314565e-01 1.017869e+00 -1.042386e-01 -4.829408e-01 1.716488e-01 1.889500e-01 1.136283e-01 -2.360892e-01 -4.807783e-01 1.393594e-01 3.410820e-01 2.071019e-01 -7.529606e-02 -1.183582e-01 4.023074e-01
<VARIANCE> 39
 1.278269e+01 3.137518e+01 3.328652e+01 6.429099e+01 4.568156e+01 5.533651e+01 6.210855e+01 4.105067e+01 4.164048e+01 4.391161e+01 3.881958e+01 3.387463e+01 1.914702e+01 1.152997e+00 2.080865e+00 1.697655e+00 2.948956e+00 2.569912e+00 3.166450e+00 3.695954e+00 3.355673e+00 3.417787e+00 3.211879e+00 3.076484e+00 2.682165e+00 1.839890e+00 1.878306e-01 2.475440e-01 2.950818e-01 4.551179e-01 4.873525e-01 5.334270e-01 5.711980e-01 5.892497e-01 5.501246e-01 6.873248e-01 6.024348e-01 4.460054e-01 2.389768e-01
<GCONST> 1.196495e+02
<MIXTURE> 3 2.864078e-01
<MEAN> 39
 1.674231e+00 -3.032355e+00 6.264313e+00 -4.652229e+00 -8.515148e+00 -3.149767e+00 2.614878e+00 2.371806e+00 -2.002555e+00 3.023578e-01 -6.137513e-01 -3.819810e-01 3.626479e+00 6.817825e-01 -8.259068e-01 4.390700e-01 -5.114021e-01 -1.398628e-01 4.249796e-01 1.142723e-01 2.447011e-02 -7.540710e-01 -6.713306e-01 -2.902022e-01 -3.766631e-01 2.289549e+00 -4.280678e-02 1.552616e-01 -2.606641e-01 2.159836e-01 2.750609e-01 6.489637e-02 -3.126229e-01 -1.842983e-01 4.851760e-02 9.785919e-03 2.673561e-02 8.233656e-02 -2.684789e-01
<VARIANCE> 39
 1.472480e+01 3.161919e+01 4.402227e+01 4.936713e+01 3.693007e+01 4.527119e+01 5.198775e+01 6.327529e+01 4.268177e+01 4.203024e+01 3.545067e+01 3.090549e+01 2.454855e+01 1.660276e+00 2.275996e+00 2.302013e+00 2.980147e+00 3.873088e+00 3.181340e+00 3.035307e+00 4.116588e+00 4.347921e+00 3.504661e+00 3.883549e+00 2.569088e+00 3.999657e+00 2.317747e-01 2.919649e-01 2.861501e-01 4.663272e-01 5.169143e-01 4.586128e-01 5.526700e-01 5.942222e-01 5.059379e-01 5.180101e-01 4.306440e-01 4.068072e-01 5.056928e-01
<GCONST> 1.223958e+02
<MIXTURE> 4 2.458391e-01
<MEAN> 39
 6.502815e+00 -7.553616e+00 -9.675374e+00 -5.971831e+00 4.776014e+00 5.575188e+00 -6.570193e-01 -9.485125e-01 1.809891e+00 -5.990140e-01 -1.474873e+00 -2.687186e+00 4.676439e+00 2.433062e+00 -1.385098e+00 -1.041971e+00 -2.408665e+00 -1.709309e-01 1.783002e-01 -9.400014e-01 -8.327100e-01 -9.991317e-01 -4.739884e-01 -3.842226e-01 -3.739395e-01 4.064931e+00 -5.995738e-01 5.894624e-01 4.183119e-01 5.068116e-01 -1.426956e-01 -1.712488e-02 2.383452e-01 4.057201e-01 2.857071e-01 1.832180e-01 1.790732e-01 1.345218e-01 -9.343354e-01
<VARIANCE> 39
 1.870676e+01 3.220185e+01 3.274761e+01 4.768637e+01 4.368159e+01 7.856940e+01 6.672969e+01 4.450357e+01 4.247522e+01 4.761000e+01 4.266998e+01 3.209997e+01 2.566393e+01 4.470362e+00 4.361395e+00 3.168177e+00 5.504298e+00 4.261694e+00 4.763416e+00 5.432161e+00 4.329452e+00 3.763048e+00 4.060920e+00 3.409626e+00 2.589348e+00 7.600387e+00 5.073149e-01 4.758133e-01 5.154885e-01 7.454638e-01 6.367589e-01 6.875484e-01 8.374714e-01 7.018342e-01 7.013694e-01 7.123398e-01 6.554379e-01 5.728208e-01 8.507991e-01
<GCONST> 1.330080e+02
<STATE> 5
<NUMMIXES> 4
<MIXTURE> 1 3.340954e-01
<MEAN> 39
 9.126387e+00 -4.910121e+00 -1.087329e+01 -1.002542e+01 3.039086e+00 9.749017e+00 2.162136e-01 -1.907832e+00 8.184097e-01 5.083839e-01 -1.941210e-01 -2.905085e+00 5.041540e+00 4.144822e-01 -1.430021e-01 1.581617e-01 -7.329457e-01 3.956013e-02 7.199122e-01 -5.008252e-02 -1.213673e-01 -1.009096e-01 -1.613785e-01 1.061285e-01 1.840629e-01 1.125207e+00 -2.553866e-01 1.561976e-01 1.175043e-01 3.774221e-01 -1.825144e-02 -2.689083e-01 -2.454744e-02 1.545532e-01 1.346896e-01 3.680550e-02 4.215775e-02 4.548249e-02 -3.815840e-01
<VARIANCE> 39
 8.848032e+00 3.790215e+01 2.609742e+01 6.758289e+01 4.614804e+01 5.878443e+01 6.261241e+01 4.017829e+01 3.817262e+01 4.010899e+01 3.281229e+01 3.374478e+01 1.808483e+01 5.289654e-01 1.359313e+00 1.136821e+00 2.113195e+00 1.628469e+00 2.100276e+00 1.957504e+00 2.418866e+00 2.138851e+00 2.200442e+00 1.958627e+00 1.545413e+00 9.462924e-01 1.806858e-01 2.368115e-01 2.114363e-01 3.327374e-01 3.071682e-01 2.888766e-01 3.706962e-01 3.689486e-01 3.521023e-01 3.278553e-01 3.243011e-01 3.292812e-01 3.094014e-01
<GCONST> 1.080882e+02
<MIXTURE> 2 3.423835e-01
<MEAN> 39
 2.876644e+00 -5.697238e+00 4.887728e+00 -5.094185e+00 -7.385489e+00 -2.300031e+00 2.434971e+00 4.231483e+00 -2.313771e+00 -1.402663e+00 -1.249929e+00 -8.700899e-01 7.634972e+00 3.288345e-01 -3.698899e-01 -1.258923e-01 7.938278e-02 1.500516e-01 3.544283e-01 -2.046755e-01 3.308745e-02 -1.515008e-01 -3.389037e-01 -9.542067e-02 -8.533755e-02 1.167685e+00 -3.640766e-02 2.535225e-01 -1.678348e-01 2.314347e-01 9.400406e-02 -1.192399e-01 -1.323771e-01 -1.702152e-01 1.080379e-01 1.248281e-01 4.016796e-03 5.872674e-02 -4.521654e-01
<VARIANCE> 39
 1.190989e+01 2.891272e+01 4.606246e+01 3.942138e+01 4.145526e+01 4.622833e+01 5.162581e+01 5.210076e+01 3.788412e+01 3.617075e+01 3.594366e+01 2.306085e+01 1.964222e+01 6.115952e-01 1.261073e+00 1.639923e+00 1.363710e+00 1.802447e+00 1.811415e+00 2.026105e+00 1.907832e+00 2.026872e+00 1.972866e+00 1.579371e+00 1.541738e+00 9.585400e-01 1.186559e-01 2.162427e-01 2.213516e-01 2.293144e-01 2.812149e-01 2.898701e-01 3.430268e-01 3.434448e-01 3.329345e-01 3.154489e-01 3.203962e-01 2.241372e-01 2.802709e-01
<GCONST> 1.052647e+02
<MIXTURE> 3 1.580452e-01
<MEAN> 39
 1.344805e+00 -2.633757e+00 8.545032e+00 -9.980579e+00 -9.253018e+00 -1.572352e+00 3.140130e+00 -2.157073e+00 -3.733670e+00 3.022161e+00 -3.909047e+00 4.472968e-01 6.414440e+00 1.692158e+00 -9.144477e-01 4.037574e-01 -2.316547e+00 -1.645934e+00 -7.480096e-01 -5.308180e-01 -3.804667e-01 -1.588385e+00 -4.669895e-01 -1.231361e+00 -4.901572e-01 3.929251e+00 -4.468571e-01 5.813069e-01 -6.049186e-01 1.310478e+00 7.607127e-01 3.079996e-01 -6.237238e-02 2.939984e-01 6.008552e-01 -4.116992e-02 6.186658e-01 3.943214e-02 -1.620708e+00
<VARIANCE> 39
 1.287531e+01 3.230860e+01 4.221158e+01 4.018070e+01 2.858440e+01 4.454243e+01 4.854813e+01 6.001331e+01 3.969505e+01 4.349197e+01 2.910747e+01 2.200275e+01 2.220663e+01 2.025081e+00 2.469669e+00 3.423429e+00 7.350804e+00 5.149423e+00 4.227085e+00 2.937748e+00 3.849128e+00 3.889275e+00 3.281358e+00 3.232684e+00 2.090679e+00 8.801261e+00 3.124055e-01 4.369407e-01 4.586321e-01 6.729248e-01 7.058415e-01 6.795098e-01 6.488848e-01 7.330864e-01 6.818946e-01 6.783017e-01 5.108261e-01 4.101175e-01 6.014897e-01
<GCONST> 1.267728e+02
<MIXTURE> 4 1.654758e-01
<MEAN> 39
 3.385073e+00 1.010909e+00 -1.117998e+00 -2.881535e+00 -1.628693e+00 -1.455828e-01 -6.066142e-01 -1.856558e+00 -9.031585e-01 -1.348285e+00 -3.605880e-01 -3.524041e-01 -1.213233e+00 6.626880e-01 1.976200e-01 8.304913e-02 -5.969568e-01 -4.438736e-02 1.732713e-02 -4.129614e-01 -3.111595e-01 -4.679101e-01 -1.420540e-01 -1.271181e-01 -2.084399e-01 1.379486e+00 -3.730397e-01 2.556227e-03 5.293974e-02 3.045285e-01 2.233367e-01 2.354245e-01 1.460581e-01 2.449514e-01 3.176826e-01 2.735856e-01 4.263307e-02 2.706381e-02 -4.455298e-01
<VARIANCE> 39
 5.269072e+01 6.412855e+01 6.180828e+01 9.617230e+01 7.417130e+01 8.400674e+01 6.118031e+01 6.864478e+01 6.006581e+01 5.674536e+01 6.261055e+01 4.626263e+01 7.442719e+01 6.166484e+00 4.564737e+00 3.211560e+00 8.794411e+00 6.910067e+00 5.372709e+00 5.317045e+00 5.033466e+00 5.656569e+00 4.894046e+00 4.516581e+00 3.293197e+00 1.037252e+01 6.406368e-01 9.579800e-01 5.406547e-01 1.145895e+00 1.033784e+00 9.600019e-01 1.009325e+00 1.036521e+00 1.013256e+00 1.005757e+00 1.006136e+00 7.778408e-01 1.263068e+00
<GCONST> 1.470051e+02
<TRANSP> 6
 0.000000e+00 1.000000e+00 0.000000e+00 0.000000e+00 0.000000e+00 0.000000e+00
 0.000000e+00 5.530064e-01 4.469937e-01 0.000000e+00 0.000000e+00 0.000000e+00
 0.000000e+00 0.000000e+00 4.813341e-01 5.186659e-01 0.000000e+00 0.000000e+00
 0.000000e+00 0.000000e+00 0.000000e+00 4.122746e-01 5.877254e-01 0.000000e+00
 0.000000e+00 0.000000e+00 0.000000e+00 0.000000e+00 5.155759e-01 4.844241e-01
 0.000000e+00 0.000000e+00 0.000000e+00 0.000000e+00 0.000000e+00 0.000000e+00
<ENDHMM>
