~o
<STREAMINFO> 1 39
<VECSIZE> 39<NULLD><MFCC_D_A_Z_0><DIAGC>
~h "s"
<BEGINHMM>
<NUMSTATES> 6
<STATE> 2
<NUMMIXES> 4
<MIXTURE> 1 2.691167e-01
<MEAN> 39
 -1.662694e+01 8.978129e+00 -6.229415e+00 9.439631e+00 2.659007e+00 5.359778e+00 5.225851e+00 1.352475e+00 5.199060e+00 4.358535e-01 6.302568e+00 8.182783e-01 2.405788e+00 -2.163662e+00 2.103534e-02 -1.284126e+00 7.604526e-01 5.343889e-01 1.426313e+00 6.249244e-01 1.256010e+00 1.209618e+00 1.359442e+00 1.209510e+00 6.340947e-01 -1.452007e-01 1.305743e+00 -2.584372e-01 5.282304e-01 -6.131188e-01 -4.599398e-01 -7.643370e-01 -5.460775e-01 -4.833190e-01 -4.904003e-01 -3.531543e-01 -7.639722e-01 2.379243e-02 -2.017770e-02
<VARIANCE> 39
 1.158774e+01 2.182730e+01 1.442817e+01 2.146916e+01 1.999848e+01 2.734480e+01 2.667087e+01 2.243523e+01 2.062049e+01 2.084431e+01 1.687167e+01 1.589849e+01 1.637366e+01 1.931193e+00 1.890150e+00 1.779976e+00 1.937158e+00 2.067167e+00 2.423849e+00 2.149103e+00 2.607254e+00 2.122478e+00 2.335017e+00 1.942032e+00 1.648640e+00 1.240540e+00 2.012651e-01 4.145817e-01 3.707398e-01 4.361639e-01 4.620337e-01 4.736258e-01 4.642431e-01 5.367010e-01 4.460437e-01 5.460809e-01 4.261242e-01 3.963273e-01 1.921381e-01
<GCONST> 1.068876e+02
<MIXTURE> 2 2.497352e-01
<MEAN> 39
 -1.925157e+01 9.589990e+00 -1.029334e+00 -9.064225e-01 1.126482e+01 -2.483123e+00 6.839467e+00 2.675608e+00 1.015802e-01 1.878816e+00 -1.027509e+00 3.411619e+00 3.700340e+00 -3.641316e+00 6.872844e-01 -1.375875e+00 -6.028949e-02 1.395275e+00 7.200958e-01 1.142370e+00 5.922696e-01 8.226054e-02 1.972158e-01 4.767838e-01 6.626452e-01 4.903496e-02 1.575921e+00 -7.383514e-01 1.948916e-01 1.450565e-02 -9.710038e-01 -1.620476e-02 -7.851456e-01 -2.562768e-01 -1.982167e-03 -8.579667e-02 -3.644496e-02 -3.915342e-01 6.052262e-02
<VARIANCE> 39
 1.587075e+01 1.923119e+01 2.407875e+01 2.345373e+01 2.423115e+01 2.714785e+01 3.077697e+01 2.954365e+01 2.517541e+01 2.146562e+01 2.057126e+01 1.631400e+01 1.228447e+01 4.001947e+00 2.303741e+00 3.031123e+00 2.737650e+00 2.869000e+00 2.762787e+00 3.492424e+00 3.059882e+00 3.154197e+00 2.447109e+00 2.330093e+00 1.956742e+00 9.875288e-01 2.876083e-01 3.979420e-01 4.902998e-01 4.959140e-01 4.841173e-01 5.883514e-01 6.001939e-01 6.059554e-01 5.739419e-01 5.414965e-01 4.650918e-01 3.890227e-01 1.861773e-01
<GCONST> 1.135692e+02
<MIXTURE> 3 2.230460e-01
<MEAN> 39
 -1.058716e+01 1.007292e+01 -1.229728e-01 5.868699e+00 3.362344e+00 -6.037024e-01 3.066072e+00 -2.600971e+00 8.417830e-01 -3.217664e+00 6.961690e-01 -5.198378e-01 3.593370e+00 -5.630299e+00 1.089291e+00 -1.686468e+00 1.569287e+00 2.382668e+00 2.319124e+00 2.164182e+00 1.622978e+00 1.447012e+00 1.116885e+00 2.138948e+00 4.366880e-01 -2.004896e-01 6.241934e-01 -9.088194e-01 -1.654282e-01 -6.589418e-01 -4.476355e-01 -2.920367e-02 -3.180833e-01 3.704070e-01 -1.886359e-02 4.852848e-01 -1.380643e-01 2.362742e-01 1.634508e-01
<VARIANCE> 39
 2.195549e+01 2.271905e+01 3.275236e+01 3.002490e+01 3.529715e+01 4.147635e+01 3.633322e+01 3.062128e+01 2.922949e+01 2.789765e+01 2.357519e+01 2.224241e+01 1.482038e+01 1.825285e+00 3.142178e+00 4.246100e+00 4.971972e+00 3.966777e+00 4.917421e+00 4.116393e+00 4.591315e+00 4.349091e+00 4.787759e+00 4.331542e+00 2.846414e+00 1.393472e+00 4.173208e-01 4.549272e-01 5.473548e-01 5.741441e-01 6.479912e-01 8.126888e-01 7.424029e-01 6.847686e-01 6.210483e-01 6.618022e-01 5.782391e-01 5.686389e-01 1.653626e-01
<GCONST> 1.233940e+02
<MIXTURE> 4 2.581021e-01
<MEAN> 39
 -1.620409e+01 3.540327e+00 -4.902746e-01 -3.573499e-01 5.012562e+00 2.461225e-02 3.497277e+00 3.331707e+00 2.655584e+00 2.019252e-01 1.297964e+00 2.138285e+00 3.336329e+00 -2.929393e+00 1.419934e+00 -5.239326e-01 -6.730834e-01 8.063130e-01 3.318203e-01 5.037244e-01 4.754956e-01 -2.347768e-02 1.627381e-01 2.475945e-01 1.845365e-01 1.080840e+00 9.046527e-01 1.292351e-01 1.833850e-02 4.635338e-01 -1.233551e-02 1.549114e-02 -1.959158e-01 -3.061507e-01 -1.742294e-01 5.611113e-02 -1.562270e-01 -1.143703e-01 -6.188003e-01
<VARIANCE> 39
 2.630842e+01 2.317721e+01 5.035112e+01 4.427406e+01 3.568830e+01 4.081664e+01 3.761279e+01 2.955016e+01 2.994608e+01 2.449139e+01 2.775778e+01 1.706675e+01 2.016152e+01 3.282335e+00 3.516533e+00 3.526241e+00 3.216355e+00 3.418737e+00 3.196792e+00 3.151428e+00 2.989383e+00 2.647998e+00 2.399419e+00 2.008924e+00 1.952915e+00 2.286817e+00 4.461012e-01 4.406483e-01 8.199083e-01 5.393036e-01 5.624491e-01 7.940744e-01 6.757954e-01 5.945061e-01 5.455702e-01 5.287055e-01 4.485917e-01 3.753985e-01 4.533112e-01
<GCONST> 1.214346e+02
<STATE> 3
<NUMMIXES> 4
<MIXTURE> 1 3.369959e-01
<MEAN> 39
 -1.683305e+01 8.902588e+00 -6.913011e+00 1.076412e+01 1.780589e+00 6.820445e+00 3.661062e+00 2.372887e+00 5.169892e+00 8.979177e-01 5.917510e+00 1.169117e+00 1.591722e+00 -4.307465e-02 -4.288333e-02 -4.294772e-02 7.794703e-04 -8.077864e-03 -6.426325e-03 8.442859e-03 -1.376609e-02 5.628359e-02 -4.461648e-02 -2.979935e-02 3.748624e-03 2.479733e-02 2.747646e-01 -9.395868e-02 1.596328e-01 -2.353238e-01 5.560455e-03 -3.402553e-01 6.907111e-02 -1.687815e-01 -5.148939e-02 -1.430118e-01 -9.704367e-02 -1.972378e-02 1.925514e-02
<VARIANCE> 39
 8.061211e+00 2.107235e+01 1.347950e+01 1.993111e+01 1.614653e+01 2.189180e+01 2.070306e+01 2.004595e+01 1.889874e+01 1.790690e+01 1.529241e+01 1.352844e+01 1.349743e+01 3.819745e-01 8.284914e-01 7.319090e-01 1.113683e+00 1.041873e+00 1.345834e+00 1.307958e+00 1.328836e+00 1.386060e+00 1.321622e+00 1.176533e+00 1.100786e+00 5.262317e-01 1.457013e-01 1.729484e-01 1.917377e-01 2.456395e-01 2.498527e-01 3.013653e-01 2.687837e-01 2.959780e-01 2.959628e-01 3.102848e-01 2.454310e-01 2.379556e-01 1.172316e-01
<GCONST> 8.859258e+01
<MIXTURE> 2 2.016238e-01
<MEAN> 39
 -1.959494e+01 1.124662e+01 -6.242861e+00 6.905520e+00 7.472379e+00 -2.096038e-01 1.004636e+01 -1.288058e+00 5.971638e+00 1.696651e-01 3.830865e+00 3.435156e+00 2.671076e+00 -1.647200e-01 3.416238e-02 -3.221229e-02 5.580505e-03 1.036442e-01 1.576717e-02 3.839055e-02 1.079700e-01 5.763232e-02 3.599317e-02 -1.947268e-02 4.950464e-02 -4.822797e-02 6.869128e-01 -4.192236e-01 4.135889e-01 -3.121305e-01 -1.714707e-01 -1.711838e-01 -4.345047e-01 1.139267e-01 -2.411599e-01 -2.570923e-02 -2.161229e-01 -1.516506e-01 -1.365240e-01
<VARIANCE> 39
 9.493708e+00 1.940790e+01 1.411599e+01 2.181557e+01 2.018638e+01 2.165063e+01 1.935554e+01 1.862542e+01 1.827144e+01 1.846766e+01 2.517810e+01 1.384371e+01 1.190343e+01 7.907115e-01 1.571450e+00 1.296790e+00 1.968401e+00 1.896611e+00 2.014994e+00 1.693441e+00 1.726990e+00 1.540151e+00 1.410323e+00 1.398002e+00 1.225516e+00 1.036566e+00 3.948555e-01 2.943841e-01 2.978947e-01 2.930555e-01 3.116225e-01 3.701576e-01 3.807547e-01 3.791962e-01 3.224135e-01 3.656854e-01 3.390391e-01 2.613138e-01 2.403680e-01
<GCONST> 9.898837e+01
<MIXTURE> 3 2.143437e-01
<MEAN> 39
 -2.190519e+01 1.082451e+01 -1.129846e+00 -1.846188e+00 1.381577e+01 -1.805264e+00 6.020999e+00 4.530344e+00 -6.373730e-01 2.753360e+00 -1.376442e+00 3.242876e+00 4.052709e+00 1.378961e-02 -2.363102e-01 9.950664e-03 -1.486436e-01 -8.605763e-02 -1.672560e-02 -1.801755e-01 9.671445e-02 3.770846e-02 2.780793e-02 -5.571498e-02 -3.053111e-02 1.165599e-01 6.935663e-01 -4.621943e-01 1.328431e-01 -1.813599e-02 -5.397902e-01 -8.886834e-02 -2.783314e-01 -1.957836e-01 1.068083e-01 -1.008106e-01 3.591674e-03 -1.161781e-01 -1.356647e-01
<VARIANCE> 39
 9.088903e+00 1.591663e+01 1.934294e+01 2.168938e+01 1.885879e+01 2.742549e+01 2.778672e+01 2.215202e+01 2.086307e+01 1.837993e+01 1.741553e+01 1.573078e+01 1.041840e+01 6.527861e-01 1.415779e+00 1.300041e+00 1.270089e+00 1.559990e+00 1.587992e+00 1.716656e+00 1.612540e+00 1.448457e+00 1.494393e+00 1.357062e+00 1.171153e+00 5.140547e-01 4.207276e-01 2.031230e-01 2.630120e-01 2.594279e-01 2.891758e-01 3.072735e-01 3.241184e-01 3.524766e-01 3.352204e-01 3.042154e-01 2.818252e-01 2.650358e-01 1.106411e-01
<GCONST> 9.537211e+01
<MIXTURE> 4 2.470365e-01
<MEAN> 39
 -1.823413e+01 4.890965e+00 -2.629205e+00 -2.636593e+00 7.180943e+00 -7.510416e-01 3.178174e+00 3.167537e+00 6.759395e-01 1.106228e+00 -3.912926e-01 2.251565e+00 4.146264e+00 9.662934e-02 -1.066355e-01 -2.418348e-02 -8.793423e-02 -4.332558e-02 -2.373012e-02 -1.656348e-01 -4.834870e-02 2.298746e-02 -5.880718e-03 -4.553841e-03 -6.634344e-02 -8.585298e-02 3.557913e-01 -1.066678e-02 2.304796e-01 1.874366e-01 3.763767e-02 2.627748e-02 4.996512e-04 -3.106008e-03 4.036441e-02 3.106924e-03 -1.198386e-02 -4.738697e-02 -2.019468e-01
<VARIANCE> 39
 1.229470e+01 1.346176e+01 2.802219e+01 2.500137e+01 2.050299e+01 3.165758e+01 2.789730e+01 2.675359e+01 2.425006e+01 2.175691e+01 1.975002e+01 1.713171e+01 1.424359e+01 6.791623e-01 8.091019e-01 8.193339e-01 9.318289e-01 1.241442e+00 1.354230e+00 1.321223e+00 1.483434e+00 1.415964e+00 1.486152e+00 1.302892e+00 1.181620e+00 3.853467e-01 1.838393e-01 1.168798e-01 1.937755e-01 2.035190e-01 2.080723e-01 2.833149e-01 2.845252e-01 3.173371e-01 3.038693e-01 3.125419e-01 2.781600e-01 2.489350e-01 7.785223e-02
<GCONST> 9.183696e+01
<STATE> 4
<NUMMIXES> 4
<MIXTURE> 1 3.233452e-01
<MEAN> 39
 -1.642203e+01 8.461783e+00 -7.301433e+00 9.700865e+00 1.583223e+00 5.294257e+00 5.118176e+00 1.164799e+00 6.390249e+00 -2.720959e-01 6.722168e+00 7.211281e-01 2.480656e+00 1.566325e+00 -5.569252e-01 1.020152e+00 -1.111503e+00 8.558427e-02 -1.506693e+00 9.871504e-02 -5.640903e-01 -7.453153e-02 -3.485047e-01 -3.912995e-01 6.920593e-02 -3.646925e-01 1.000710e+00 -3.145139e-01 5.462962e-01 -5.136964e-01 -5.310937e-02 -5.190339e-01 -4.491716e-01 -1.591844e-01 -3.761379e-01 9.945202e-03 -5.662212e-01 5.282003e-02 -3.702918e-01
<VARIANCE> 39
 1.315147e+01 2.448221e+01 1.413243e+01 2.321632e+01 1.952712e+01 2.541768e+01 2.603944e+01 2.402319e+01 2.211914e+01 2.030693e+01 1.846961e+01 1.464113e+01 1.414361e+01 2.231551e+00 1.956275e+00 1.840673e+00 2.265328e+00 3.188149e+00 2.852288e+00 2.282512e+00 2.344652e+00 2.058029e+00 2.117946e+00 1.979236e+00 1.463550e+00 2.902763e+00 3.766225e-01 3.578051e-01 3.596604e-01 4.476152e-01 6.041936e-01 6.723440e-01 5.563538e-01 5.779508e-01 5.598264e-01 4.391952e-01 5.474264e-01 3.377631e-01 5.899819e-01
<GCONST> 1.111508e+02
<MIXTURE> 2 2.249785e-01
<MEAN> 39
 -1.821053e+01 5.862270e+00 -2.644543e+00 -6.988449e-01 7.504921e+00 -2.345712e+00 7.057908e+00 2.807755e+00 1.890986e+00 1.802417e+00 -5.921233e-01 3.656944e+00 3.823097e+00 3.952815e+00 -1.044969e+00 1.604874e+00 -2.219285e-01 -1.642608e+00 -1.024507e+00 -1.815510e+00 -9.283832e-01 -4.889105e-01 -3.499921e-01 -7.241124e-01 -9.193305e-01 -2.799780e-01 1.575663e+00 -3.011877e-01 4.402692e-01 1.447659e-02 -8.127034e-01 -1.288511e-01 -1.088043e+00 -3.876981e-01 -2.190551e-01 -1.192755e-01 -1.510798e-02 -4.512213e-01 2.263153e-01
<VARIANCE> 39
 1.393009e+01 1.837679e+01 2.044942e+01 2.661759e+01 2.826566e+01 3.006721e+01 3.201788e+01 2.802866e+01 3.054166e+01 2.237887e+01 2.593277e+01 1.686420e+01 8.413673e+00 3.091887e+00 1.689692e+00 2.291104e+00 2.516650e+00 2.449378e+00 2.726204e+00 2.917473e+00 2.504031e+00 2.688337e+00 2.196437e+00 2.099056e+00 1.790527e+00 1.024257e+00 2.097315e-01 3.564960e-01 4.575053e-01 4.859495e-01 5.182948e-01 6.088537e-01 5.361711e-01 5.610045e-01 5.874805e-01 5.373445e-01 5.833213e-01 3.646758e-01 1.859404e-01
<GCONST> 1.113858e+02
<MIXTURE> 3 2.535920e-01
<MEAN> 39
 -1.802955e+01 8.231180e+00 -2.784439e+00 1.105123e+00 1.000349e+01 -3.732097e+00 6.729188e+00 2.188662e+00 2.035563e+00 2.437993e+00 1.156051e+00 2.921273e+00 3.145150e+00 1.458005e+00 -1.157210e+00 1.485050e+00 -3.885024e-01 6.102998e-01 3.353232e-01 -1.114433e+00 7.966602e-01 -1.939800e-01 2.667472e-01 4.719826e-03 -3.071931e-01 -2.075324e+00 6.930156e-01 -3.531104e-01 1.356030e-01 4.136326e-01 -3.952356e-01 7.695639e-01 -3.169911e-01 -1.093424e-01 1.178575e-01 -1.271493e-01 1.006519e-01 -1.553933e-01 -1.088402e+00
<VARIANCE> 39
 2.004133e+01 2.803645e+01 1.910616e+01 3.512250e+01 3.526304e+01 2.626166e+01 2.731207e+01 2.963352e+01 2.953611e+01 2.030845e+01 2.872558e+01 1.712195e+01 2.090266e+01 1.861085e+00 2.644253e+00 2.726592e+00 2.966529e+00 2.777196e+00 2.960562e+00 2.718884e+00 3.108865e+00 2.498146e+00 2.246750e+00 2.154028e+00 1.612534e+00 4.567729e+00 3.134103e-01 4.418041e-01 3.803896e-01 4.407714e-01 6.204374e-01 4.355644e-01 4.621238e-01 5.381835e-01 4.223042e-01 4.383098e-01 3.787848e-01 3.598896e-01 6.180187e-01
<GCONST> 1.154700e+02
<MIXTURE> 4 1.980843e-01
<MEAN> 39
 -1.959554e+01 5.086709e+00 3.939821e+00 -4.568627e+00 9.203380e+00 3.513914e+00 -1.481952e+00 5.242955e+00 2.224422e+00 -4.864348e-01 1.375463e+00 1.354589e+00 3.952205e+00 1.866047e+00 -1.603880e+00 8.619243e-01 9.140483e-01 -1.207754e+00 1.224850e+00 -5.120630e-01 -7.771047e-01 8.335212e-01 -2.651156e-01 -3.196543e-03 -6.984688e-02 -1.964542e+00 8.979420e-01 -1.125873e-01 -4.805590e-01 7.592294e-01 -3.311983e-01 -1.860484e-01 5.515626e-01 -5.310792e-01 -8.816486e-02 2.635412e-01 -1.742419e-01 2.060536e-02 -9.133092e-01
<VARIANCE> 39
 1.662091e+01 2.521931e+01 2.334437e+01 2.450176e+01 3.218267e+01 3.513257e+01 2.555038e+01 2.966836e+01 3.265120e+01 2.377734e+01 2.416590e+01 1.646129e+01 1.735086e+01 2.765800e+00 2.391406e+00 2.941342e+00 2.455271e+00 3.005653e+00 3.395407e+00 3.016758e+00 2.857627e+00 2.595594e+00 2.324138e+00 2.144068e+00 1.783096e+00 3.863753e+00 3.677798e-01 4.205060e-01 4.519283e-01 4.618564e-01 5.570458e-01 6.546299e-01 4.787792e-01 6.295594e-01 5.553074e-01 4.298475e-01 4.329216e-01 3.552680e-01 6.303608e-01
<GCONST> 1.166459e+02
<STATE> 5
<NUMMIXES> 4
<MIXTURE> 1 2.769098e-01
<MEAN> 39
 -9.484021e+00 6.372993e+00 2.800887e-01 3.625416e+00 2.799956e+00 -1.609891e+00 3.411204e+00 -8.159508e-01 2.137775e+00 -1.072897e+00 5.956674e-01 5.729539e-01 1.769771e+00 6.203117e+00 -1.735651e+00 1.827181e+00 -1.782340e+00 -2.819134e+00 -2.208756e+00 -3.276692e+00 -1.541356e+00 -1.317541e+00 -4.786584e-01 -1.734714e+00 -8.090705e-01 7.077704e-01 2.977428e-01 -5.159860e-01 -1.339073e-01 -4.490775e-01 -2.780806e-01 9.785792e-02 -3.980694e-01 2.681554e-01 -1.328963e-01 2.864023e-01 -6.479304e-02 2.402204e-02 4.705866e-01
<VARIANCE> 39
 2.828548e+01 2.223100e+01 3.174538e+01 2.946535e+01 3.702713e+01 4.159642e+01 3.810549e+01 3.869446e+01 3.785317e+01 2.850154e+01 3.489540e+01 2.121773e+01 1.417118e+01 1.673286e+00 3.341202e+00 5.124274e+00 6.752573e+00 4.629666e+00 7.169053e+00 4.846648e+00 4.948204e+00 5.675175e+00 4.254159e+00 6.294279e+00 3.486002e+00 1.718171e+00 5.131841e-01 3.805694e-01 4.865851e-01 4.933859e-01 6.417981e-01 7.331370e-01 7.789112e-01 7.299232e-01 6.319601e-01 6.544732e-01 7.756568e-01 4.358871e-01 2.517329e-01
<GCONST> 1.268728e+02
<MIXTURE> 2 1.903063e-01
<MEAN> 39
 -1.315614e+01 7.636479e+00 1.240774e+00 6.676864e+00 8.819666e+00 4.811117e+00 4.036798e+00 1.545115e+00 4.245792e+00 2.301587e+00 3.126481e+00 1.735636e+00 -1.165126e+01 2.177251e+00 -1.391122e+00 4.307234e-01 8.295884e-01 -4.085359e-01 8.839028e-01 -7.521582e-02 -2.760682e-01 -1.279771e-01 3.856330e-01 9.348300e-02 -1.597639e-01 -4.574289e+00 -3.617454e-02 -4.628378e-01 -5.046502e-01 -5.408611e-01 -5.341812e-01 -4.051969e-01 -3.110554e-02 -1.082935e-02 -1.881421e-01 -1.608811e-01 -4.808947e-02 8.008610e-03 1.653997e+00
<VARIANCE> 39
 2.884720e+01 3.153050e+01 3.720792e+01 3.865513e+01 3.036890e+01 2.855522e+01 2.609475e+01 2.810826e+01 3.253548e+01 1.997760e+01 2.233883e+01 1.516901e+01 4.394176e+01 1.998291e+00 3.832925e+00 3.820333e+00 4.655931e+00 4.031614e+00 3.308745e+00 3.152589e+00 2.665842e+00 3.031311e+00 2.093865e+00 1.839094e+00 1.594067e+00 7.928932e+00 4.913519e-01 5.618871e-01 5.921275e-01 6.294203e-01 5.776898e-01 5.857732e-01 5.047786e-01 5.323180e-01 4.891765e-01 3.847985e-01 3.634450e-01 3.114676e-01 1.537336e+00
<GCONST> 1.217475e+02
<MIXTURE> 3 2.534137e-01
<MEAN> 39
 3.730979e+00 1.580466e+00 1.097141e+00 -2.562183e+00 -4.264899e+00 -6.722001e+00 -5.056931e+00 -3.290031e+00 -1.216636e-02 -8.968927e-01 -3.319350e+00 -5.376992e-01 6.095188e+00 4.936826e+00 -2.712320e+00 1.130340e+00 -2.224099e+00 -2.467019e+00 -1.257720e+00 -2.683946e+00 -2.648842e-01 -9.001339e-01 3.431702e-01 -1.124423e+00 -6.259862e-01 1.490073e+00 -1.471717e+00 3.351812e-02 -3.696770e-01 3.456312e-01 6.878239e-01 8.530057e-01 8.686832e-01 6.295195e-01 2.158579e-01 2.588843e-01 5.493448e-01 1.572368e-01 -1.075634e-01
<VARIANCE> 39
 1.858263e+01 2.724175e+01 5.079338e+01 3.071584e+01 4.299568e+01 4.393996e+01 3.520834e+01 4.155725e+01 4.084607e+01 3.732282e+01 2.840992e+01 2.855693e+01 1.803620e+01 2.887845e+00 3.502459e+00 5.771903e+00 6.572927e+00 6.147626e+00 7.124598e+00 6.820992e+00 6.403995e+00 6.179817e+00 5.545243e+00 7.690824e+00 4.194995e+00 1.855036e+00 2.877047e-01 4.446518e-01 4.204301e-01 5.857891e-01 5.785566e-01 7.662302e-01 6.223741e-01 6.509635e-01 6.054890e-01 6.645613e-01 5.880110e-01 4.512245e-01 3.090233e-01
<GCONST> 1.295559e+02
<MIXTURE> 4 2.793702e-01
<MEAN> 39
 -1.024347e+01 -1.400426e-01 -3.597812e-01 1.652659e+00 6.327300e+00 7.429619e-01 1.092241e+00 2.359775e+00 3.860299e+00 7.073864e-01 1.179709e+00 1.547832e+00 -2.127780e+00 2.708460e+00 -7.956370e-01 -1.280015e-01 1.155380e+00 -3.457946e-01 7.941575e-01 3.586198e-02 -6.906708e-01 -2.050976e-01 2.967309e-01 -1.191397e-01 -1.817309e-01 -3.788563e+00 -9.969977e-02 6.018655e-01 -2.420143e-01 1.053547e-01 -4.761857e-02 9.530717e-02 2.140278e-01 -1.458456e-01 -3.036287e-01 4.935672e-02 1.529931e-02 -1.527078e-02 -2.844638e-01
<VARIANCE> 39
 2.189260e+01 2.236965e+01 3.554458e+01 4.695382e+01 4.681208e+01 4.618324e+01 4.216591e+01 4.148218e+01 4.172850e+01 2.862388e+01 3.419517e+01 2.220768e+01 3.394248e+01 1.911060e+00 2.549767e+00 2.886354e+00 3.781407e+00 4.190588e+00 4.450835e+00 3.940455e+00 4.089795e+00 3.641896e+00 2.831717e+00 2.603498e+00 2.305013e+00 5.330760e+00 4.207094e-01 3.996588e-01 5.865782e-01 6.822145e-01 8.326361e-01 1.010713e+00 7.636698e-01 8.778546e-01 8.070522e-01 5.804479e-01 5.269262e-01 4.673319e-01 8.249348e-01
<GCONST> 1.275342e+02
<TRANSP> 6
 0.000000e+00 1.000000e+00 0.000000e+00 0.000000e+00 0.000000e+00 0.000000e+00
 0.000000e+00 6.270917e-01 3.729083e-01 0.000000e+00 0.000000e+00 0.000000e+00
 0.000000e+00 0.000000e+00 8.094181e-01 1.905819e-01 0.000000e+00 0.000000e+00
 0.000000e+00 0.000000e+00 0.000000e+00 5.676041e-01 4.323959e-01 0.000000e+00
 0.000000e+00 0.000000e+00 0.000000e+00 0.000000e+00 5.668594e-01 4.331406e-01
 0.000000e+00 0.000000e+00 0.000000e+00 0.000000e+00 0.000000e+00 0.000000e+00
<ENDHMM>
