~o
<STREAMINFO> 1 39
<VECSIZE> 39<NULLD><MFCC_D_A_Z_0><DIAGC>
~h "sh"
<BEGINHMM>
<NUMSTATES> 6
<STATE> 2
<NUMMIXES> 4
<MIXTURE> 1 2.265546e-01
<MEAN> 39
 -1.096032e+01 2.182559e+00 8.236218e+00 2.854188e+00 1.708006e+00 2.369778e+00 3.463062e+00 1.964525e-01 1.716149e+00 -2.927564e+00 2.551504e-01 3.751482e-01 4.342222e+00 -6.242974e+00 2.743375e-01 7.032036e-01 2.217838e-01 1.342319e+00 1.881732e+00 1.343338e+00 4.697813e-01 1.616894e+00 1.142484e+00 1.698858e+00 5.678771e-01 5.174761e-01 6.477362e-01 -6.368743e-01 -5.682762e-01 -5.886439e-01 -3.789543e-01 -1.382334e-01 -4.096144e-01 1.552051e-01 -1.187839e-01 4.230075e-01 7.310202e-03 -4.191673e-02 3.282706e-01
<VARIANCE> 39
 2.700247e+01 2.746812e+01 3.067957e+01 3.317286e+01 3.600315e+01 3.576475e+01 4.019136e+01 3.253577e+01 3.691500e+01 2.838003e+01 2.469063e+01 2.045533e+01 1.090281e+01 1.669161e+00 3.137440e+00 4.464884e+00 3.105795e+00 6.015843e+00 4.475648e+00 4.301264e+00 6.531922e+00 5.001127e+00 3.661713e+00 4.208150e+00 2.539207e+00 1.047310e+00 5.197066e-01 4.718522e-01 5.575152e-01 5.003231e-01 5.665451e-01 7.112696e-01 8.266043e-01 8.850733e-01 6.965439e-01 6.190007e-01 5.880142e-01 5.583032e-01 1.752284e-01
<GCONST> 1.237521e+02
<MIXTURE> 2 2.473950e-01
<MEAN> 39
 -1.897239e+01 4.891472e+00 7.248894e+00 -1.382825e+00 6.540059e+00 5.300886e+00 2.578071e+00 4.060321e+00 2.964626e+00 1.274035e+00 5.962261e+00 1.465645e+00 5.469767e+00 -2.875467e+00 8.931191e-02 -2.149944e-01 -2.857670e-01 9.736713e-01 1.342575e+00 3.902538e-01 1.101407e+00 1.289928e+00 1.061614e+00 1.136741e+00 5.083844e-01 3.746465e-01 1.531713e+00 -3.352097e-01 -1.792474e-02 -8.274031e-02 -9.194136e-01 -5.151371e-01 -3.212794e-01 -4.982110e-01 -4.616342e-01 -4.698095e-01 -6.978282e-01 -1.275870e-01 -1.002242e-01
<VARIANCE> 39
 1.227900e+01 2.061944e+01 2.417740e+01 2.145668e+01 3.148192e+01 2.871244e+01 2.409765e+01 2.308082e+01 2.566051e+01 2.161333e+01 2.242271e+01 1.608572e+01 1.089242e+01 2.982411e+00 1.832075e+00 2.257826e+00 1.588785e+00 2.724903e+00 2.309968e+00 2.384059e+00 2.672975e+00 2.117250e+00 2.504503e+00 2.216649e+00 1.709744e+00 6.698671e-01 2.279091e-01 3.857518e-01 3.797489e-01 4.155379e-01 4.073485e-01 5.425864e-01 4.434412e-01 5.102952e-01 4.789746e-01 4.336219e-01 4.534806e-01 3.444473e-01 1.207922e-01
<GCONST> 1.076369e+02
<MIXTURE> 3 2.268908e-01
<MEAN> 39
 -1.806505e+01 -2.653992e+00 7.443308e+00 2.708266e+00 -1.777060e+00 3.074502e+00 5.766168e+00 -9.787964e-01 4.363019e+00 2.798995e-01 5.674634e-01 1.877216e+00 5.837400e+00 -3.387918e+00 -5.246900e-01 2.115168e-01 -5.892105e-01 -6.217335e-01 6.033996e-01 2.610101e-01 -7.264721e-01 2.792592e-02 5.008603e-01 5.653219e-01 1.183414e-01 6.986671e-01 1.664550e+00 1.039725e-02 -4.673275e-01 2.847459e-02 4.761676e-02 -4.655088e-01 -4.899130e-01 3.046350e-01 -2.589202e-01 -1.725437e-01 -2.009418e-01 -1.883897e-01 -1.113964e-01
<VARIANCE> 39
 1.676140e+01 1.425947e+01 2.449882e+01 2.921066e+01 2.079578e+01 3.799391e+01 3.208771e+01 2.701530e+01 2.845280e+01 2.331670e+01 1.974681e+01 1.952110e+01 8.107556e+00 2.589740e+00 1.173010e+00 1.769914e+00 1.637067e+00 1.871621e+00 2.195011e+00 2.360191e+00 2.432032e+00 2.323122e+00 1.928840e+00 1.845129e+00 1.639549e+00 5.168884e-01 2.568589e-01 3.014932e-01 6.190922e-01 4.537719e-01 4.534198e-01 5.919428e-01 6.079643e-01 6.441401e-01 6.089184e-01 4.752461e-01 4.366244e-01 3.990263e-01 1.068250e-01
<GCONST> 1.076863e+02
<MIXTURE> 4 2.991597e-01
<MEAN> 39
 -1.863405e+01 1.449476e+00 7.543857e+00 -8.616252e-01 3.559150e+00 4.029400e+00 4.166221e+00 1.869656e+00 3.672262e+00 7.420091e-01 2.992226e+00 1.342185e+00 -5.860265e-01 -2.291380e+00 9.195900e-01 8.194630e-01 -4.817709e-01 6.437388e-02 4.670164e-01 -1.269596e-01 -2.511314e-01 -5.379494e-02 -9.484768e-02 1.414262e-01 -6.707890e-04 2.589146e+00 5.621088e-01 2.394911e-01 -3.762859e-01 4.667742e-01 6.194255e-02 1.865383e-01 2.052928e-02 -5.157551e-02 4.283177e-02 9.868940e-02 -9.959600e-03 6.396914e-02 -7.351921e-01
<VARIANCE> 39
 1.795558e+01 3.389005e+01 2.891249e+01 2.710682e+01 3.686294e+01 3.615188e+01 3.073236e+01 3.139765e+01 2.453487e+01 2.364051e+01 2.918055e+01 1.372638e+01 2.472420e+01 1.316532e+00 1.485565e+00 1.664741e+00 1.627255e+00 1.980858e+00 2.202179e+00 1.749769e+00 1.854450e+00 1.865945e+00 1.820525e+00 1.493764e+00 1.255318e+00 1.851515e+00 2.243505e-01 3.640454e-01 3.844048e-01 4.081117e-01 3.506435e-01 4.659905e-01 4.015832e-01 3.786097e-01 4.080510e-01 3.925093e-01 3.174338e-01 2.645733e-01 2.117337e-01
<GCONST> 1.072543e+02
<STATE> 3
<NUMMIXES> 4
<MIXTURE> 1 2.758077e-01
<MEAN> 39
 -2.155333e+01 8.301363e+00 6.752174e+00 -1.419044e+00 9.475803e+00 5.749777e+00 2.885224e+00 3.936098e+00 3.634306e+00 2.068363e+00 5.626483e+00 9.627428e-01 5.100038e+00 -6.023865e-02 -1.011358e-02 8.176716e-02 7.356198e-03 -2.858284e-02 2.634796e-01 -8.023974e-02 3.764282e-03 1.507669e-01 -9.299432e-02 -4.568184e-03 9.038778e-02 4.119963e-01 3.713907e-01 -2.768627e-01 1.147215e-02 -2.818473e-02 -3.577376e-01 -1.583707e-01 -6.878606e-03 -1.444781e-01 -4.679316e-02 -9.480362e-02 -1.449941e-01 1.774984e-02 -1.847529e-01
<VARIANCE> 39
 7.646395e+00 1.533035e+01 2.372308e+01 1.832500e+01 1.552394e+01 2.914652e+01 2.949493e+01 2.032232e+01 2.247678e+01 1.758545e+01 1.665005e+01 1.397515e+01 1.510229e+01 3.960660e-01 8.469426e-01 7.542861e-01 7.832366e-01 1.100576e+00 1.094561e+00 1.132125e+00 1.340478e+00 1.245649e+00 1.257112e+00 1.143030e+00 1.003587e+00 5.886508e-01 1.150415e-01 1.324432e-01 1.350256e-01 1.475239e-01 1.954455e-01 2.358756e-01 2.587780e-01 2.868586e-01 2.865572e-01 2.690538e-01 2.278269e-01 2.008624e-01 7.383950e-02
<GCONST> 8.618086e+01
<MIXTURE> 2 2.277384e-01
<MEAN> 39
 -2.186617e+01 3.256042e+00 1.175468e+01 3.063959e-01 2.390448e+00 9.617539e+00 2.340722e+00 1.333199e+00 6.289191e+00 -1.376071e+00 4.435757e+00 2.486469e+00 5.499943e+00 9.077322e-02 -3.173094e-01 -2.019510e-01 2.964107e-01 -5.058727e-01 -6.529842e-02 3.468412e-01 -1.194476e-01 9.679099e-02 1.144733e-01 -2.357988e-01 -1.361618e-03 1.202124e-01 8.451250e-01 -3.325493e-01 -5.136631e-01 8.442593e-02 -2.200689e-01 -6.219009e-01 3.193070e-02 1.988435e-02 -2.753847e-01 2.580266e-02 -2.246616e-01 -1.602744e-01 -2.879420e-01
<VARIANCE> 39
 8.245625e+00 1.641611e+01 1.525855e+01 1.907544e+01 2.005842e+01 2.167585e+01 2.721348e+01 2.725387e+01 2.240378e+01 1.777716e+01 2.428390e+01 1.413411e+01 9.550998e+00 1.012840e+00 1.456418e+00 1.082480e+00 1.489843e+00 1.887587e+00 1.656389e+00 1.464041e+00 1.452229e+00 1.479624e+00 1.374193e+00 1.320369e+00 1.201642e+00 8.664210e-01 3.028754e-01 1.750762e-01 2.153872e-01 2.755190e-01 2.970698e-01 2.997984e-01 3.311841e-01 3.356333e-01 2.997935e-01 3.070197e-01 2.906083e-01 2.425795e-01 1.333397e-01
<GCONST> 9.538421e+01
<MIXTURE> 3 2.178881e-01
<MEAN> 39
 -1.980235e+01 -3.144838e+00 8.157230e+00 4.216924e+00 -3.148543e+00 1.774142e+00 8.264592e+00 -1.466779e+00 2.828232e+00 -1.423130e-01 6.538703e-01 1.590239e+00 6.514587e+00 1.578301e-01 -1.524915e-01 -3.459154e-01 6.430694e-02 -1.274417e-01 -3.746043e-01 -7.270223e-02 1.339695e-01 -9.368408e-02 -2.931224e-02 -2.947702e-02 -8.388790e-02 -2.475812e-02 7.520476e-01 8.844151e-02 -2.106914e-01 1.795873e-03 1.676155e-01 -1.633631e-01 -3.672155e-01 1.497293e-01 7.320946e-02 -3.860226e-02 -1.044518e-01 -3.022389e-02 -3.007036e-01
<VARIANCE> 39
 1.249669e+01 1.491220e+01 2.495878e+01 1.571083e+01 2.438774e+01 2.973825e+01 2.594497e+01 2.408788e+01 2.382413e+01 2.325585e+01 1.950089e+01 1.693879e+01 9.084203e+00 7.317808e-01 5.629290e-01 1.070687e+00 1.135737e+00 1.223511e+00 1.699717e+00 1.430188e+00 1.614211e+00 1.514112e+00 1.547330e+00 1.290767e+00 1.305729e+00 3.369561e-01 3.461297e-01 1.269858e-01 2.810227e-01 1.968540e-01 2.885792e-01 3.144922e-01 3.175997e-01 3.700853e-01 3.353336e-01 3.548808e-01 2.987600e-01 2.755146e-01 7.708765e-02
<GCONST> 9.363915e+01
<MIXTURE> 4 2.785658e-01
<MEAN> 39
 -1.977634e+01 1.383132e+00 6.609191e+00 -3.419531e+00 1.010286e-01 5.092258e+00 2.994752e+00 5.143007e-01 2.816860e+00 8.775923e-01 2.217372e+00 1.482067e+00 6.215879e+00 -7.446744e-02 -1.322824e-03 -1.199030e-02 -3.677834e-02 -1.549382e-01 8.620653e-02 8.280702e-02 -1.278110e-01 6.398350e-03 2.388310e-02 -4.983602e-02 -5.533350e-02 3.466020e-01 4.756601e-01 2.963559e-02 1.648714e-01 2.893463e-01 1.031723e-01 -9.259665e-02 2.191394e-02 3.265003e-02 -7.755700e-02 -7.001647e-02 -5.177061e-02 -3.227982e-02 -2.922105e-01
<VARIANCE> 39
 1.195176e+01 1.153742e+01 2.023173e+01 1.641410e+01 2.173504e+01 2.303025e+01 2.134856e+01 2.643253e+01 2.298545e+01 2.084213e+01 2.144812e+01 1.452441e+01 1.319062e+01 5.736403e-01 5.871574e-01 8.007355e-01 8.407992e-01 1.177314e+00 1.163682e+00 1.391446e+00 1.413140e+00 1.441407e+00 1.329772e+00 1.415918e+00 1.127107e+00 5.987585e-01 1.538157e-01 9.940123e-02 1.514781e-01 1.528638e-01 1.801685e-01 2.115883e-01 2.500585e-01 2.982794e-01 2.970236e-01 2.987104e-01 2.640008e-01 2.526396e-01 6.246901e-02
<GCONST> 8.785374e+01
<STATE> 4
<NUMMIXES> 4
<MIXTURE> 1 2.974085e-01
<MEAN> 39
 -1.994654e+01 4.977092e+00 7.159601e+00 -2.251812e+00 5.840452e+00 6.266171e+00 3.074722e+00 4.007138e+00 4.073020e+00 1.259615e+00 5.660947e+00 1.207859e+00 5.955624e+00 2.144091e+00 -4.685322e-01 1.616100e-01 -6.073317e-02 -1.318008e+00 -1.075598e+00 -6.255420e-01 -8.792997e-01 -7.246794e-01 -7.041206e-01 -8.322773e-01 -9.203315e-02 -8.390668e-01 1.376737e+00 -9.530001e-02 2.127242e-01 -2.299965e-01 -8.336058e-01 -8.132460e-01 -6.454115e-01 -6.433079e-01 -6.909099e-01 -3.168483e-01 -5.729131e-01 -1.699079e-01 -1.738324e-01
<VARIANCE> 39
 1.009283e+01 1.823085e+01 2.181573e+01 1.904283e+01 2.399456e+01 2.643037e+01 2.386063e+01 1.971681e+01 2.043348e+01 1.969258e+01 1.654798e+01 1.710510e+01 1.203328e+01 1.804024e+00 1.023040e+00 1.422722e+00 1.158273e+00 2.083612e+00 2.247267e+00 2.403510e+00 2.555435e+00 1.982158e+00 1.844897e+00 1.457738e+00 1.393618e+00 9.063584e-01 2.207200e-01 2.561721e-01 3.400868e-01 3.978307e-01 2.973939e-01 4.185138e-01 4.005942e-01 4.568508e-01 4.315320e-01 3.430312e-01 3.237662e-01 3.101805e-01 1.605448e-01
<GCONST> 1.013437e+02
<MIXTURE> 2 1.678322e-01
<MEAN> 39
 -1.304022e+01 -6.000459e+00 -3.460730e+00 7.414624e+00 5.024598e+00 -3.229134e-01 -1.475175e-01 1.525014e+00 8.785636e+00 3.143121e+00 -7.533280e-01 -3.115174e-01 3.303904e+00 2.791747e+00 -5.158815e-01 -2.924101e+00 -5.628706e-01 2.157992e+00 7.839348e-01 -1.391396e+00 -1.310790e+00 -1.393111e-01 1.634800e+00 5.916124e-01 -5.736601e-01 -2.094635e+00 3.934997e-01 6.479360e-01 4.182881e-01 -6.747751e-01 -3.177223e-01 7.707130e-01 5.575818e-01 -4.338540e-01 -8.954704e-01 -3.146306e-01 3.758772e-01 3.017099e-01 -6.058418e-01
<VARIANCE> 39
 1.536285e+01 1.313396e+01 2.167208e+01 2.438296e+01 1.851080e+01 2.250630e+01 2.775101e+01 3.246537e+01 3.141287e+01 2.716489e+01 2.497877e+01 1.738589e+01 8.237510e+00 1.373077e+00 1.208389e+00 1.705494e+00 1.951896e+00 1.757265e+00 2.628565e+00 2.650403e+00 2.425844e+00 2.667279e+00 2.332727e+00 2.171254e+00 1.812812e+00 8.984109e-01 4.101221e-01 4.021041e-01 3.715549e-01 3.925958e-01 4.721760e-01 4.020409e-01 5.512024e-01 6.562370e-01 4.924701e-01 6.369175e-01 3.517959e-01 3.308895e-01 1.166470e-01
<GCONST> 1.073480e+02
<MIXTURE> 3 2.719046e-01
<MEAN> 39
 -1.791926e+01 -1.759817e+00 7.501358e+00 -4.308783e-01 -3.305350e+00 3.456605e+00 5.960459e+00 -1.419388e+00 2.566038e+00 1.011423e+00 -4.853038e-01 1.848811e+00 4.670885e+00 3.051182e+00 4.314626e-01 3.866566e-01 8.128220e-01 -3.095897e-01 -1.007421e+00 -8.172006e-01 -1.653922e-01 -6.584884e-01 -4.757364e-01 -5.582676e-01 -3.915139e-01 -1.248068e+00 1.399814e+00 1.820865e-01 3.458651e-01 9.659123e-02 -1.858999e-01 -4.006166e-01 -7.560797e-01 7.114667e-02 -4.119275e-01 -4.504788e-01 1.053995e-01 -1.804871e-01 -2.214910e-02
<VARIANCE> 39
 1.565306e+01 1.330531e+01 1.799579e+01 2.241362e+01 2.306769e+01 2.846260e+01 2.841333e+01 2.249649e+01 2.386441e+01 2.701504e+01 1.695683e+01 1.663575e+01 1.082889e+01 2.528232e+00 1.318632e+00 1.693148e+00 1.474857e+00 1.723007e+00 2.002163e+00 2.083722e+00 1.655008e+00 1.995669e+00 1.988354e+00 1.517488e+00 1.530482e+00 8.857960e-01 2.112944e-01 2.395536e-01 5.138386e-01 3.615642e-01 4.545044e-01 4.073554e-01 5.165733e-01 4.223344e-01 5.877017e-01 4.731960e-01 3.886238e-01 3.772391e-01 2.212634e-01
<GCONST> 1.045675e+02
<MIXTURE> 4 2.628548e-01
<MEAN> 39
 -1.765418e+01 -2.948138e+00 5.322362e+00 5.761822e+00 -1.451863e+00 1.813760e+00 5.037667e+00 2.116117e+00 5.353119e+00 -7.447335e-01 2.063881e+00 1.820352e+00 5.601060e+00 2.243057e+00 -1.145940e+00 -2.487304e+00 1.123249e+00 8.435320e-01 -1.564407e+00 -9.112792e-01 7.995574e-01 7.164346e-01 4.021893e-01 -5.413117e-01 -3.273948e-01 -1.033268e+00 7.640477e-01 1.628674e-01 -5.157803e-01 -3.004388e-01 7.271309e-01 2.731826e-01 -5.509560e-01 -3.435351e-01 2.183462e-02 3.202369e-01 4.612318e-02 -1.903542e-01 -6.016104e-01
<VARIANCE> 39
 1.577149e+01 2.158810e+01 2.614962e+01 2.545234e+01 2.041082e+01 3.956089e+01 3.167354e+01 3.585294e+01 3.182682e+01 2.383554e+01 2.665512e+01 1.764957e+01 8.054637e+00 1.330233e+00 1.424413e+00 1.920635e+00 1.979868e+00 2.712183e+00 2.118648e+00 3.322337e+00 2.432065e+00 2.043332e+00 2.200754e+00 1.597649e+00 1.607816e+00 9.003208e-01 3.310470e-01 2.413696e-01 3.397062e-01 3.454902e-01 3.625107e-01 5.597560e-01 4.847483e-01 6.070379e-01 5.140041e-01 4.696676e-01 3.774199e-01 3.606661e-01 1.776654e-01
<GCONST> 1.081320e+02
<STATE> 5
<NUMMIXES> 4
<MIXTURE> 1 1.995582e-01
<MEAN> 39
 -4.343356e+00 5.809614e+00 1.292676e+01 -1.917184e+00 -6.231943e+00 -3.001990e+00 -4.017151e+00 -6.668134e+00 -4.311529e+00 -4.121650e+00 -1.146066e+00 -1.178188e+00 4.511115e+00 5.382758e+00 -1.059177e+00 1.918152e+00 -1.800104e+00 -3.349222e+00 -2.472368e+00 -2.618848e+00 -1.151571e+00 -2.994984e+00 -6.103745e-01 -1.033574e+00 -6.517609e-01 6.144336e-01 -7.934021e-01 -5.459433e-01 -2.579357e-01 -3.249536e-01 4.072280e-01 6.453019e-01 5.555739e-01 7.482350e-01 4.036506e-01 6.622894e-01 2.375221e-01 1.476696e-01 3.013738e-01
<VARIANCE> 39
 1.789005e+01 1.361718e+01 1.935999e+01 3.242203e+01 2.450963e+01 2.275234e+01 2.655664e+01 2.754312e+01 2.243901e+01 1.939728e+01 1.866488e+01 1.544878e+01 1.116251e+01 1.856185e+00 2.831736e+00 3.670495e+00 4.780386e+00 3.089180e+00 4.355145e+00 3.516821e+00 5.797370e+00 4.591888e+00 4.587425e+00 6.772401e+00 2.792975e+00 6.790444e-01 3.389072e-01 2.228423e-01 2.985074e-01 3.482042e-01 5.018348e-01 4.046865e-01 4.603345e-01 4.355082e-01 4.658914e-01 3.851923e-01 4.075491e-01 3.559286e-01 1.209926e-01
<GCONST> 1.126164e+02
<MIXTURE> 2 2.385862e-01
<MEAN> 39
 -9.532178e+00 -2.648872e+00 -3.183483e+00 4.111312e+00 6.815361e+00 3.960883e+00 1.350022e+00 -5.089075e-01 4.471797e+00 3.507996e+00 2.531073e+00 6.205599e-01 -3.460237e+00 3.216229e+00 1.057071e+00 -1.124523e+00 -6.297099e-01 1.132321e-02 8.777306e-01 1.593153e-01 -6.880178e-01 -1.308079e+00 -3.241404e-01 1.851865e-01 1.056412e-01 -3.266872e+00 2.861719e-01 6.014720e-01 4.720502e-01 -5.303019e-01 -9.313852e-01 -6.106035e-02 2.040539e-01 6.377135e-02 -3.925430e-01 -5.252130e-01 -1.318866e-01 7.082997e-02 3.776894e-01
<VARIANCE> 39
 3.252598e+01 4.561846e+01 5.549362e+01 3.046275e+01 2.941633e+01 2.931499e+01 3.196049e+01 3.890934e+01 3.464824e+01 2.812393e+01 2.213471e+01 1.764368e+01 3.007972e+01 3.830566e+00 4.646790e+00 2.819775e+00 5.020699e+00 4.724997e+00 2.989970e+00 3.417572e+00 3.718617e+00 4.022550e+00 3.428652e+00 2.336868e+00 2.194692e+00 3.439591e+00 4.724434e-01 8.066134e-01 6.682022e-01 6.734378e-01 8.185592e-01 6.146678e-01 7.187685e-01 7.623493e-01 7.686099e-01 6.973620e-01 4.731178e-01 4.210381e-01 8.733504e-01
<GCONST> 1.273409e+02
<MIXTURE> 3 3.229013e-01
<MEAN> 39
 -1.333467e+01 1.916423e+00 8.434278e+00 7.103871e-01 8.641278e-01 3.288243e+00 3.458733e+00 4.714541e-01 2.647955e+00 -7.433761e-01 1.388171e+00 8.954835e-01 2.272390e+00 6.020796e+00 -2.492084e-01 4.160381e-01 -5.039546e-01 -2.392911e+00 -2.625378e+00 -2.669520e+00 -1.113229e+00 -2.067497e+00 -1.259597e+00 -1.284815e+00 -7.420803e-01 -4.239584e-01 7.278106e-01 -3.814337e-01 -8.063739e-03 -5.628816e-01 -4.582405e-01 -2.885524e-01 -5.102631e-01 4.437160e-02 -3.963378e-01 1.015795e-01 -3.667697e-02 -7.446036e-02 5.491176e-01
<VARIANCE> 39
 2.473944e+01 2.296476e+01 2.310330e+01 2.945751e+01 3.025145e+01 3.378214e+01 2.954928e+01 3.387037e+01 2.663707e+01 2.433587e+01 2.980121e+01 1.698740e+01 1.647133e+01 1.681311e+00 2.506356e+00 4.890593e+00 3.528383e+00 4.194873e+00 3.677258e+00 3.345929e+00 4.650825e+00 4.157595e+00 3.150442e+00 3.454003e+00 2.203480e+00 1.035859e+00 4.001590e-01 3.194814e-01 5.299734e-01 5.223840e-01 5.401092e-01 6.560449e-01 6.067916e-01 6.510121e-01 6.520465e-01 6.183873e-01 7.149060e-01 4.424671e-01 1.672758e-01
<GCONST> 1.191332e+02
<MIXTURE> 4 2.389544e-01
<MEAN> 39
 4.811596e+00 -1.003192e+00 5.911915e+00 -2.800841e+00 -6.476519e+00 -4.710093e+00 -4.414255e+00 -8.070358e-01 -2.527506e+00 -3.421123e+00 -1.579874e+00 -7.082676e-01 3.708137e+00 5.128839e+00 -1.354149e+00 -9.056588e-01 -1.507117e+00 -1.689674e+00 -1.656118e+00 -1.816456e+00 1.457383e-01 -1.275782e+00 -1.450029e-01 -7.349529e-01 -3.146503e-01 8.823624e-01 -1.483907e+00 -7.067168e-02 -2.424200e-01 7.449240e-02 6.457211e-01 7.712444e-01 7.420616e-01 2.218749e-01 4.582252e-01 4.123332e-01 3.292989e-01 1.346969e-01 1.953210e-01
<VARIANCE> 39
 2.317081e+01 2.658300e+01 5.342894e+01 5.269624e+01 3.520923e+01 3.848828e+01 3.873569e+01 3.561809e+01 4.382883e+01 3.291808e+01 2.440047e+01 2.003872e+01 3.039044e+01 3.420040e+00 4.502012e+00 4.945794e+00 5.350093e+00 5.363902e+00 6.258135e+00 7.607013e+00 5.874735e+00 6.415041e+00 5.115826e+00 6.064142e+00 3.329716e+00 1.730220e+00 3.022783e-01 4.477773e-01 4.111277e-01 6.644412e-01 7.633979e-01 6.858398e-01 6.702400e-01 7.040698e-01 7.683585e-01 6.160043e-01 4.770488e-01 4.744763e-01 3.034302e-01
<GCONST> 1.296110e+02
<TRANSP> 6
 0.000000e+00 1.000000e+00 0.000000e+00 0.000000e+00 0.000000e+00 0.000000e+00
 0.000000e+00 6.500840e-01 3.499160e-01 0.000000e+00 0.000000e+00 0.000000e+00
 0.000000e+00 0.000000e+00 7.949173e-01 2.050827e-01 0.000000e+00 0.000000e+00
 0.000000e+00 0.000000e+00 0.000000e+00 5.717812e-01 4.282188e-01 0.000000e+00
 0.000000e+00 0.000000e+00 0.000000e+00 0.000000e+00 6.167157e-01 3.832842e-01
 0.000000e+00 0.000000e+00 0.000000e+00 0.000000e+00 0.000000e+00 0.000000e+00
<ENDHMM>
