~o
<STREAMINFO> 1 39
<VECSIZE> 39<NULLD><MFCC_D_A_Z_0><DIAGC>
~h "sil"
<BEGINHMM>
<NUMSTATES> 6
<STATE> 2
<NUMMIXES> 4
<MIXTURE> 1 1.965251e-01
<MEAN> 39
 -2.263008e+00 -2.957940e+00 -5.094223e+00 8.098239e+00 8.669317e+00 2.463382e+00 4.440096e+00 4.621056e+00 3.606851e+00 -3.798039e+00 -1.161178e+00 2.359672e+00 -1.144539e+01 -1.012074e+00 -2.733822e-01 -4.625516e-01 -6.204552e-01 -1.805002e-01 2.800552e-01 2.020690e-01 -1.142502e-01 1.937563e-01 6.003249e-01 6.766877e-01 3.648663e-01 -8.311914e-01 1.514539e-01 3.504152e-01 1.248718e-01 -1.667988e-01 -3.296407e-01 -2.067043e-01 -2.446908e-01 -2.538936e-01 -1.528561e-01 1.404208e-01 2.131157e-02 -9.554645e-02 6.971130e-02
<VARIANCE> 39
 1.485687e+01 2.383666e+01 3.696569e+01 3.664803e+01 3.772830e+01 4.056121e+01 4.493105e+01 4.360712e+01 4.075866e+01 4.366470e+01 4.595499e+01 2.722465e+01 1.697871e+01 1.014402e+00 1.602589e+00 1.818898e+00 1.956352e+00 2.360177e+00 2.611715e+00 2.993615e+00 3.256503e+00 3.159370e+00 3.049458e+00 2.550483e+00 2.349024e+00 4.038719e-01 1.475154e-01 1.800159e-01 2.889915e-01 3.431650e-01 3.738327e-01 4.408692e-01 4.885997e-01 4.310471e-01 4.580128e-01 4.740769e-01 4.156795e-01 3.845731e-01 6.165686e-02
<GCONST> 1.106728e+02
<MIXTURE> 2 3.907406e-01
<MEAN> 39
 -9.130562e+00 4.665005e+00 8.538080e-02 8.999712e+00 5.889584e+00 6.153628e+00 4.688126e+00 2.223905e+00 4.461983e+00 2.180791e+00 3.605155e+00 2.559102e+00 -2.205542e+01 -5.296350e-02 2.781986e-02 3.017984e-02 3.441741e-02 4.113517e-02 2.372542e-02 -1.350210e-02 -2.263503e-02 -1.344347e-02 1.427158e-02 -3.909064e-02 -3.004593e-02 -4.306166e-02 1.254405e-02 4.395638e-03 6.604868e-03 -4.211713e-03 6.468707e-03 -2.265535e-03 -2.270007e-03 -1.132646e-02 -9.761469e-03 2.282330e-03 -5.057785e-03 -1.256203e-02 1.852396e-02
<VARIANCE> 39
 7.742354e+00 1.015947e+01 1.389352e+01 1.526163e+01 1.536930e+01 1.813559e+01 2.048207e+01 2.014857e+01 2.162800e+01 1.728919e+01 2.102034e+01 1.324117e+01 8.920146e+00 1.371649e-01 2.652346e-01 4.299038e-01 6.215136e-01 8.174520e-01 1.031016e+00 1.156210e+00 1.330473e+00 1.325077e+00 1.295424e+00 1.261473e+00 1.114087e+00 6.340384e-02 2.210448e-02 4.101653e-02 6.523072e-02 1.001112e-01 1.294877e-01 1.683037e-01 1.951856e-01 2.178326e-01 2.113406e-01 2.073366e-01 2.163812e-01 1.786265e-01 1.001275e-02
<GCONST> 7.053596e+01
<MIXTURE> 3 1.787308e-01
<MEAN> 39
 1.064295e+00 5.082883e+00 1.944243e+00 7.409920e+00 3.863534e+00 2.485823e+00 3.478974e+00 -2.433919e+00 -2.270236e+00 -2.733092e+00 -2.680049e+00 -6.717433e-01 -1.092863e+01 -1.383434e+00 -5.099784e-01 -6.931491e-02 8.487877e-01 1.268313e+00 1.017041e+00 1.077907e+00 5.084053e-01 4.146768e-01 3.224283e-02 1.946572e-01 3.482888e-01 -1.100142e+00 -1.265333e-01 -3.838128e-01 -3.377194e-01 -4.055463e-01 -1.655691e-01 -1.686414e-01 -7.268759e-02 2.897356e-01 2.922073e-01 2.503982e-01 2.989683e-01 2.018148e-01 1.451327e-01
<VARIANCE> 39
 2.449876e+01 2.646879e+01 5.867963e+01 5.995420e+01 6.061179e+01 5.771617e+01 6.158871e+01 6.854478e+01 4.969084e+01 5.252808e+01 3.886157e+01 3.152081e+01 2.405022e+01 1.316994e+00 1.786317e+00 2.617427e+00 2.745606e+00 2.566870e+00 3.110749e+00 3.312256e+00 3.317660e+00 3.183576e+00 3.100109e+00 2.876601e+00 2.318012e+00 7.470291e-01 1.706912e-01 2.241754e-01 3.233759e-01 5.016942e-01 4.993122e-01 5.517348e-01 6.012477e-01 5.366573e-01 5.114077e-01 5.555214e-01 4.930196e-01 4.165545e-01 1.116270e-01
<GCONST> 1.196444e+02
<MIXTURE> 4 2.340035e-01
<MEAN> 39
 -5.010636e+00 -1.809964e-01 -1.761228e+00 2.426344e+00 4.368597e+00 2.248372e+00 3.200810e+00 1.494617e+00 2.178225e+00 5.987030e-01 1.361582e+00 1.878940e+00 -1.223314e+01 7.091418e-01 3.167644e-03 -4.358337e-01 5.544634e-01 5.654023e-02 4.174528e-01 -5.194156e-02 1.042483e-02 -1.971005e-01 -2.263253e-01 -7.536808e-02 8.132974e-02 -1.302074e+00 -2.648246e-01 2.821757e-01 7.641322e-02 1.665978e-01 5.404152e-02 7.784826e-02 7.840333e-02 -3.039328e-02 -1.344925e-02 -2.525575e-02 -1.515487e-02 -3.292579e-02 7.308209e-02
<VARIANCE> 39
 2.184869e+01 2.256884e+01 3.276329e+01 3.738483e+01 3.826043e+01 4.032707e+01 3.788153e+01 3.509562e+01 3.488931e+01 3.245349e+01 3.427587e+01 2.252793e+01 3.496009e+01 2.112823e+00 2.298015e+00 2.412956e+00 2.907705e+00 3.217065e+00 3.797536e+00 3.335690e+00 3.399903e+00 2.997404e+00 2.888723e+00 2.631286e+00 2.179441e+00 2.859037e+00 4.227201e-01 3.280262e-01 4.056410e-01 4.674353e-01 5.041942e-01 5.906886e-01 6.182242e-01 5.728367e-01 5.275837e-01 5.184832e-01 4.746300e-01 4.023988e-01 3.690178e-01
<GCONST> 1.203365e+02
<STATE> 3
<NUMMIXES> 4
<MIXTURE> 1 1.898941e-01
<MEAN> 39
 -5.363842e+00 2.240367e+00 -4.166684e+00 5.582982e+00 3.916855e+00 4.918098e+00 5.019164e+00 2.528264e+00 3.070070e+00 -4.162903e-01 2.198220e+00 2.825083e+00 -1.908980e+01 -7.391024e-01 1.359173e+00 8.024014e-01 8.220835e-01 5.173515e-01 6.653808e-01 1.840491e-01 -2.560964e-01 2.030803e-01 6.449623e-01 1.733914e-01 -3.081004e-01 -1.118030e+00 -1.336514e-01 -6.299604e-02 3.072864e-01 1.407949e-01 1.523989e-01 -7.236955e-02 -1.023898e-01 -2.435493e-02 5.940206e-02 8.339731e-02 1.037880e-02 -5.540843e-02 1.333184e-01
<VARIANCE> 39
 9.384453e+00 1.516827e+01 1.836707e+01 1.926660e+01 2.193488e+01 2.630522e+01 2.700881e+01 2.625422e+01 2.557646e+01 2.721196e+01 3.257359e+01 1.901340e+01 1.021736e+01 4.622998e-01 9.321131e-01 1.453700e+00 1.321668e+00 1.619291e+00 1.816874e+00 2.157279e+00 2.165028e+00 2.261417e+00 2.289485e+00 1.819476e+00 1.568135e+00 3.126277e-01 8.840202e-02 1.679977e-01 1.873979e-01 2.071827e-01 2.541842e-01 2.981484e-01 3.316546e-01 3.593812e-01 3.780715e-01 4.024972e-01 3.340117e-01 3.061966e-01 7.408555e-02
<GCONST> 9.575525e+01
<MIXTURE> 2 2.806129e-01
<MEAN> 39
 -9.304911e+00 5.573897e+00 8.792682e-01 9.724742e+00 6.724589e+00 6.548639e+00 4.497344e+00 1.658026e+00 4.285652e+00 2.700639e+00 3.519675e+00 2.054519e+00 -2.225303e+01 -2.432762e-01 8.222243e-03 2.025084e-01 2.027201e-01 1.991715e-01 9.390195e-02 -2.003185e-02 -6.138593e-02 1.585846e-03 1.440681e-01 7.026070e-02 -3.745188e-02 -1.030307e-01 1.710171e-01 -1.695474e-01 -1.823715e-01 -2.797752e-01 -1.967660e-01 -1.555664e-01 5.115570e-03 1.259167e-02 -8.995531e-02 -1.248873e-01 -6.819182e-02 4.359867e-02 2.720754e-01
<VARIANCE> 39
 7.683108e+00 9.684791e+00 1.340293e+01 1.646247e+01 1.543810e+01 1.991247e+01 2.110190e+01 2.046005e+01 2.388714e+01 1.760069e+01 2.264019e+01 1.440203e+01 9.171897e+00 4.997940e-01 6.106126e-01 9.482642e-01 1.225547e+00 1.271086e+00 1.431164e+00 1.606139e+00 1.662150e+00 1.702596e+00 1.813228e+00 1.591326e+00 1.441307e+00 3.331835e-01 9.039722e-02 1.319499e-01 1.668601e-01 1.946107e-01 2.341428e-01 2.853425e-01 3.166292e-01 3.227529e-01 3.417356e-01 3.464357e-01 2.980692e-01 2.784557e-01 7.882422e-02
<GCONST> 8.861967e+01
<MIXTURE> 3 2.735379e-01
<MEAN> 39
 -8.386530e+00 4.941710e+00 -1.012154e+00 4.169158e+00 4.940931e+00 1.385753e+00 4.916313e+00 -2.441332e-01 1.632238e-01 2.712932e+00 -3.178132e-01 1.898649e+00 -1.392505e+01 -1.688485e-02 7.812379e-02 6.874325e-02 4.617843e-02 1.306229e-02 3.334546e-02 -1.549531e-02 -1.695150e-02 -2.168348e-03 9.544693e-04 1.758711e-02 -9.922937e-03 -1.401323e-01 -1.494081e-03 -3.788832e-02 -2.930247e-02 1.440923e-03 1.721448e-02 4.302590e-02 2.706304e-02 4.217149e-02 4.568103e-02 1.190481e-02 4.894678e-02 3.918269e-02 -2.261932e-03
<VARIANCE> 39
 1.658583e+01 1.906781e+01 1.711334e+01 2.259464e+01 1.945650e+01 2.019646e+01 2.336822e+01 2.267804e+01 2.382113e+01 2.157221e+01 1.978542e+01 1.574678e+01 1.973122e+01 1.179108e-01 2.870440e-01 4.344670e-01 6.369561e-01 8.492861e-01 9.967067e-01 1.181621e+00 1.338532e+00 1.381890e+00 1.390031e+00 1.303866e+00 1.220021e+00 9.488218e-02 2.202778e-02 5.417349e-02 8.828022e-02 1.252496e-01 1.739527e-01 2.003212e-01 2.420018e-01 2.695027e-01 2.845058e-01 2.909727e-01 2.622088e-01 2.458895e-01 1.000000e-02
<GCONST> 7.782588e+01
<MIXTURE> 4 2.559551e-01
<MEAN> 39
 -5.832084e+00 -5.983804e-01 -2.534558e+00 3.793366e+00 3.698843e+00 2.597777e+00 4.799327e+00 1.704574e+00 1.856475e+00 4.412446e-01 1.697329e+00 3.303184e+00 -1.423784e+01 -3.819794e-02 1.311155e-01 -2.940648e-01 -8.688912e-02 -1.429092e-01 -1.592987e-01 -8.143164e-02 6.168576e-02 5.177247e-03 2.020339e-02 7.886465e-02 9.240077e-02 -3.190067e-01 1.566744e-02 2.277360e-01 1.508545e-01 1.964982e-01 1.424087e-01 1.006099e-01 -7.140543e-03 -5.466521e-02 -2.641960e-02 -4.884282e-02 -1.165442e-01 -1.512995e-01 -3.952131e-02
<VARIANCE> 39
 1.387392e+01 2.244682e+01 2.914172e+01 2.696446e+01 3.030321e+01 3.463765e+01 3.622254e+01 3.984374e+01 3.250259e+01 3.404673e+01 3.808397e+01 2.223748e+01 2.161684e+01 4.113161e-01 7.613168e-01 8.698419e-01 1.138799e+00 1.368147e+00 1.616936e+00 1.748127e+00 1.817982e+00 1.904442e+00 1.824855e+00 1.770950e+00 1.515634e+00 5.194432e-01 9.598109e-02 1.170140e-01 1.759530e-01 2.129704e-01 2.587376e-01 3.300277e-01 3.634023e-01 3.956043e-01 3.913218e-01 3.956730e-01 3.768717e-01 3.262456e-01 5.295121e-02
<GCONST> 9.842468e+01
<STATE> 4
<NUMMIXES> 4
<MIXTURE> 1 2.779692e-01
<MEAN> 39
 -4.071534e+00 5.796001e-01 -4.074739e+00 6.474803e+00 6.371540e+00 4.369537e+00 3.093704e+00 1.873504e+00 2.608324e+00 -1.526028e+00 1.106482e+00 1.956798e+00 -1.615000e+01 -1.505882e-01 4.857645e-01 1.350058e-01 2.401996e-01 8.354302e-03 2.694186e-01 1.348808e-02 -1.185311e-01 8.243725e-02 1.896570e-01 4.282960e-02 -4.668442e-02 -5.097274e-01 -3.038641e-02 -9.850902e-03 5.868538e-02 -4.668547e-02 -3.657135e-02 -3.738248e-02 1.139011e-02 2.583434e-02 2.276401e-02 5.279181e-02 4.879034e-02 2.772323e-02 6.405514e-02
<VARIANCE> 39
 1.019299e+01 1.821484e+01 2.198742e+01 2.277654e+01 2.394317e+01 3.055524e+01 3.204522e+01 3.202718e+01 2.907880e+01 3.338393e+01 3.589452e+01 2.283970e+01 9.462443e+00 2.364086e-01 4.722461e-01 6.647781e-01 8.141968e-01 1.078015e+00 1.373776e+00 1.524507e+00 1.591662e+00 1.645275e+00 1.720045e+00 1.570818e+00 1.382751e+00 1.561457e-01 3.780382e-02 7.014174e-02 1.078168e-01 1.445961e-01 1.964130e-01 2.525460e-01 2.879131e-01 3.059341e-01 3.065105e-01 3.166530e-01 2.835165e-01 2.700619e-01 1.588063e-02
<GCONST> 8.634100e+01
<MIXTURE> 2 2.593300e-01
<MEAN> 39
 -9.042270e+00 5.371847e+00 5.953483e-01 9.368060e+00 6.332619e+00 6.552819e+00 4.618815e+00 2.055166e+00 4.451544e+00 2.977660e+00 3.640277e+00 2.029053e+00 -2.209784e+01 1.122812e-01 -2.271505e-02 5.089576e-02 -1.386615e-01 -4.486329e-02 -3.361233e-02 4.713788e-02 -2.083489e-02 -3.687083e-02 -1.299058e-02 -1.289888e-01 -5.234428e-02 2.790865e-01 2.143194e-01 -3.383207e-01 -1.076211e-01 -4.423333e-01 -2.092437e-01 -2.522413e-01 -1.052342e-01 -9.221423e-02 -1.684011e-01 -2.078005e-01 -1.429691e-01 -2.384375e-03 7.953530e-01
<VARIANCE> 39
 8.800076e+00 1.001373e+01 1.421380e+01 1.645153e+01 1.584552e+01 1.940883e+01 2.228125e+01 2.111542e+01 2.265911e+01 1.824886e+01 2.079137e+01 1.345104e+01 8.636175e+00 1.023576e+00 1.269148e+00 1.453766e+00 1.754150e+00 1.747566e+00 1.636293e+00 1.674775e+00 1.855021e+00 1.942131e+00 1.939124e+00 1.575747e+00 1.437299e+00 1.021107e+00 2.709812e-01 3.271086e-01 3.609999e-01 3.831500e-01 3.789623e-01 3.738073e-01 4.240086e-01 4.295526e-01 4.323100e-01 4.199880e-01 3.457162e-01 3.103029e-01 4.394783e-01
<GCONST> 1.000342e+02
<MIXTURE> 3 2.840301e-01
<MEAN> 39
 -8.015636e+00 1.233145e+00 -9.152241e-01 4.518586e+00 4.566349e+00 3.618888e+00 3.770172e+00 1.193774e+00 2.200005e+00 1.256712e+00 1.827860e+00 1.966864e+00 -1.418240e+01 -6.901027e-02 -6.470433e-02 1.184825e-01 -1.376437e-01 -2.716852e-02 -1.245480e-01 -7.335531e-03 -5.779755e-02 -9.671447e-02 -6.099274e-02 -6.592925e-02 -1.013691e-01 5.511994e-01 2.420856e-02 1.448890e-01 7.849302e-02 1.300429e-01 1.040339e-02 4.806273e-02 -9.554588e-03 7.609099e-03 5.068325e-02 2.201300e-02 2.421107e-02 -2.626253e-02 -1.006090e-01
<VARIANCE> 39
 2.843840e+01 3.439726e+01 3.779037e+01 3.373338e+01 3.742702e+01 3.980706e+01 3.644184e+01 3.754094e+01 3.389928e+01 3.172383e+01 3.263632e+01 2.211526e+01 4.034891e+01 2.395807e+00 3.508447e+00 2.815786e+00 3.032088e+00 2.849130e+00 2.933569e+00 3.003118e+00 3.033030e+00 2.893450e+00 2.698224e+00 2.235297e+00 1.938874e+00 3.822244e+00 5.024380e-01 5.561557e-01 5.316275e-01 5.126162e-01 5.703772e-01 5.677841e-01 6.030050e-01 6.050639e-01 5.757909e-01 5.479886e-01 4.371376e-01 3.918705e-01 5.237686e-01
<GCONST> 1.226937e+02
<MIXTURE> 4 1.786708e-01
<MEAN> 39
 -7.245949e+00 -6.103953e+00 -1.638737e+00 6.551582e-01 2.772563e+00 -5.439371e-01 2.563416e+00 3.236758e+00 1.737429e+00 -1.378506e+00 1.835652e+00 2.643641e+00 -6.291741e+00 1.242484e-01 -4.828918e-03 -8.560582e-02 6.658915e-02 4.035644e-02 1.665085e-01 9.993538e-04 2.027289e-02 2.103525e-02 -6.263184e-02 -4.303372e-02 6.953614e-02 -2.720508e-01 2.414300e-02 7.979581e-02 -2.358688e-02 6.538223e-02 3.769538e-02 5.966023e-02 2.299103e-02 -1.362060e-02 1.541769e-03 1.528048e-02 -1.062991e-02 -9.802530e-03 -4.669230e-02
<VARIANCE> 39
 1.475362e+01 1.298082e+01 2.224707e+01 1.541588e+01 2.852208e+01 2.953915e+01 2.494049e+01 3.014254e+01 2.558428e+01 2.717274e+01 3.873349e+01 1.841719e+01 1.908505e+01 2.509051e-01 4.265704e-01 5.319408e-01 8.105448e-01 9.373200e-01 1.222309e+00 1.246304e+00 1.395829e+00 1.448237e+00 1.445702e+00 1.365500e+00 1.236234e+00 3.752292e-01 3.295992e-02 7.092451e-02 9.343589e-02 1.449367e-01 1.764269e-01 2.256377e-01 2.420140e-01 2.783220e-01 2.908268e-01 2.891199e-01 2.649689e-01 2.496731e-01 2.109471e-02
<GCONST> 8.475541e+01
<STATE> 5
<NUMMIXES> 4
<MIXTURE> 1 2.111344e-01
<MEAN> 39
 -8.530142e+00 -1.279507e+00 4.099253e-01 1.806011e-01 3.681282e+00 2.494460e+00 4.047065e+00 1.477931e+00 3.464939e+00 1.417716e+00 2.205891e+00 2.267677e+00 -3.495458e+00 3.133360e-01 -6.290174e-01 3.623984e-01 -1.893621e+00 -1.205585e+00 -1.378706e+00 -5.956700e-01 -3.019460e-01 -3.492853e-01 -4.084549e-01 -5.428237e-01 -1.374839e-01 5.212413e+00 2.841953e-01 4.986975e-01 1.684553e-01 4.326319e-01 -1.464451e-01 3.293174e-02 -2.462261e-01 -7.982830e-02 -1.114525e-01 2.201303e-02 -1.386164e-01 -1.532398e-01 -6.580971e-01
<VARIANCE> 39
 3.618072e+01 3.280806e+01 5.622515e+01 3.940953e+01 4.487443e+01 4.150004e+01 3.926522e+01 3.497401e+01 3.258627e+01 3.005978e+01 3.168994e+01 1.933891e+01 5.868822e+01 7.511435e+00 3.655694e+00 3.647587e+00 4.141832e+00 4.754085e+00 4.568010e+00 3.715451e+00 3.111159e+00 3.356910e+00 2.865593e+00 2.823374e+00 2.048311e+00 7.275866e+00 7.290872e-01 5.797185e-01 8.178455e-01 7.318406e-01 7.831476e-01 8.536699e-01 7.774084e-01 6.517505e-01 6.709733e-01 6.278592e-01 6.342978e-01 4.609300e-01 9.134002e-01
<GCONST> 1.315068e+02
<MIXTURE> 2 2.493435e-01
<MEAN> 39
 -8.579230e+00 5.502586e+00 8.102391e-01 8.947608e+00 6.439843e+00 6.446422e+00 4.907478e+00 1.564125e+00 3.732657e+00 2.318444e+00 2.603950e+00 1.700684e+00 -2.089055e+01 1.398103e+00 -7.851818e-01 5.068014e-02 -1.782023e+00 -1.012334e+00 -1.080060e+00 -5.916077e-01 -5.873654e-01 -6.749446e-01 -5.221816e-01 -5.182968e-01 -2.695979e-01 4.081100e+00 5.163892e-01 -3.804548e-01 -4.441771e-02 -7.801114e-01 -5.406469e-01 -5.687531e-01 -3.880972e-01 -1.725923e-01 -2.300576e-01 -1.453879e-01 -1.602726e-01 -6.342115e-02 1.604713e+00
<VARIANCE> 39
 1.354939e+01 1.488500e+01 1.943819e+01 2.084251e+01 2.123034e+01 2.127190e+01 2.572186e+01 2.428780e+01 2.697957e+01 2.130570e+01 2.406835e+01 1.739335e+01 1.287462e+01 3.376011e+00 3.994692e+00 3.845294e+00 4.234036e+00 3.444450e+00 3.417601e+00 3.674684e+00 3.723324e+00 3.475503e+00 3.128825e+00 2.761365e+00 2.293196e+00 6.922586e+00 5.978215e-01 4.090872e-01 4.496182e-01 4.545737e-01 5.377386e-01 4.905613e-01 5.542236e-01 5.064927e-01 5.542557e-01 5.003551e-01 4.812624e-01 3.917508e-01 5.439281e-01
<GCONST> 1.179658e+02
<MIXTURE> 3 3.792017e-01
<MEAN> 39
 -7.270732e+00 4.222504e+00 -4.969085e-01 8.079879e+00 5.699302e+00 5.295131e+00 4.185962e+00 1.388653e+00 3.153395e+00 1.356303e+00 2.665219e+00 2.236423e+00 -1.985224e+01 -7.897418e-02 1.143116e-01 1.054953e-01 7.246639e-02 -3.145159e-03 2.364278e-02 -4.516530e-02 1.258581e-03 3.234843e-02 5.806839e-02 7.691793e-02 1.908027e-02 -1.325989e-01 2.555243e-02 -2.707757e-02 -9.155978e-03 -1.920561e-02 4.695401e-03 -1.554304e-02 -1.423899e-02 -1.634814e-02 -3.548243e-02 -2.737273e-02 -1.813037e-02 -8.988085e-03 4.441392e-02
<VARIANCE> 39
 1.062814e+01 1.334646e+01 1.864808e+01 1.851559e+01 1.859951e+01 2.149919e+01 2.177424e+01 2.302958e+01 2.152430e+01 2.243981e+01 2.435535e+01 1.545975e+01 1.108898e+01 1.403336e-01 2.910613e-01 4.506260e-01 6.790268e-01 8.670986e-01 1.017254e+00 1.229858e+00 1.413501e+00 1.411631e+00 1.421217e+00 1.304574e+00 1.248855e+00 7.099929e-02 1.898037e-02 3.883242e-02 5.743936e-02 9.363361e-02 1.197160e-01 1.366892e-01 1.637901e-01 1.845187e-01 1.962677e-01 2.002758e-01 1.752096e-01 1.682476e-01 1.000000e-02
<GCONST> 7.237083e+01
<MIXTURE> 4 1.603204e-01
<MEAN> 39
 3.382797e+00 5.893856e+00 1.117810e+00 2.310586e+00 -5.391718e-01 1.550636e-01 -6.847907e-01 -4.187652e+00 -3.153405e+00 -1.345042e+00 -1.846391e+00 -1.504392e+00 -7.250724e+00 2.588924e+00 -1.331936e+00 -1.466520e-01 -2.299237e+00 -1.624742e+00 -1.370458e+00 -1.554793e+00 -4.636605e-01 -7.625992e-01 -8.790252e-02 -4.261299e-01 -3.942370e-01 4.573385e+00 -6.882815e-01 -5.813419e-01 -1.421486e-01 5.108935e-02 2.648931e-01 2.972732e-01 2.633466e-01 5.710410e-01 5.298976e-01 3.207933e-01 3.196654e-01 3.015964e-01 -1.065238e-01
<VARIANCE> 39
 3.747019e+01 5.449928e+01 6.456644e+01 6.879762e+01 5.585547e+01 4.653823e+01 5.178693e+01 5.200364e+01 4.404427e+01 4.027962e+01 3.597644e+01 3.026202e+01 7.477150e+01 4.512928e+00 4.533453e+00 4.362744e+00 5.385912e+00 5.170609e+00 5.797173e+00 5.577527e+00 5.627475e+00 5.823910e+00 4.812033e+00 5.114254e+00 3.505935e+00 5.875443e+00 5.826846e-01 7.115479e-01 6.677127e-01 1.000977e+00 7.922907e-01 7.944365e-01 8.835758e-01 9.298734e-01 7.875976e-01 7.556340e-01 6.677280e-01 5.517138e-01 1.157278e+00
<GCONST> 1.399457e+02
<TRANSP> 6
 0.000000e+00 1.000000e+00 0.000000e+00 0.000000e+00 0.000000e+00 0.000000e+00
 0.000000e+00 7.698808e-01 2.301192e-01 0.000000e+00 0.000000e+00 0.000000e+00
 0.000000e+00 0.000000e+00 8.164692e-01 1.835308e-01 0.000000e+00 0.000000e+00
 0.000000e+00 0.000000e+00 0.000000e+00 8.180082e-01 1.819918e-01 0.000000e+00
 0.000000e+00 0.000000e+00 0.000000e+00 0.000000e+00 7.121848e-01 2.878151e-01
 0.000000e+00 0.000000e+00 0.000000e+00 0.000000e+00 0.000000e+00 0.000000e+00
<ENDHMM>
