~o
<STREAMINFO> 1 39
<VECSIZE> 39<NULLD><MFCC_D_A_Z_0><DIAGC>
~h "z"
<BEGINHMM>
<NUMSTATES> 6
<STATE> 2
<NUMMIXES> 4
<MIXTURE> 1 2.480455e-01
<MEAN> 39
 -9.202559e+00 1.521355e+01 -2.481088e+00 8.891976e+00 -5.365410e-01 -4.081518e+00 -1.056230e+00 -5.806529e+00 -5.995548e-02 -6.224959e+00 1.007646e+00 -1.964967e+00 1.731588e+00 -4.497406e+00 1.164012e+00 -1.113261e+00 2.344128e+00 2.398253e+00 3.118070e+00 1.838526e+00 1.190007e+00 9.065525e-01 4.997813e-01 1.299511e+00 -5.078380e-01 -8.260153e-01 6.143370e-01 -1.399996e+00 1.968892e-01 -8.854620e-01 -1.596102e-01 2.002582e-01 2.142023e-01 6.543829e-01 1.714516e-01 8.386314e-01 -1.599457e-01 5.397922e-01 1.932346e-01
<VARIANCE> 39
 2.022279e+01 1.991015e+01 1.762140e+01 2.383326e+01 3.923745e+01 3.293129e+01 3.484903e+01 2.428518e+01 2.886414e+01 2.483325e+01 2.022194e+01 1.900219e+01 1.142134e+01 2.594669e+00 3.371155e+00 2.881465e+00 3.531031e+00 2.734613e+00 4.018596e+00 3.790629e+00 3.467533e+00 3.620286e+00 3.981203e+00 3.147544e+00 2.993166e+00 1.110016e+00 4.516550e-01 4.587295e-01 3.994654e-01 4.689452e-01 6.564794e-01 7.340415e-01 7.605268e-01 5.969048e-01 6.583835e-01 5.549790e-01 5.509410e-01 4.883333e-01 1.866587e-01
<GCONST> 1.182920e+02
<MIXTURE> 2 2.449656e-01
<MEAN> 39
 -1.607829e+01 1.199315e+01 -4.286762e+00 1.084639e+01 4.218995e+00 3.794049e+00 4.248099e+00 -7.365846e-01 2.670471e+00 -2.488898e+00 3.050929e+00 -5.267731e-01 -1.663200e-01 -2.841856e+00 -1.143295e+00 -1.474065e+00 6.069633e-01 1.225920e+00 2.491027e+00 1.943183e+00 1.931597e+00 1.626580e+00 1.554486e+00 1.333913e+00 7.405400e-01 -1.594384e-01 1.472536e+00 -6.488052e-01 3.543833e-01 -9.360679e-01 -8.315427e-01 -1.023276e+00 -5.216301e-01 -2.490727e-01 -1.776756e-01 6.554491e-02 -2.871279e-01 3.277569e-01 2.697420e-01
<VARIANCE> 39
 1.197794e+01 2.353037e+01 1.608921e+01 2.127844e+01 2.268384e+01 2.928288e+01 3.017556e+01 2.573981e+01 2.740537e+01 2.097357e+01 2.218979e+01 1.666192e+01 1.351439e+01 1.810347e+00 1.540057e+00 1.707915e+00 2.089484e+00 2.299066e+00 2.513157e+00 1.947834e+00 2.021604e+00 2.531916e+00 2.195490e+00 1.966028e+00 1.801619e+00 1.006472e+00 2.814454e-01 4.679324e-01 3.581109e-01 4.501614e-01 3.863654e-01 6.046638e-01 5.306140e-01 4.739346e-01 5.132599e-01 5.012041e-01 4.983832e-01 4.117219e-01 2.410823e-01
<GCONST> 1.085365e+02
<MIXTURE> 3 3.022980e-01
<MEAN> 39
 -1.020937e+01 1.347714e+01 3.206376e+00 -5.168964e-01 7.729849e+00 -8.145379e+00 -9.057014e-01 -1.945331e+00 -1.103897e+00 8.993332e-02 -2.878656e+00 2.195683e+00 3.591092e+00 -4.282607e+00 1.494590e+00 -9.001009e-01 2.590517e-01 2.272997e+00 1.495255e+00 1.917007e+00 1.020749e+00 4.406983e-01 1.131086e-01 2.893626e-01 4.661903e-01 -5.416662e-01 5.995188e-01 -1.186695e+00 2.069926e-02 6.175760e-02 -7.077018e-01 5.847620e-01 -2.419206e-02 2.963945e-01 6.161342e-02 1.534670e-02 2.319672e-01 -2.054545e-01 6.569978e-02
<VARIANCE> 39
 2.243637e+01 1.652916e+01 2.454926e+01 2.591570e+01 3.233249e+01 3.231284e+01 3.617075e+01 2.989575e+01 2.689759e+01 2.906653e+01 2.030196e+01 1.874027e+01 1.086090e+01 2.855201e+00 3.075502e+00 2.917818e+00 2.816498e+00 3.029469e+00 3.604264e+00 3.444424e+00 3.277953e+00 3.055033e+00 2.544957e+00 2.317035e+00 2.299808e+00 7.737626e-01 4.542089e-01 3.638941e-01 3.542690e-01 3.153546e-01 5.480093e-01 5.996528e-01 5.487807e-01 5.034830e-01 4.599900e-01 4.472869e-01 3.865942e-01 3.551859e-01 1.232093e-01
<GCONST> 1.134837e+02
<MIXTURE> 4 2.046908e-01
<MEAN> 39
 -1.308730e+01 5.731716e+00 4.410928e+00 3.382581e-02 3.774258e+00 1.541596e+00 3.552862e-01 3.586497e-01 2.092659e+00 -7.455950e-01 1.743813e-01 5.337188e-01 1.233207e+00 -4.016254e+00 9.212527e-01 -5.178051e-01 -8.086432e-01 1.492740e+00 1.001316e+00 8.864047e-01 1.103796e+00 4.311045e-01 3.583832e-01 6.306935e-01 2.311538e-01 8.153705e-01 9.679562e-01 -1.000602e-01 -2.369356e-01 3.318952e-01 -2.266147e-01 -3.475261e-01 -5.515038e-02 -1.775901e-01 -2.514430e-01 9.456881e-02 -1.233041e-01 3.718254e-04 -2.931872e-01
<VARIANCE> 39
 3.784913e+01 3.633303e+01 8.017155e+01 5.133491e+01 5.203212e+01 4.826955e+01 5.771489e+01 3.835037e+01 3.636949e+01 3.117144e+01 2.753437e+01 1.907496e+01 1.801904e+01 5.048796e+00 3.879308e+00 4.508239e+00 4.436970e+00 5.564895e+00 5.270923e+00 5.123292e+00 4.727122e+00 4.415781e+00 3.423145e+00 2.862076e+00 2.413562e+00 2.101739e+00 7.264153e-01 6.964088e-01 1.190550e+00 8.095657e-01 9.177798e-01 9.588225e-01 1.048393e+00 8.649225e-01 8.495268e-01 6.272135e-01 5.644585e-01 4.554837e-01 3.307509e-01
<GCONST> 1.328349e+02
<STATE> 3
<NUMMIXES> 4
<MIXTURE> 1 2.777402e-01
<MEAN> 39
 -1.689053e+01 9.233073e+00 -6.993746e+00 1.032377e+01 2.158471e+00 6.022139e+00 4.526358e+00 2.067223e+00 5.287259e+00 4.833171e-01 5.886577e+00 1.259773e+00 8.021033e-02 -1.767014e-01 -5.142033e-01 -2.016678e-01 -3.171357e-01 -9.231520e-02 1.715431e-02 3.326528e-01 3.141894e-01 4.427473e-01 3.516358e-01 4.395019e-01 4.400917e-01 2.174111e-01 1.008711e+00 1.112855e-02 5.632622e-01 -4.351196e-01 -1.936662e-01 -8.874642e-01 -4.129258e-01 -4.942338e-01 -4.095239e-01 -3.918183e-01 -4.456360e-01 -1.250505e-01 -6.396154e-02
<VARIANCE> 39
 1.126990e+01 2.433398e+01 1.514746e+01 2.219404e+01 1.980483e+01 2.214831e+01 2.601268e+01 2.265783e+01 2.229539e+01 2.097075e+01 1.727619e+01 1.390650e+01 1.387608e+01 9.757857e-01 1.449077e+00 1.289834e+00 1.479004e+00 1.711859e+00 2.080785e+00 1.785100e+00 1.807300e+00 1.893514e+00 1.710765e+00 1.591733e+00 1.310141e+00 1.102978e+00 4.825285e-01 3.645179e-01 3.468787e-01 3.983569e-01 4.554888e-01 5.778481e-01 4.507525e-01 4.718275e-01 4.420656e-01 4.020284e-01 4.041575e-01 3.099937e-01 3.541521e-01
<GCONST> 1.038307e+02
<MIXTURE> 2 1.948579e-01
<MEAN> 39
 -1.944168e+01 1.275478e+01 -3.578799e+00 3.626541e+00 1.107300e+01 -3.318564e+00 9.919538e+00 -6.608012e-01 3.255863e+00 7.424878e-01 -7.600300e-04 3.729278e+00 1.775910e+00 -1.967734e-01 -9.862709e-01 -3.862960e-01 -4.367130e-01 -2.367998e-01 -8.734451e-02 3.077889e-01 5.168675e-01 4.188109e-01 3.924290e-01 8.073636e-02 2.136885e-01 4.374647e-01 1.851011e+00 -6.375757e-01 6.349880e-01 -4.432959e-01 -1.010468e+00 -4.930920e-01 -1.356830e+00 -2.638830e-01 -3.731881e-01 -1.042803e-01 -2.484378e-01 -3.941218e-01 1.111322e-01
<VARIANCE> 39
 1.149596e+01 2.391252e+01 1.813828e+01 2.524531e+01 2.398569e+01 2.484650e+01 2.461764e+01 2.895647e+01 2.812574e+01 2.121183e+01 2.879855e+01 1.568006e+01 1.129018e+01 3.892162e+00 1.778011e+00 2.315519e+00 2.513494e+00 2.792463e+00 2.886774e+00 3.061716e+00 2.610414e+00 2.355539e+00 2.086985e+00 1.853718e+00 1.656866e+00 8.023438e-01 5.437108e-01 5.441895e-01 3.956731e-01 5.285660e-01 5.276309e-01 7.469884e-01 5.696697e-01 6.149938e-01 5.818563e-01 5.157723e-01 5.140227e-01 4.116921e-01 2.760867e-01
<GCONST> 1.128572e+02
<MIXTURE> 3 2.242896e-01
<MEAN> 39
 -1.855346e+01 1.041584e+01 3.864316e+00 -2.744509e+00 1.135210e+01 2.683458e-02 6.899802e-01 4.285986e+00 -9.626577e-01 5.182193e-01 -9.470938e-01 8.253532e-01 2.708310e+00 -1.408423e+00 -7.697226e-01 -7.652062e-01 4.559977e-02 3.351114e-01 8.381121e-01 9.883668e-01 8.533808e-01 4.472632e-01 2.495746e-01 2.997999e-01 1.930617e-01 2.140117e-03 1.778451e+00 -6.777861e-01 -6.260895e-03 2.036038e-01 -1.019329e+00 -5.134636e-01 -4.771921e-01 -6.776783e-01 1.492458e-01 3.524970e-02 -1.476492e-01 -6.324648e-02 1.582949e-02
<VARIANCE> 39
 2.089131e+01 2.452095e+01 2.435328e+01 2.703095e+01 3.002559e+01 3.589085e+01 3.177936e+01 3.197143e+01 2.526689e+01 2.677440e+01 2.132127e+01 1.653705e+01 1.009565e+01 4.016880e+00 1.868573e+00 2.330513e+00 1.904482e+00 2.579874e+00 4.258466e+00 3.475963e+00 2.743988e+00 2.461607e+00 2.388247e+00 1.738742e+00 1.533078e+00 1.039018e+00 4.685723e-01 4.469832e-01 4.136207e-01 5.396394e-01 5.220479e-01 6.209491e-01 5.377484e-01 5.900556e-01 5.199094e-01 5.711629e-01 4.486564e-01 3.894675e-01 2.961541e-01
<GCONST> 1.144414e+02
<MIXTURE> 4 3.031123e-01
<MEAN> 39
 -1.796896e+01 7.262966e+00 -3.211086e+00 7.176117e-01 7.515663e+00 5.218130e-02 4.682154e+00 2.073473e+00 2.695422e+00 1.072945e+00 1.013215e+00 2.104108e+00 1.368104e+00 2.912634e-01 -3.885175e-01 3.042168e-02 -2.664759e-01 -1.382512e-01 -2.005052e-01 -1.291391e-01 -3.973404e-02 -7.993478e-02 -4.692744e-02 -3.719845e-02 -9.195358e-02 5.300059e-02 3.852789e-01 -1.083808e-01 1.788468e-01 8.773619e-03 -4.551969e-02 -7.072300e-02 -1.037176e-01 -5.168728e-02 -1.536517e-03 -2.774817e-02 -8.606486e-03 -4.578225e-02 -1.813606e-01
<VARIANCE> 39
 1.122281e+01 2.377369e+01 3.392143e+01 4.644130e+01 3.317698e+01 3.686909e+01 3.468525e+01 2.715004e+01 2.617636e+01 2.286767e+01 2.634366e+01 1.624115e+01 1.473620e+01 5.541272e-01 7.367988e-01 8.508586e-01 9.068396e-01 1.060174e+00 1.267336e+00 1.552163e+00 1.462356e+00 1.440434e+00 1.413183e+00 1.266154e+00 1.236240e+00 3.771450e-01 1.561403e-01 1.536981e-01 1.918278e-01 1.775601e-01 2.278852e-01 2.583633e-01 3.223329e-01 3.020151e-01 2.955866e-01 3.031197e-01 2.682922e-01 2.718849e-01 7.441040e-02
<GCONST> 9.397047e+01
<STATE> 4
<NUMMIXES> 4
<MIXTURE> 1 2.581002e-01
<MEAN> 39
 -1.603273e+01 8.722109e+00 -5.547832e+00 8.757798e+00 2.408430e+00 3.766251e+00 6.078278e+00 1.049565e+00 5.713745e+00 -7.361463e-01 6.174270e+00 1.242192e+00 8.610695e-01 3.293207e+00 -7.907027e-01 1.381759e+00 -1.621472e+00 -1.012578e+00 -2.531734e+00 -1.134921e+00 -1.070570e+00 -7.495434e-01 -6.262555e-01 -1.101410e+00 -5.565200e-02 -9.869813e-03 1.322085e+00 -3.672099e-01 4.799071e-01 -5.774375e-01 -3.877112e-01 -6.407329e-01 -6.642579e-01 -2.639204e-01 -4.890865e-01 -4.575642e-02 -7.574845e-01 -4.610458e-02 -1.417605e-01
<VARIANCE> 39
 1.350768e+01 2.472907e+01 1.732639e+01 2.661566e+01 2.490174e+01 2.969014e+01 2.707220e+01 2.865556e+01 2.443574e+01 2.238601e+01 1.761085e+01 1.739410e+01 1.350504e+01 3.870518e+00 2.298999e+00 2.372316e+00 2.987212e+00 4.716065e+00 4.011421e+00 3.478792e+00 3.365315e+00 2.894067e+00 2.550584e+00 3.155128e+00 2.035401e+00 3.600716e+00 4.995710e-01 4.236765e-01 4.226808e-01 4.990115e-01 6.481684e-01 8.615460e-01 6.592022e-01 7.159034e-01 6.954188e-01 5.650264e-01 5.225244e-01 4.761238e-01 5.846997e-01
<GCONST> 1.188936e+02
<MIXTURE> 2 2.340072e-01
<MEAN> 39
 -1.127798e+01 1.212593e+01 6.251565e-01 1.799422e+00 6.165276e+00 -6.348756e+00 6.709978e-01 -2.088819e+00 2.414510e-01 -4.555401e-01 -2.221930e+00 9.628329e-01 4.191446e+00 4.594065e+00 -2.208117e+00 5.598111e-01 -9.987410e-01 -2.509680e+00 -1.542918e+00 -2.172509e+00 -6.171963e-01 1.677782e-01 3.563105e-01 -4.197754e-01 -5.995376e-01 9.409221e-01 9.635015e-01 -9.515048e-01 1.757388e-01 -2.597203e-01 -6.413115e-01 2.354396e-01 -4.416439e-01 2.109686e-01 1.970206e-02 8.905283e-02 7.667159e-02 -1.410047e-01 6.386235e-02
<VARIANCE> 39
 2.337766e+01 1.783508e+01 2.388048e+01 3.515901e+01 3.680155e+01 3.275701e+01 3.923372e+01 3.334203e+01 2.724966e+01 2.976179e+01 2.071953e+01 1.968566e+01 1.053333e+01 3.720407e+00 2.930140e+00 2.747753e+00 2.735269e+00 2.600849e+00 4.088617e+00 4.395731e+00 3.169241e+00 3.129517e+00 2.642182e+00 2.536759e+00 2.570234e+00 7.165090e-01 4.622598e-01 3.068383e-01 3.560993e-01 4.447402e-01 4.307294e-01 6.736306e-01 6.417864e-01 5.465254e-01 5.484814e-01 4.767210e-01 4.256783e-01 4.586143e-01 1.307297e-01
<GCONST> 1.157454e+02
<MIXTURE> 3 2.124065e-01
<MEAN> 39
 -1.634633e+01 4.012761e+00 6.011427e+00 -3.597786e+00 6.374884e+00 4.575828e+00 -2.139943e+00 3.329733e+00 4.050111e+00 -6.870383e-01 8.572407e-01 7.796530e-01 2.219300e+00 2.748896e+00 -1.952803e+00 2.046155e-03 1.341056e+00 -1.671372e+00 4.244676e-01 -6.349875e-02 -1.333151e+00 4.242005e-01 1.479100e-01 -2.855173e-01 -2.231922e-01 -1.548723e+00 1.124102e+00 1.152797e-01 -6.161925e-01 5.938582e-01 -2.061488e-01 -5.796747e-01 2.529078e-01 -5.183742e-01 -4.643575e-01 1.622139e-01 -9.620087e-02 -2.428177e-02 -5.564315e-01
<VARIANCE> 39
 2.519460e+01 2.906991e+01 2.539010e+01 2.873592e+01 3.713522e+01 3.704553e+01 3.784417e+01 4.731030e+01 3.689025e+01 2.621128e+01 3.021423e+01 2.076011e+01 1.570548e+01 4.748703e+00 2.457052e+00 3.278394e+00 2.924010e+00 3.970117e+00 4.993876e+00 4.938830e+00 3.272861e+00 3.317501e+00 2.984538e+00 2.474436e+00 2.082433e+00 3.724673e+00 6.752666e-01 4.889146e-01 4.408981e-01 6.110631e-01 7.443824e-01 8.495561e-01 8.434594e-01 9.076564e-01 7.158071e-01 6.142598e-01 5.515148e-01 4.757804e-01 5.218450e-01
<GCONST> 1.254316e+02
<MIXTURE> 4 2.954860e-01
<MEAN> 39
 -1.758198e+01 6.644047e+00 -2.267857e+00 -3.750599e-01 9.014068e+00 -3.534289e+00 6.065660e+00 3.772513e+00 1.479968e+00 2.679784e+00 3.178807e-01 3.113613e+00 2.786561e+00 1.774719e+00 -1.398876e+00 1.074077e+00 -2.040113e-01 -1.916555e-01 1.703197e-01 -1.172535e+00 3.021992e-01 -4.201176e-02 2.468214e-01 -1.050337e-01 -3.716221e-01 -1.396801e+00 8.934362e-01 -9.915591e-02 1.946399e-01 4.617999e-01 -3.912138e-01 4.170195e-01 -3.951252e-01 -3.823150e-01 2.024571e-02 -1.913658e-01 5.571239e-03 -2.486222e-01 -8.649193e-01
<VARIANCE> 39
 1.578389e+01 2.308380e+01 2.269587e+01 3.340970e+01 3.297523e+01 3.102790e+01 2.791207e+01 2.885056e+01 2.764463e+01 2.249413e+01 2.894197e+01 1.565670e+01 1.905604e+01 2.456191e+00 2.671378e+00 2.241450e+00 2.554298e+00 3.007850e+00 3.201103e+00 2.441072e+00 2.885674e+00 2.765442e+00 2.204753e+00 2.124163e+00 1.565511e+00 3.464988e+00 4.094337e-01 3.743600e-01 3.984320e-01 4.051073e-01 6.473068e-01 5.125664e-01 4.935927e-01 5.221659e-01 4.271602e-01 4.089933e-01 3.895737e-01 3.475389e-01 5.174804e-01
<GCONST> 1.148582e+02
<STATE> 5
<NUMMIXES> 4
<MIXTURE> 1 2.030220e-01
<MEAN> 39
 2.160575e+00 2.839645e+00 -3.057773e-01 -3.402236e+00 4.609382e-01 -7.330234e+00 -5.804672e+00 -2.099039e+00 2.830860e+00 1.801529e+00 -3.517921e+00 -7.806880e-01 5.708250e+00 4.984542e+00 -3.389322e+00 -1.243551e-01 -1.180022e+00 -2.462692e+00 -9.285161e-02 -2.186821e+00 2.759281e-01 3.152394e-01 3.593062e-01 -2.598697e-01 -8.602214e-01 6.413404e-01 -1.152090e+00 1.478838e-01 -1.118899e-01 5.167801e-01 4.039302e-01 8.937352e-01 7.854075e-01 3.809702e-01 -1.577099e-01 -1.823771e-01 4.627479e-01 1.243209e-01 -3.722044e-01
<VARIANCE> 39
 2.182029e+01 2.407621e+01 3.437318e+01 2.289468e+01 4.088611e+01 3.763123e+01 3.312339e+01 3.118271e+01 3.410967e+01 4.074529e+01 2.218205e+01 2.303966e+01 1.723228e+01 3.362904e+00 3.941962e+00 4.073973e+00 5.710394e+00 4.975013e+00 6.103697e+00 6.191055e+00 5.767673e+00 4.926782e+00 5.085870e+00 4.909096e+00 3.475465e+00 2.697323e+00 5.147581e-01 4.553891e-01 4.067377e-01 5.651224e-01 6.738890e-01 8.843893e-01 7.604713e-01 6.416693e-01 5.861055e-01 5.844992e-01 5.777809e-01 4.687696e-01 3.060489e-01
<GCONST> 1.272612e+02
<MIXTURE> 2 3.184066e-01
<MEAN> 39
 -9.683679e+00 3.459917e+00 7.465587e-01 5.998530e+00 6.104354e+00 1.941254e+00 2.568224e+00 6.595026e-01 3.608247e+00 1.820443e+00 1.995763e+00 1.151148e+00 -6.707448e+00 2.872497e+00 -8.041716e-01 8.078903e-03 9.290549e-01 -3.151490e-01 5.660135e-01 -2.036587e-01 -6.939023e-01 -5.482198e-01 3.595197e-01 -8.524896e-02 -1.814778e-01 -3.828955e+00 -9.825747e-02 2.403738e-01 -2.336273e-01 -3.340032e-01 -2.260881e-01 -4.851435e-02 -6.811693e-02 1.322035e-02 -2.528169e-01 -2.116257e-01 -2.388348e-02 1.318062e-02 5.744013e-01
<VARIANCE> 39
 3.112805e+01 4.783675e+01 4.323104e+01 4.683091e+01 4.818968e+01 5.020761e+01 4.754194e+01 4.354068e+01 4.397346e+01 3.376521e+01 3.215376e+01 2.234547e+01 6.081363e+01 3.649621e+00 3.561306e+00 4.698190e+00 4.594267e+00 4.786721e+00 5.456736e+00 5.171638e+00 4.688432e+00 4.737543e+00 3.284467e+00 2.951598e+00 2.377979e+00 7.326782e+00 6.118302e-01 7.942513e-01 6.986686e-01 8.246830e-01 9.820364e-01 1.042565e+00 9.554366e-01 8.453910e-01 8.501931e-01 6.736286e-01 5.856848e-01 4.878484e-01 1.960557e+00
<GCONST> 1.361835e+02
<MIXTURE> 3 2.442308e-01
<MEAN> 39
 -1.705107e+00 7.467071e+00 1.174081e+00 3.649715e+00 -4.473180e+00 -7.239132e+00 -8.480197e-01 -4.712492e+00 -9.323909e-01 -3.886682e+00 -8.673362e-02 7.645253e-01 2.717469e+00 5.025726e+00 -2.162415e+00 1.325963e+00 -2.399161e+00 -2.582552e+00 -2.258887e+00 -1.606619e+00 -7.457363e-01 -1.225988e+00 2.552788e-01 -1.456854e+00 3.285143e-01 6.742772e-01 -6.445745e-01 -3.409617e-01 -1.703568e-01 -1.737846e-01 5.133018e-01 7.930425e-01 3.333948e-01 6.276920e-01 1.766124e-01 5.317944e-01 8.930647e-02 -1.742513e-02 -4.090277e-02
<VARIANCE> 39
 3.067379e+01 2.401328e+01 3.433339e+01 2.480087e+01 3.954786e+01 3.989001e+01 3.494281e+01 3.794910e+01 4.201910e+01 2.167186e+01 2.818458e+01 2.421623e+01 2.204121e+01 2.870643e+00 4.817673e+00 4.662830e+00 5.697095e+00 5.319517e+00 6.718428e+00 6.718132e+00 6.030514e+00 5.572838e+00 5.603038e+00 5.722158e+00 4.339666e+00 2.287969e+00 5.611192e-01 4.042731e-01 4.412869e-01 4.832388e-01 6.623710e-01 7.501172e-01 6.566439e-01 7.584983e-01 6.793653e-01 5.094480e-01 5.295414e-01 4.560080e-01 3.570729e-01
<GCONST> 1.287409e+02
<MIXTURE> 4 2.343407e-01
<MEAN> 39
 -1.007490e+01 9.852405e-02 -2.498791e+00 -8.504444e-01 5.424380e+00 3.501303e-02 2.453323e+00 2.015375e+00 2.692973e+00 2.930198e-01 8.882130e-01 1.049002e+00 -1.934348e+00 2.129719e+00 -1.085876e+00 -2.907284e-01 3.473534e-01 -2.816276e-01 2.974222e-01 -3.476804e-01 -2.022312e-01 1.665127e-03 -2.811521e-01 -1.234897e-01 -1.333202e-01 -2.023882e+00 -9.986524e-02 3.383047e-01 -9.525771e-02 2.261236e-01 9.220408e-02 1.739444e-01 1.309788e-01 -1.746319e-02 -3.159723e-02 4.792862e-02 3.334688e-02 7.636852e-02 -2.221508e-01
<VARIANCE> 39
 1.898428e+01 1.620205e+01 1.951428e+01 2.953060e+01 2.725349e+01 2.855901e+01 3.166722e+01 2.466553e+01 2.772504e+01 2.352528e+01 2.701678e+01 1.827394e+01 3.158082e+01 1.274333e+00 1.422130e+00 1.793710e+00 1.918094e+00 2.608585e+00 2.417661e+00 2.411772e+00 2.183671e+00 1.881546e+00 2.136827e+00 2.140198e+00 1.873276e+00 1.390319e+00 2.199827e-01 2.275069e-01 2.219598e-01 2.988941e-01 3.103913e-01 3.711956e-01 3.957515e-01 4.075150e-01 3.478402e-01 4.062271e-01 3.789041e-01 3.132978e-01 2.352643e-01
<GCONST> 1.064297e+02
<TRANSP> 6
 0.000000e+00 1.000000e+00 0.000000e+00 0.000000e+00 0.000000e+00 0.000000e+00
 0.000000e+00 5.683487e-01 4.316513e-01 0.000000e+00 0.000000e+00 0.000000e+00
 0.000000e+00 0.000000e+00 6.918133e-01 3.081867e-01 0.000000e+00 0.000000e+00
 0.000000e+00 0.000000e+00 0.000000e+00 4.954306e-01 5.045694e-01 0.000000e+00
 0.000000e+00 0.000000e+00 0.000000e+00 0.000000e+00 4.994505e-01 5.005494e-01
 0.000000e+00 0.000000e+00 0.000000e+00 0.000000e+00 0.000000e+00 0.000000e+00
<ENDHMM>
