~o
<STREAMINFO> 1 39
<VECSIZE> 39<NULLD><MFCC_D_A_Z_0><DIAGC>
~h "zh"
<BEGINHMM>
<NUMSTATES> 6
<STATE> 2
<NUMMIXES> 4
<MIXTURE> 1 3.227848e-01
<MEAN> 39
 -7.261270e+00 7.468854e+00 1.208141e+01 1.317067e+00 -2.807668e+00 -3.646336e+00 -4.425509e+00 -2.565886e+00 -3.416805e+00 -3.670222e+00 -1.687373e+00 2.195733e+00 2.993621e+00 -4.454039e+00 1.718124e+00 9.227059e-01 1.061793e-01 2.088309e+00 1.910268e+00 1.424284e+00 9.322724e-02 1.754564e-01 2.927624e-01 4.018778e-01 -1.536650e-01 -2.739450e-01 3.418368e-01 -8.941107e-01 -5.260237e-01 -1.354496e-02 -8.852054e-02 3.379804e-01 3.987949e-01 4.154934e-01 2.739643e-01 2.559963e-01 3.659649e-01 -4.552069e-02 9.684987e-02
<VARIANCE> 39
 2.038284e+01 1.963627e+01 2.412238e+01 3.942735e+01 2.366624e+01 2.852108e+01 3.739163e+01 2.881644e+01 2.914012e+01 2.232105e+01 3.173647e+01 2.306614e+01 1.162126e+01 3.303187e+00 2.575717e+00 2.753498e+00 2.242230e+00 4.825004e+00 4.693151e+00 2.217259e+00 2.582236e+00 3.003940e+00 4.169011e+00 3.006561e+00 2.337944e+00 1.068173e+00 4.688901e-01 2.589336e-01 5.003985e-01 5.086028e-01 4.365161e-01 7.457735e-01 7.517403e-01 6.468334e-01 4.087744e-01 5.913353e-01 5.997232e-01 4.307163e-01 9.399170e-02
<GCONST> 1.164617e+02
<MIXTURE> 2 1.645570e-01
<MEAN> 39
 -1.816833e+01 7.872602e+00 1.488743e+01 5.579767e-02 3.482040e+00 9.727512e+00 -2.002877e+00 -1.690496e+00 3.329997e+00 -4.965335e+00 2.494479e+00 -1.285135e+00 3.026606e+00 -3.735445e+00 -1.181144e+00 -1.852989e-01 3.953645e-01 8.888435e-01 3.311357e+00 2.166458e+00 1.050647e+00 2.070490e+00 1.439804e+00 2.131119e-01 -1.088808e-01 -1.081695e-02 1.637784e+00 -7.590454e-01 -7.436572e-01 -1.737704e-01 -1.066236e+00 -1.127388e+00 -1.618178e-02 1.589951e-01 -3.992018e-01 3.874353e-01 -6.209175e-02 4.218978e-01 2.129898e-01
<VARIANCE> 39
 1.705410e+01 1.850573e+01 1.451243e+01 1.089598e+01 8.376453e+00 3.317945e+01 3.025128e+01 1.208524e+01 1.348194e+01 2.004432e+01 1.811792e+01 9.254358e+00 3.930697e+00 2.369579e+00 1.818153e+00 1.815015e+00 1.344441e+00 2.792609e+00 2.641090e+00 1.465383e+00 2.981159e+00 2.293988e+00 2.590963e+00 1.014570e+00 1.481162e+00 4.557801e-01 3.723936e-01 4.094413e-01 2.716899e-01 3.857865e-01 5.408757e-01 3.527454e-01 3.270012e-01 2.761303e-01 1.809038e-01 8.096791e-01 2.093240e-01 2.417879e-01 8.266135e-02
<GCONST> 9.774810e+01
<MIXTURE> 3 2.215190e-01
<MEAN> 39
 -1.580517e+01 1.121913e+01 8.649524e+00 -1.720020e+00 9.075978e+00 -4.213625e-01 2.041452e-01 1.163414e+00 -4.131347e+00 -2.062892e-01 1.856572e+00 1.862929e+00 2.266719e+00 -4.242365e+00 4.302953e-01 -5.727674e-01 -1.118960e-01 2.529070e+00 2.326473e+00 1.802214e+00 1.185210e+00 6.598564e-01 1.453344e+00 6.092253e-01 2.000824e-01 -3.648301e-01 1.226247e+00 -9.916065e-01 -5.269629e-01 4.476694e-02 -1.031241e+00 -2.072278e-01 -8.723781e-02 9.367725e-02 3.879236e-01 -4.465112e-02 -2.653558e-01 1.191190e-01 1.409852e-01
<VARIANCE> 39
 1.669782e+01 1.458926e+01 2.488659e+01 1.281540e+01 2.132319e+01 1.810857e+01 2.269054e+01 2.620399e+01 1.706960e+01 1.794290e+01 1.314935e+01 1.476937e+01 1.107635e+01 3.048882e+00 1.902369e+00 2.786973e+00 1.797736e+00 2.298465e+00 3.495211e+00 2.259106e+00 2.152172e+00 2.198788e+00 2.764837e+00 2.024111e+00 1.740530e+00 1.091936e+00 3.690903e-01 3.040961e-01 3.148188e-01 4.972537e-01 3.411009e-01 5.019461e-01 5.015153e-01 7.662871e-01 6.547520e-01 4.077785e-01 3.043422e-01 2.828552e-01 3.120488e-01
<GCONST> 1.071664e+02
<MIXTURE> 4 2.911392e-01
<MEAN> 39
 -1.329340e+01 1.090016e+00 1.284044e+01 7.303245e+00 -4.276429e+00 -1.271061e+00 6.189229e+00 -3.568694e+00 1.251215e+00 -1.416166e+00 -9.744864e-01 1.798241e+00 4.570838e+00 -3.526488e+00 -1.201373e+00 -7.713510e-01 3.642566e-01 1.085640e+00 1.735225e+00 2.065120e+00 8.068435e-01 1.119509e+00 8.289913e-01 1.906369e-01 -2.957019e-01 2.598736e-01 1.093943e+00 -3.821118e-01 -5.842134e-01 -3.852321e-01 -6.754714e-02 -6.333526e-01 -7.076014e-01 5.675015e-01 -2.307033e-01 -2.184740e-01 2.226107e-01 6.265966e-03 9.681677e-02
<VARIANCE> 39
 1.623448e+01 1.635759e+01 1.478837e+01 2.358706e+01 2.317334e+01 3.805988e+01 2.774567e+01 1.703411e+01 1.564111e+01 1.741224e+01 1.331838e+01 1.595691e+01 1.466063e+01 2.280205e+00 1.088017e+00 2.122449e+00 2.390010e+00 9.059175e-01 2.407139e+00 2.185074e+00 2.417280e+00 2.054927e+00 2.199854e+00 2.220816e+00 2.017249e+00 3.473871e-01 4.306059e-01 3.501788e-01 2.589877e-01 3.925595e-01 2.870664e-01 6.171559e-01 3.951863e-01 3.352447e-01 4.331052e-01 3.036673e-01 2.469147e-01 3.209226e-01 1.228209e-01
<GCONST> 1.020419e+02
<STATE> 3
<NUMMIXES> 4
<MIXTURE> 1 2.178771e-01
<MEAN> 39
 -1.270823e+01 2.606829e+00 1.350161e+01 5.634611e+00 -5.914998e+00 -8.441179e-02 3.375674e+00 -2.090215e+00 -1.339798e+00 -3.595764e+00 -1.757865e+00 1.627000e+00 5.455174e+00 5.957668e-01 -3.757268e-01 -3.598993e-01 6.167354e-02 -3.685420e-01 -7.478799e-01 2.628887e-01 5.590342e-01 -2.560486e-01 -3.401739e-02 5.380435e-01 8.413429e-02 2.317346e-01 1.548837e+00 -2.156282e-01 -4.787365e-01 -1.136846e-01 -1.924328e-01 -7.923672e-01 -8.626237e-01 1.471325e-01 6.053475e-02 -1.691994e-01 2.126827e-01 -5.684907e-02 -5.222751e-02
<VARIANCE> 39
 1.246239e+01 1.638489e+01 1.016805e+01 3.125966e+01 1.849978e+01 3.153927e+01 4.403347e+01 2.000570e+01 3.038947e+01 2.801065e+01 1.125757e+01 1.868078e+01 5.744306e+00 2.006921e+00 4.054771e-01 7.148059e-01 1.467035e+00 8.312098e-01 1.565771e+00 2.680628e+00 8.781027e-01 1.368536e+00 1.214282e+00 1.218437e+00 1.054333e+00 1.411383e-01 4.164590e-01 3.059340e-01 3.241905e-01 3.759775e-01 2.431151e-01 2.881519e-01 4.593416e-01 3.025160e-01 4.378442e-01 6.076826e-01 2.729449e-01 3.930260e-01 7.506502e-02
<GCONST> 9.456974e+01
<MIXTURE> 2 3.407821e-01
<MEAN> 39
 -2.130777e+01 5.090724e+00 1.113722e+01 -6.957033e-01 3.758075e+00 1.006167e+01 2.986258e+00 1.448921e+00 5.452865e+00 1.006450e-01 4.740395e+00 1.419358e+00 3.646395e+00 -1.222731e-01 -1.013971e+00 -6.315499e-01 -2.453412e-01 -1.018604e+00 -8.646284e-02 5.940239e-01 -3.304109e-02 2.276508e-01 2.524958e-01 1.097116e-01 3.134255e-01 1.738861e-01 1.234029e+00 1.502520e-01 1.575090e-02 1.503734e-01 -5.338069e-01 -9.864722e-01 -3.588609e-01 -4.839915e-01 -6.869444e-01 -3.555263e-01 -2.294732e-01 -1.267643e-01 -5.466057e-02
<VARIANCE> 39
 7.339158e+00 1.222078e+01 1.690914e+01 1.335105e+01 1.773255e+01 2.693892e+01 2.375882e+01 2.077910e+01 1.989329e+01 1.450778e+01 1.546583e+01 9.580493e+00 4.217078e+00 1.544958e+00 1.412215e+00 1.531514e+00 8.514578e-01 2.636248e+00 1.419640e+00 1.518450e+00 1.569477e+00 1.336551e+00 1.538452e+00 7.632410e-01 7.768124e-01 5.066915e-01 6.016836e-01 1.657836e-01 2.307625e-01 1.826378e-01 2.570712e-01 5.165272e-01 3.184435e-01 2.029762e-01 3.835919e-01 3.514188e-01 1.774079e-01 2.309290e-01 6.653820e-02
<GCONST> 9.067995e+01
<MIXTURE> 3 1.731844e-01
<MEAN> 39
 -1.817020e+01 -4.069269e+00 4.785803e+00 7.127522e+00 -1.626180e+00 -2.608799e+00 5.446422e+00 5.944651e+00 5.661917e+00 -1.370032e+00 2.961246e+00 2.428585e+00 6.818031e+00 -1.060558e-01 -5.550537e-01 -1.336967e+00 -5.695021e-01 1.370112e-01 -7.288740e-01 -2.664929e-01 9.789798e-01 4.244869e-01 -1.753906e-01 5.594288e-01 2.584761e-01 3.440514e-01 1.153065e+00 3.329524e-01 1.452594e-01 -6.440454e-03 -4.942372e-02 -3.650508e-01 -4.619458e-01 -6.367568e-01 -3.264992e-01 3.417769e-02 -1.957192e-01 -9.574264e-02 -3.480250e-01
<VARIANCE> 39
 2.205525e+00 1.086589e+01 1.851762e+01 2.200817e+01 3.953842e+01 2.459420e+01 4.731585e+01 3.092840e+01 1.555620e+01 2.296690e+01 2.445146e+01 1.256384e+01 2.081416e+01 2.215214e+00 1.421910e+00 4.567467e+00 2.600714e+00 6.569918e-01 2.024940e+00 2.103638e+00 2.788698e+00 3.450442e+00 2.239891e+00 1.797482e+00 9.073625e-01 1.318894e+00 4.945510e-01 3.446103e-01 2.785673e-01 4.747662e-01 1.936289e-01 4.745435e-01 3.418455e-01 4.153825e-01 2.824539e-01 4.011119e-01 4.038909e-01 2.998228e-01 1.804214e-01
<GCONST> 1.040286e+02
<MIXTURE> 4 2.681564e-01
<MEAN> 39
 -1.996665e+01 1.071768e+01 5.822054e+00 -1.239642e+00 1.167525e+01 1.782089e+00 3.992404e+00 4.057889e+00 -1.363090e+00 3.818103e+00 2.461073e+00 1.713311e+00 4.121514e+00 -5.571187e-01 -9.466902e-02 -3.287116e-01 -1.943958e-01 1.694358e-01 6.608025e-01 1.180005e-01 4.590402e-01 1.099240e-01 2.010742e-01 1.751226e-01 -1.848411e-01 -5.124915e-03 1.083062e+00 -1.679505e-01 2.382179e-01 -3.611276e-02 -9.619913e-01 -4.698821e-01 -4.611618e-01 -4.850046e-01 -1.494675e-01 -3.797426e-01 -1.282471e-01 -1.664290e-01 -6.464415e-02
<VARIANCE> 39
 1.626496e+01 2.273226e+01 2.282328e+01 1.142229e+01 1.742352e+01 2.580831e+01 3.815686e+01 1.501263e+01 1.842373e+01 1.198787e+01 1.857503e+01 1.216419e+01 1.006313e+01 1.166528e+00 1.665161e+00 2.414597e+00 8.290105e-01 2.161736e+00 2.037064e+00 1.938193e+00 1.533733e+00 1.792873e+00 1.329342e+00 1.225657e+00 1.147601e+00 5.302780e-01 6.147927e-01 2.685669e-01 2.304160e-01 1.784016e-01 4.229489e-01 6.601118e-01 4.046617e-01 5.166076e-01 3.578034e-01 3.687902e-01 4.511311e-01 3.448604e-01 2.899507e-01
<GCONST> 1.002867e+02
<STATE> 4
<NUMMIXES> 4
<MIXTURE> 1 3.114754e-01
<MEAN> 39
 -1.006860e+01 3.337720e+00 1.319852e+01 3.914774e+00 -6.406455e+00 -2.167693e+00 1.677956e+00 -2.534011e+00 -2.341027e+00 -1.006955e+00 1.563123e+00 6.627352e-01 5.943269e+00 4.735260e+00 -1.024302e+00 -1.097370e+00 4.892145e-01 -1.639736e+00 -3.196978e+00 -1.621887e+00 -2.734862e-01 -8.356018e-01 -4.083100e-01 3.116343e-01 -1.210525e-01 -1.014443e-01 8.532236e-01 -4.251685e-01 -5.881426e-01 -7.309359e-02 4.141375e-01 -1.455097e-01 -6.137089e-01 4.590422e-01 2.041989e-01 -1.643674e-01 -1.141312e-01 5.370014e-02 -2.814005e-01
<VARIANCE> 39
 1.314543e+01 1.765088e+01 2.401954e+01 2.447772e+01 1.299685e+01 2.917109e+01 3.325656e+01 3.036349e+01 2.350366e+01 2.402843e+01 1.112165e+01 1.195053e+01 6.158118e+00 3.457259e+00 1.337249e+00 1.837352e+00 1.580489e+00 3.255186e+00 2.943338e+00 3.591105e+00 1.490558e+00 2.998677e+00 2.594699e+00 1.191979e+00 1.951312e+00 5.324106e-01 2.979946e-01 2.454868e-01 3.697919e-01 3.943428e-01 4.011448e-01 4.273027e-01 8.181888e-01 5.050566e-01 3.474022e-01 7.363588e-01 2.986031e-01 2.859031e-01 1.412373e-01
<GCONST> 1.052305e+02
<MIXTURE> 2 1.475410e-01
<MEAN> 39
 -1.848081e+01 9.502187e+00 3.486172e+00 -1.963970e+00 1.008468e+01 1.132426e+00 3.461129e+00 -1.738145e-01 -1.913744e+00 -4.734118e-01 2.616471e+00 1.394647e+00 1.946012e+00 2.000589e+00 4.482528e-02 -8.748814e-01 3.250156e-01 -1.229860e+00 -6.137654e-01 3.341217e-01 3.172833e-02 1.251872e-01 -2.158285e-01 -2.211988e-01 -9.153505e-02 -5.459855e-01 1.237760e+00 -4.080252e-01 4.338739e-02 2.386810e-01 -9.430846e-01 -3.889400e-01 -2.939331e-01 -2.391812e-01 3.796607e-01 5.986701e-02 -3.677366e-01 1.191719e-01 2.705508e-02
<VARIANCE> 39
 1.355626e+01 1.012244e+01 3.941817e+01 1.272244e+01 1.923130e+01 7.904643e+00 2.890265e+01 1.180521e+01 2.120108e+01 1.236573e+01 2.088549e+01 9.374002e+00 2.685388e+01 4.075706e+00 3.592257e+00 1.662032e+00 2.296311e+00 4.417502e+00 4.969229e+00 2.492941e+00 2.504730e+00 2.459889e+00 2.723991e+00 5.415315e+00 2.422843e+00 6.100841e+00 5.993700e-01 1.805088e-01 4.020249e-01 4.354904e-01 4.354008e-01 4.747307e-01 5.194168e-01 3.664371e-01 4.873736e-01 4.661997e-01 5.406114e-01 2.725607e-01 1.066794e+00
<GCONST> 1.125037e+02
<MIXTURE> 3 3.688525e-01
<MEAN> 39
 -1.920019e+01 2.262113e+00 9.794660e+00 -8.523464e-01 -6.309431e-01 8.109365e+00 3.219324e+00 1.452783e+00 2.093412e+00 -5.832739e-01 2.852243e+00 8.981528e-01 3.765663e+00 4.001947e+00 -3.510599e-01 3.001627e-02 6.672264e-01 -2.574908e+00 -2.660006e+00 -8.030089e-01 -1.375630e+00 -1.572799e+00 -7.454810e-01 -8.695118e-01 -7.125050e-01 -8.032315e-02 1.682247e+00 4.209740e-02 -7.746306e-02 2.063092e-01 -1.185654e-01 -9.641911e-01 -7.800345e-01 -8.829793e-02 -3.588406e-01 -7.226330e-02 -1.427314e-01 -1.315858e-01 -5.687854e-02
<VARIANCE> 39
 1.149527e+01 1.269436e+01 2.759505e+01 1.813393e+01 3.179885e+01 1.248830e+01 2.073566e+01 1.995942e+01 2.260469e+01 1.040686e+01 2.093240e+01 1.440407e+01 1.187706e+01 3.764342e+00 8.848248e-01 2.287506e+00 1.477973e+00 1.812134e+00 2.737317e+00 3.676291e+00 2.185165e+00 1.588829e+00 2.005671e+00 1.705796e+00 9.459793e-01 5.387106e-01 3.152018e-01 2.613034e-01 4.580263e-01 2.936325e-01 5.862094e-01 4.067284e-01 6.845983e-01 3.140447e-01 4.012046e-01 4.620641e-01 3.976173e-01 2.572433e-01 1.399534e-01
<GCONST> 1.022494e+02
<MIXTURE> 4 1.721312e-01
<MEAN> 39
 -1.459643e+01 -5.930378e+00 1.154927e+00 5.149298e+00 -2.798292e-01 -4.151409e+00 4.751557e+00 4.830187e+00 6.057876e+00 -9.214624e-01 8.843887e-01 4.422444e+00 4.283933e+00 3.028355e+00 4.337347e-01 -1.664142e+00 -2.184113e-01 1.433918e+00 3.981771e-01 -8.082469e-01 -7.291127e-01 4.503351e-01 4.561491e-01 -4.293475e-01 -4.007732e-01 -1.869660e+00 1.036989e+00 7.310671e-01 1.049810e-01 1.102724e-01 4.507107e-01 7.196301e-01 -2.362450e-01 -6.445319e-01 -3.599429e-01 2.161856e-01 -2.194377e-01 -2.292108e-01 -6.038657e-01
<VARIANCE> 39
 1.183966e+01 1.276094e+01 2.290128e+01 3.333480e+01 1.852182e+01 1.913322e+01 3.490476e+01 3.433984e+01 3.695671e+01 4.364544e+01 1.874420e+01 2.165144e+01 1.695376e+01 3.534291e+00 1.837832e+00 2.513616e+00 1.502424e+00 2.321050e+00 3.674306e+00 1.992097e+00 2.956514e+00 1.555509e+00 1.447084e+00 1.185621e+00 7.463559e-01 2.177055e+00 1.415231e-01 2.562804e-01 5.155721e-01 3.731846e-01 2.528037e-01 5.590154e-01 4.920009e-01 3.264799e-01 6.131918e-01 4.274510e-01 5.369232e-01 2.464419e-01 4.071429e-01
<GCONST> 1.080876e+02
<STATE> 5
<NUMMIXES> 4
<MIXTURE> 1 6.173913e-01
<MEAN> 39
 -1.280452e-01 1.634445e+00 8.080601e+00 2.884088e+00 -7.572665e+00 -6.654254e+00 -3.510298e+00 -1.855391e+00 -2.587608e+00 -4.111605e+00 -1.274702e-01 1.822621e-01 4.275546e+00 5.415527e+00 -1.707102e+00 -1.691554e+00 -1.134977e-01 -9.055387e-01 -2.146815e+00 -2.515956e+00 2.781090e-01 -7.957093e-02 -6.506766e-01 -5.464062e-01 1.271220e-01 -3.179581e-01 -6.523409e-01 -8.584374e-02 -2.741969e-01 -1.674141e-01 8.393692e-01 7.691160e-01 1.493351e-01 3.533377e-01 4.015324e-01 3.899103e-01 1.066604e-02 1.818673e-01 -1.410784e-01
<VARIANCE> 39
 2.892862e+01 2.254434e+01 2.009391e+01 3.307335e+01 2.336719e+01 3.049070e+01 2.450913e+01 2.538745e+01 2.170160e+01 2.675550e+01 2.007680e+01 1.984236e+01 1.046299e+01 3.853113e+00 2.152937e+00 5.262275e+00 2.234557e+00 6.077476e+00 4.532180e+00 6.622799e+00 4.131834e+00 5.503345e+00 4.785519e+00 3.720174e+00 2.650011e+00 2.459400e+00 5.524576e-01 3.446600e-01 2.232596e-01 3.496066e-01 5.219764e-01 6.747516e-01 6.253507e-01 6.212568e-01 5.141064e-01 7.438822e-01 4.074474e-01 5.202199e-01 1.297187e-01
<GCONST> 1.192697e+02
<MIXTURE> 2 1.739130e-01
<MEAN> 39
 -2.487739e+00 1.968076e-02 -3.419342e+00 4.006033e+00 5.470579e+00 -2.170297e+00 2.932760e-01 -3.713232e+00 4.200974e+00 1.806127e+00 -1.592722e+00 1.361531e+00 -5.477730e-01 4.277197e+00 1.898015e+00 -1.337160e+00 -1.177310e+00 7.373478e-01 4.188672e-01 -1.915642e+00 -8.534180e-01 -1.296184e+00 2.526611e-01 2.139588e-01 2.149178e-01 -1.077499e+00 -5.802060e-01 -3.543014e-02 6.931258e-01 -4.878375e-01 -8.410570e-01 4.815008e-01 3.027398e-01 3.795758e-01 -3.202671e-01 -5.100898e-01 8.678716e-02 3.182244e-01 2.644883e-01
<VARIANCE> 39
 3.326945e+01 6.519185e+01 1.851902e+01 5.053534e+01 3.080677e+01 4.161644e+01 2.123429e+01 1.781327e+01 4.512894e+01 2.092605e+01 2.026887e+01 4.756883e+00 1.854281e+01 2.642626e+00 3.307012e+00 4.258862e+00 4.712783e+00 8.173441e+00 5.685567e+00 5.445343e+00 4.931376e+00 2.772662e+00 2.340557e+00 3.395506e+00 1.812832e+00 1.353712e+00 7.317349e-01 8.322628e-01 7.030123e-01 7.193783e-01 7.563054e-01 8.016448e-01 7.527904e-01 4.503979e-01 7.154693e-01 3.574894e-01 3.472472e-01 1.253986e-01 3.556441e-01
<GCONST> 1.216275e+02
<MIXTURE> 3 1.304348e-01
<MEAN> 39
 -1.515723e+01 8.450129e+00 -1.717374e+00 2.682955e+00 5.961015e+00 -1.478192e+00 9.418445e+00 1.248177e+00 2.907412e+00 3.646238e+00 2.932718e+00 2.588377e+00 3.286923e+00 1.365143e+00 -5.270164e-01 -5.537586e-03 5.744532e-01 -2.868901e-01 2.414566e-01 -6.496075e-01 8.831006e-02 2.241407e-01 5.327750e-01 2.019721e-02 -9.199496e-01 7.609862e-02 3.093385e-01 -2.734194e-01 2.936206e-01 1.712906e-02 4.150251e-02 8.922800e-02 -7.294975e-01 9.604740e-02 -9.253914e-03 -2.546420e-01 -1.301055e-01 -9.031130e-02 6.898366e-02
<VARIANCE> 39
 6.128779e+00 2.162559e+01 4.298069e+01 1.841775e+01 2.070442e+01 2.452612e+01 6.786278e+00 6.603259e+00 1.513422e+01 8.579879e+00 9.972218e+00 1.025086e+01 1.289262e+01 2.157711e+00 1.606001e+00 6.571602e-01 1.340082e+00 1.698982e+00 2.887966e+00 1.962064e+00 6.477934e-01 2.433867e+00 2.164901e+00 1.514215e+00 9.611466e-01 6.352006e-01 4.766960e-01 6.963803e-02 4.265715e-01 1.632167e-01 2.545072e-01 4.162144e-01 5.010169e-01 1.403652e-01 4.903508e-01 3.007450e-01 8.737181e-02 1.420342e-01 2.047236e-01
<GCONST> 9.099124e+01
<MIXTURE> 4 7.826087e-02
<MEAN> 39
 -1.233415e+01 5.009610e+00 1.720575e+00 2.529828e+00 9.610531e+00 4.242893e+00 3.745029e+00 6.333885e+00 2.438770e+00 -3.410843e+00 2.344175e-01 7.383116e-01 -1.100945e+01 3.698266e+00 5.007856e-01 -1.397513e+00 1.401420e+00 -5.848582e-01 1.007712e+00 4.673524e-01 -1.732717e+00 6.527332e-01 2.199363e-01 -5.782861e-01 -9.745643e-02 -4.300921e+00 2.428010e-01 -2.308892e-01 4.501195e-01 -1.476214e-01 -4.247035e-01 -6.012891e-01 -1.802481e-01 -5.983729e-01 -1.919519e-01 3.661874e-01 4.711388e-02 -1.941278e-02 1.415032e+00
<VARIANCE> 39
 2.377925e+01 1.883847e+01 3.041343e+01 2.101795e+01 2.683278e+00 8.476670e+00 3.212125e+01 3.388436e+01 4.115415e+01 2.455596e+01 6.094973e+01 4.379079e+01 4.215213e+01 2.066207e+00 2.178350e+00 1.967196e+00 1.668709e+00 4.106990e+00 8.060230e+00 1.998923e+00 2.770292e+00 1.356856e+00 3.234819e+00 2.856689e+00 7.382748e-01 8.672113e+00 4.733907e-01 4.436066e-01 3.862760e-01 4.502517e-01 3.726138e-01 4.412892e-01 4.698052e-01 3.792144e-01 1.315582e-01 3.470219e-01 8.356023e-01 5.436625e-01 1.151215e+00
<GCONST> 1.146226e+02
<TRANSP> 6
 0.000000e+00 1.000000e+00 0.000000e+00 0.000000e+00 0.000000e+00 0.000000e+00
 0.000000e+00 6.265823e-01 3.734177e-01 0.000000e+00 0.000000e+00 0.000000e+00
 0.000000e+00 0.000000e+00 6.703911e-01 3.296089e-01 0.000000e+00 0.000000e+00
 0.000000e+00 0.000000e+00 0.000000e+00 5.163934e-01 4.836065e-01 0.000000e+00
 0.000000e+00 0.000000e+00 0.000000e+00 0.000000e+00 4.869565e-01 5.130435e-01
 0.000000e+00 0.000000e+00 0.000000e+00 0.000000e+00 0.000000e+00 0.000000e+00
<ENDHMM>
