~o
<STREAMINFO> 1 39
<VECSIZE> 39<NULLD><MFCC_D_A_Z_0><DIAGC>
~h "ah"
<BEGINHMM>
<NUMSTATES> 6
<STATE> 2
<NUMMIXES> 4
<MIXTURE> 1 5.116499e-01
<MEAN> 39
 -5.715045e-01 -7.437560e+00 -2.191735e+00 1.962647e+00 2.128305e+00 6.099464e+00 3.309790e+00 -3.758805e+00 -1.660283e+00 2.073893e+00 9.189190e-01 2.892429e+00 1.322503e+01 -1.514558e-02 -1.096329e-01 -7.573818e-02 2.302627e-01 1.719312e-01 -4.741582e-02 -2.196809e-01 -1.757228e-02 2.932067e-02 -4.960907e-02 7.685824e-02 4.086895e-02 -2.868007e-02 5.943338e-02 9.966588e-02 1.104400e-02 -1.160046e-01 -1.270733e-01 -1.143101e-01 2.163623e-02 7.418638e-02 3.450337e-02 -5.353926e-02 -5.489112e-02 -4.247951e-02 -8.497187e-02
<VARIANCE> 39
 1.141287e+01 2.798876e+01 2.568539e+01 7.627737e+01 4.780659e+01 5.928894e+01 7.139436e+01 7.144032e+01 8.347837e+01 8.467030e+01 7.425861e+01 9.620616e+01 1.969057e+01 2.777274e-01 5.916204e-01 7.910458e-01 1.545072e+00 1.324258e+00 1.681668e+00 1.865804e+00 1.963161e+00 1.912340e+00 2.121855e+00 2.046154e+00 1.958719e+00 1.477208e-01 4.583396e-02 9.388564e-02 1.342992e-01 2.083487e-01 2.385051e-01 3.051340e-01 3.097225e-01 3.322367e-01 3.337717e-01 3.473023e-01 3.427306e-01 3.408421e-01 3.183658e-02
<GCONST> 1.019301e+02
<MIXTURE> 2 2.261768e-01
<MEAN> 39
 2.645001e+00 -2.665096e+00 -2.165163e+00 -3.943630e+00 -3.288213e+00 2.140180e+00 5.584726e+00 2.338141e-03 -1.130262e+00 -2.134306e+00 -4.791360e+00 -1.296664e+00 1.060111e+01 -3.268027e-01 -9.603274e-01 -5.964313e-01 5.213033e-01 9.318906e-01 9.573811e-01 4.393313e-01 -2.497655e-01 -4.473023e-01 -2.925842e-01 2.723757e-01 3.053237e-01 7.715004e-01 -9.809610e-02 3.034327e-01 2.206173e-01 3.436517e-01 1.412758e-01 -2.455404e-01 -4.813151e-01 -5.855910e-02 2.198112e-02 1.740981e-01 3.290997e-01 4.158504e-02 -5.063137e-01
<VARIANCE> 39
 1.625232e+01 3.389227e+01 3.826290e+01 6.202397e+01 4.884500e+01 6.406542e+01 7.442414e+01 7.731164e+01 6.071069e+01 5.782928e+01 5.005713e+01 5.175198e+01 3.270099e+01 6.840531e-01 1.456811e+00 1.588410e+00 2.931453e+00 2.697633e+00 3.349640e+00 3.943956e+00 4.073583e+00 3.947873e+00 3.624830e+00 3.385096e+00 3.196909e+00 8.135373e-01 2.330946e-01 1.942397e-01 3.006102e-01 4.423364e-01 4.879138e-01 6.998097e-01 6.682691e-01 7.387254e-01 6.800686e-01 6.266968e-01 5.779926e-01 5.224171e-01 1.647175e-01
<GCONST> 1.225795e+02
<MIXTURE> 3 1.004255e-01
<MEAN> 39
 4.171553e+00 -4.550675e-01 -4.454379e+00 -6.913433e-02 2.210203e+00 6.435730e+00 1.682229e+01 2.714209e+01 1.416282e+01 -9.939956e+00 -3.114546e+01 -1.438908e+01 6.999022e+00 -1.700908e-02 -3.213488e-02 4.169154e-02 -1.335211e-02 1.816029e-02 5.698511e-03 -2.410618e-02 1.629400e-04 1.010320e-01 -2.972423e-02 -4.389694e-02 -6.208335e-02 -9.695681e-03 -2.115153e-03 -7.319680e-03 -4.014486e-03 -2.188476e-02 -2.198772e-02 9.782216e-03 -2.087867e-02 -5.264857e-02 1.468524e-02 3.373568e-02 6.110024e-02 -1.897040e-02 -4.816724e-03
<VARIANCE> 39
 2.799284e+01 2.864001e+01 2.221810e+01 4.552640e+01 3.669928e+01 7.058087e+01 7.429854e+01 4.922836e+01 9.918520e+01 1.768283e+02 8.638783e+01 2.396322e+02 2.085931e+01 1.627120e-01 3.773831e-01 5.691151e-01 5.487405e-01 7.879323e-01 9.036688e-01 9.800639e-01 1.064559e+00 1.382571e+00 1.793369e+00 1.181282e+00 1.754737e+00 6.400110e-02 2.808672e-02 5.641587e-02 1.058455e-01 1.053147e-01 1.514531e-01 1.670482e-01 1.699421e-01 1.995728e-01 2.220253e-01 2.398085e-01 2.249672e-01 2.274251e-01 1.031135e-02
<GCONST> 9.024699e+01
<MIXTURE> 4 1.617478e-01
<MEAN> 39
 2.084143e+00 -2.356898e+00 -1.775689e+00 -3.823963e+00 -2.771301e+00 9.080191e-01 3.848295e+00 6.544930e+00 9.657456e+00 6.717384e+00 -1.044705e+00 -6.348650e+00 8.682537e+00 5.653746e-03 -5.396512e-01 -1.310470e-01 -1.651713e-01 2.629851e-01 3.806787e-01 1.752657e-01 -9.759415e-02 3.031425e-01 2.767285e-01 -6.241526e-02 -1.235929e-01 7.959858e-01 -2.273063e-01 8.332398e-02 4.547514e-02 3.180444e-01 2.722968e-01 5.738624e-02 -3.371748e-02 -1.509071e-01 -3.249707e-01 -1.916012e-01 6.500579e-02 2.685898e-01 -2.942643e-01
<VARIANCE> 39
 2.447420e+01 4.412261e+01 3.927193e+01 6.805369e+01 6.461932e+01 7.384207e+01 9.491222e+01 1.370793e+02 1.488469e+02 1.678213e+02 2.300769e+02 2.583811e+02 3.483836e+01 1.924695e+00 2.594432e+00 2.797991e+00 4.505364e+00 4.314600e+00 5.871639e+00 6.039933e+00 6.405980e+00 6.539863e+00 7.216264e+00 9.030443e+00 9.547191e+00 2.703394e+00 3.691631e-01 3.571145e-01 4.788258e-01 6.965374e-01 8.189802e-01 1.011924e+00 1.012172e+00 1.096919e+00 1.144824e+00 1.189112e+00 1.484660e+00 1.501774e+00 3.665882e-01
<GCONST> 1.464009e+02
<STATE> 3
<NUMMIXES> 4
<MIXTURE> 1 4.365339e-01
<MEAN> 39
 3.889437e+00 -3.117723e+00 -5.634930e+00 3.897506e-01 6.678627e-01 1.100858e-01 1.913205e+00 3.100703e-01 -7.227536e-01 -4.228832e+00 -2.607753e+00 -1.961462e+00 9.482398e+00 5.897637e-02 5.808419e-02 5.036760e-03 -4.776840e-02 -9.132654e-03 -2.235134e-02 -9.916637e-02 -2.604452e-02 4.015707e-02 -2.469950e-02 -3.912986e-02 -4.289468e-02 -1.069886e-01 1.383116e-02 3.523592e-02 5.070023e-02 -2.045466e-02 -1.483272e-02 -1.014285e-02 1.946991e-02 1.465733e-02 9.735531e-03 3.844338e-02 -8.222807e-03 1.084767e-02 -2.425184e-02
<VARIANCE> 39
 1.969704e+01 3.338890e+01 4.624138e+01 9.859563e+01 5.121307e+01 7.545578e+01 6.859186e+01 8.037333e+01 5.798373e+01 5.915766e+01 5.201136e+01 6.288360e+01 2.195867e+01 1.791637e-01 3.773735e-01 6.032445e-01 8.833766e-01 1.023186e+00 1.208756e+00 1.346521e+00 1.450950e+00 1.442080e+00 1.393859e+00 1.333240e+00 1.254046e+00 1.166136e-01 2.703886e-02 5.748968e-02 9.561601e-02 1.394608e-01 1.717730e-01 2.089950e-01 2.308631e-01 2.437689e-01 2.392450e-01 2.363382e-01 2.280584e-01 2.135163e-01 1.587948e-02
<GCONST> 9.238341e+01
<MIXTURE> 2 3.681212e-01
<MEAN> 39
 2.966002e+00 -1.253377e+00 -4.426852e+00 -2.612176e+00 1.609408e+00 1.013941e+00 2.007152e+00 2.249110e+00 4.327440e-01 -3.125242e+00 -2.549401e+00 -1.581338e+00 1.034501e+01 1.211516e-02 1.242925e-02 -1.064467e-02 3.385515e-02 -1.244963e-02 -3.358462e-02 -1.351407e-06 5.445589e-03 -4.375302e-03 4.900027e-03 -1.707542e-03 -9.631958e-03 -2.361130e-02 -6.636990e-04 -5.226644e-03 -1.806014e-04 -1.667282e-02 -3.389949e-02 -2.075342e-02 -8.247909e-03 -2.258519e-02 -6.918164e-03 -7.492026e-03 -1.971707e-02 -1.751808e-02 -1.079848e-02
<VARIANCE> 39
 2.090980e+01 4.370153e+01 4.032109e+01 1.173880e+02 4.563790e+01 7.524626e+01 6.795672e+01 7.064256e+01 5.316726e+01 4.925967e+01 5.483623e+01 5.105623e+01 2.224695e+01 6.685020e-02 1.589910e-01 2.243663e-01 3.304983e-01 4.162729e-01 5.061818e-01 5.459644e-01 5.896993e-01 5.949550e-01 5.773420e-01 5.570355e-01 5.095150e-01 3.637282e-02 1.163797e-02 2.550144e-02 3.977057e-02 5.578475e-02 7.213717e-02 8.819593e-02 9.599486e-02 1.000405e-01 1.040438e-01 1.016390e-01 1.005430e-01 9.333975e-02 1.000000e-02
<GCONST> 6.924727e+01
<MIXTURE> 3 1.366708e-01
<MEAN> 39
 4.034219e+00 -2.754251e+00 -4.249105e+00 -1.372186e+00 -8.677234e-02 -1.137019e+00 2.107911e+00 2.014678e+00 1.504588e+00 -2.554764e+00 -3.186223e+00 -2.278246e+00 9.426455e+00 -3.712705e-02 1.959411e-02 3.833551e-03 7.429378e-02 3.278341e-02 8.582479e-03 -1.680831e-03 -7.881034e-02 -5.274397e-02 -4.171988e-02 5.598760e-02 8.816178e-02 -4.908849e-02 -1.274434e-02 9.061046e-02 4.628204e-02 3.526811e-02 -3.926186e-02 -1.799725e-02 -3.343925e-02 -5.907995e-02 -5.791668e-02 4.685806e-02 6.356992e-02 -2.058188e-03 -8.934036e-02
<VARIANCE> 39
 2.404753e+01 3.610576e+01 5.744931e+01 8.266329e+01 5.930208e+01 8.232468e+01 7.811529e+01 1.000195e+02 9.349077e+01 9.380149e+01 9.367212e+01 1.011685e+02 3.094950e+01 7.060139e-01 1.204725e+00 1.705048e+00 2.610451e+00 2.580558e+00 3.748170e+00 3.539372e+00 3.572039e+00 3.664097e+00 3.543593e+00 3.434819e+00 3.347835e+00 8.123838e-01 1.083510e-01 2.008189e-01 2.819649e-01 4.091800e-01 4.432990e-01 6.435379e-01 6.132441e-01 6.192111e-01 6.657004e-01 6.771451e-01 6.251763e-01 5.852601e-01 1.448424e-01
<GCONST> 1.250258e+02
<MIXTURE> 4 5.867415e-02
<MEAN> 39
 2.100876e-01 -5.862945e+00 -2.604993e+00 6.810835e+00 1.235683e+00 4.879610e+00 1.403687e+00 7.845171e+00 2.438459e+01 2.086447e+01 -3.634846e-01 -2.381919e+01 9.808425e+00 5.823663e-03 6.795416e-03 1.261375e-02 7.147956e-03 3.803805e-02 -1.009517e-02 -6.975397e-03 2.548306e-02 2.468633e-02 -1.760960e-03 -6.830557e-03 -9.205594e-02 -1.577706e-02 7.595324e-03 3.952608e-03 -1.094338e-02 -3.014367e-02 -2.229122e-03 -1.617262e-02 1.904989e-02 1.418317e-02 -2.648367e-02 -1.982695e-02 6.612905e-03 2.142505e-02 -1.187187e-02
<VARIANCE> 39
 1.975822e+01 2.083776e+01 2.131560e+01 5.138061e+01 5.299216e+01 3.088567e+01 3.978436e+01 5.220534e+01 4.096758e+01 6.258115e+01 1.460206e+02 6.354493e+01 2.641256e+01 2.892195e-01 5.068287e-01 6.905746e-01 7.627448e-01 8.906690e-01 8.813304e-01 8.900306e-01 1.239470e+00 1.193265e+00 1.063170e+00 1.451893e+00 1.318675e+00 8.387773e-02 5.248254e-02 9.221628e-02 1.249977e-01 1.327935e-01 1.664595e-01 1.620136e-01 1.553395e-01 2.205355e-01 2.176975e-01 1.942829e-01 2.316336e-01 2.168376e-01 1.317016e-02
<GCONST> 8.879751e+01
<STATE> 4
<NUMMIXES> 4
<MIXTURE> 1 3.476142e-01
<MEAN> 39
 -6.828777e-01 -4.913120e+00 -1.965388e+00 1.303140e+00 4.848785e+00 5.394395e+00 -8.664474e-01 -2.283616e+00 3.696355e+00 7.783941e+00 1.326210e+01 1.711227e+01 1.192783e+01 1.402668e-02 1.933507e-02 -1.545344e-02 -2.908754e-03 -1.154229e-02 -2.446166e-02 -1.130185e-02 2.081101e-02 3.063218e-03 2.363887e-02 2.423744e-02 -4.388674e-03 -3.099460e-02 7.891386e-04 1.570048e-04 -1.162671e-02 -2.433306e-02 -2.070992e-02 -1.139960e-02 1.771275e-02 -9.529707e-03 -5.202824e-03 -6.719785e-03 -2.481356e-03 -1.227995e-02 -7.273779e-03
<VARIANCE> 39
 1.321845e+01 2.971321e+01 2.882551e+01 6.792929e+01 5.146487e+01 9.124684e+01 5.601220e+01 5.063944e+01 7.550753e+01 1.164821e+02 1.031298e+02 1.263120e+02 2.092147e+01 1.241466e-01 2.736219e-01 3.742985e-01 5.233381e-01 5.051512e-01 6.298206e-01 6.916940e-01 7.048339e-01 6.890509e-01 8.637807e-01 8.266017e-01 7.469361e-01 4.093377e-02 2.218032e-02 4.891514e-02 6.770781e-02 9.082240e-02 9.313644e-02 1.102338e-01 1.239341e-01 1.236673e-01 1.183676e-01 1.516223e-01 1.501935e-01 1.378804e-01 1.000000e-02
<GCONST> 7.898204e+01
<MIXTURE> 2 2.335624e-01
<MEAN> 39
 3.115983e+00 -2.420338e+00 -2.963581e+00 -2.276527e+00 -2.117290e+00 7.236819e-01 3.103747e+00 -9.632605e-01 -8.907926e-01 -2.748068e+00 -3.528174e+00 -1.118841e+00 8.723862e+00 3.721995e-01 9.032292e-01 7.093667e-01 -1.439990e-01 -5.227455e-01 -1.030061e+00 -6.037916e-01 -6.218592e-02 -1.517784e-01 2.072750e-01 -1.879413e-01 -3.370411e-01 -1.059297e+00 -1.775782e-02 2.539053e-01 2.754571e-01 2.094799e-01 6.816741e-02 -2.006866e-01 -2.663037e-01 -8.638335e-02 -1.449409e-01 6.793275e-02 6.669249e-02 -3.176150e-02 -3.335237e-01
<VARIANCE> 39
 1.834572e+01 3.357085e+01 3.943069e+01 8.193011e+01 5.104583e+01 6.910670e+01 7.506346e+01 8.438042e+01 6.304270e+01 5.859441e+01 6.159273e+01 6.460364e+01 2.985001e+01 6.012375e-01 1.165225e+00 1.680676e+00 2.801198e+00 2.525997e+00 3.551897e+00 3.572331e+00 3.662134e+00 3.424906e+00 3.093835e+00 2.710078e+00 2.595937e+00 8.080220e-01 1.045018e-01 1.638173e-01 2.506606e-01 3.861784e-01 3.961885e-01 6.040632e-01 5.787157e-01 6.190565e-01 6.183072e-01 5.571403e-01 4.862843e-01 4.558172e-01 1.074891e-01
<GCONST> 1.193974e+02
<MIXTURE> 3 2.388751e-01
<MEAN> 39
 -4.601864e-01 -3.531175e+00 -1.798682e+00 -2.723186e+00 3.540355e+00 2.149582e+00 -4.782965e-01 2.729388e+00 1.236116e+01 1.528227e+01 1.409045e+01 1.432232e+00 1.012781e+01 1.625809e-02 4.248479e-02 2.823947e-02 -7.308465e-02 9.630977e-03 -7.688276e-02 3.718876e-02 -4.209227e-02 9.839579e-03 5.586614e-02 7.468295e-02 1.213587e-01 -8.775606e-02 2.054329e-02 2.446556e-02 9.915349e-03 -3.142800e-03 -6.649829e-02 -1.550223e-02 5.056001e-02 1.581174e-02 -4.446256e-02 -6.583892e-02 -1.299324e-01 -1.195866e-02 -2.114242e-02
<VARIANCE> 39
 1.822852e+01 3.374567e+01 3.113396e+01 1.038874e+02 6.893648e+01 7.163063e+01 5.825651e+01 8.888012e+01 1.392155e+02 1.245095e+02 1.383849e+02 3.130971e+02 3.626852e+01 3.521953e-01 7.497413e-01 9.361471e-01 1.582373e+00 1.699642e+00 1.930546e+00 2.039784e+00 2.300214e+00 2.537573e+00 2.791066e+00 3.077009e+00 3.927413e+00 1.978253e-01 5.896735e-02 1.207035e-01 1.712893e-01 2.446385e-01 2.781478e-01 3.329986e-01 3.475813e-01 3.937181e-01 4.486243e-01 4.495647e-01 4.560668e-01 5.547332e-01 2.836991e-02
<GCONST> 1.128665e+02
<MIXTURE> 4 1.799483e-01
<MEAN> 39
 2.689063e+00 -2.056545e+00 -3.071554e+00 -8.287082e-01 5.790732e-01 3.241361e+00 7.460814e+00 1.998055e+01 2.721666e+01 1.191787e+01 -1.313584e+01 -3.233106e+01 4.813776e+00 1.785899e-02 1.606352e-03 -1.568171e-02 7.128722e-03 -3.425056e-02 -2.725685e-02 7.058502e-02 5.381364e-03 -5.306689e-03 -2.380855e-02 -2.098010e-02 -1.459638e-02 -3.785652e-02 -2.934488e-03 -1.169690e-02 2.196009e-03 -8.937601e-03 -1.240533e-02 9.825351e-03 -1.730098e-02 -4.274561e-02 -2.866877e-02 -1.723961e-04 6.699018e-02 7.738785e-02 9.378889e-04
<VARIANCE> 39
 2.594117e+01 2.056030e+01 2.215115e+01 3.923884e+01 4.150436e+01 4.704610e+01 1.080912e+02 5.465403e+01 6.485773e+01 1.183575e+02 1.194861e+02 4.464773e+01 1.554814e+01 2.377284e-01 4.828354e-01 6.497256e-01 8.048901e-01 8.300343e-01 1.041464e+00 1.293852e+00 1.377926e+00 1.293260e+00 1.469588e+00 2.164656e+00 1.351455e+00 8.579423e-02 4.064693e-02 8.325522e-02 1.167899e-01 1.428017e-01 1.454364e-01 1.888051e-01 2.314887e-01 2.295324e-01 2.425443e-01 2.554674e-01 2.943754e-01 2.584906e-01 1.262806e-02
<GCONST> 9.209490e+01
<STATE> 5
<NUMMIXES> 4
<MIXTURE> 1 3.417973e-01
<MEAN> 39
 1.884901e+00 -4.353029e-01 -1.891497e+00 -2.014847e+00 1.007168e+00 -1.114288e-01 -1.468781e+00 -1.428239e+00 1.013751e+00 1.729593e+00 3.675777e+00 3.267594e+00 5.979575e+00 3.918849e-02 2.907494e-01 2.567906e-01 1.321352e-01 -1.839471e-01 -5.067804e-01 1.460283e-01 -2.082902e-01 -3.918179e-01 1.635422e-01 4.807415e-02 3.726172e-02 -4.085791e-01 4.958271e-03 -6.651115e-03 3.907464e-02 -3.513577e-02 -1.103881e-01 -3.186383e-02 2.651104e-02 4.130381e-02 -5.643473e-03 -3.093884e-02 -1.043390e-01 -9.144282e-02 -3.050652e-02
<VARIANCE> 39
 2.704101e+01 4.484172e+01 4.308495e+01 9.084780e+01 5.355325e+01 8.001287e+01 8.006612e+01 7.494652e+01 8.793211e+01 1.124979e+02 1.179413e+02 1.514727e+02 3.187709e+01 3.569907e-01 6.756418e-01 1.121588e+00 1.627092e+00 1.826237e+00 2.444845e+00 2.541478e+00 2.589652e+00 2.461011e+00 2.837310e+00 2.567178e+00 2.218841e+00 2.587242e-01 5.526920e-02 1.023273e-01 1.631115e-01 2.467007e-01 2.843809e-01 3.860327e-01 4.094450e-01 3.885202e-01 4.191239e-01 4.717334e-01 4.395890e-01 3.816001e-01 3.738338e-02
<GCONST> 1.123273e+02
<MIXTURE> 2 3.327064e-01
<MEAN> 39
 3.937325e+00 3.358449e+00 1.802042e+00 -1.594128e+00 -3.542852e+00 -3.481118e+00 -2.256740e+00 -1.678853e+00 -2.321913e+00 -2.475378e+00 -4.216430e+00 -3.211221e+00 1.834817e+00 -5.771942e-01 1.145272e+00 8.604195e-01 1.073292e+00 4.622069e-01 -2.274865e-01 -7.906666e-01 -2.619051e-01 -6.761954e-01 -2.910074e-01 8.323405e-02 -1.930392e-01 -1.722944e+00 -3.395854e-01 -2.854748e-01 -2.517880e-01 2.144263e-03 2.013717e-01 3.901271e-01 3.152873e-01 1.617669e-01 1.704556e-01 6.076288e-02 1.507526e-01 1.686112e-01 1.792258e-01
<VARIANCE> 39
 2.206883e+01 3.081143e+01 2.975479e+01 6.502896e+01 4.762672e+01 5.344416e+01 5.839125e+01 6.341459e+01 5.948597e+01 5.300955e+01 5.135321e+01 5.179250e+01 3.005184e+01 2.167951e+00 2.093435e+00 2.574090e+00 3.186903e+00 3.052704e+00 4.649560e+00 4.608465e+00 4.814228e+00 4.606350e+00 4.126771e+00 3.833832e+00 3.584249e+00 1.558768e+00 2.088399e-01 2.791520e-01 3.200287e-01 4.982382e-01 5.225939e-01 6.461617e-01 6.653386e-01 7.591864e-01 7.426748e-01 6.495758e-01 5.969983e-01 5.611847e-01 2.114065e-01
<GCONST> 1.267265e+02
<MIXTURE> 3 2.168234e-01
<MEAN> 39
 1.300994e+00 -3.931477e+00 -1.465439e+00 -2.036273e+00 -2.542696e+00 1.103887e+00 4.191777e+00 5.599936e+00 9.498658e+00 9.290580e+00 3.426895e+00 -2.289855e+00 7.679492e+00 -1.002308e-02 4.544892e-01 2.566901e-01 -1.383694e-01 -5.172924e-01 -5.852767e-01 -4.456189e-01 -6.664169e-01 -8.127921e-01 -5.078408e-01 -1.581341e-02 6.179555e-01 -7.384745e-01 -7.360172e-02 1.372073e-01 1.772084e-02 9.972295e-02 1.675031e-01 4.049808e-03 -1.978793e-01 -6.990580e-02 -1.133147e-01 -2.770610e-01 -1.937036e-01 -1.043405e-01 -1.422931e-01
<VARIANCE> 39
 1.870411e+01 3.496487e+01 3.303300e+01 7.183484e+01 5.793540e+01 9.706711e+01 1.263127e+02 1.438395e+02 1.682970e+02 1.768031e+02 2.768242e+02 2.988149e+02 3.404811e+01 1.336925e+00 1.906293e+00 2.273258e+00 3.719920e+00 3.716392e+00 5.818808e+00 6.391008e+00 6.019298e+00 6.583675e+00 8.705589e+00 1.032485e+01 1.058723e+01 1.922029e+00 1.941199e-01 2.914468e-01 3.563209e-01 5.579442e-01 6.194626e-01 9.269564e-01 1.007977e+00 1.062978e+00 1.006538e+00 1.156800e+00 1.414276e+00 1.515803e+00 2.250832e-01
<GCONST> 1.431665e+02
<MIXTURE> 4 1.086729e-01
<MEAN> 39
 8.324029e-01 -5.110013e+00 1.122416e+00 2.741296e+00 -5.634192e-01 1.245228e+01 1.674228e+01 2.589181e+01 1.292651e+01 -2.310154e+01 -3.199482e+01 -6.816064e+00 5.424810e+00 2.838176e-02 1.150422e-03 1.673569e-03 -5.064536e-03 -4.254363e-02 4.427131e-02 8.680467e-02 -3.336832e-02 -8.141926e-02 -3.121979e-02 -4.147712e-02 1.049827e-01 -2.266588e-02 5.417759e-03 -9.576193e-03 -1.534648e-02 -1.304180e-03 -1.100924e-02 4.588610e-03 1.515755e-02 -2.052135e-02 -8.552962e-03 4.440298e-02 3.456158e-02 -3.685219e-02 -3.417220e-03
<VARIANCE> 39
 9.904264e+00 1.527549e+01 1.730429e+01 2.352228e+01 1.933629e+01 2.011989e+01 5.102912e+01 3.062897e+01 1.151357e+02 1.069686e+02 6.977338e+01 2.195146e+02 7.245407e+00 2.503557e-01 5.158073e-01 6.477520e-01 5.592344e-01 8.483484e-01 9.809837e-01 8.952573e-01 1.020791e+00 1.393089e+00 1.380848e+00 8.771783e-01 1.481755e+00 6.708241e-02 5.028616e-02 1.018457e-01 1.311451e-01 1.123599e-01 1.574032e-01 1.881313e-01 1.580205e-01 2.042149e-01 2.249407e-01 2.273059e-01 1.524064e-01 1.978645e-01 1.115129e-02
<GCONST> 8.452160e+01
<TRANSP> 6
 0.000000e+00 1.000000e+00 0.000000e+00 0.000000e+00 0.000000e+00 0.000000e+00
 0.000000e+00 7.785507e-01 2.214493e-01 0.000000e+00 0.000000e+00 0.000000e+00
 0.000000e+00 0.000000e+00 9.275903e-01 7.240967e-02 0.000000e+00 0.000000e+00
 0.000000e+00 0.000000e+00 0.000000e+00 8.401813e-01 1.598187e-01 0.000000e+00
 0.000000e+00 0.000000e+00 0.000000e+00 0.000000e+00 6.573668e-01 3.426332e-01
 0.000000e+00 0.000000e+00 0.000000e+00 0.000000e+00 0.000000e+00 0.000000e+00
<ENDHMM>
