~o
<STREAMINFO> 1 39
<VECSIZE> 39<NULLD><MFCC_D_A_Z_0><DIAGC>
~h "ao"
<BEGINHMM>
<NUMSTATES> 6
<STATE> 2
<NUMMIXES> 4
<MIXTURE> 1 3.381769e-01
<MEAN> 39
 -1.046669e+00 -4.017832e+00 -2.126006e+00 -2.958927e+00 4.439318e+00 1.082773e+01 4.628860e+00 -4.780506e+00 -1.107312e+00 4.175209e-01 5.768378e+00 8.705099e+00 1.151485e+01 3.160022e-02 -4.088357e-02 -5.446528e-02 6.103244e-02 3.905609e-02 6.272855e-02 -3.878580e-02 -8.837875e-02 4.233000e-02 1.966725e-02 8.110618e-02 -4.609963e-02 -2.575817e-02 2.446028e-02 1.876638e-02 -1.030754e-02 -5.891765e-03 -7.472912e-02 -1.150903e-01 1.312676e-02 5.792788e-02 -6.680919e-03 -2.140892e-02 -2.925777e-02 -4.736857e-02 -2.706139e-02
<VARIANCE> 39
 8.799806e+00 3.135408e+01 2.116441e+01 8.435179e+01 6.548867e+01 6.123909e+01 7.961184e+01 6.629524e+01 5.596081e+01 1.356317e+02 1.362711e+02 1.146505e+02 1.294307e+01 2.075234e-01 4.952707e-01 5.681303e-01 1.028059e+00 1.070428e+00 1.333952e+00 1.526646e+00 1.498879e+00 1.515505e+00 1.878262e+00 1.876566e+00 1.813062e+00 9.909081e-02 3.532420e-02 7.941259e-02 1.014167e-01 1.504295e-01 1.888012e-01 2.486057e-01 2.529463e-01 2.631287e-01 2.603069e-01 3.198640e-01 3.071561e-01 3.053025e-01 1.481442e-02
<GCONST> 9.624170e+01
<MIXTURE> 2 1.834738e-01
<MEAN> 39
 4.382072e+00 4.454203e+00 1.127613e-01 -8.833860e+00 -1.663732e+00 -2.405586e+00 -1.921742e+00 1.701957e+00 4.702318e-02 -1.574545e+00 -3.732204e+00 -2.949157e+00 4.094210e+00 1.108883e-01 -2.127442e-01 -5.211065e-01 -3.487428e-01 3.866007e-01 4.338778e-01 3.649632e-01 5.957378e-02 -1.174736e-01 -1.871773e-01 -4.546737e-02 3.217928e-02 4.879800e-01 -2.006575e-01 -6.877374e-02 6.670390e-02 4.047832e-01 7.351464e-02 7.197930e-02 5.795857e-02 -4.124168e-02 -8.250739e-02 2.400880e-02 1.922554e-01 1.260362e-01 -1.776849e-01
<VARIANCE> 39
 2.446152e+01 3.730016e+01 5.108342e+01 7.239966e+01 6.227947e+01 5.439014e+01 5.424136e+01 7.075948e+01 7.191880e+01 6.486985e+01 5.366841e+01 6.454376e+01 4.077283e+01 7.182184e-01 1.396553e+00 1.466679e+00 2.149123e+00 2.477566e+00 2.746779e+00 2.734898e+00 3.094702e+00 2.740077e+00 2.938840e+00 2.518962e+00 2.312860e+00 1.077238e+00 1.910273e-01 2.098831e-01 2.792043e-01 3.869633e-01 4.495672e-01 4.806361e-01 5.523421e-01 5.539883e-01 5.696524e-01 5.316545e-01 5.095645e-01 3.853780e-01 1.929689e-01
<GCONST> 1.198974e+02
<MIXTURE> 3 2.811198e-01
<MEAN> 39
 3.669152e+00 -7.354558e+00 -1.012525e+01 8.140478e+00 2.460657e+00 1.066279e+00 4.700324e+00 -9.902685e-01 -3.423076e+00 -4.435790e+00 1.225348e+00 -7.378950e-01 1.115244e+01 7.164006e-02 -9.615470e-02 -3.022257e-01 4.314594e-01 2.270282e-01 4.672508e-02 -2.588480e-01 -1.117632e-02 -2.864586e-02 -9.868965e-02 2.310680e-01 -4.803720e-02 -2.555289e-02 1.735012e-02 1.314104e-01 1.206373e-01 -1.590779e-01 -8.543959e-02 -4.775963e-02 -6.452210e-02 1.828265e-02 7.004169e-02 3.487214e-02 -6.563223e-02 2.441510e-02 -9.800202e-02
<VARIANCE> 39
 1.011444e+01 1.668981e+01 3.644970e+01 4.475953e+01 5.748811e+01 4.160877e+01 6.224701e+01 7.097438e+01 4.686723e+01 5.566679e+01 4.690170e+01 5.138610e+01 1.817489e+01 3.674311e-01 5.960156e-01 8.763608e-01 1.580734e+00 1.653310e+00 1.744296e+00 2.004659e+00 2.100407e+00 1.943517e+00 2.272647e+00 2.188993e+00 2.272377e+00 2.850870e-01 5.805137e-02 9.853539e-02 1.524593e-01 2.045592e-01 2.704693e-01 3.021894e-01 3.518929e-01 3.464659e-01 3.402711e-01 3.552149e-01 3.359690e-01 3.556595e-01 5.576102e-02
<GCONST> 1.017049e+02
<MIXTURE> 4 1.972295e-01
<MEAN> 39
 2.388207e+00 -2.399436e+00 -3.182440e+00 -3.702824e+00 -2.737705e+00 3.193988e+00 5.586523e+00 1.245995e+00 1.127343e-01 3.787133e-01 4.028989e-01 2.417141e+00 9.455717e+00 5.165048e-02 -7.572435e-01 -8.935604e-01 3.233884e-01 9.355893e-01 1.010516e+00 9.074019e-01 -1.274090e-01 -5.284277e-01 -4.082636e-01 2.695172e-01 6.240066e-01 1.071427e+00 -2.477196e-01 1.964727e-01 1.965374e-01 3.820245e-01 2.515948e-01 -2.108817e-01 -4.184138e-01 -5.221483e-03 -7.098375e-02 -6.129067e-02 8.249886e-02 -3.253073e-02 -4.985525e-01
<VARIANCE> 39
 1.796696e+01 3.374603e+01 4.244912e+01 5.986467e+01 6.998450e+01 8.824298e+01 9.975566e+01 1.099933e+02 9.926466e+01 1.470502e+02 1.710905e+02 1.570378e+02 2.883894e+01 1.417444e+00 2.238776e+00 2.527063e+00 4.932632e+00 3.867569e+00 5.156640e+00 5.977144e+00 6.374874e+00 6.696669e+00 7.270328e+00 8.477671e+00 8.262060e+00 1.811668e+00 3.020470e-01 3.134326e-01 4.407055e-01 6.329055e-01 8.208641e-01 1.002792e+00 1.042763e+00 1.099370e+00 1.339413e+00 1.345120e+00 1.376705e+00 1.316401e+00 2.548769e-01
<GCONST> 1.422694e+02
<STATE> 3
<NUMMIXES> 4
<MIXTURE> 1 8.930721e-02
<MEAN> 39
 -2.318016e+00 -2.532851e+00 -3.573860e+00 -2.462346e-01 1.216307e+01 1.939481e+01 9.893897e+00 -3.901739e+00 -5.540082e+00 -7.395148e+00 1.345934e+01 1.762580e+01 1.275160e+01 -2.957560e-05 -6.877652e-04 -8.782655e-03 1.542836e-02 -2.088614e-02 -9.520830e-03 1.342912e-02 -8.690245e-03 -4.312996e-03 2.473573e-02 -1.850158e-03 -1.367751e-02 -4.006429e-03 4.165121e-03 -1.418327e-03 -4.903765e-03 -8.768758e-03 -5.621400e-03 -1.009998e-02 6.109407e-03 2.787675e-03 8.720800e-03 -1.400425e-02 -4.242755e-03 -1.936321e-03 -3.619587e-03
<VARIANCE> 39
 3.443546e+00 2.074253e+01 1.105380e+01 3.534026e+01 4.255361e+01 5.539304e+01 7.364170e+01 5.112278e+01 5.304063e+01 2.986947e+02 8.089715e+01 1.024907e+02 7.940053e+00 6.025252e-02 1.147681e-01 1.446326e-01 2.160986e-01 2.429312e-01 2.780575e-01 3.381923e-01 4.441926e-01 5.058782e-01 5.306786e-01 6.045215e-01 5.459321e-01 1.800467e-02 1.144486e-02 2.151944e-02 2.574082e-02 3.889374e-02 4.621398e-02 5.165109e-02 5.796552e-02 8.577271e-02 8.597129e-02 9.012819e-02 9.664704e-02 9.460788e-02 1.000000e-02
<GCONST> 5.848934e+01
<MIXTURE> 2 3.048047e-01
<MEAN> 39
 1.246507e+00 1.613299e+00 -1.323818e-01 -1.323259e+01 1.823698e+00 6.708868e+00 2.161313e-01 -1.125994e+00 1.883467e+00 -5.322194e+00 -2.369809e+00 9.037262e-01 9.591038e+00 6.714556e-03 2.491421e-02 3.504992e-03 -2.989223e-02 1.819475e-02 -2.509359e-02 -1.788594e-02 2.094448e-02 -3.474058e-02 1.252014e-02 9.796192e-03 -1.813382e-02 -1.988110e-02 7.646580e-03 -2.198364e-03 -1.268386e-03 1.169913e-02 -2.606019e-02 -2.462455e-02 1.297842e-03 -1.319179e-02 -4.120663e-03 1.935390e-02 -6.576198e-03 -1.568889e-02 -1.244446e-02
<VARIANCE> 39
 1.161050e+01 1.707244e+01 1.002972e+01 2.850245e+01 3.489445e+01 2.823402e+01 4.212932e+01 4.539892e+01 4.499992e+01 2.684388e+01 2.578307e+01 3.618185e+01 1.417738e+01 7.731783e-02 2.113020e-01 2.448868e-01 4.211320e-01 4.826670e-01 6.005719e-01 6.344867e-01 7.166706e-01 6.467380e-01 6.420946e-01 6.135886e-01 5.710718e-01 4.535894e-02 1.311427e-02 3.250181e-02 4.539213e-02 6.954115e-02 8.344023e-02 1.065557e-01 1.103064e-01 1.176384e-01 1.134938e-01 1.155346e-01 1.066473e-01 1.022092e-01 1.000000e-02
<GCONST> 6.418031e+01
<MIXTURE> 3 3.923607e-01
<MEAN> 39
 4.838901e+00 -5.519403e+00 -1.012223e+01 7.705701e+00 1.052831e+00 1.514991e+00 5.078314e+00 -1.085798e+00 -3.758915e+00 -4.158629e+00 3.200440e-01 -8.101932e-01 9.837421e+00 5.852089e-02 4.205534e-02 -4.465579e-02 -4.124231e-03 4.613653e-03 -1.308888e-02 -9.324706e-02 3.478283e-02 4.034382e-02 -4.370845e-02 -2.628931e-02 -4.261182e-02 -6.822089e-02 3.109819e-03 2.156637e-02 1.855566e-02 -4.270456e-02 -9.568612e-03 -4.062106e-03 -8.330383e-03 1.107143e-02 4.075567e-03 8.480921e-03 -2.282763e-02 -5.620528e-03 -1.239631e-02
<VARIANCE> 39
 1.048569e+01 1.929628e+01 3.843106e+01 5.569965e+01 4.859217e+01 3.937440e+01 6.651968e+01 6.641070e+01 4.553797e+01 5.345029e+01 4.354123e+01 4.558720e+01 1.722811e+01 9.732396e-02 2.140934e-01 3.619363e-01 5.261893e-01 5.709354e-01 6.965376e-01 7.958845e-01 8.246713e-01 9.307222e-01 8.698385e-01 8.155203e-01 6.994206e-01 5.602727e-02 1.562183e-02 3.617474e-02 5.660570e-02 8.391453e-02 1.004585e-01 1.237300e-01 1.365799e-01 1.424350e-01 1.585517e-01 1.501435e-01 1.427619e-01 1.216981e-01 1.000000e-02
<GCONST> 7.476461e+01
<MIXTURE> 4 2.135274e-01
<MEAN> 39
 3.067169e+00 -1.124114e+00 -2.872102e+00 -4.058002e+00 -6.165552e-01 3.266979e+00 3.133092e+00 -1.938518e+00 -1.343400e+00 -1.692616e+00 -1.358905e+00 2.308818e-01 8.003288e+00 5.743429e-02 2.669356e-02 -1.903372e-01 1.457467e-01 2.022714e-01 -7.855908e-02 -2.635377e-02 9.091320e-04 -5.842736e-02 -8.795204e-02 8.568155e-02 1.002176e-01 -5.245207e-02 1.423419e-03 6.799012e-02 8.908442e-02 9.166172e-02 -3.983296e-02 -2.068135e-01 -1.196131e-01 6.335803e-02 3.026092e-02 1.285423e-02 -4.938190e-03 9.108916e-03 -1.305451e-01
<VARIANCE> 39
 2.066208e+01 3.888214e+01 4.124913e+01 7.694957e+01 6.116026e+01 8.594496e+01 8.617686e+01 8.681516e+01 7.621608e+01 8.702984e+01 9.274568e+01 9.990604e+01 3.113746e+01 4.065254e-01 1.006578e+00 1.285633e+00 2.267511e+00 2.030369e+00 2.555521e+00 2.651001e+00 3.001706e+00 2.756768e+00 2.578003e+00 2.771037e+00 2.548452e+00 4.241781e-01 7.380496e-02 1.507640e-01 2.120754e-01 2.878115e-01 3.422121e-01 4.771252e-01 5.173579e-01 5.011392e-01 5.426043e-01 4.831766e-01 5.010204e-01 4.859625e-01 9.510687e-02
<GCONST> 1.166826e+02
<STATE> 4
<NUMMIXES> 4
<MIXTURE> 1 1.076704e-01
<MEAN> 39
 3.003741e+00 -2.549039e-01 -2.922865e+00 -3.301511e+00 2.536438e+00 1.648334e+01 3.017179e+01 1.781246e+01 -2.581388e+00 -2.345300e+01 -2.470557e+01 1.091267e+01 5.338784e+00 1.701812e-02 -4.703438e-03 -6.103356e-03 7.631721e-03 -1.541207e-02 -3.789111e-02 4.549721e-03 3.736210e-02 -6.508221e-02 8.426935e-02 -6.037607e-03 -6.410941e-02 -2.589253e-02 -6.449634e-03 -1.133689e-02 -3.672811e-03 -4.522482e-03 -3.850501e-03 -1.851179e-02 -1.897558e-02 3.272008e-03 1.677901e-02 2.083807e-02 3.359843e-02 -2.880895e-02 4.730725e-03
<VARIANCE> 39
 2.516039e+01 1.714807e+01 1.232914e+01 2.932973e+01 3.065148e+01 5.541362e+01 7.156244e+01 8.863049e+01 1.626688e+02 1.717862e+02 2.722857e+02 2.714883e+02 1.428523e+01 1.854116e-01 3.877139e-01 5.495666e-01 5.831258e-01 7.583604e-01 9.668744e-01 1.296872e+00 1.623739e+00 2.033021e+00 2.356929e+00 3.347923e+00 2.932488e+00 6.695833e-02 3.128545e-02 7.056052e-02 1.067227e-01 1.052897e-01 1.434789e-01 1.514425e-01 2.313215e-01 2.182364e-01 2.538786e-01 3.036776e-01 3.528580e-01 3.061722e-01 1.082924e-02
<GCONST> 9.501344e+01
<MIXTURE> 2 2.434580e-01
<MEAN> 39
 8.838275e-01 8.288173e+00 -1.799418e+00 -1.485543e+01 5.712780e+00 -1.752384e+00 -5.500752e+00 6.421732e+00 -2.782661e+00 -6.480790e-01 2.253123e+00 1.934139e+00 6.604239e+00 5.341090e-02 4.843264e-02 1.006389e-02 2.157588e-02 3.552748e-02 -1.054838e-01 -3.063744e-02 1.541156e-02 -3.575478e-02 6.843246e-02 -2.932032e-02 2.035251e-02 -7.613073e-02 5.543987e-03 -2.347714e-02 2.064023e-02 1.091179e-02 -3.440181e-02 1.609120e-02 -1.064387e-02 -2.045175e-02 2.087544e-02 -1.113725e-02 -1.066372e-02 8.279864e-03 -5.800024e-03
<VARIANCE> 39
 8.238909e+00 2.486083e+01 2.202370e+01 2.547151e+01 2.974901e+01 3.978704e+01 5.963061e+01 4.671700e+01 3.885209e+01 4.118032e+01 8.392310e+01 1.634814e+02 1.159011e+01 7.565065e-02 2.184813e-01 2.696055e-01 3.798817e-01 4.664569e-01 5.885553e-01 6.196262e-01 6.621612e-01 5.916290e-01 6.857141e-01 6.649867e-01 6.650810e-01 4.335720e-02 1.352981e-02 3.514186e-02 4.914043e-02 6.881078e-02 8.926424e-02 9.548027e-02 1.133264e-01 1.204164e-01 1.041945e-01 1.234969e-01 1.141931e-01 1.219991e-01 1.000000e-02
<GCONST> 6.863914e+01
<MIXTURE> 3 4.566244e-01
<MEAN> 39
 8.749516e+00 5.773584e-01 -1.181601e+01 5.742574e-01 4.085692e+00 -5.940439e-01 1.502802e-01 -4.298729e-01 2.154326e+00 -9.813222e-01 -2.973032e+00 -3.933094e+00 5.225749e+00 3.119568e-02 4.735004e-02 2.244429e-02 -2.754943e-02 -9.872177e-03 -5.389989e-02 -6.029796e-02 -1.798523e-02 3.536466e-02 -6.167510e-03 -9.592922e-03 -4.897586e-02 -8.295814e-02 -9.290334e-03 -1.803784e-03 2.810696e-02 -4.064502e-03 -2.233857e-02 -2.526457e-02 -4.529885e-03 -2.906645e-03 -6.932687e-03 -4.561818e-03 -4.506975e-03 7.273914e-03 -5.271481e-03
<VARIANCE> 39
 8.992599e+00 1.875842e+01 4.618409e+01 4.158496e+01 5.240940e+01 3.527752e+01 5.143098e+01 5.874810e+01 5.929646e+01 6.712271e+01 4.559524e+01 5.492986e+01 1.817275e+01 1.214202e-01 2.937320e-01 4.984839e-01 7.462562e-01 8.382651e-01 1.023997e+00 1.228785e+00 1.468834e+00 1.349290e+00 1.354263e+00 1.297762e+00 1.296599e+00 8.917340e-02 1.987895e-02 5.106652e-02 8.523683e-02 1.300735e-01 1.570437e-01 1.852198e-01 2.295079e-01 2.593319e-01 2.471484e-01 2.423921e-01 2.390992e-01 2.470442e-01 1.185478e-02
<GCONST> 8.590503e+01
<MIXTURE> 4 1.922471e-01
<MEAN> 39
 2.191155e+00 -1.163305e+00 -2.780482e+00 -3.611418e+00 8.749294e-02 1.667170e+00 1.441975e+00 -9.247547e-01 -9.415315e-01 -8.807570e-02 2.659318e+00 2.880109e+00 7.763389e+00 2.350701e-01 1.023511e-01 -2.985627e-02 3.104222e-01 -1.367626e-01 -6.636196e-01 -1.627359e-01 1.826943e-01 -1.584746e-02 2.679635e-02 -2.847785e-02 2.555289e-02 -3.792951e-01 3.402159e-02 1.047676e-01 1.294977e-01 5.941897e-02 -6.972243e-02 -2.349851e-01 -1.233212e-01 6.099578e-02 2.781068e-02 3.777818e-02 -1.106392e-01 -4.029927e-02 -1.606174e-01
<VARIANCE> 39
 2.264782e+01 4.497297e+01 4.403078e+01 9.972165e+01 5.653894e+01 7.193851e+01 9.123697e+01 8.588186e+01 8.153052e+01 1.084032e+02 1.234937e+02 1.486365e+02 3.589779e+01 5.541946e-01 1.174688e+00 1.435527e+00 2.564487e+00 2.759243e+00 3.138999e+00 3.271144e+00 3.557901e+00 3.497699e+00 3.429937e+00 3.628119e+00 3.328837e+00 5.936345e-01 9.338048e-02 1.746387e-01 2.248887e-01 3.702715e-01 3.930479e-01 5.173868e-01 5.929256e-01 5.693960e-01 5.840026e-01 6.680711e-01 6.542493e-01 6.143438e-01 1.017840e-01
<GCONST> 1.232767e+02
<STATE> 5
<NUMMIXES> 4
<MIXTURE> 1 2.420250e-01
<MEAN> 39
 3.782326e+00 -4.831245e+00 -6.833635e+00 6.164856e+00 -1.807039e+00 -2.184269e-01 3.365375e+00 -3.157032e+00 -1.071202e+00 8.999996e+00 1.745455e+01 1.715499e+01 7.801015e+00 6.621409e-02 -3.218777e-04 -5.810055e-02 8.997819e-02 4.164395e-02 -1.301672e-01 -6.035947e-02 8.746424e-02 1.218384e-01 -4.423788e-02 -8.727397e-03 1.131892e-01 -6.794448e-02 -3.538182e-04 1.256621e-02 2.627386e-02 -6.003535e-02 -1.113377e-02 -8.161690e-03 6.391853e-03 1.111080e-02 3.208110e-02 -2.802337e-02 -7.764898e-02 -8.824226e-02 -5.733052e-03
<VARIANCE> 39
 1.685146e+01 3.629712e+01 3.004855e+01 7.413873e+01 6.014686e+01 6.796931e+01 7.127252e+01 5.626809e+01 1.046315e+02 1.197129e+02 6.714654e+01 1.102969e+02 2.468938e+01 2.307958e-01 4.820779e-01 7.511511e-01 1.055706e+00 1.070859e+00 1.405779e+00 1.601618e+00 1.667669e+00 1.793488e+00 2.032449e+00 1.922039e+00 1.914679e+00 1.069323e-01 3.783078e-02 7.980408e-02 1.238818e-01 1.697420e-01 1.888028e-01 2.427196e-01 2.751962e-01 2.933265e-01 2.866984e-01 3.114237e-01 2.972611e-01 3.171706e-01 1.505640e-02
<GCONST> 9.905336e+01
<MIXTURE> 2 2.739251e-01
<MEAN> 39
 3.072998e+00 5.374227e+00 4.041282e-01 -1.098398e+01 -1.085179e+00 -9.464812e-01 3.490238e+00 4.966537e+00 2.777269e+00 3.090753e+00 -3.704746e+00 -6.335545e+00 4.836866e+00 7.614840e-02 -4.158739e-02 9.652318e-02 2.294310e-01 -1.248814e-01 -1.244316e-01 -3.818353e-02 -2.758854e-02 2.045555e-03 4.172420e-03 -9.704033e-02 -1.065464e-01 -1.609850e-01 2.660964e-03 -2.039745e-02 -8.171109e-03 9.339631e-02 -5.748465e-02 -1.338693e-02 6.378874e-03 -2.933085e-02 -1.777365e-02 -3.241110e-02 1.895924e-02 3.851597e-02 -2.016703e-02
<VARIANCE> 39
 1.535387e+01 4.695164e+01 2.561848e+01 5.438708e+01 6.726228e+01 7.704597e+01 1.607102e+02 1.561453e+02 1.712749e+02 1.512798e+02 1.389465e+02 1.788406e+02 1.814114e+01 2.752587e-01 8.104922e-01 9.340497e-01 1.135110e+00 1.292606e+00 1.848598e+00 2.041132e+00 1.978214e+00 2.067824e+00 1.844799e+00 2.163686e+00 1.937311e+00 1.772035e-01 4.346776e-02 1.411174e-01 1.825648e-01 1.882982e-01 2.142306e-01 3.087653e-01 3.515277e-01 3.450161e-01 3.607180e-01 3.260371e-01 3.415342e-01 3.100907e-01 2.086417e-02
<GCONST> 1.076833e+02
<MIXTURE> 3 2.502477e-01
<MEAN> 39
 7.060776e+00 -4.251023e+00 -1.104379e+01 6.757973e+00 1.039159e+00 -3.272121e+00 2.045959e+00 2.157112e+00 -2.718158e+00 -5.337424e+00 -4.944358e-01 5.626841e-01 7.471801e+00 2.208664e-01 2.940999e-01 1.484712e-01 -1.654939e-01 -1.773626e-02 -6.546941e-01 -6.725858e-01 4.786354e-02 3.046045e-01 2.922787e-02 -4.176715e-01 -1.581671e-01 -4.660739e-01 -3.690524e-02 1.075708e-01 2.499332e-01 -1.453620e-01 -8.140267e-02 3.585894e-02 -4.902988e-02 -1.506226e-01 9.899084e-04 1.607834e-01 -2.612604e-02 -2.237231e-02 -8.675101e-02
<VARIANCE> 39
 1.345675e+01 1.792065e+01 3.862648e+01 3.676033e+01 5.636787e+01 4.555194e+01 8.248769e+01 6.979698e+01 6.003342e+01 5.663668e+01 5.719142e+01 8.731296e+01 2.303004e+01 3.119133e-01 7.221441e-01 1.636896e+00 1.837103e+00 2.129152e+00 2.441302e+00 2.716680e+00 2.742903e+00 2.622129e+00 2.671219e+00 2.534386e+00 2.623376e+00 3.121391e-01 4.742292e-02 1.073230e-01 2.135621e-01 2.327541e-01 3.111949e-01 3.919600e-01 4.484386e-01 4.350114e-01 4.413298e-01 4.067949e-01 4.005017e-01 4.308076e-01 4.486400e-02
<GCONST> 1.080589e+02
<MIXTURE> 4 2.338023e-01
<MEAN> 39
 3.497821e+00 -8.220966e-01 -1.976892e+00 -2.373412e+00 -2.145833e+00 -1.256298e+00 1.436325e+00 1.936633e+00 2.075056e+00 2.975728e+00 1.646737e+00 -7.959176e-01 5.708394e+00 8.583643e-02 4.589562e-01 4.872060e-01 2.511705e-01 -3.811364e-01 -9.286609e-01 -5.955219e-01 -6.770701e-03 -1.293088e-01 -1.025694e-03 -1.007456e-01 -5.091285e-02 -7.713948e-01 -1.223826e-01 2.896522e-02 2.427633e-02 5.775800e-02 8.988161e-02 1.224965e-01 -1.522347e-02 -6.586743e-02 -8.380058e-02 -8.294432e-02 6.358661e-03 2.440261e-02 -4.995845e-02
<VARIANCE> 39
 2.281200e+01 4.000265e+01 4.488684e+01 7.609433e+01 5.512328e+01 8.029607e+01 9.660035e+01 1.264673e+02 1.400105e+02 1.350791e+02 1.614916e+02 1.928983e+02 3.666460e+01 1.385335e+00 2.098273e+00 2.633170e+00 3.663603e+00 3.504110e+00 5.619039e+00 5.574570e+00 5.400564e+00 5.356067e+00 5.503944e+00 5.456625e+00 5.610441e+00 1.805922e+00 1.727928e-01 3.169056e-01 4.060989e-01 5.707198e-01 6.021090e-01 9.169909e-01 9.605880e-01 9.961142e-01 9.375247e-01 9.225321e-01 8.875958e-01 8.542765e-01 2.347158e-01
<GCONST> 1.384700e+02
<TRANSP> 6
 0.000000e+00 1.000000e+00 0.000000e+00 0.000000e+00 0.000000e+00 0.000000e+00
 0.000000e+00 7.539475e-01 2.460525e-01 0.000000e+00 0.000000e+00 0.000000e+00
 0.000000e+00 0.000000e+00 8.610047e-01 1.389953e-01 0.000000e+00 0.000000e+00
 0.000000e+00 0.000000e+00 0.000000e+00 8.095524e-01 1.904476e-01 0.000000e+00
 0.000000e+00 0.000000e+00 0.000000e+00 0.000000e+00 7.483653e-01 2.516346e-01
 0.000000e+00 0.000000e+00 0.000000e+00 0.000000e+00 0.000000e+00 0.000000e+00
<ENDHMM>
