~o
<STREAMINFO> 1 39
<VECSIZE> 39<NULLD><MFCC_D_A_Z_0><DIAGC>
~h "ax"
<BEGINHMM>
<NUMSTATES> 6
<STATE> 2
<NUMMIXES> 4
<MIXTURE> 1 2.055644e-01
<MEAN> 39
 2.597261e+00 8.803906e-01 2.762695e-01 -6.722137e+00 -4.537365e+00 -1.042415e+00 -8.732669e-01 1.295565e+00 3.151261e+00 2.570897e+00 1.193482e-01 -6.605968e-02 6.598714e+00 1.290918e-01 -3.668461e-01 -3.126030e-01 -4.560420e-01 4.144129e-01 5.030410e-01 1.825171e-01 -1.867583e-01 -1.110422e-01 2.462775e-02 7.408703e-02 7.753494e-02 8.531991e-01 -3.462111e-01 1.636610e-01 6.526288e-02 5.773217e-01 4.749569e-01 7.849796e-02 2.362269e-02 -6.059998e-02 -3.173829e-01 -1.949690e-01 1.268170e-01 6.212895e-02 -5.383060e-01
<VARIANCE> 39
 2.310023e+01 4.890830e+01 4.276230e+01 7.160976e+01 5.471799e+01 6.315720e+01 7.944848e+01 8.976036e+01 1.038887e+02 1.131550e+02 1.320923e+02 1.322548e+02 3.865871e+01 2.041645e+00 2.760040e+00 2.626798e+00 4.811661e+00 4.955040e+00 5.915506e+00 5.701338e+00 5.326151e+00 5.952149e+00 6.129643e+00 6.709428e+00 7.371405e+00 2.760829e+00 3.670876e-01 4.300286e-01 5.330119e-01 8.205051e-01 8.142674e-01 1.041375e+00 1.154685e+00 1.150897e+00 1.185440e+00 1.254108e+00 1.281543e+00 1.240216e+00 4.572995e-01
<GCONST> 1.436435e+02
<MIXTURE> 2 3.951051e-01
<MEAN> 39
 1.836746e+00 4.840588e+00 1.688253e+00 -1.051698e+01 -5.213659e-01 -3.197483e-02 -3.931818e+00 2.029749e+00 1.318379e+00 -3.349435e+00 -3.714895e+00 -2.953153e+00 5.949615e+00 7.798132e-02 5.770702e-02 -5.220884e-02 -2.620207e-02 1.400453e-01 -1.214386e-01 -7.031531e-02 3.786925e-02 -1.026406e-01 7.951978e-02 -2.133129e-02 -9.562325e-02 -1.180634e-01 2.785436e-03 -1.594214e-02 3.340906e-02 1.522669e-01 -7.554771e-02 -1.287653e-02 1.110457e-01 -9.367593e-02 -6.832666e-02 6.642821e-02 1.069498e-02 3.730682e-02 -7.159695e-02
<VARIANCE> 39
 2.121648e+01 2.873192e+01 2.754589e+01 5.555087e+01 5.437541e+01 6.676081e+01 4.871975e+01 7.115298e+01 6.603205e+01 6.388407e+01 5.325928e+01 5.748391e+01 3.338568e+01 3.000216e-01 7.110292e-01 8.280228e-01 1.191539e+00 1.600235e+00 1.971660e+00 2.072427e+00 2.305499e+00 2.197017e+00 2.159373e+00 1.989532e+00 1.976106e+00 2.760597e-01 5.381605e-02 1.007582e-01 1.471261e-01 2.249874e-01 2.734718e-01 3.432086e-01 3.678942e-01 4.032019e-01 4.042990e-01 4.069738e-01 3.589570e-01 3.596121e-01 5.327110e-02
<GCONST> 1.047627e+02
<MIXTURE> 3 1.964002e-01
<MEAN> 39
 3.198282e+00 -2.885340e+00 -2.378141e+00 -1.995458e+00 -4.192587e+00 1.652839e+00 6.085406e+00 -1.538419e+00 -1.413939e+00 -1.077044e+00 -5.231431e+00 -1.628048e+00 9.371782e+00 -1.597406e-01 -3.026361e-01 -2.954505e-01 2.949688e-01 4.538065e-01 5.216431e-01 -5.891974e-02 -1.746188e-01 -9.470397e-02 -1.411392e-01 2.718648e-01 1.370134e-01 2.763156e-01 -1.196600e-02 3.426392e-01 2.517607e-01 1.464881e-01 1.038469e-01 -3.279960e-01 -4.892625e-01 6.808469e-02 3.100422e-02 -2.927490e-03 2.479283e-01 -1.797890e-02 -4.218500e-01
<VARIANCE> 39
 1.410823e+01 2.250686e+01 3.524222e+01 5.944306e+01 5.207299e+01 6.043541e+01 5.215226e+01 7.094994e+01 6.561858e+01 6.104607e+01 4.862239e+01 5.649327e+01 2.302506e+01 5.005773e-01 1.018903e+00 1.359578e+00 2.515150e+00 2.276825e+00 3.091147e+00 3.048729e+00 3.271483e+00 3.097179e+00 3.160353e+00 2.912843e+00 2.565350e+00 6.290197e-01 1.130209e-01 1.386987e-01 2.311351e-01 3.717020e-01 3.925932e-01 5.488307e-01 5.043823e-01 6.150787e-01 6.174963e-01 5.335627e-01 4.934462e-01 4.835480e-01 1.456632e-01
<GCONST> 1.155569e+02
<MIXTURE> 4 2.029304e-01
<MEAN> 39
 -1.102800e+00 -5.475169e+00 -6.395369e-01 7.330472e-01 2.593758e+00 4.350030e+00 -1.325732e-02 -2.899809e+00 5.745306e+00 9.459156e+00 1.017470e+01 5.792516e+00 1.066117e+01 -1.685509e-02 -6.447440e-02 -4.342778e-02 1.625932e-01 1.221168e-01 -3.495295e-02 -1.557000e-01 -3.055714e-02 1.072526e-01 1.300526e-01 1.376313e-01 -1.629992e-02 -6.230630e-02 4.735661e-02 8.870725e-02 -2.513346e-02 -1.063567e-01 -1.079631e-01 -1.098893e-01 6.730483e-02 7.895736e-02 -1.035410e-01 -1.196454e-01 -1.498483e-01 -2.620635e-02 -6.724938e-02
<VARIANCE> 39
 1.170580e+01 3.503049e+01 3.193536e+01 1.033959e+02 6.223222e+01 6.077173e+01 5.854104e+01 8.291738e+01 1.254221e+02 1.657999e+02 1.336962e+02 2.219013e+02 1.741988e+01 3.881835e-01 8.313652e-01 1.017265e+00 1.805187e+00 1.772411e+00 2.200239e+00 2.115129e+00 2.556497e+00 3.059177e+00 3.213060e+00 3.286537e+00 3.628342e+00 2.138071e-01 6.383330e-02 1.302706e-01 1.790905e-01 2.537844e-01 3.031197e-01 4.038180e-01 3.711414e-01 4.565620e-01 5.309301e-01 5.801042e-01 5.627319e-01 6.336674e-01 3.577350e-02
<GCONST> 1.140703e+02
<STATE> 3
<NUMMIXES> 4
<MIXTURE> 1 2.818873e-01
<MEAN> 39
 2.135353e+00 -5.330878e+00 -4.010917e+00 3.505794e+00 -1.099082e+00 3.546267e+00 3.237200e+00 -3.885043e+00 -2.055282e+00 -1.132088e+00 -3.036115e-01 8.280841e-01 1.006045e+01 6.731005e-02 1.586580e-02 -3.754198e-02 2.046427e-02 -3.408937e-03 -8.875042e-02 -2.233549e-02 1.434612e-02 -4.166261e-02 -6.692341e-02 7.229281e-02 -2.774593e-02 -9.209841e-02 1.784127e-02 6.275760e-02 2.494458e-02 -7.702960e-02 -2.823981e-02 -8.376203e-02 9.072511e-03 4.099885e-02 4.971913e-03 5.961859e-03 -3.665307e-02 -1.314461e-02 -4.833414e-02
<VARIANCE> 39
 1.306246e+01 2.336531e+01 3.578055e+01 7.364417e+01 5.475381e+01 5.404755e+01 6.942884e+01 7.575181e+01 5.506137e+01 6.178801e+01 6.857313e+01 8.720033e+01 1.666794e+01 1.838878e-01 3.922669e-01 5.981666e-01 1.053148e+00 1.040068e+00 1.254928e+00 1.395020e+00 1.472328e+00 1.326433e+00 1.422668e+00 1.389187e+00 1.334417e+00 9.972048e-02 2.976962e-02 6.602331e-02 9.888078e-02 1.474679e-01 1.767450e-01 2.250145e-01 2.375406e-01 2.452192e-01 2.285971e-01 2.461338e-01 2.416003e-01 2.357728e-01 1.797264e-02
<GCONST> 9.202911e+01
<MIXTURE> 2 3.098490e-01
<MEAN> 39
 6.258573e-01 9.590715e+00 -5.850653e-02 -1.406904e+01 4.521097e+00 -5.300560e+00 -4.173199e+00 5.926842e+00 -2.483823e+00 -1.464746e+00 -2.509190e+00 -4.073023e+00 6.035398e+00 4.802586e-02 -6.809024e-03 2.947014e-02 2.667921e-02 -1.947202e-02 -2.575165e-02 -3.825812e-03 -3.026736e-02 -4.024717e-02 4.474571e-02 -2.274915e-02 1.523023e-03 -7.312743e-02 1.571663e-02 -4.235235e-02 3.383613e-02 3.539291e-02 -7.389137e-02 4.281664e-02 3.666731e-03 -6.229107e-02 4.328469e-02 -1.461601e-02 -1.124588e-02 3.529841e-02 -1.777978e-02
<VARIANCE> 39
 9.890025e+00 2.458062e+01 2.681841e+01 2.607742e+01 3.522923e+01 6.692290e+01 4.541117e+01 5.496565e+01 5.416478e+01 5.951328e+01 5.737878e+01 7.869500e+01 2.015234e+01 1.374222e-01 3.899601e-01 4.818432e-01 6.404704e-01 8.512703e-01 1.184226e+00 1.094287e+00 1.179553e+00 1.273412e+00 1.287992e+00 1.186823e+00 1.059426e+00 9.590288e-02 2.306265e-02 5.326140e-02 8.479555e-02 1.160523e-01 1.597206e-01 1.877721e-01 1.968983e-01 2.102742e-01 2.241876e-01 2.358823e-01 2.123648e-01 1.865902e-01 1.343100e-02
<GCONST> 8.485337e+01
<MIXTURE> 3 2.433690e-01
<MEAN> 39
 2.066019e+00 -2.902440e-01 -1.129356e+00 -3.993105e+00 -1.747040e+00 -2.998965e-01 3.524610e-01 -9.306312e-01 -1.335261e-01 -7.308391e-01 -9.936424e-01 -2.113630e-01 6.411331e+00 2.979782e-01 4.906527e-01 3.566251e-01 8.334922e-02 -1.519998e-01 -4.648713e-01 -2.761290e-01 -9.399222e-02 -3.133934e-01 -3.984273e-02 -1.661638e-01 -1.423894e-01 -7.242503e-01 -4.391872e-02 1.888806e-01 1.659984e-01 2.290994e-01 5.378962e-02 -1.123289e-01 -7.610459e-02 -2.054521e-02 -1.368596e-01 2.462641e-02 2.420792e-02 -1.313453e-02 -3.131789e-01
<VARIANCE> 39
 1.986584e+01 4.851505e+01 4.107245e+01 8.926652e+01 5.637246e+01 6.941248e+01 7.203162e+01 8.044405e+01 7.315392e+01 7.331876e+01 8.847489e+01 9.110114e+01 4.380365e+01 8.676443e-01 1.536693e+00 1.742656e+00 3.000019e+00 3.240455e+00 3.769868e+00 3.845812e+00 3.793797e+00 3.736631e+00 3.934195e+00 3.668980e+00 3.463886e+00 1.247995e+00 1.650823e-01 2.240030e-01 3.108215e-01 4.834831e-01 5.184233e-01 6.870229e-01 7.462158e-01 7.301686e-01 6.979846e-01 6.996226e-01 6.455613e-01 6.422881e-01 1.935878e-01
<GCONST> 1.275587e+02
<MIXTURE> 4 1.648946e-01
<MEAN> 39
 4.974784e-01 -4.823683e-01 -3.288603e+00 -3.482233e+00 1.709879e+00 -1.887029e+00 1.462295e+00 9.182107e+00 1.661473e+01 2.274434e+01 1.383392e+01 -7.658210e+00 6.047082e+00 1.415025e-02 -3.556510e-03 -8.122866e-03 1.698790e-02 1.597076e-02 -3.893190e-03 6.108222e-02 3.077764e-02 5.649205e-02 2.768247e-02 -4.093720e-02 -5.641930e-02 -3.588720e-02 6.929558e-03 -4.746684e-03 1.092834e-02 -6.033766e-03 -2.709212e-02 1.833712e-02 4.307374e-03 -1.772725e-02 -1.072109e-02 -6.134804e-02 -2.221566e-02 3.900953e-02 -4.652623e-03
<VARIANCE> 39
 2.001972e+01 3.924018e+01 2.915617e+01 7.439951e+01 4.236151e+01 5.846125e+01 6.789949e+01 8.639568e+01 5.839659e+01 5.603859e+01 1.213552e+02 2.233589e+02 2.027128e+01 1.924923e-01 4.861943e-01 6.945490e-01 8.044514e-01 8.567623e-01 1.038122e+00 1.260673e+00 1.324526e+00 1.343538e+00 1.463025e+00 1.758328e+00 2.011474e+00 7.505921e-02 3.364651e-02 8.314005e-02 1.306244e-01 1.433750e-01 1.491149e-01 1.821015e-01 2.271757e-01 2.297092e-01 2.438928e-01 2.570747e-01 2.535176e-01 2.947115e-01 1.060145e-02
<GCONST> 9.429520e+01
<STATE> 4
<NUMMIXES> 4
<MIXTURE> 1 2.085717e-01
<MEAN> 39
 3.039603e+00 7.920408e-01 -3.373116e+00 -2.502397e+00 2.635858e-01 -3.602726e+00 -2.591686e+00 -1.017770e+00 2.061864e+00 5.837962e+00 1.147615e+01 1.182967e+01 4.700425e+00 4.312918e-02 1.152448e-01 4.821892e-02 9.249221e-02 -4.929354e-02 -1.457709e-01 4.324861e-02 -5.625543e-02 -1.673729e-01 -4.404681e-02 1.904299e-02 1.617186e-01 -1.785863e-01 1.254572e-02 1.262711e-02 1.772843e-02 1.095301e-02 -9.058434e-02 -6.041424e-02 -2.040296e-03 4.970897e-02 3.961329e-02 -7.304850e-02 -2.141554e-01 -1.713158e-01 -4.493925e-02
<VARIANCE> 39
 3.410362e+01 4.533156e+01 4.081750e+01 8.446442e+01 6.115964e+01 9.891871e+01 6.956878e+01 7.181781e+01 1.002673e+02 9.090304e+01 9.916723e+01 1.097605e+02 2.946385e+01 3.082925e-01 7.485862e-01 9.703435e-01 1.596285e+00 1.789477e+00 2.236759e+00 2.175533e+00 2.380620e+00 2.654067e+00 2.798217e+00 2.818383e+00 2.854565e+00 2.013430e-01 5.402818e-02 1.170819e-01 1.762079e-01 2.631361e-01 3.244255e-01 3.912829e-01 3.762231e-01 3.949996e-01 4.852404e-01 4.951682e-01 4.595406e-01 5.046362e-01 3.247847e-02
<GCONST> 1.122571e+02
<MIXTURE> 2 3.962662e-01
<MEAN> 39
 8.960912e+00 1.982587e+00 -7.515192e+00 1.542873e+00 1.336665e+00 -6.625097e+00 -2.479771e+00 2.757563e+00 1.297973e+00 -3.137814e+00 -5.337873e+00 -5.983751e+00 2.901395e+00 7.865574e-02 1.041317e-01 3.223911e-02 -3.704388e-02 6.277640e-02 1.531207e-02 -9.497973e-02 -1.225065e-01 -6.473569e-04 4.789642e-02 -4.029053e-02 -3.040271e-03 -1.681708e-01 -3.369151e-02 6.573710e-03 7.767281e-02 -1.344028e-02 -4.876051e-02 2.987139e-02 2.927593e-02 -4.729611e-02 -4.096028e-02 2.795511e-02 4.110984e-02 2.889105e-02 -9.964806e-03
<VARIANCE> 39
 1.455117e+01 2.966730e+01 6.350078e+01 5.034236e+01 4.598151e+01 4.193238e+01 6.509793e+01 6.238572e+01 6.739084e+01 7.718068e+01 5.159002e+01 5.337979e+01 2.518606e+01 2.045035e-01 4.307405e-01 7.975293e-01 1.009570e+00 1.289832e+00 1.572709e+00 1.791796e+00 1.981230e+00 2.050182e+00 2.041750e+00 1.784326e+00 1.705674e+00 1.545688e-01 3.262089e-02 7.248907e-02 1.353773e-01 1.719820e-01 2.225997e-01 2.862544e-01 3.203118e-01 3.548992e-01 3.669036e-01 3.620244e-01 3.133093e-01 2.966121e-01 2.047865e-02
<GCONST> 9.838000e+01
<MIXTURE> 3 3.136605e-01
<MEAN> 39
 4.975331e+00 3.140933e+00 5.645018e-01 -3.604060e+00 -3.075362e+00 -3.889249e+00 -1.756326e+00 -7.581363e-01 -1.133308e+00 -8.278348e-01 -4.541290e+00 -3.296398e+00 2.535406e+00 8.217030e-02 6.994330e-01 7.831091e-01 8.085807e-01 6.413481e-02 -2.878737e-01 -4.770470e-01 -3.922964e-01 -6.363907e-01 -1.611600e-01 3.304960e-02 -1.224026e-01 -1.316723e+00 -2.413531e-01 -3.200140e-02 -3.291399e-02 1.573240e-01 1.899749e-01 1.885216e-01 7.895587e-02 7.043606e-02 2.055946e-02 -7.578235e-02 1.709171e-01 9.514640e-02 -6.372888e-02
<VARIANCE> 39
 2.019036e+01 3.561592e+01 4.712112e+01 6.495545e+01 5.443578e+01 5.689410e+01 6.473392e+01 6.763223e+01 6.458797e+01 6.515264e+01 6.262561e+01 6.629012e+01 3.202932e+01 1.153700e+00 1.846928e+00 2.275824e+00 3.143587e+00 3.283786e+00 4.614992e+00 4.461767e+00 4.374031e+00 4.121348e+00 4.060664e+00 3.556411e+00 3.331357e+00 1.755910e+00 1.623062e-01 2.311799e-01 3.077805e-01 4.139443e-01 5.218044e-01 6.099401e-01 6.769017e-01 6.758317e-01 6.827872e-01 6.563893e-01 5.871470e-01 5.429690e-01 1.618052e-01
<GCONST> 1.260760e+02
<MIXTURE> 4 8.150156e-02
<MEAN> 39
 -2.296337e+00 -1.182200e+00 -1.576007e+00 9.936768e-01 5.537879e+00 4.568796e+00 2.019475e+00 1.810871e+01 2.729614e+01 5.302349e+00 -1.687814e+01 -2.451320e+01 8.009848e+00 2.784177e-03 1.173241e-02 7.972930e-03 -6.326178e-02 2.388117e-02 4.426421e-02 4.433956e-02 5.745257e-02 3.151545e-02 -9.794398e-02 -1.322367e-01 7.169919e-02 -6.034753e-02 1.381466e-02 -4.194343e-04 -2.085158e-02 -1.861451e-02 -3.882432e-02 -2.014623e-02 3.529976e-02 -4.526234e-02 -8.518746e-02 3.217599e-02 1.107529e-01 8.935846e-02 -1.440662e-02
<VARIANCE> 39
 2.019915e+01 3.063771e+01 3.255856e+01 5.610744e+01 3.653035e+01 5.682439e+01 1.041808e+02 1.599167e+02 5.647863e+01 1.756153e+02 1.652728e+02 6.113211e+01 9.851415e+00 3.190751e-01 6.800008e-01 8.094394e-01 1.012160e+00 1.162846e+00 1.145383e+00 1.551383e+00 1.609302e+00 1.788300e+00 2.301517e+00 2.439983e+00 1.661545e+00 1.111580e-01 5.792403e-02 1.194430e-01 1.634821e-01 1.854633e-01 2.027521e-01 2.266947e-01 2.816924e-01 2.647892e-01 3.065379e-01 3.345405e-01 3.460127e-01 2.845803e-01 1.726439e-02
<GCONST> 1.009770e+02
<STATE> 5
<NUMMIXES> 4
<MIXTURE> 1 2.101858e-01
<MEAN> 39
 1.943665e+00 -1.468558e+00 -1.800862e+00 -2.434855e+00 -2.631576e+00 -1.513422e+00 1.381616e+00 1.908872e+00 5.529574e+00 8.307109e+00 7.862111e+00 2.654250e+00 4.944833e+00 -1.926912e-01 2.480384e-01 2.033909e-01 7.658698e-02 -2.269809e-01 -2.900465e-01 -7.803901e-02 -3.911293e-01 -7.497240e-01 -5.471081e-01 -4.341860e-01 1.364186e-01 -4.992459e-01 -7.303772e-02 7.847162e-02 2.079665e-02 7.480063e-02 1.315698e-01 6.932816e-03 -1.359699e-01 1.537770e-02 -1.731870e-02 -1.209182e-01 -2.269175e-01 -2.359767e-01 -8.157779e-02
<VARIANCE> 39
 2.250644e+01 3.868227e+01 4.263468e+01 7.310690e+01 6.241669e+01 7.505382e+01 7.500498e+01 1.072436e+02 1.489822e+02 1.608248e+02 1.447512e+02 1.931931e+02 3.860163e+01 1.493291e+00 2.374322e+00 2.404812e+00 3.900939e+00 4.324293e+00 5.884225e+00 5.700646e+00 6.153872e+00 6.901865e+00 7.285040e+00 7.411459e+00 7.957328e+00 2.466419e+00 2.265958e-01 2.960915e-01 3.750808e-01 5.599844e-01 7.195432e-01 9.233923e-01 9.634548e-01 1.062546e+00 1.062401e+00 1.148690e+00 1.158737e+00 1.167851e+00 2.689166e-01
<GCONST> 1.416487e+02
<MIXTURE> 2 2.742045e-01
<MEAN> 39
 2.500052e+00 6.285122e+00 4.548631e+00 4.445189e-01 -2.264436e+00 -2.530885e+00 -3.590076e+00 -1.831847e+00 -2.921774e+00 -2.571598e+00 -3.609441e+00 -3.069235e+00 -3.205863e+00 -1.218233e+00 1.506851e-01 1.717511e-01 1.054705e+00 6.393722e-01 6.185576e-01 8.625583e-02 3.171458e-01 3.544146e-02 -2.172024e-01 4.735218e-01 4.761805e-02 -1.274477e+00 -2.644634e-01 -5.185552e-01 -4.773239e-01 -4.027043e-01 -4.996978e-02 1.720032e-01 3.658234e-01 2.585356e-01 3.690100e-01 2.912846e-01 1.691422e-01 2.436115e-01 4.901937e-01
<VARIANCE> 39
 2.947938e+01 2.998613e+01 2.561713e+01 4.929855e+01 4.240995e+01 4.689178e+01 4.933249e+01 5.617680e+01 5.233542e+01 4.906504e+01 4.702477e+01 4.651014e+01 3.554460e+01 2.320816e+00 2.506722e+00 2.399836e+00 3.464049e+00 3.151070e+00 3.436952e+00 4.281706e+00 4.391427e+00 4.352448e+00 3.877835e+00 3.483719e+00 3.377139e+00 3.497295e+00 3.322347e-01 3.418041e-01 3.491338e-01 4.894201e-01 5.942575e-01 6.857631e-01 6.981734e-01 7.649938e-01 7.775189e-01 6.932090e-01 6.881456e-01 6.202073e-01 3.420716e-01
<GCONST> 1.279659e+02
<MIXTURE> 3 3.203190e-01
<MEAN> 39
 2.629010e+00 2.586970e+00 9.731752e-01 -2.384494e+00 -1.001021e+00 -1.756173e+00 -1.423139e+00 -3.154084e+00 -3.885831e+00 -1.432107e+00 -1.519388e+00 -7.767221e-02 8.410000e-01 -1.207771e-01 2.233888e-01 1.727391e-01 2.874258e-01 2.351189e-02 -2.351032e-01 1.849932e-01 5.371828e-02 -1.484391e-01 -8.923428e-02 -1.054678e-01 1.080811e-01 -4.734706e-01 -2.774720e-02 -9.528734e-02 -6.548150e-02 -1.570848e-02 -3.517038e-02 3.866992e-02 -4.209927e-02 1.338543e-01 2.415560e-01 4.094531e-02 -3.875404e-02 -7.976630e-02 6.923361e-02
<VARIANCE> 39
 2.937174e+01 4.529853e+01 3.210164e+01 6.646593e+01 4.262300e+01 6.401750e+01 6.153613e+01 6.240730e+01 5.838168e+01 5.759997e+01 5.788364e+01 7.032058e+01 4.656356e+01 4.111140e-01 7.670201e-01 1.024083e+00 1.447894e+00 1.742056e+00 2.226852e+00 2.356899e+00 2.765330e+00 2.640844e+00 2.585137e+00 2.560035e+00 2.124637e+00 4.465440e-01 5.931321e-02 1.115802e-01 1.603225e-01 2.553895e-01 2.988463e-01 3.880719e-01 4.224500e-01 4.576987e-01 4.809622e-01 4.830857e-01 4.472873e-01 4.109145e-01 4.475604e-02
<GCONST> 1.099810e+02
<MIXTURE> 4 1.952908e-01
<MEAN> 39
 1.407214e+00 2.022854e+00 -2.600420e+00 -5.402917e+00 1.568818e+00 -1.235440e+00 3.586816e+00 1.144217e+01 1.983521e+01 1.631571e+01 2.273377e+00 -1.651122e+01 3.377846e+00 2.856446e-02 1.247156e-02 3.316654e-02 -4.618546e-02 -1.996600e-01 -1.010871e-01 -1.366314e-02 -1.004025e-01 -1.173472e-01 9.069555e-04 2.198814e-01 3.449203e-01 -1.862288e-01 3.406559e-03 -2.493896e-02 1.194545e-02 9.713943e-03 -6.547273e-02 -3.772354e-02 -2.951409e-02 -9.435840e-02 -1.177024e-01 -7.361319e-02 1.830970e-02 1.277343e-01 -2.356208e-02
<VARIANCE> 39
 1.656249e+01 2.949302e+01 2.671667e+01 6.609852e+01 5.435788e+01 4.985543e+01 6.060970e+01 9.038815e+01 8.113403e+01 1.314437e+02 2.038791e+02 1.657531e+02 1.858023e+01 3.309985e-01 6.116701e-01 7.808235e-01 1.037840e+00 1.597174e+00 1.808776e+00 2.064641e+00 2.212836e+00 2.505082e+00 2.506331e+00 3.601078e+00 3.097752e+00 2.552098e-01 5.836889e-02 1.132277e-01 1.491613e-01 1.963465e-01 2.728554e-01 3.116201e-01 3.767039e-01 4.267893e-01 4.421458e-01 4.500364e-01 5.664997e-01 5.411803e-01 3.869394e-02
<GCONST> 1.092477e+02
<TRANSP> 6
 0.000000e+00 1.000000e+00 0.000000e+00 0.000000e+00 0.000000e+00 0.000000e+00
 0.000000e+00 7.103112e-01 2.896889e-01 0.000000e+00 0.000000e+00 0.000000e+00
 0.000000e+00 0.000000e+00 8.002573e-01 1.997427e-01 0.000000e+00 0.000000e+00
 0.000000e+00 0.000000e+00 0.000000e+00 7.350698e-01 2.649302e-01 0.000000e+00
 0.000000e+00 0.000000e+00 0.000000e+00 0.000000e+00 6.028737e-01 3.971263e-01
 0.000000e+00 0.000000e+00 0.000000e+00 0.000000e+00 0.000000e+00 0.000000e+00
<ENDHMM>
