~o
<STREAMINFO> 1 39
<VECSIZE> 39<NULLD><MFCC_D_A_Z_0><DIAGC>
~h "b"
<BEGINHMM>
<NUMSTATES> 6
<STATE> 2
<NUMMIXES> 4
<MIXTURE> 1 2.372118e-01
<MEAN> 39
 4.814953e+00 6.164053e+00 6.293435e+00 4.251337e+00 -3.060013e-01 -3.236044e+00 -4.177243e+00 -1.177930e+00 -3.976626e+00 -3.874068e+00 -3.091675e+00 -3.826487e+00 -6.603578e+00 -9.635062e-01 -1.974848e+00 -1.353299e+00 -1.396032e+00 -7.988927e-01 4.544335e-01 1.611214e+00 1.321783e+00 1.168586e+00 1.393205e+00 6.458325e-01 6.141483e-01 3.621991e+00 -2.087497e-01 -6.123769e-01 -6.058412e-01 -7.942966e-01 -3.656419e-01 1.782833e-01 5.821891e-01 2.645069e-01 9.510399e-02 4.210506e-01 -4.457142e-02 2.178609e-01 1.205918e+00
<VARIANCE> 39
 2.698998e+01 2.131706e+01 2.288964e+01 2.466459e+01 2.886441e+01 3.447708e+01 4.085287e+01 3.957422e+01 4.109347e+01 3.901236e+01 3.713713e+01 4.039289e+01 4.119580e+01 3.044695e+00 3.236392e+00 4.295427e+00 4.629550e+00 4.485386e+00 4.934430e+00 6.575662e+00 4.855711e+00 5.751232e+00 5.371720e+00 5.613410e+00 4.662405e+00 4.898635e+00 3.853891e-01 4.473673e-01 4.250593e-01 7.402109e-01 6.570609e-01 9.256145e-01 9.537756e-01 1.017631e+00 9.430375e-01 8.303438e-01 8.267202e-01 8.215819e-01 5.199929e-01
<GCONST> 1.324666e+02
<MIXTURE> 2 2.075272e-01
<MEAN> 39
 -2.409529e-01 3.301718e-01 -1.158576e+00 -1.445516e+00 1.891668e+00 3.721626e-01 1.434583e+00 -1.334822e+00 -5.464546e-02 3.865439e-01 2.268482e+00 3.209354e+00 6.181455e+00 2.748309e-02 -8.102451e-02 -4.210625e-02 -1.209861e-01 -2.074519e-01 -1.784730e-01 -3.131241e-01 -5.323425e-02 3.712470e-02 -4.064245e-02 1.132430e-01 -4.964119e-03 -5.684413e-02 5.274795e-02 -8.527787e-02 -1.197051e-02 -1.969659e-01 -2.563776e-01 -7.913263e-02 -2.217758e-01 -2.329679e-02 -4.209422e-02 4.714866e-02 -8.957934e-02 -1.110989e-01 -5.065428e-02
<VARIANCE> 39
 2.675597e+01 5.920136e+01 3.568179e+01 1.041911e+02 4.751415e+01 7.986585e+01 6.566835e+01 6.803532e+01 6.582919e+01 9.520502e+01 9.859910e+01 1.002932e+02 5.297500e+01 3.334099e-01 7.523842e-01 9.830055e-01 1.680547e+00 1.710337e+00 2.413986e+00 2.401918e+00 2.809630e+00 2.430817e+00 3.058710e+00 2.498039e+00 2.339915e+00 2.663124e-01 5.262140e-02 1.122910e-01 1.733522e-01 2.672807e-01 3.134380e-01 4.525130e-01 4.597762e-01 4.488979e-01 4.315689e-01 5.179115e-01 5.027040e-01 4.073135e-01 4.477920e-02
<GCONST> 1.127945e+02
<MIXTURE> 3 2.941956e-01
<MEAN> 39
 -4.612741e+00 -1.211462e-01 2.268112e+00 2.879994e+00 8.178225e-01 1.722024e+00 9.505963e-01 2.199397e+00 2.336026e+00 1.465451e+00 1.799231e+00 5.386148e-01 -2.957213e+00 1.224770e+00 -2.989647e-02 -2.828776e-01 -2.032301e+00 -1.467767e+00 -5.422432e-01 1.657592e-01 -6.136420e-02 5.936556e-01 5.892283e-01 -1.050450e-01 1.841689e-01 3.929134e+00 6.705435e-01 2.286463e-01 -1.123004e-01 -5.524759e-01 -3.323216e-01 -3.462822e-01 -2.383373e-01 -1.807953e-01 -2.857034e-01 -1.860937e-01 -3.344494e-01 -7.880814e-02 2.336811e-01
<VARIANCE> 39
 2.627615e+01 3.512668e+01 3.031184e+01 3.840873e+01 4.114046e+01 3.827420e+01 4.236668e+01 3.862936e+01 4.205270e+01 4.184834e+01 3.396243e+01 3.323846e+01 5.322845e+01 4.074212e+00 4.479840e+00 3.723277e+00 5.554740e+00 4.481879e+00 4.867519e+00 5.352884e+00 5.499770e+00 6.215504e+00 5.228235e+00 5.552983e+00 4.854953e+00 5.251460e+00 4.938930e-01 6.897591e-01 5.810698e-01 6.872435e-01 7.235124e-01 7.433226e-01 8.953028e-01 9.389673e-01 1.105802e+00 9.415605e-01 8.961114e-01 1.013671e+00 6.999595e-01
<GCONST> 1.364347e+02
<MIXTURE> 4 2.610655e-01
<MEAN> 39
 2.484951e+00 4.424242e+00 2.059468e+00 -2.607101e+00 -3.071882e+00 -3.874723e+00 -2.115351e+00 -9.729320e-01 -1.936445e+00 -1.140948e+00 -2.500426e+00 -6.179686e-01 8.831525e-01 9.141135e-02 -6.739830e-01 -4.833300e-01 -1.265706e+00 -4.307916e-01 5.556929e-01 2.894270e-01 -4.865268e-03 5.471693e-01 5.002894e-01 5.580434e-01 7.502538e-01 1.779119e+00 -1.337095e-01 -3.624993e-01 -1.689078e-01 -1.185849e-01 1.381360e-01 3.668584e-01 1.424809e-01 1.098994e-01 9.796808e-02 1.034128e-01 2.098089e-01 1.599371e-01 2.375219e-01
<VARIANCE> 39
 2.272471e+01 3.645948e+01 3.302605e+01 4.253556e+01 3.798380e+01 5.212297e+01 5.668619e+01 5.222437e+01 4.938923e+01 5.910248e+01 6.298032e+01 6.559077e+01 3.097899e+01 2.584219e+00 2.746695e+00 2.866476e+00 4.249117e+00 3.486640e+00 5.596105e+00 4.880837e+00 4.666148e+00 5.573193e+00 5.499618e+00 5.795619e+00 6.280072e+00 2.604768e+00 2.425675e-01 2.875321e-01 3.381585e-01 5.464218e-01 5.504734e-01 8.031595e-01 7.895228e-01 8.103364e-01 7.077541e-01 8.237202e-01 9.308239e-01 8.108990e-01 1.781965e-01
<GCONST> 1.313376e+02
<STATE> 3
<NUMMIXES> 4
<MIXTURE> 1 1.922699e-01
<MEAN> 39
 9.290614e-01 -3.057052e-01 -9.445127e-01 -6.555857e+00 -3.498988e+00 5.576542e-01 7.546123e-01 2.060069e-01 5.753066e+00 5.645237e+00 7.077238e+00 4.720286e+00 6.083636e+00 4.587621e-01 -1.176923e+00 -6.991866e-01 -1.410129e+00 -3.226145e-01 6.638146e-01 -4.106351e-02 -7.486998e-02 9.661993e-01 9.288958e-01 1.409011e+00 1.313566e+00 2.662454e+00 -2.673285e-01 -5.205300e-02 1.478366e-01 5.924522e-01 4.046776e-01 1.167554e-01 -4.057076e-02 -2.875864e-02 -6.191527e-01 -4.914095e-01 -4.234499e-01 -1.882925e-01 -4.753110e-01
<VARIANCE> 39
 2.298814e+01 4.843803e+01 3.195235e+01 7.208796e+01 6.976992e+01 7.085400e+01 7.457230e+01 9.207659e+01 8.088078e+01 1.078345e+02 1.120214e+02 1.050620e+02 3.706431e+01 2.979519e+00 3.433559e+00 3.457415e+00 6.934632e+00 6.746293e+00 9.082700e+00 8.416718e+00 8.302158e+00 9.701754e+00 1.140975e+01 1.238367e+01 1.424401e+01 5.586395e+00 4.542789e-01 4.443518e-01 4.541881e-01 9.274677e-01 1.044791e+00 1.200885e+00 1.190050e+00 1.369589e+00 1.241369e+00 1.379927e+00 1.434976e+00 1.206019e+00 5.217061e-01
<GCONST> 1.499854e+02
<MIXTURE> 2 2.918441e-01
<MEAN> 39
 1.645796e+00 5.334218e+00 4.852867e+00 -4.974585e+00 -5.255664e+00 -1.784392e+00 -2.890169e+00 9.642211e-02 1.590977e+00 1.170057e+00 -2.552480e+00 -1.463747e+00 2.588787e+00 8.584995e-01 1.593049e-01 -2.064005e-01 -3.261884e+00 -1.168553e+00 -1.636753e-01 -4.719489e-02 2.884037e-01 6.886107e-01 2.409832e-01 -6.533337e-01 7.265779e-02 3.272546e+00 -1.664343e-01 -1.446223e-01 -3.023640e-01 1.629614e-01 5.660342e-01 1.616293e-01 1.849309e-01 2.625138e-01 -2.655504e-01 -3.205629e-01 7.008242e-02 1.700306e-02 -3.944830e-01
<VARIANCE> 39
 1.679802e+01 2.646080e+01 2.567104e+01 3.200169e+01 3.679271e+01 3.408665e+01 3.528673e+01 3.124321e+01 3.768085e+01 4.270887e+01 3.891726e+01 4.643435e+01 2.717964e+01 4.845471e+00 3.671092e+00 2.879457e+00 4.758077e+00 3.778105e+00 5.821184e+00 6.466766e+00 5.475359e+00 6.256797e+00 5.911185e+00 5.439982e+00 5.782663e+00 3.164658e+00 3.641989e-01 4.281145e-01 3.667391e-01 4.612363e-01 5.343949e-01 6.973681e-01 6.379520e-01 6.361371e-01 7.662605e-01 6.930453e-01 6.962953e-01 7.170612e-01 3.250646e-01
<GCONST> 1.291997e+02
<MIXTURE> 3 2.279725e-01
<MEAN> 39
 4.606529e+00 -2.303103e+00 -2.001082e+00 6.548727e-01 -4.405014e+00 -4.152625e+00 5.489334e+00 3.727978e+00 -3.439614e+00 1.009275e+00 -1.355794e+00 -1.742817e+00 6.672434e+00 -2.298614e-01 -2.618582e+00 -2.614560e+00 -9.858384e-01 -6.501395e-01 9.759272e-01 3.142618e+00 3.142017e-01 -6.154330e-01 9.625964e-01 -3.959349e-01 5.424430e-01 4.473502e+00 -1.787937e-01 2.447168e-01 2.971112e-01 1.628156e-01 4.424800e-01 4.289916e-01 -4.408932e-01 -5.825593e-01 -3.160772e-02 -1.762073e-01 -2.296285e-01 1.210071e-01 -6.255912e-01
<VARIANCE> 39
 1.169931e+01 1.841429e+01 3.027370e+01 2.826588e+01 3.696064e+01 4.709117e+01 5.146159e+01 5.081407e+01 4.461761e+01 4.451493e+01 3.963290e+01 4.577574e+01 3.300113e+01 3.701185e+00 2.920387e+00 3.930726e+00 4.667076e+00 4.407180e+00 7.869177e+00 6.444441e+00 7.833180e+00 7.438934e+00 6.095695e+00 5.801495e+00 5.129638e+00 4.118607e+00 3.204196e-01 3.400089e-01 4.086523e-01 4.986075e-01 6.596829e-01 7.375496e-01 8.910833e-01 9.317654e-01 7.324788e-01 7.603611e-01 6.774618e-01 6.995175e-01 4.747938e-01
<GCONST> 1.323161e+02
<MIXTURE> 4 2.879135e-01
<MEAN> 39
 7.523049e-01 7.187205e-01 -7.624711e-01 -1.884693e+00 4.516581e-01 -4.403400e-01 -6.206955e-01 -1.572267e+00 -7.615408e-01 -4.160609e-01 5.689534e-01 1.652418e+00 4.166364e+00 3.172855e-02 -3.168466e-01 -1.314278e-01 -4.725628e-01 -5.402071e-01 -1.454679e-01 -4.022577e-01 -1.613818e-02 1.641107e-02 1.327281e-01 5.549583e-02 4.242874e-02 1.568774e-01 4.529750e-02 4.638579e-03 7.392664e-02 -3.383463e-03 -5.862835e-02 -3.524756e-02 -1.583215e-02 4.560254e-02 -2.125384e-02 7.521241e-03 -1.253522e-01 -9.900326e-02 -3.762481e-02
<VARIANCE> 39
 3.231094e+01 5.204171e+01 3.899534e+01 8.806483e+01 4.279501e+01 6.631209e+01 5.654714e+01 6.578941e+01 6.017496e+01 6.321140e+01 7.550989e+01 8.039613e+01 5.393439e+01 6.124240e-01 1.103616e+00 1.674094e+00 1.967278e+00 2.332751e+00 2.774883e+00 3.115458e+00 3.276752e+00 3.085221e+00 3.179186e+00 3.271184e+00 3.401300e+00 7.310648e-01 6.518418e-02 1.048806e-01 1.758985e-01 2.663299e-01 2.763463e-01 3.945196e-01 3.830406e-01 4.299416e-01 4.568965e-01 4.226380e-01 4.466870e-01 3.685597e-01 5.961448e-02
<GCONST> 1.153969e+02
<STATE> 4
<NUMMIXES> 4
<MIXTURE> 1 2.966552e-01
<MEAN> 39
 1.468002e-01 1.553014e-01 -3.131938e-01 -2.875142e+00 -1.007666e+00 -6.456460e-01 -1.566634e+00 -2.395748e+00 -6.622918e-01 6.656508e-01 1.214514e+00 2.171470e+00 4.243907e+00 7.190336e-02 -1.711020e-01 1.151340e-01 -2.676938e-01 -3.541827e-01 -4.802113e-02 -4.297374e-01 5.208017e-02 -1.892088e-01 9.086851e-02 -8.653344e-02 -5.420229e-02 5.589078e-02 5.236766e-02 8.512028e-02 9.878294e-02 1.882593e-01 1.236871e-01 6.300328e-02 1.682939e-01 1.425071e-01 4.561247e-03 -7.317198e-02 -1.149992e-01 -1.402017e-01 -9.493571e-02
<VARIANCE> 39
 3.065187e+01 5.868802e+01 3.278916e+01 8.456321e+01 4.850952e+01 6.615424e+01 6.459468e+01 7.549020e+01 7.231445e+01 7.991603e+01 9.465104e+01 9.302962e+01 5.530321e+01 4.846495e-01 9.707970e-01 1.216765e+00 1.746550e+00 1.977544e+00 2.744424e+00 2.798381e+00 2.685325e+00 2.765062e+00 3.048514e+00 2.845439e+00 2.822369e+00 5.770583e-01 8.543506e-02 1.571329e-01 2.119717e-01 3.170263e-01 3.381856e-01 4.689904e-01 4.744997e-01 5.883086e-01 5.145512e-01 5.253063e-01 4.945502e-01 5.100625e-01 7.884903e-02
<GCONST> 1.174431e+02
<MIXTURE> 2 3.022820e-01
<MEAN> 39
 9.313132e-01 4.485639e+00 3.972677e+00 -1.289278e+01 -5.398839e+00 4.368208e-01 -2.567231e+00 1.598953e+00 3.564706e+00 1.060328e+00 -2.631951e+00 6.642798e-01 7.817984e+00 -7.727583e-02 -1.139352e-02 -3.854182e-01 -2.419497e+00 3.497677e-01 6.017504e-01 8.311200e-02 7.170104e-01 2.735830e-01 -6.256392e-01 -2.419440e-01 4.042852e-01 1.995569e+00 -1.610189e-01 8.488106e-03 -1.889991e-01 1.123113e+00 7.700378e-01 -9.119374e-02 9.247669e-02 2.574585e-02 -5.982344e-01 -3.014674e-01 2.115416e-01 -1.571643e-01 -9.001053e-01
<VARIANCE> 39
 1.122564e+01 3.017540e+01 2.374369e+01 2.978156e+01 3.959204e+01 4.019239e+01 5.261720e+01 4.567512e+01 5.354285e+01 7.068954e+01 7.780692e+01 8.465229e+01 2.068690e+01 1.890766e+00 3.051462e+00 2.099208e+00 4.354408e+00 3.989340e+00 5.112119e+00 5.781775e+00 5.497187e+00 5.117877e+00 4.985310e+00 5.871102e+00 5.891953e+00 1.943461e+00 4.363972e-01 3.913480e-01 3.365450e-01 4.988315e-01 6.094897e-01 7.624146e-01 7.751883e-01 6.649206e-01 8.213926e-01 1.027582e+00 9.904322e-01 9.768420e-01 3.192275e-01
<GCONST> 1.308431e+02
<MIXTURE> 3 2.003751e-01
<MEAN> 39
 7.105052e+00 -1.850025e+00 -6.548349e+00 1.378230e+00 -2.051546e+00 -7.901263e+00 8.249512e-01 3.723053e+00 1.248804e+00 -4.537883e-01 -1.221738e+00 -2.217547e+00 4.937868e+00 4.935049e-01 -8.639398e-01 -1.338398e+00 -7.659388e-02 -3.028888e-01 -5.528427e-01 1.058017e+00 8.805175e-01 1.276586e-01 -1.857849e-01 -3.085006e-01 -2.877692e-01 2.029682e+00 -5.694321e-01 2.170894e-01 6.973036e-01 1.900532e-01 2.002845e-01 7.337646e-01 7.562398e-02 -2.751764e-01 -2.518502e-01 -3.487452e-02 6.000687e-02 1.075268e-01 -6.511580e-01
<VARIANCE> 39
 1.546944e+01 3.065004e+01 8.061421e+01 3.068125e+01 6.549443e+01 5.237189e+01 7.029508e+01 7.377062e+01 7.937014e+01 7.414248e+01 7.370663e+01 7.882847e+01 3.330391e+01 2.258224e+00 1.856474e+00 3.989051e+00 2.872297e+00 4.203845e+00 3.877474e+00 5.986413e+00 5.153807e+00 5.692846e+00 5.051285e+00 4.997004e+00 5.696951e+00 2.208616e+00 3.583848e-01 4.344917e-01 6.408154e-01 4.411972e-01 7.913641e-01 7.009914e-01 1.026349e+00 1.105223e+00 9.929819e-01 8.971871e-01 9.310542e-01 8.507971e-01 3.720268e-01
<GCONST> 1.358680e+02
<MIXTURE> 4 2.006877e-01
<MEAN> 39
 1.021119e+00 -6.209273e+00 -3.745448e+00 -2.893745e+00 -3.994945e+00 3.754829e+00 9.160491e+00 -7.583699e-01 -4.888979e+00 2.852921e+00 -2.046305e+00 2.339205e+00 1.262499e+01 -9.602238e-01 -1.778538e+00 -9.779255e-01 -7.124975e-02 1.208716e+00 2.523733e+00 1.103158e+00 -1.537259e+00 -5.537603e-01 3.322347e-01 -2.707164e-01 1.206631e+00 2.456556e+00 3.886010e-02 7.384207e-01 7.374920e-01 5.986834e-01 5.609471e-01 -4.282811e-01 -1.191232e+00 -2.445643e-01 3.481236e-01 -4.171573e-01 1.176721e-01 -1.881008e-01 -1.366155e+00
<VARIANCE> 39
 1.185365e+01 2.349522e+01 2.504806e+01 5.169642e+01 4.108450e+01 4.509674e+01 5.955010e+01 7.815620e+01 7.485365e+01 6.630704e+01 9.100848e+01 8.165393e+01 1.974917e+01 1.259450e+00 1.988347e+00 2.188790e+00 4.913485e+00 3.853675e+00 5.056907e+00 4.949323e+00 4.810032e+00 5.298412e+00 5.500893e+00 5.841572e+00 5.373090e+00 2.257155e+00 2.985104e-01 3.775817e-01 3.601704e-01 6.673326e-01 7.458633e-01 7.893238e-01 9.469990e-01 1.188037e+00 1.000886e+00 1.158570e+00 1.214186e+00 9.784948e-01 4.718235e-01
<GCONST> 1.334638e+02
<STATE> 5
<NUMMIXES> 4
<MIXTURE> 1 2.846890e-01
<MEAN> 39
 3.766281e-01 -4.728507e-01 -8.257296e-01 -1.909653e+00 3.713864e-01 6.714371e-01 -4.778796e-01 -1.184318e+00 1.386545e+00 1.427965e+00 1.526018e+00 9.859097e-01 5.546968e+00 1.105321e-01 2.795435e-02 1.477549e-01 7.434092e-02 1.020608e-01 7.897309e-02 4.584818e-02 1.538779e-01 9.133778e-02 -8.050618e-02 -1.339584e-01 -2.476596e-01 -1.377729e-02 1.852741e-02 3.903517e-02 4.019411e-02 9.914083e-02 2.198841e-02 -2.880828e-02 9.623906e-02 2.745575e-02 -4.508583e-02 -2.611292e-02 -2.379413e-02 3.929676e-02 -8.239565e-02
<VARIANCE> 39
 3.250556e+01 5.082414e+01 3.924950e+01 8.284468e+01 5.418587e+01 7.800488e+01 6.317887e+01 6.545683e+01 8.878438e+01 1.101741e+02 9.815997e+01 1.157715e+02 6.063853e+01 3.081284e-01 6.046245e-01 9.455577e-01 1.326504e+00 1.400089e+00 1.731274e+00 1.960900e+00 1.978555e+00 2.230843e+00 1.921478e+00 1.998575e+00 2.229245e+00 2.040638e-01 6.545285e-02 1.058966e-01 1.703365e-01 2.075627e-01 2.663320e-01 3.592935e-01 3.693513e-01 3.722745e-01 4.166500e-01 4.162955e-01 4.161358e-01 4.584709e-01 3.787075e-02
<GCONST> 1.093026e+02
<MIXTURE> 2 2.011962e-01
<MEAN> 39
 -8.851216e-01 8.789192e+00 3.005000e+00 -1.567200e+01 4.014541e-01 -2.219522e+00 -6.021487e+00 5.624581e+00 5.527695e-01 1.568641e-01 1.165224e+00 1.760024e+00 8.054023e+00 -1.281476e-01 3.346985e-01 -3.094328e-01 -4.350076e-01 1.001758e+00 -2.206127e-01 -9.385813e-03 5.396121e-01 -5.544883e-01 -1.789170e-01 3.004162e-01 4.586238e-02 2.592047e-01 8.666361e-02 -1.412543e-01 3.769042e-04 8.649746e-01 -5.404665e-02 -3.325930e-02 3.111713e-01 -4.080709e-01 -2.029080e-01 2.882662e-02 -2.068396e-01 -2.185395e-01 -5.295680e-01
<VARIANCE> 39
 1.257414e+01 2.785083e+01 2.350110e+01 2.087485e+01 3.240163e+01 4.691329e+01 3.717237e+01 3.834056e+01 5.742910e+01 5.724110e+01 7.167309e+01 8.226825e+01 1.650685e+01 5.563288e-01 1.736767e+00 1.378688e+00 1.831967e+00 3.145239e+00 3.368825e+00 2.350350e+00 2.626443e+00 2.862167e+00 3.133684e+00 3.368094e+00 3.496435e+00 6.057291e-01 1.902567e-01 1.973231e-01 2.276111e-01 3.888816e-01 4.504405e-01 5.264815e-01 4.625712e-01 5.199403e-01 6.130338e-01 5.778825e-01 6.799191e-01 5.937921e-01 1.623901e-01
<GCONST> 1.148015e+02
<MIXTURE> 3 2.744019e-01
<MEAN> 39
 3.530646e+00 -8.546921e-01 -4.343078e-01 -3.193613e+00 -5.303249e+00 -2.251971e+00 2.541847e+00 3.393023e+00 1.094244e+00 6.881724e-01 -2.337832e+00 -3.259417e+00 6.886930e+00 -6.796478e-02 -2.302832e-01 1.369375e-01 3.893377e-02 3.627560e-02 4.000158e-01 4.838371e-01 1.131859e-01 -2.891619e-01 -2.402824e-01 -1.696896e-01 -6.742965e-02 5.226906e-01 -2.518755e-01 2.136998e-01 1.578735e-01 3.296089e-01 4.982215e-01 1.604342e-01 -2.348565e-01 -2.969032e-01 -1.527814e-01 -1.463902e-01 1.927349e-01 2.703201e-01 -5.050803e-01
<VARIANCE> 39
 2.065747e+01 3.605095e+01 6.664079e+01 6.181633e+01 6.956657e+01 8.304350e+01 8.021100e+01 8.658253e+01 9.856479e+01 9.749230e+01 9.800953e+01 1.053731e+02 3.330196e+01 1.280715e+00 1.980821e+00 2.759755e+00 3.917819e+00 3.867917e+00 5.038770e+00 5.688535e+00 5.337090e+00 5.086047e+00 4.792454e+00 5.357005e+00 5.257094e+00 1.868261e+00 2.650954e-01 3.504656e-01 5.139826e-01 6.354312e-01 8.107198e-01 9.949731e-01 1.107711e+00 1.085355e+00 1.061074e+00 9.907413e-01 9.900479e-01 9.731805e-01 3.115027e-01
<GCONST> 1.382115e+02
<MIXTURE> 4 2.397129e-01
<MEAN> 39
 -4.889287e-01 -5.614968e+00 -2.982683e+00 -2.244659e+00 3.488230e-01 6.615384e+00 6.024755e+00 -4.160364e+00 -2.871927e+00 7.993244e-01 -4.178598e-01 5.997384e+00 1.299272e+01 -5.051598e-01 -5.940646e-01 1.109484e-01 1.052368e+00 1.394910e+00 8.113674e-01 -4.341078e-01 -6.577770e-01 1.127875e-01 -1.290911e-01 2.082302e-01 3.340258e-01 4.861783e-01 1.829614e-01 4.594887e-01 4.096855e-01 2.784795e-01 -1.650390e-01 -7.687982e-01 -5.497338e-01 3.072293e-01 2.319845e-01 3.427034e-02 7.604560e-02 -5.244322e-01 -8.125665e-01
<VARIANCE> 39
 1.182057e+01 2.788333e+01 2.035247e+01 7.087958e+01 3.864264e+01 5.061968e+01 5.921671e+01 5.652746e+01 6.304966e+01 8.119791e+01 9.852657e+01 8.267899e+01 1.831103e+01 6.403783e-01 1.290272e+00 1.306550e+00 2.723498e+00 2.813555e+00 3.822199e+00 3.605866e+00 4.137077e+00 3.569484e+00 4.257825e+00 3.792804e+00 4.093887e+00 7.734060e-01 1.480393e-01 2.049771e-01 2.594047e-01 5.476143e-01 4.789617e-01 6.422158e-01 7.364364e-01 6.173824e-01 7.291322e-01 8.559982e-01 8.942918e-01 6.280036e-01 2.397752e-01
<GCONST> 1.223704e+02
<TRANSP> 6
 0.000000e+00 1.000000e+00 0.000000e+00 0.000000e+00 0.000000e+00 0.000000e+00
 0.000000e+00 3.074476e-01 6.925523e-01 0.000000e+00 0.000000e+00 0.000000e+00
 0.000000e+00 0.000000e+00 1.441205e-01 8.558795e-01 0.000000e+00 0.000000e+00
 0.000000e+00 0.000000e+00 0.000000e+00 1.831823e-01 8.168178e-01 0.000000e+00
 0.000000e+00 0.000000e+00 0.000000e+00 0.000000e+00 3.748804e-01 6.251196e-01
 0.000000e+00 0.000000e+00 0.000000e+00 0.000000e+00 0.000000e+00 0.000000e+00
<ENDHMM>
