~o
<STREAMINFO> 1 39
<VECSIZE> 39<NULLD><MFCC_D_A_Z_0><DIAGC>
~h "dh"
<BEGINHMM>
<NUMSTATES> 6
<STATE> 2
<NUMMIXES> 4
<MIXTURE> 1 1.803196e-01
<MEAN> 39
 7.226325e-01 9.930585e-01 -1.050346e+00 -1.990366e+00 -5.149311e-01 -8.732110e-01 6.458446e-01 -4.312528e+00 -5.541055e-01 -1.100096e-01 1.398197e-01 1.256025e+00 5.289767e+00 -5.372571e-02 3.050918e-01 6.807498e-02 2.404945e-01 2.991148e-01 -3.511887e-01 -4.469281e-01 -1.818902e-01 -1.990741e-02 -8.853401e-03 -1.201135e-01 -2.958446e-01 -3.039984e-02 3.911508e-02 -1.042306e-01 1.467957e-01 2.865663e-03 -1.435977e-01 -1.003362e-01 -1.097257e-01 4.206213e-01 1.938031e-01 1.104617e-01 2.580998e-02 -5.459432e-02 -9.590311e-02
<VARIANCE> 39
 2.851544e+01 5.332743e+01 3.387867e+01 8.064790e+01 5.627275e+01 8.309299e+01 7.801456e+01 6.992735e+01 8.450021e+01 8.294198e+01 1.082603e+02 9.922646e+01 4.098071e+01 8.163063e-01 1.222409e+00 1.930985e+00 2.974030e+00 2.874725e+00 3.896290e+00 3.534149e+00 3.673043e+00 4.183825e+00 3.627786e+00 3.575965e+00 3.657290e+00 1.432497e+00 1.732873e-01 2.442813e-01 3.691393e-01 5.006446e-01 5.302446e-01 7.711904e-01 9.031829e-01 7.365373e-01 8.894655e-01 7.534719e-01 7.700458e-01 7.227584e-01 2.589872e-01
<GCONST> 1.297072e+02
<MIXTURE> 2 3.004205e-01
<MEAN> 39
 3.105498e+00 6.777760e+00 5.212345e+00 2.034234e+00 -2.088977e+00 -3.986044e+00 -4.336839e+00 -3.051959e+00 -4.731460e+00 -3.715446e+00 -4.655149e+00 -4.495975e+00 -6.267583e+00 -7.561644e-01 -4.715786e-01 -1.909030e-01 1.766445e-01 2.511037e-01 4.738494e-01 3.366751e-01 5.058888e-01 8.689357e-01 4.158426e-01 3.884390e-01 9.189543e-02 8.338820e-01 -1.400667e-01 -5.651636e-01 -4.633171e-01 -5.738266e-01 -2.351395e-01 2.152798e-01 5.086773e-01 3.503274e-01 5.447854e-01 4.078077e-01 1.908550e-01 3.581173e-01 8.781825e-01
<VARIANCE> 39
 2.923390e+01 2.777400e+01 2.403436e+01 4.015316e+01 3.644104e+01 4.049267e+01 4.159830e+01 4.424532e+01 4.854960e+01 5.123590e+01 4.794192e+01 4.817789e+01 5.059791e+01 2.397708e+00 2.464254e+00 2.476996e+00 3.747399e+00 3.021617e+00 3.533521e+00 4.386323e+00 4.084733e+00 4.279914e+00 4.155694e+00 3.438929e+00 3.400836e+00 4.599721e+00 3.547597e-01 3.130760e-01 3.820039e-01 6.339530e-01 5.796117e-01 7.112116e-01 8.042898e-01 7.771795e-01 8.147191e-01 8.556824e-01 7.506645e-01 7.789211e-01 4.987160e-01
<GCONST> 1.291083e+02
<MIXTURE> 3 2.901598e-01
<MEAN> 39
 -7.230916e+00 2.089667e+00 8.792659e-01 3.488855e+00 2.199853e+00 3.032202e+00 -6.488413e-02 2.234680e+00 2.263425e+00 1.375546e-01 1.069752e+00 5.781412e-03 -6.082551e+00 1.176171e+00 5.231487e-01 6.659322e-02 -1.053760e+00 -8.347676e-01 -5.665698e-01 1.317291e-02 -1.422107e-01 3.802892e-01 2.779025e-01 -2.432151e-01 2.529884e-01 2.239966e+00 8.101102e-01 7.663259e-02 2.672959e-02 -6.753584e-01 -6.710724e-01 -4.806689e-01 -1.074055e-01 -2.974156e-01 -1.689939e-01 3.042941e-02 -3.421835e-01 -6.264766e-02 6.362804e-01
<VARIANCE> 39
 2.436527e+01 3.214247e+01 2.245036e+01 3.055472e+01 2.791173e+01 3.240933e+01 3.146222e+01 3.744901e+01 3.602570e+01 3.016348e+01 3.215339e+01 2.811138e+01 4.921534e+01 3.225299e+00 2.512685e+00 2.371573e+00 3.245541e+00 3.073560e+00 3.480823e+00 3.511622e+00 3.771679e+00 4.175919e+00 3.333041e+00 3.640217e+00 2.979936e+00 4.212826e+00 2.955367e-01 4.156886e-01 4.433242e-01 6.315935e-01 5.279825e-01 6.347650e-01 8.119153e-01 7.088402e-01 7.957902e-01 7.265491e-01 8.214301e-01 6.867604e-01 5.939665e-01
<GCONST> 1.253299e+02
<MIXTURE> 4 2.291001e-01
<MEAN> 39
 3.011274e+00 5.177408e+00 7.156435e-01 -2.255926e+00 3.435987e-02 -4.447563e+00 -3.057368e+00 -2.621179e+00 -1.784011e+00 -3.193748e-01 -2.024919e+00 -2.939053e+00 1.155637e+00 8.380318e-03 1.267475e-01 1.317637e-01 9.001261e-02 3.483089e-02 -1.404969e-01 -5.224912e-02 9.676083e-02 1.521281e-01 1.146420e-01 -1.156971e-01 5.171625e-02 -5.123394e-02 -2.496445e-02 -1.634441e-01 3.096768e-03 -6.556144e-02 -1.205799e-01 4.769162e-02 6.165440e-02 1.671952e-01 7.559077e-02 -9.761633e-02 4.308213e-02 1.247472e-01 8.316237e-02
<VARIANCE> 39
 2.997661e+01 3.706429e+01 3.676921e+01 6.036370e+01 4.048375e+01 6.694899e+01 5.435070e+01 6.074004e+01 4.851659e+01 5.537796e+01 5.643255e+01 6.583896e+01 4.451086e+01 2.353018e-01 4.785244e-01 7.057884e-01 1.228081e+00 1.156736e+00 1.514974e+00 1.727404e+00 1.894095e+00 2.116191e+00 1.618494e+00 2.032241e+00 1.850526e+00 2.335574e-01 4.736166e-02 8.453683e-02 1.506420e-01 2.387235e-01 2.432274e-01 3.542507e-01 3.479239e-01 3.877245e-01 4.112366e-01 3.341406e-01 3.603041e-01 3.899336e-01 4.098999e-02
<GCONST> 1.023928e+02
<STATE> 3
<NUMMIXES> 4
<MIXTURE> 1 2.787573e-01
<MEAN> 39
 1.765148e-01 7.355906e-01 -1.056724e+00 -6.547698e-01 1.420281e+00 -1.087800e+00 1.742957e-01 -1.875931e+00 9.178370e-02 1.155401e+00 1.117326e+00 1.858123e+00 5.200927e+00 6.790297e-02 -2.306274e-01 1.159920e-01 -2.097755e-01 -3.099058e-01 -4.903082e-01 -3.457089e-01 3.496063e-01 3.071410e-01 -6.857508e-02 -2.075078e-01 -1.228538e-01 -2.404036e-03 6.414473e-02 -1.044282e-01 3.324043e-02 -9.490763e-02 -2.064480e-01 -1.022797e-02 1.203204e-02 1.249286e-01 -5.794239e-02 -1.215225e-01 4.578826e-03 -6.302352e-02 -4.675573e-02
<VARIANCE> 39
 2.761087e+01 5.472855e+01 4.040757e+01 9.373541e+01 4.412958e+01 7.183929e+01 6.778455e+01 7.671921e+01 8.225659e+01 8.787746e+01 9.679848e+01 1.122877e+02 5.724584e+01 3.695001e-01 7.072315e-01 1.117830e+00 1.584095e+00 1.701753e+00 2.026158e+00 2.488573e+00 2.528285e+00 2.809192e+00 2.422310e+00 2.800603e+00 2.560137e+00 2.913552e-01 5.106593e-02 9.667299e-02 1.778067e-01 2.721170e-01 2.681966e-01 3.627465e-01 4.403709e-01 4.080913e-01 3.868822e-01 4.466107e-01 5.039852e-01 4.032610e-01 3.721841e-02
<GCONST> 1.120168e+02
<MIXTURE> 2 2.717604e-01
<MEAN> 39
 4.043465e+00 4.294409e+00 3.618152e+00 -3.911798e-01 -4.618937e+00 -5.115101e+00 -2.460181e+00 -1.994661e+00 -2.496426e+00 -2.517119e-01 -3.499213e+00 -2.882232e+00 1.150500e+00 -4.969703e-01 -1.191478e+00 -8.394594e-01 -1.007042e+00 -6.801432e-01 7.428029e-01 1.123953e+00 5.944227e-01 1.326427e+00 7.105032e-01 3.087357e-02 6.330184e-01 1.914252e+00 -1.004864e-01 -2.437934e-01 -3.007503e-01 -3.471825e-01 7.129872e-02 3.760501e-01 3.866858e-01 1.520426e-01 5.237916e-02 -1.115737e-01 -2.644728e-03 2.405121e-01 3.176755e-01
<VARIANCE> 39
 1.578234e+01 2.003144e+01 2.779946e+01 3.355278e+01 3.869849e+01 4.840818e+01 5.882369e+01 4.765615e+01 5.065646e+01 4.825738e+01 4.911359e+01 5.445536e+01 2.594745e+01 1.298233e+00 1.822622e+00 2.776284e+00 3.567623e+00 3.046115e+00 4.407774e+00 5.109165e+00 4.331168e+00 5.287582e+00 5.433082e+00 4.527320e+00 5.054300e+00 2.660156e+00 1.639460e-01 1.959343e-01 2.860707e-01 4.239027e-01 4.672599e-01 6.493816e-01 7.400276e-01 6.518002e-01 7.285612e-01 6.716319e-01 6.104878e-01 5.715457e-01 1.519829e-01
<GCONST> 1.238885e+02
<MIXTURE> 3 2.356563e-01
<MEAN> 39
 -4.455705e+00 1.342150e+00 1.272517e+00 1.492989e+00 1.649044e-01 1.218008e+00 9.155580e-01 2.195866e+00 3.539595e+00 8.906003e-01 1.471232e+00 6.736588e-02 -1.503783e+00 1.145827e+00 -4.027641e-01 -6.944599e-01 -2.185596e+00 -1.307536e+00 -5.067425e-01 2.887818e-01 3.723318e-01 1.148185e+00 1.367666e+00 4.169367e-01 7.661166e-01 3.643704e+00 5.341236e-01 3.065317e-02 -8.281446e-02 -4.240746e-01 -1.797354e-01 -1.612627e-01 -1.371562e-01 -2.647081e-01 -3.918293e-01 -1.466122e-02 -2.044812e-01 6.482670e-02 8.286859e-02
<VARIANCE> 39
 2.391812e+01 4.553058e+01 3.283389e+01 4.631969e+01 3.886494e+01 4.298187e+01 4.442756e+01 5.040365e+01 4.160179e+01 4.745510e+01 4.915316e+01 3.799822e+01 6.488917e+01 4.044875e+00 4.439817e+00 3.329710e+00 6.278907e+00 4.966012e+00 5.483180e+00 6.660157e+00 6.760322e+00 7.444989e+00 6.612528e+00 7.194702e+00 5.502048e+00 6.724763e+00 4.104984e-01 7.115546e-01 5.870099e-01 7.476882e-01 6.056390e-01 7.772308e-01 9.207411e-01 9.122579e-01 1.049539e+00 1.085935e+00 1.067518e+00 1.239707e+00 7.198048e-01
<GCONST> 1.400458e+02
<MIXTURE> 4 2.138259e-01
<MEAN> 39
 1.412287e+00 6.676575e+00 2.787935e+00 -6.630791e-01 -2.801975e+00 -2.125554e+00 -2.867440e+00 -4.639826e-01 1.226663e+00 -2.044963e-01 -1.784082e+00 -3.777561e-01 -3.853896e-01 2.866687e+00 4.397179e-01 -9.100918e-02 -2.513404e+00 -2.083638e+00 -1.514851e+00 1.817155e-01 -6.017150e-01 -3.284560e-01 -1.797392e-01 -1.619457e+00 -6.362352e-01 3.237543e+00 -3.605134e-01 -6.542584e-01 -2.965371e-01 -1.658943e-01 1.079412e-01 2.832116e-01 4.842208e-01 2.351527e-01 2.400625e-03 -9.535152e-03 -1.056930e-01 -1.126839e-01 2.083623e-02
<VARIANCE> 39
 2.220908e+01 2.468700e+01 1.996478e+01 3.580554e+01 3.545392e+01 3.423395e+01 2.879928e+01 4.160083e+01 2.856143e+01 3.154051e+01 3.126519e+01 3.114586e+01 3.360449e+01 1.656203e+00 2.486565e+00 3.196449e+00 4.096334e+00 3.738770e+00 3.763479e+00 6.092831e+00 4.632994e+00 5.749827e+00 4.289583e+00 4.582509e+00 3.814924e+00 3.436746e+00 3.127819e-01 2.663121e-01 2.783127e-01 4.274777e-01 4.361179e-01 5.360354e-01 6.153445e-01 5.927792e-01 5.360894e-01 5.740470e-01 6.172133e-01 5.467086e-01 3.124883e-01
<GCONST> 1.227140e+02
<STATE> 4
<NUMMIXES> 4
<MIXTURE> 1 2.631579e-01
<MEAN> 39
 2.156795e+00 2.618636e+00 -5.647275e-01 -5.313369e+00 -3.329204e+00 -3.136611e+00 -2.075473e+00 2.258608e+00 4.591725e+00 1.475770e+00 2.333694e+00 1.710158e+00 4.429321e+00 1.011212e+00 -8.602515e-01 -1.018855e+00 -2.338506e+00 -5.834602e-01 2.569443e-03 3.712708e-01 3.746373e-01 8.383869e-01 5.923938e-01 5.073959e-01 1.007627e+00 3.241926e+00 -3.826358e-01 -1.578285e-01 8.732247e-02 5.048036e-01 4.604214e-01 4.091174e-01 2.876413e-01 -2.203438e-01 -6.071642e-01 -2.728465e-01 -2.487982e-01 -1.684490e-01 -5.550786e-01
<VARIANCE> 39
 2.812341e+01 4.672708e+01 3.976542e+01 6.601752e+01 4.526955e+01 5.255027e+01 5.414788e+01 6.442805e+01 6.186941e+01 6.860878e+01 6.555396e+01 7.005225e+01 3.892836e+01 3.265685e+00 3.350873e+00 3.511483e+00 6.112863e+00 4.292211e+00 5.865853e+00 6.333163e+00 7.256248e+00 8.653309e+00 8.791318e+00 8.653139e+00 1.049327e+01 3.729895e+00 4.917126e-01 5.258374e-01 5.337455e-01 6.557745e-01 7.274531e-01 8.974845e-01 8.805862e-01 9.029222e-01 9.182667e-01 9.200735e-01 8.896933e-01 8.871320e-01 4.832887e-01
<GCONST> 1.415891e+02
<MIXTURE> 2 2.604309e-01
<MEAN> 39
 3.812541e+00 2.085231e+00 2.314246e+00 -3.653207e+00 -9.761127e+00 -2.839876e+00 4.374561e+00 -2.059726e+00 -4.041523e-01 3.313829e+00 -7.122307e+00 -1.898084e+00 5.733407e+00 7.176020e-01 -1.354750e+00 -9.489962e-01 -1.807235e+00 -1.252883e+00 4.801834e-01 2.338930e+00 -1.146084e-01 1.470348e-02 4.761434e-01 -1.518987e+00 1.006962e-01 2.891642e+00 -4.411785e-01 -1.048330e-01 -1.471825e-01 4.206568e-01 8.487357e-01 4.779864e-01 -2.528905e-01 1.664740e-01 -3.889408e-02 -4.659346e-01 4.540629e-01 1.128443e-01 -5.953484e-01
<VARIANCE> 39
 9.658037e+00 1.710314e+01 2.180375e+01 2.590986e+01 2.481796e+01 3.669883e+01 4.327355e+01 4.482838e+01 5.387030e+01 4.665032e+01 3.974392e+01 4.070617e+01 2.054765e+01 2.639168e+00 1.984917e+00 2.455330e+00 3.549855e+00 3.550438e+00 5.955070e+00 5.158725e+00 4.790753e+00 5.639520e+00 4.529549e+00 4.315571e+00 4.338868e+00 1.918718e+00 3.734225e-01 2.994276e-01 2.881581e-01 4.383629e-01 4.387152e-01 5.742636e-01 6.504902e-01 6.362641e-01 8.457512e-01 7.287316e-01 6.102239e-01 5.814949e-01 3.008392e-01
<GCONST> 1.234065e+02
<MIXTURE> 3 2.099809e-01
<MEAN> 39
 9.694418e-01 9.070418e+00 3.265149e+00 -9.541253e+00 6.698864e-01 -5.045794e+00 -5.624042e+00 1.879280e+00 8.596256e-02 -1.604172e+00 -2.103060e+00 -2.605542e+00 3.623565e+00 1.301270e-01 -4.322442e-01 1.287059e-01 -9.200456e-01 -5.920829e-01 2.543469e-01 -4.927445e-02 4.725251e-01 4.681199e-01 -2.276000e-01 -1.410325e-01 -2.331278e-02 5.342167e-01 -6.354784e-02 -1.819665e-01 -7.092546e-02 3.337012e-01 -5.989793e-02 2.347549e-01 2.951344e-01 -1.314535e-01 -1.174978e-01 4.373520e-02 -4.458563e-02 4.861775e-02 -1.304419e-01
<VARIANCE> 39
 1.857737e+01 2.681038e+01 2.444064e+01 4.562418e+01 4.418481e+01 4.661282e+01 3.897439e+01 4.257020e+01 5.456468e+01 4.465506e+01 4.802899e+01 3.908968e+01 3.570334e+01 8.327781e-01 1.461710e+00 1.396493e+00 3.035809e+00 2.207377e+00 3.174824e+00 2.966498e+00 3.299652e+00 3.287966e+00 2.494772e+00 2.562582e+00 2.352592e+00 1.417393e+00 1.373741e-01 1.739591e-01 1.977404e-01 3.480213e-01 4.129449e-01 3.939143e-01 4.543477e-01 4.789093e-01 5.296393e-01 3.874650e-01 4.108519e-01 3.920474e-01 1.073393e-01
<GCONST> 1.135865e+02
<MIXTURE> 4 2.664303e-01
<MEAN> 39
 4.335138e-01 -2.409044e+00 -1.579457e+00 1.938728e+00 -1.568792e+00 -1.251730e+00 1.103650e+00 -2.497703e+00 7.113173e-01 5.157135e-01 7.308851e-01 1.253327e+00 3.883106e+00 1.423535e-01 -3.791404e-01 -1.467693e-01 -3.738718e-01 -4.752297e-01 -3.695303e-01 -4.259220e-02 4.654609e-01 7.781413e-02 -1.088876e-01 1.439968e-02 -1.982360e-01 8.307965e-02 5.034502e-02 1.042710e-01 8.154434e-02 -2.438262e-02 9.694394e-02 1.089468e-01 8.175998e-03 2.003146e-02 -1.967043e-01 -5.535359e-02 3.092183e-02 -4.085707e-02 -8.314398e-02
<VARIANCE> 39
 3.082101e+01 2.976167e+01 3.979919e+01 5.232802e+01 4.675896e+01 6.462145e+01 6.007465e+01 7.549876e+01 7.952453e+01 7.941008e+01 8.259274e+01 1.014642e+02 7.159293e+01 6.025219e-01 9.018586e-01 1.660480e+00 1.940029e+00 2.178203e+00 2.585166e+00 3.596300e+00 3.017781e+00 3.093760e+00 3.552978e+00 3.533181e+00 3.123520e+00 9.486310e-01 6.568877e-02 1.125354e-01 1.864973e-01 2.612835e-01 2.787056e-01 3.634126e-01 4.156928e-01 4.901244e-01 5.265998e-01 4.333270e-01 4.714456e-01 4.755610e-01 6.432384e-02
<GCONST> 1.165207e+02
<STATE> 5
<NUMMIXES> 4
<MIXTURE> 1 2.587122e-01
<MEAN> 39
 1.559595e+00 -7.959765e-01 -6.406463e-01 -5.784495e+00 -4.144044e+00 -1.163440e+00 -1.492053e-01 6.808475e-01 1.984656e+00 2.714524e+00 1.630166e+00 2.258141e+00 7.061143e+00 1.233365e-01 -8.102685e-01 -4.662308e-02 -3.855830e-01 1.290058e-01 8.384652e-01 3.612998e-01 -2.205564e-01 -4.846932e-01 7.250276e-02 9.320252e-02 3.967242e-01 1.106777e+00 -3.016165e-01 2.917971e-01 1.762622e-01 6.905929e-01 5.046771e-01 1.488331e-01 -2.358631e-03 -1.305779e-01 -2.953419e-01 -2.975143e-01 -8.309366e-02 -1.970668e-01 -7.121971e-01
<VARIANCE> 39
 2.552562e+01 4.914602e+01 3.982150e+01 8.173986e+01 6.154809e+01 7.837707e+01 8.493594e+01 1.032951e+02 1.176516e+02 1.026491e+02 1.178574e+02 1.511930e+02 4.535711e+01 1.960984e+00 3.057771e+00 2.750196e+00 5.486301e+00 4.961837e+00 6.540682e+00 6.648860e+00 5.896742e+00 6.843463e+00 6.534666e+00 7.347082e+00 8.782125e+00 3.053061e+00 3.703088e-01 4.192583e-01 5.483894e-01 9.145712e-01 8.913379e-01 1.052149e+00 1.298868e+00 1.235908e+00 1.377425e+00 1.294410e+00 1.230150e+00 1.373736e+00 5.081519e-01
<GCONST> 1.464818e+02
<MIXTURE> 2 2.951766e-01
<MEAN> 39
 9.816209e-01 1.020234e+00 1.134287e-01 -2.211829e+00 -1.301263e+00 -2.515155e+00 -1.409230e+00 -7.493261e-01 -1.205212e-01 -4.103168e-01 -3.791480e-01 -3.428765e-01 3.165342e+00 1.090746e-01 -1.662821e-01 6.237828e-02 1.857550e-02 -1.293533e-02 9.703571e-02 -8.111846e-02 2.445044e-01 -1.389530e-01 3.469026e-02 2.057557e-02 -3.879049e-02 -2.845963e-02 -1.954646e-02 8.220535e-02 2.701984e-02 1.662030e-01 1.761391e-01 1.593240e-01 1.330777e-01 -1.064036e-01 -7.317365e-02 1.123100e-02 -2.426610e-02 3.095216e-02 -9.820957e-02
<VARIANCE> 39
 3.143398e+01 4.662603e+01 3.661270e+01 7.344365e+01 4.777642e+01 6.638412e+01 6.075803e+01 6.047481e+01 6.630515e+01 7.075957e+01 6.389174e+01 7.779473e+01 6.098863e+01 3.783938e-01 6.130309e-01 8.576340e-01 1.101440e+00 1.394034e+00 1.712136e+00 2.023119e+00 2.088710e+00 2.020323e+00 2.161159e+00 1.908519e+00 1.869056e+00 3.626606e-01 7.698409e-02 1.126977e-01 1.580018e-01 2.200085e-01 2.901384e-01 3.754407e-01 4.171167e-01 4.126143e-01 4.728949e-01 4.478149e-01 4.055373e-01 4.150047e-01 6.486251e-02
<GCONST> 1.085823e+02
<MIXTURE> 3 2.074775e-01
<MEAN> 39
 4.793972e+00 -2.227139e+00 -5.101802e+00 1.919286e+00 -5.183191e+00 -5.515180e+00 8.157523e+00 2.194894e+00 -2.238731e+00 -1.034344e-01 -4.390938e+00 -3.409043e+00 8.342780e+00 -1.437969e-01 -8.332205e-01 -8.193604e-01 1.750178e-01 2.956609e-01 5.135774e-01 1.290039e+00 3.544840e-01 -1.618541e-01 -2.583028e-01 -9.636014e-02 1.383061e-01 1.155614e+00 -2.138463e-01 3.107085e-01 4.919161e-01 2.028667e-01 3.741648e-01 2.643625e-01 -7.024672e-01 -1.672768e-01 4.527292e-02 -1.023690e-01 2.643381e-01 1.019972e-01 -6.841953e-01
<VARIANCE> 39
 1.285803e+01 1.937923e+01 4.181679e+01 2.349491e+01 5.089477e+01 4.766858e+01 5.896079e+01 8.119204e+01 5.313084e+01 5.635048e+01 4.421397e+01 3.788710e+01 2.100123e+01 6.611326e-01 1.141091e+00 1.781304e+00 1.738764e+00 2.598554e+00 3.534437e+00 3.399444e+00 4.277275e+00 3.210597e+00 2.924828e+00 3.040596e+00 2.459171e+00 1.083834e+00 2.451107e-01 2.126003e-01 3.330991e-01 3.158833e-01 4.647932e-01 5.733980e-01 7.031419e-01 7.676090e-01 7.317706e-01 6.415400e-01 5.904973e-01 4.202325e-01 2.233883e-01
<GCONST> 1.181072e+02
<MIXTURE> 4 2.386337e-01
<MEAN> 39
 1.483928e+00 2.665623e+00 1.957652e+00 -1.083428e+01 -5.065016e+00 2.639891e+00 2.305834e+00 -6.336341e-01 5.101967e+00 -1.296474e+00 -6.942179e+00 1.328863e+00 9.358261e+00 -2.969322e-01 -7.427901e-01 -7.131826e-01 -1.086341e+00 6.700050e-01 1.284342e+00 7.736560e-01 2.373248e-01 -3.813631e-02 -6.405202e-01 -2.147060e-01 6.007834e-02 1.489528e+00 -1.742198e-01 1.029077e-01 6.093305e-02 9.193377e-01 5.005310e-01 -1.351734e-01 -3.210459e-01 -4.895851e-02 -5.544372e-01 -1.095086e-03 5.072147e-01 -2.155250e-01 -7.916901e-01
<VARIANCE> 39
 1.052497e+01 2.242252e+01 1.789155e+01 2.593248e+01 3.895601e+01 3.024742e+01 4.470226e+01 4.778087e+01 4.300087e+01 5.210420e+01 5.607364e+01 4.804406e+01 1.967222e+01 6.367111e-01 1.254975e+00 1.063784e+00 2.569855e+00 2.131095e+00 2.354042e+00 2.859129e+00 2.868535e+00 2.976360e+00 3.061639e+00 2.897934e+00 3.043684e+00 1.121767e+00 2.525403e-01 1.918458e-01 2.515395e-01 3.923243e-01 4.561176e-01 4.361781e-01 4.854213e-01 5.092773e-01 5.747273e-01 6.281602e-01 5.943426e-01 5.436840e-01 2.252938e-01
<GCONST> 1.136177e+02
<TRANSP> 6
 0.000000e+00 1.000000e+00 0.000000e+00 0.000000e+00 0.000000e+00 0.000000e+00
 0.000000e+00 5.177460e-01 4.822540e-01 0.000000e+00 0.000000e+00 0.000000e+00
 0.000000e+00 0.000000e+00 1.975931e-01 8.024070e-01 0.000000e+00 0.000000e+00
 0.000000e+00 0.000000e+00 0.000000e+00 2.181620e-01 7.818380e-01 0.000000e+00
 0.000000e+00 0.000000e+00 0.000000e+00 0.000000e+00 3.383337e-01 6.616663e-01
 0.000000e+00 0.000000e+00 0.000000e+00 0.000000e+00 0.000000e+00 0.000000e+00
<ENDHMM>
