~o
<STREAMINFO> 1 39
<VECSIZE> 39<NULLD><MFCC_D_A_Z_0><DIAGC>
~h "ih"
<BEGINHMM>
<NUMSTATES> 6
<STATE> 2
<NUMMIXES> 4
<MIXTURE> 1 1.907942e-01
<MEAN> 39
 2.253884e+00 3.254291e-01 2.940377e+00 -7.388607e+00 -6.443325e+00 -1.257596e+00 1.875980e-01 1.297592e+00 1.005580e+00 8.743343e-01 -1.517457e+00 1.927652e-01 8.504940e+00 -2.474903e-01 -4.944339e-01 -1.501932e-01 -9.855216e-01 9.903861e-02 8.470951e-01 3.900129e-01 9.215798e-03 -3.150315e-02 -1.470368e-01 -1.719224e-02 4.911507e-01 1.365471e+00 -2.966397e-01 1.628071e-01 -1.640508e-01 5.040763e-01 6.186863e-01 1.262400e-01 -9.241954e-02 -4.972085e-02 -1.209520e-01 -1.538572e-01 1.900959e-01 1.583504e-02 -5.430931e-01
<VARIANCE> 39
 1.693365e+01 4.512725e+01 3.713300e+01 6.504419e+01 5.094474e+01 6.537467e+01 8.326447e+01 8.285577e+01 9.139975e+01 9.157778e+01 1.015367e+02 1.065348e+02 2.851744e+01 1.825346e+00 2.745094e+00 2.814838e+00 4.869717e+00 4.758358e+00 5.622194e+00 6.068601e+00 5.579639e+00 5.537862e+00 5.446609e+00 5.552906e+00 5.850659e+00 1.996559e+00 3.628887e-01 4.228024e-01 4.518181e-01 7.768644e-01 6.832486e-01 1.057478e+00 1.134296e+00 1.110158e+00 1.134720e+00 1.043293e+00 1.021448e+00 1.024194e+00 4.092194e-01
<GCONST> 1.396492e+02
<MIXTURE> 2 2.293581e-01
<MEAN> 39
 -1.318894e-01 5.456181e+00 3.497264e+00 -1.443629e+01 -1.369974e+00 8.923923e-01 -3.334931e+00 3.512810e+00 2.021785e+00 -3.494165e+00 -2.962852e+00 -5.282331e-01 9.852281e+00 -9.435323e-02 3.357590e-02 -1.839814e-01 -2.284559e-01 3.941753e-01 1.130203e-01 -9.813138e-02 3.165241e-01 -9.437018e-02 -3.200094e-01 4.187329e-02 2.912651e-02 1.350422e-01 7.864700e-02 -4.026427e-02 3.207438e-02 3.309565e-01 -9.998228e-02 -1.036093e-01 4.638514e-02 -1.496000e-01 -1.089691e-01 1.325420e-01 9.347808e-03 -5.467013e-02 -2.141249e-01
<VARIANCE> 39
 1.096767e+01 2.610218e+01 2.295383e+01 2.298455e+01 3.921352e+01 4.072760e+01 4.199779e+01 4.945171e+01 5.322441e+01 5.267632e+01 4.826134e+01 5.151841e+01 1.920011e+01 3.347366e-01 8.996961e-01 8.347810e-01 1.166607e+00 1.784286e+00 1.922805e+00 1.878804e+00 2.247039e+00 2.119128e+00 2.031783e+00 2.022133e+00 2.007832e+00 3.666767e-01 6.405224e-02 9.752664e-02 1.297718e-01 2.060879e-01 2.449269e-01 3.125222e-01 3.082838e-01 3.568157e-01 3.864260e-01 3.271415e-01 3.688344e-01 3.318610e-01 8.146495e-02
<GCONST> 1.004830e+02
<MIXTURE> 3 2.498031e-01
<MEAN> 39
 1.960115e+00 -3.410138e+00 8.127465e-01 6.067470e-01 -5.129097e+00 -1.198590e+00 3.236846e+00 -2.480300e+00 -3.714648e+00 4.998355e-01 -7.551662e-01 1.281114e-01 8.275936e+00 -4.082387e-02 -2.576664e-01 3.466503e-02 2.500012e-01 -8.588839e-02 -1.085233e-01 1.858390e-02 6.635226e-02 -1.078904e-01 1.730103e-02 1.408025e-01 -1.549518e-02 9.724642e-02 8.383313e-03 1.393557e-01 -1.401532e-02 -8.278149e-02 1.432211e-01 -1.524288e-02 -1.270209e-01 7.808696e-02 1.439537e-01 -1.009012e-01 -2.362856e-02 5.669609e-02 -9.850845e-02
<VARIANCE> 39
 2.207096e+01 3.259137e+01 3.780909e+01 5.193306e+01 4.677363e+01 6.972915e+01 7.114906e+01 6.727119e+01 6.316617e+01 6.134560e+01 7.787647e+01 8.038794e+01 4.227713e+01 4.867020e-01 8.362166e-01 1.279896e+00 2.014894e+00 1.827744e+00 3.148092e+00 2.594753e+00 2.962909e+00 2.893067e+00 2.844081e+00 2.715405e+00 2.402887e+00 5.280040e-01 7.404238e-02 1.313759e-01 2.059326e-01 2.647565e-01 3.319449e-01 5.037186e-01 4.930446e-01 4.850464e-01 4.703661e-01 4.784364e-01 4.619990e-01 4.115181e-01 9.673423e-02
<GCONST> 1.140839e+02
<MIXTURE> 4 3.300446e-01
<MEAN> 39
 2.882249e+00 1.734876e+00 3.641223e+00 -6.397460e+00 -5.682008e+00 -2.104750e+00 5.435396e-01 -5.590017e-01 -9.426854e-01 -8.428549e-01 -2.713967e+00 -1.230995e+00 7.261214e+00 6.593744e-02 -7.742423e-02 9.824890e-03 1.155947e-01 -7.551914e-02 -6.977944e-02 1.078338e-01 2.976992e-02 -3.551800e-02 3.792889e-02 2.255526e-02 -6.746500e-03 -4.382744e-02 -8.212261e-03 6.934403e-03 -2.103660e-02 6.434560e-03 1.943784e-02 -3.004820e-03 -7.886653e-03 1.285695e-02 -4.281579e-04 -4.115369e-03 2.013677e-02 9.877162e-03 -5.541629e-03
<VARIANCE> 39
 1.320315e+01 2.639531e+01 3.475695e+01 4.263654e+01 5.381184e+01 8.495232e+01 7.656692e+01 6.775473e+01 7.801419e+01 7.545696e+01 8.153987e+01 8.335157e+01 1.916146e+01 1.485256e-01 3.378989e-01 4.735106e-01 7.819788e-01 8.824270e-01 1.076906e+00 1.314372e+00 1.348725e+00 1.353676e+00 1.399079e+00 1.302087e+00 1.227810e+00 8.812874e-02 2.241745e-02 5.305802e-02 8.510494e-02 1.163005e-01 1.597574e-01 2.049383e-01 2.125446e-01 2.325202e-01 2.338561e-01 2.562022e-01 2.270962e-01 2.201101e-01 1.288518e-02
<GCONST> 8.954723e+01
<STATE> 3
<NUMMIXES> 4
<MIXTURE> 1 1.636715e-01
<MEAN> 39
 1.947130e-01 -7.330559e-01 1.909577e+00 -5.362330e+00 -3.548702e+00 -3.378521e-01 -9.453207e-01 3.772206e-01 3.707144e-02 2.021986e+00 2.604788e+00 4.578799e+00 8.496967e+00 2.033293e-02 5.484268e-02 9.911237e-03 1.434858e-01 2.798454e-01 -4.744532e-02 -1.236455e-01 4.156734e-02 -9.605207e-02 -1.514967e-01 3.983316e-02 9.148070e-02 -1.043412e-01 2.011182e-02 1.457655e-01 -1.826234e-02 2.086782e-01 1.362785e-01 -3.354912e-02 -7.006563e-03 -6.998563e-02 -2.652091e-02 1.942581e-02 -1.027668e-02 -7.737804e-02 -2.135241e-01
<VARIANCE> 39
 2.172881e+01 4.970584e+01 3.659279e+01 8.415365e+01 5.027011e+01 7.031644e+01 8.092719e+01 8.045271e+01 8.818704e+01 1.017853e+02 1.346785e+02 1.452634e+02 3.982943e+01 7.337638e-01 1.414103e+00 1.603550e+00 2.556815e+00 2.927489e+00 3.729357e+00 3.280144e+00 3.519370e+00 3.607700e+00 3.880739e+00 3.696175e+00 3.713532e+00 8.200357e-01 1.439272e-01 2.239940e-01 2.784448e-01 4.857198e-01 4.685102e-01 6.701307e-01 6.508127e-01 6.338359e-01 6.735081e-01 7.235020e-01 6.755107e-01 7.137620e-01 1.970236e-01
<GCONST> 1.271068e+02
<MIXTURE> 2 3.412235e-01
<MEAN> 39
 2.274223e-01 6.274440e+00 2.560564e+00 -1.327518e+01 -3.543111e-01 -3.490480e-01 -4.358573e+00 5.470176e+00 3.797505e-01 -2.256159e+00 -1.157046e+00 3.660838e-02 9.076584e+00 4.262854e-02 -3.942924e-02 8.235426e-03 4.503139e-02 -2.343366e-02 -4.912614e-03 2.412864e-02 -4.336364e-02 -8.705270e-03 3.800895e-03 -4.517671e-02 -1.212771e-02 -4.750169e-02 1.571583e-02 -1.973022e-02 1.970651e-02 2.945209e-02 -4.684478e-02 -4.246867e-03 6.410327e-03 -5.264146e-02 8.183313e-03 2.679533e-02 -2.582489e-02 2.175516e-03 -2.230140e-02
<VARIANCE> 39
 1.205178e+01 2.214235e+01 2.417128e+01 2.475122e+01 3.708434e+01 5.581803e+01 4.144719e+01 4.763795e+01 6.242884e+01 4.689839e+01 4.561108e+01 4.960470e+01 1.927663e+01 8.440065e-02 2.460171e-01 2.832270e-01 4.104373e-01 5.521277e-01 7.124768e-01 7.074380e-01 8.116979e-01 8.141642e-01 8.010805e-01 7.740672e-01 6.798452e-01 6.251783e-02 1.408216e-02 3.418371e-02 5.053513e-02 7.167061e-02 9.587394e-02 1.150653e-01 1.232660e-01 1.360930e-01 1.400254e-01 1.383577e-01 1.338163e-01 1.179966e-01 1.000000e-02
<GCONST> 7.163866e+01
<MIXTURE> 3 2.672243e-01
<MEAN> 39
 1.315471e-01 -7.583263e+00 -1.848946e+00 5.369798e+00 -2.523376e+00 2.430532e+00 5.167873e+00 -3.845716e+00 -4.755861e+00 7.987853e-01 -1.511069e-01 2.037565e+00 1.285595e+01 2.088780e-02 -5.713698e-03 -2.233552e-02 6.326598e-02 -2.773355e-02 -4.879596e-02 -1.370656e-02 2.409115e-02 -1.814984e-03 -7.532061e-02 5.925094e-02 -7.793360e-03 -3.460881e-02 7.033797e-03 2.685558e-02 -7.084476e-03 -5.900239e-02 -8.374136e-03 -1.550260e-02 -2.619690e-02 1.465255e-02 1.587588e-02 -2.420305e-02 -2.727876e-03 1.481768e-02 -2.305899e-02
<VARIANCE> 39
 1.245531e+01 1.583959e+01 2.351274e+01 5.740703e+01 4.135576e+01 4.160196e+01 6.337072e+01 6.720266e+01 5.926959e+01 5.501920e+01 6.316290e+01 5.658713e+01 1.758223e+01 1.292984e-01 2.496897e-01 3.869403e-01 6.134577e-01 6.424864e-01 8.177584e-01 9.132355e-01 9.524887e-01 9.469528e-01 9.268515e-01 9.118743e-01 8.228664e-01 5.840861e-02 2.102778e-02 3.964919e-02 6.315249e-02 8.915412e-02 1.110455e-01 1.384521e-01 1.587324e-01 1.599357e-01 1.653353e-01 1.548791e-01 1.542962e-01 1.387281e-01 1.000000e-02
<GCONST> 7.797057e+01
<MIXTURE> 4 2.278807e-01
<MEAN> 39
 -2.548862e+00 -4.242863e+00 2.511685e+00 -1.708970e+00 -1.579489e+00 7.292525e-01 -4.657373e+00 7.209753e-01 3.389514e+00 1.044328e+01 1.675869e+01 1.695284e+01 1.102640e+01 4.271850e-02 -2.410120e-02 -2.768348e-02 6.046385e-02 -1.914925e-02 -5.469835e-02 4.313929e-02 6.608642e-03 4.537962e-02 3.395300e-02 8.867783e-03 2.654112e-03 -3.697290e-02 2.195554e-02 1.022064e-02 -1.568427e-02 -1.490308e-02 -1.107396e-02 6.693785e-03 2.906142e-02 -2.585046e-02 -1.610799e-02 -1.295692e-02 -5.934151e-02 -4.736963e-02 -6.377220e-03
<VARIANCE> 39
 1.219439e+01 3.653968e+01 2.989573e+01 1.061014e+02 4.531127e+01 5.512979e+01 7.726422e+01 6.344675e+01 9.099761e+01 8.907960e+01 5.473107e+01 7.424702e+01 1.997943e+01 1.983852e-01 4.272928e-01 5.744887e-01 7.732670e-01 8.802094e-01 9.927037e-01 1.027508e+00 1.003394e+00 1.042676e+00 1.243847e+00 1.194800e+00 1.272368e+00 6.893054e-02 3.636817e-02 7.605942e-02 1.048430e-01 1.334657e-01 1.620527e-01 1.683248e-01 1.814610e-01 1.778004e-01 1.840237e-01 2.104762e-01 2.115772e-01 2.232600e-01 1.098223e-02
<GCONST> 8.907471e+01
<STATE> 4
<NUMMIXES> 4
<MIXTURE> 1 2.284344e-01
<MEAN> 39
 2.017612e+00 -3.751138e+00 -1.618769e+00 1.591008e+00 -3.409593e+00 -3.056102e+00 2.823917e+00 5.157819e+00 2.663186e+00 2.115297e+00 4.037621e+00 2.395651e+00 7.084961e+00 1.604300e-01 2.409948e-01 -3.007033e-01 4.455821e-02 3.593273e-01 -1.211997e-01 -2.803828e-01 -1.606825e-01 9.864093e-02 -1.912695e-01 -9.847905e-02 -4.036388e-02 -3.126959e-01 -2.095209e-02 1.371886e-01 4.838628e-02 -1.367711e-01 2.859461e-02 1.181511e-01 -1.188509e-01 -2.455113e-01 2.003689e-02 6.093170e-02 -1.170930e-01 -4.581396e-02 -9.859870e-02
<VARIANCE> 39
 2.430573e+01 3.017122e+01 5.201304e+01 7.563333e+01 5.909480e+01 9.465565e+01 8.868333e+01 1.177374e+02 1.659095e+02 2.076489e+02 2.071633e+02 1.963825e+02 3.335808e+01 8.007947e-01 1.140267e+00 1.919647e+00 2.681913e+00 3.002264e+00 3.902832e+00 4.378730e+00 4.387407e+00 4.841162e+00 4.943054e+00 4.725695e+00 4.706951e+00 7.604083e-01 1.123687e-01 1.895628e-01 3.056474e-01 4.000886e-01 4.857434e-01 6.582857e-01 7.293214e-01 7.483922e-01 8.217156e-01 8.990365e-01 8.246704e-01 8.022963e-01 1.156099e-01
<GCONST> 1.314015e+02
<MIXTURE> 2 2.339699e-01
<MEAN> 39
 1.580777e+00 4.876010e+00 3.850883e+00 -1.193850e+01 -3.050365e+00 6.621585e-01 -3.135274e+00 1.028958e+00 2.215938e+00 -2.326112e+00 -4.489033e+00 -3.559285e-01 7.362920e+00 4.124366e-01 1.597557e-01 3.641842e-01 7.899896e-01 -2.531397e-01 -4.512715e-01 -1.290698e-02 -6.623873e-01 -3.279207e-01 4.231165e-01 -3.495072e-01 -2.668827e-01 -8.479326e-01 2.495365e-02 8.489932e-02 2.231548e-02 4.028401e-01 5.275295e-02 -1.764831e-01 5.343991e-02 -9.043408e-02 -2.535091e-01 9.127777e-02 8.688885e-02 -1.345841e-01 -2.786422e-01
<VARIANCE> 39
 1.221892e+01 2.331933e+01 2.230337e+01 2.883814e+01 4.964954e+01 4.447820e+01 5.253603e+01 5.963862e+01 5.959906e+01 5.507463e+01 5.286105e+01 4.956441e+01 2.171311e+01 4.114405e-01 1.128937e+00 1.051483e+00 1.851452e+00 2.161047e+00 2.496989e+00 2.458194e+00 2.879503e+00 2.904743e+00 2.479229e+00 2.447631e+00 2.318537e+00 6.266981e-01 9.644345e-02 1.444998e-01 1.744303e-01 2.672424e-01 3.531043e-01 4.315173e-01 4.101964e-01 5.017765e-01 4.860944e-01 4.694024e-01 4.227674e-01 3.848530e-01 9.039310e-02
<GCONST> 1.088777e+02
<MIXTURE> 3 2.895101e-01
<MEAN> 39
 6.421542e+00 -2.215742e+00 -3.255234e+00 3.619277e+00 -4.391287e+00 -7.997171e+00 1.979894e+00 5.442305e+00 -3.558447e+00 -2.133096e+00 1.312686e+00 5.583871e-01 5.937333e+00 1.240593e-01 8.877368e-02 -1.439973e-01 1.072037e-01 1.630124e-01 -1.753031e-01 -2.760748e-01 8.673915e-02 2.130752e-01 -1.027514e-01 -1.082206e-01 7.268436e-02 -1.639630e-01 -2.722619e-02 3.335427e-02 4.623174e-02 -6.394509e-02 -7.000398e-03 7.209132e-02 -2.274089e-02 -1.069247e-01 3.938794e-02 7.475362e-02 -3.932586e-02 -3.475960e-02 -8.187271e-03
<VARIANCE> 39
 1.083660e+01 2.867085e+01 4.089822e+01 3.758403e+01 3.818549e+01 4.861889e+01 6.105978e+01 6.117985e+01 6.648778e+01 6.916572e+01 6.085427e+01 8.165006e+01 1.843765e+01 1.469002e-01 2.978136e-01 6.280341e-01 7.561470e-01 9.700097e-01 1.117397e+00 1.350994e+00 1.444224e+00 1.489268e+00 1.487116e+00 1.325000e+00 1.282216e+00 9.283358e-02 2.162474e-02 5.249162e-02 9.231357e-02 1.276726e-01 1.465860e-01 1.832228e-01 2.248522e-01 2.464179e-01 2.527310e-01 2.377045e-01 2.222757e-01 2.214750e-01 1.189519e-02
<GCONST> 8.820067e+01
<MIXTURE> 4 2.480856e-01
<MEAN> 39
 -9.028858e-01 -6.817251e+00 3.011326e-01 2.010899e+00 -1.238484e+00 4.472391e+00 -2.687655e-01 -5.782593e+00 -4.495714e-01 -4.964082e-01 1.945094e+00 5.173688e+00 1.167837e+01 1.506563e-01 2.294863e-01 -8.767826e-02 -2.327532e-01 -8.148700e-03 -1.175348e-02 1.580299e-02 -2.593750e-02 -1.965960e-02 -9.416966e-02 -2.894068e-02 -1.310426e-01 -2.320864e-01 7.547320e-02 1.196975e-01 -1.041278e-02 -1.275525e-01 -8.039717e-02 -1.845387e-01 4.768096e-02 7.274472e-02 -6.565936e-02 4.092279e-02 -3.836066e-02 -6.892308e-02 -1.150722e-01
<VARIANCE> 39
 1.231247e+01 2.544624e+01 2.644262e+01 8.126718e+01 4.922548e+01 4.628212e+01 6.564465e+01 4.905210e+01 5.821053e+01 8.333012e+01 8.057772e+01 1.016907e+02 1.537232e+01 2.895047e-01 6.476982e-01 8.002141e-01 1.660946e+00 1.620380e+00 1.755036e+00 1.998513e+00 1.895015e+00 2.205817e+00 2.033302e+00 1.997093e+00 1.903535e+00 1.558294e-01 4.840893e-02 9.880965e-02 1.394537e-01 2.189522e-01 2.570441e-01 3.071055e-01 3.159646e-01 3.122948e-01 3.424141e-01 3.561615e-01 3.337330e-01 3.318092e-01 3.095128e-02
<GCONST> 1.016340e+02
<STATE> 5
<NUMMIXES> 4
<MIXTURE> 1 1.717802e-01
<MEAN> 39
 4.695043e-01 -1.107972e+00 6.825682e-01 -5.592430e+00 -3.207183e+00 1.677810e-01 -1.670714e-01 -3.283533e-01 2.802061e+00 5.379428e+00 6.660378e+00 6.996925e+00 6.828029e+00 -1.792565e-01 4.985987e-01 -2.780223e-01 -1.161495e-01 1.668671e-01 2.066164e-01 3.509915e-02 -8.024276e-01 -5.245805e-01 -4.332331e-01 -4.984620e-01 -2.797719e-01 -5.014935e-01 -3.869589e-02 7.549527e-02 6.707816e-03 1.619492e-01 5.847014e-02 -1.416942e-01 -7.311915e-02 1.221599e-01 -1.138835e-01 -1.847429e-01 -1.788323e-01 -2.156329e-01 -1.101013e-01
<VARIANCE> 39
 2.124018e+01 3.861502e+01 3.148339e+01 7.366080e+01 6.609357e+01 9.073617e+01 8.835165e+01 9.670480e+01 1.298930e+02 1.232599e+02 1.263416e+02 1.457721e+02 4.429168e+01 1.832649e+00 2.299095e+00 2.366894e+00 4.480143e+00 4.579413e+00 7.381910e+00 5.928543e+00 6.038435e+00 7.558158e+00 6.729913e+00 7.207975e+00 7.619143e+00 2.800886e+00 2.477937e-01 3.127717e-01 3.441248e-01 5.671566e-01 7.858100e-01 1.144575e+00 9.502096e-01 1.010404e+00 1.154681e+00 1.098410e+00 1.046011e+00 1.121210e+00 3.186887e-01
<GCONST> 1.419590e+02
<MIXTURE> 2 2.568676e-01
<MEAN> 39
 2.896557e+00 5.862578e+00 5.047753e+00 -2.636533e+00 -4.378866e+00 -3.498431e+00 -4.107080e+00 -1.985029e+00 -2.239338e+00 -1.810649e+00 -4.845057e+00 -2.608350e+00 5.516783e-01 -8.393917e-01 6.079656e-01 8.364815e-02 1.296696e+00 8.574442e-01 4.633379e-01 -2.286472e-01 -3.652678e-02 -3.272957e-01 -2.876839e-01 3.241295e-01 -2.468296e-01 -1.468604e+00 -3.917496e-01 -3.749432e-01 -3.311622e-01 -1.659990e-01 8.406997e-02 3.121962e-01 3.351422e-01 2.312821e-01 2.699176e-01 1.229597e-01 2.911672e-01 2.858464e-01 2.509728e-01
<VARIANCE> 39
 2.221461e+01 2.583667e+01 2.263963e+01 4.943333e+01 4.016648e+01 5.036743e+01 5.041819e+01 5.486457e+01 6.171948e+01 5.456789e+01 4.872762e+01 5.083567e+01 2.501809e+01 2.256274e+00 2.004993e+00 2.111702e+00 3.589499e+00 2.913524e+00 3.807018e+00 3.910963e+00 4.418109e+00 4.174276e+00 3.903580e+00 3.703885e+00 3.635787e+00 1.842618e+00 2.109318e-01 2.934758e-01 3.116299e-01 5.389957e-01 5.493807e-01 6.809999e-01 6.214396e-01 7.358899e-01 7.026939e-01 7.179173e-01 6.313298e-01 5.809025e-01 2.046533e-01
<GCONST> 1.249315e+02
<MIXTURE> 3 2.282673e-01
<MEAN> 39
 3.534561e+00 -2.542794e+00 -1.376916e+00 -1.008881e+00 -5.141160e+00 -1.178310e+00 2.466913e+00 -2.819320e+00 -2.499374e+00 -1.947123e+00 -3.020249e+00 -9.564430e-01 7.712707e+00 6.175547e-01 1.137337e+00 7.388749e-01 -8.287111e-02 -1.610860e-01 -1.289411e+00 -8.319321e-01 -2.803697e-01 -4.195710e-01 1.625831e-01 -4.283179e-01 -5.916111e-01 -1.455397e+00 -8.078088e-02 2.729557e-01 2.869752e-01 8.309391e-02 1.750089e-01 -3.941573e-02 -2.590559e-01 6.197111e-03 -8.864170e-02 -3.054052e-02 2.550446e-02 4.681829e-02 -2.827343e-01
<VARIANCE> 39
 1.489697e+01 2.696006e+01 3.582611e+01 5.996380e+01 4.921304e+01 6.276584e+01 6.408201e+01 7.971694e+01 6.505436e+01 5.360938e+01 5.532163e+01 5.758013e+01 2.035005e+01 5.608647e-01 1.109934e+00 1.632864e+00 3.029971e+00 2.702251e+00 3.784399e+00 3.878308e+00 3.967016e+00 3.789487e+00 3.693797e+00 3.457917e+00 3.129411e+00 6.954681e-01 1.081016e-01 1.701623e-01 2.663032e-01 3.764759e-01 4.355423e-01 6.637872e-01 6.251390e-01 7.231852e-01 6.441372e-01 5.591602e-01 5.167229e-01 4.567453e-01 1.118019e-01
<GCONST> 1.190096e+02
<MIXTURE> 4 3.430848e-01
<MEAN> 39
 2.387682e+00 3.788706e+00 1.604546e+00 -5.742264e+00 6.199850e-02 -4.636627e+00 -4.059608e+00 1.217041e+00 -7.662577e-01 6.639328e-01 6.044253e-01 1.113487e+00 3.853546e+00 6.849319e-02 2.694070e-01 -6.594924e-02 8.815706e-02 2.308538e-01 -9.211040e-02 9.851906e-02 -4.110278e-01 -1.931333e-01 3.064737e-01 -1.492961e-01 -1.246952e-01 -3.037415e-01 -1.878969e-02 -5.164188e-02 3.946950e-02 2.288859e-02 -1.699942e-01 6.135684e-02 7.726039e-02 -4.633710e-02 -3.381426e-02 -1.276547e-02 -1.671578e-02 2.293187e-02 3.951567e-03
<VARIANCE> 39
 2.793957e+01 3.816986e+01 4.287022e+01 7.567098e+01 4.678863e+01 7.584297e+01 6.470914e+01 7.602300e+01 8.784552e+01 7.734764e+01 8.839844e+01 1.084736e+02 3.025736e+01 2.754265e-01 5.639718e-01 8.923703e-01 1.183410e+00 1.347944e+00 1.931575e+00 2.008594e+00 2.139151e+00 2.338517e+00 2.107304e+00 2.122635e+00 2.033564e+00 2.232559e-01 4.438110e-02 8.514342e-02 1.509433e-01 2.010578e-01 2.435594e-01 3.327593e-01 3.403571e-01 3.787165e-01 4.158907e-01 3.844679e-01 3.666928e-01 3.655299e-01 2.815391e-02
<GCONST> 1.059284e+02
<TRANSP> 6
 0.000000e+00 1.000000e+00 0.000000e+00 0.000000e+00 0.000000e+00 0.000000e+00
 0.000000e+00 7.588626e-01 2.411374e-01 0.000000e+00 0.000000e+00 0.000000e+00
 0.000000e+00 0.000000e+00 8.522775e-01 1.477226e-01 0.000000e+00 0.000000e+00
 0.000000e+00 0.000000e+00 0.000000e+00 7.034782e-01 2.965218e-01 0.000000e+00
 0.000000e+00 0.000000e+00 0.000000e+00 0.000000e+00 6.177905e-01 3.822095e-01
 0.000000e+00 0.000000e+00 0.000000e+00 0.000000e+00 0.000000e+00 0.000000e+00
<ENDHMM>
