~o
<STREAMINFO> 1 39
<VECSIZE> 39<NULLD><MFCC_D_A_Z_0><DIAGC>
~h "m"
<BEGINHMM>
<NUMSTATES> 6
<STATE> 2
<NUMMIXES> 4
<MIXTURE> 1 3.008819e-01
<MEAN> 39
 1.166542e+00 -1.765536e-01 -3.020511e+00 8.437411e-01 1.436055e-01 -3.271882e+00 4.637004e-01 -6.036222e+00 -3.607181e+00 7.669650e+00 1.431419e+01 1.448670e+01 5.070611e+00 3.829791e-02 3.259819e-02 5.181537e-03 3.092696e-02 4.273448e-03 -5.960359e-02 2.045008e-02 -9.168452e-05 -2.251155e-02 2.773669e-02 -2.722872e-03 4.659151e-02 -5.990757e-02 8.160702e-03 -2.101810e-02 -1.540733e-03 -4.580063e-02 -3.006831e-02 1.650414e-02 -1.692989e-02 3.070667e-02 1.667437e-02 -4.088754e-02 -5.781351e-02 -3.223898e-02 -2.512304e-03
<VARIANCE> 39
 1.706227e+01 5.244315e+01 3.101608e+01 9.139404e+01 5.640755e+01 8.634431e+01 8.091042e+01 8.087064e+01 9.327229e+01 8.725689e+01 1.023334e+02 1.604682e+02 1.760259e+01 1.481780e-01 3.454444e-01 5.200583e-01 7.378808e-01 8.661910e-01 1.023692e+00 1.097785e+00 1.210843e+00 1.156838e+00 1.305300e+00 1.301180e+00 1.210214e+00 6.092308e-02 2.769521e-02 6.045620e-02 9.661707e-02 1.344258e-01 1.594955e-01 1.907806e-01 2.076278e-01 2.253195e-01 2.055894e-01 2.279980e-01 2.385563e-01 2.276743e-01 1.047185e-02
<GCONST> 9.175873e+01
<MIXTURE> 2 2.879395e-01
<MEAN> 39
 5.268560e+00 4.063540e+00 3.745994e+00 -1.409747e+00 -2.690342e+00 -7.323405e+00 -4.575638e+00 -2.635883e+00 -4.825219e+00 -7.370923e-01 -1.995698e+00 -1.522282e+00 8.142201e-01 1.335835e-01 6.063226e-01 5.554578e-01 1.136422e-01 1.323918e-01 -5.322204e-01 -4.220846e-01 -3.325517e-01 -3.625858e-01 2.377600e-01 -2.588745e-01 -1.709780e-01 -6.212800e-01 -9.103906e-02 -2.363194e-01 -2.660207e-01 -3.778579e-02 -3.541238e-04 3.604925e-01 2.646008e-01 8.994492e-02 1.833426e-01 -9.192046e-02 7.556686e-02 6.938976e-02 2.220547e-01
<VARIANCE> 39
 1.464260e+01 2.163743e+01 3.517433e+01 4.373105e+01 3.774087e+01 4.900990e+01 4.648143e+01 5.610460e+01 5.681552e+01 7.239317e+01 6.540245e+01 8.277647e+01 2.049272e+01 4.162112e-01 9.907053e-01 1.508062e+00 1.604231e+00 1.771287e+00 2.506982e+00 2.388359e+00 2.650748e+00 2.860091e+00 2.616029e+00 2.387497e+00 2.488013e+00 5.051363e-01 7.746765e-02 1.605628e-01 2.618909e-01 2.929931e-01 3.184435e-01 4.794119e-01 4.957263e-01 4.845991e-01 5.547926e-01 5.411832e-01 4.671089e-01 4.446776e-01 7.773779e-02
<GCONST> 1.109575e+02
<MIXTURE> 3 2.337075e-01
<MEAN> 39
 3.439024e+00 -2.754565e+00 -2.963134e+00 1.380424e+00 -2.730902e+00 -1.034297e+00 2.251784e+00 -3.467916e+00 -2.701028e+00 1.363364e+00 6.591116e+00 5.754156e+00 5.280204e+00 1.999867e-01 4.856741e-01 3.931772e-01 2.242080e-02 -1.480536e-01 -6.722687e-01 -5.200386e-01 -2.981213e-01 -5.084984e-01 3.609201e-02 -1.331336e-01 -2.607732e-01 -6.111067e-01 -7.010092e-02 1.398737e-01 2.033453e-01 -1.364170e-02 2.371792e-02 -9.394641e-02 -1.568802e-01 1.231519e-01 2.669328e-02 -4.461152e-02 -2.409967e-01 -8.977851e-02 -1.080255e-01
<VARIANCE> 39
 1.902764e+01 2.567224e+01 3.311206e+01 6.687018e+01 5.387643e+01 8.628020e+01 9.247197e+01 1.093821e+02 1.127276e+02 1.402624e+02 1.637971e+02 1.880963e+02 2.564963e+01 6.654769e-01 1.573200e+00 2.313908e+00 2.822377e+00 2.711029e+00 4.582999e+00 4.914235e+00 4.454764e+00 4.324661e+00 5.338233e+00 5.534809e+00 4.932695e+00 1.141021e+00 1.137727e-01 1.775672e-01 3.075162e-01 3.925554e-01 4.698297e-01 6.887405e-01 6.967859e-01 7.507384e-01 7.799284e-01 8.625899e-01 7.602907e-01 7.903906e-01 1.180777e-01
<GCONST> 1.297575e+02
<MIXTURE> 4 1.774711e-01
<MEAN> 39
 3.348416e+00 4.967127e+00 2.930748e+00 -2.132797e+00 -3.436860e+00 -4.881308e+00 -4.278206e+00 -1.763874e+00 -3.271448e+00 -1.329632e+00 -2.159948e+00 -1.661735e+00 -3.704381e-01 9.033602e-01 3.326970e-01 1.466597e-01 -6.176606e-01 -4.097840e-01 -7.764742e-01 -3.491413e-01 -3.622075e-01 -4.725095e-01 9.163465e-03 -2.435575e-01 -1.548277e-01 8.481017e-01 -3.212875e-01 -3.627345e-01 -2.342989e-01 4.691406e-02 2.196070e-01 3.699275e-01 3.999715e-01 1.722312e-01 1.700339e-01 3.637448e-02 1.768797e-01 1.828615e-01 1.281382e-01
<VARIANCE> 39
 2.925893e+01 4.030362e+01 2.925253e+01 5.586865e+01 4.631683e+01 5.131389e+01 5.530879e+01 5.577374e+01 5.902368e+01 6.465688e+01 7.071321e+01 7.308900e+01 4.137904e+01 3.315423e+00 3.335952e+00 3.943330e+00 5.534962e+00 4.586054e+00 5.751472e+00 5.666691e+00 5.751912e+00 5.723187e+00 5.868541e+00 6.356441e+00 6.359346e+00 5.756861e+00 4.558089e-01 4.491263e-01 4.619563e-01 8.434965e-01 7.375919e-01 9.061770e-01 8.928315e-01 9.261338e-01 9.238384e-01 9.012892e-01 9.158703e-01 8.486601e-01 4.675111e-01
<GCONST> 1.393666e+02
<STATE> 3
<NUMMIXES> 4
<MIXTURE> 1 2.201892e-01
<MEAN> 39
 5.541000e+00 -2.472515e+00 -2.539014e+00 5.282537e+00 -1.909097e+00 -1.140133e+00 -2.692846e-01 -7.107453e+00 -6.135850e+00 -3.651846e+00 -1.277238e+00 -3.483743e+00 3.133071e+00 2.026457e-02 2.096896e-02 9.823904e-03 -1.929692e-03 -5.055360e-03 -2.306429e-02 -6.102143e-02 1.747154e-02 3.695717e-02 -5.952017e-02 4.590747e-03 -2.295154e-02 -5.514159e-02 -1.733543e-03 2.694104e-02 1.295287e-02 -5.366817e-02 1.346514e-02 -2.724389e-02 -1.715473e-02 3.188748e-02 1.185935e-02 1.090747e-02 -2.971456e-02 -5.231850e-04 -1.240715e-02
<VARIANCE> 39
 1.663458e+01 1.719715e+01 2.655382e+01 4.440555e+01 3.829096e+01 4.654433e+01 7.526042e+01 7.010303e+01 9.495992e+01 7.359492e+01 6.898230e+01 7.992415e+01 1.423399e+01 1.066689e-01 2.734379e-01 4.585272e-01 6.802698e-01 8.045250e-01 9.586472e-01 1.073731e+00 1.187632e+00 1.210648e+00 1.155574e+00 1.135003e+00 1.050054e+00 6.443839e-02 1.909499e-02 4.762343e-02 7.889833e-02 1.184155e-01 1.466916e-01 1.787931e-01 1.952708e-01 2.246273e-01 2.310769e-01 2.208568e-01 2.091367e-01 1.968983e-01 1.000000e-02
<GCONST> 8.442415e+01
<MIXTURE> 2 3.300190e-01
<MEAN> 39
 5.720421e+00 8.486423e+00 3.431208e+00 -4.086795e+00 1.048327e+00 -7.713386e+00 -4.061619e+00 7.884865e-01 -3.954678e+00 -7.092317e-01 -3.256880e+00 -4.949408e+00 1.780935e-01 2.659652e-02 1.176171e-02 2.556487e-02 5.608525e-03 5.510888e-03 -3.318144e-02 -6.683432e-03 1.191655e-02 -2.660087e-02 -1.722009e-03 -1.523442e-02 1.131269e-02 -5.142678e-02 -1.126529e-03 -2.608110e-02 -5.782726e-03 1.134809e-02 -2.588201e-02 1.951376e-02 -1.801073e-03 -2.044544e-02 8.926325e-04 -2.422178e-02 -2.492873e-03 2.448227e-03 1.937414e-04
<VARIANCE> 39
 1.385904e+01 2.517275e+01 3.430542e+01 4.709944e+01 5.217362e+01 4.994619e+01 4.126549e+01 5.487729e+01 5.081528e+01 7.137312e+01 5.092010e+01 6.311665e+01 1.468258e+01 7.822867e-02 1.972116e-01 3.283780e-01 4.862418e-01 6.122763e-01 7.364335e-01 8.003646e-01 9.026239e-01 1.016787e+00 1.021636e+00 9.811018e-01 9.162853e-01 5.829182e-02 1.386396e-02 3.740732e-02 6.415759e-02 8.607126e-02 1.171706e-01 1.416331e-01 1.530945e-01 1.673729e-01 1.903004e-01 1.920253e-01 1.855457e-01 1.810267e-01 1.000000e-02
<GCONST> 7.759528e+01
<MIXTURE> 3 3.370970e-01
<MEAN> 39
 4.903211e+00 5.005990e+00 1.797507e+00 -1.176899e+00 -1.677517e-01 -6.051462e+00 -2.957841e+00 -4.181922e+00 -5.708104e+00 -2.289096e+00 -3.828188e+00 -3.502715e+00 2.181476e-01 6.082163e-02 3.505199e-02 9.168208e-02 6.298736e-02 -2.602202e-02 -2.769277e-02 -2.074489e-02 -7.067646e-03 -5.232393e-02 4.186141e-02 -2.596767e-02 -5.163086e-03 -1.340060e-01 -7.885891e-04 -2.535191e-02 -4.694755e-04 1.225330e-02 -2.159371e-02 6.121846e-02 5.249158e-03 5.451679e-02 6.999067e-02 -2.921766e-02 3.053652e-02 2.198836e-02 1.600573e-02
<VARIANCE> 39
 1.586924e+01 3.921809e+01 4.291708e+01 6.982416e+01 5.415897e+01 7.914887e+01 6.881992e+01 8.265942e+01 6.862057e+01 7.576768e+01 5.949816e+01 7.240367e+01 1.932207e+01 2.218177e-01 5.553115e-01 8.233365e-01 1.265552e+00 1.470789e+00 1.965988e+00 2.158306e+00 2.283603e+00 2.356236e+00 2.268658e+00 2.158187e+00 2.075766e+00 1.994319e-01 3.674852e-02 9.204106e-02 1.537806e-01 2.315472e-01 2.763091e-01 3.690141e-01 4.075904e-01 4.323093e-01 4.374482e-01 4.261124e-01 4.032151e-01 3.738292e-01 2.888279e-02
<GCONST> 1.050184e+02
<MIXTURE> 4 1.126947e-01
<MEAN> 39
 4.342667e+00 3.917895e+00 2.111071e+00 -1.261310e+00 -2.164407e+00 -5.647057e+00 -2.724476e+00 -2.096096e+00 -3.846159e+00 -1.139185e+00 -2.130268e+00 -1.487674e+00 1.178992e+00 -7.407138e-02 -2.224391e-01 -1.582087e-01 -1.049544e-01 -5.300478e-02 2.871019e-01 2.447523e-01 5.675184e-02 5.854272e-02 -9.569482e-02 -1.058953e-01 -1.033761e-01 4.077182e-01 -2.660363e-01 -2.346711e-01 -1.687184e-01 2.000182e-02 1.105691e-01 3.868970e-01 2.421943e-01 1.681189e-01 2.114607e-01 -8.071899e-03 8.377243e-02 9.823452e-02 1.267435e-01
<VARIANCE> 39
 2.281247e+01 4.257265e+01 3.947218e+01 6.671724e+01 5.262356e+01 7.301689e+01 7.352249e+01 8.021812e+01 7.753932e+01 8.888869e+01 1.038700e+02 1.027779e+02 3.616937e+01 1.320172e+00 2.165334e+00 2.529013e+00 3.687156e+00 3.105978e+00 4.032592e+00 4.125106e+00 4.318421e+00 4.319241e+00 4.114900e+00 4.090838e+00 3.879535e+00 3.033195e+00 3.003785e-01 3.528508e-01 4.773074e-01 5.934157e-01 6.740623e-01 9.327016e-01 8.814370e-01 8.872173e-01 8.862512e-01 8.841472e-01 8.741503e-01 8.064930e-01 3.410423e-01
<GCONST> 1.346275e+02
<STATE> 4
<NUMMIXES> 4
<MIXTURE> 1 3.870500e-02
<MEAN> 39
 -1.835038e+00 -5.750947e+00 2.634791e+00 8.874472e+00 2.593857e+00 1.917929e+01 2.415579e+01 4.321674e+00 -3.632650e+01 -3.016788e+01 2.821105e+01 2.794894e+01 8.997049e+00 4.222461e-03 1.259348e-02 -1.519902e-02 -3.465935e-02 8.484223e-03 8.055612e-03 3.128191e-03 2.602302e-02 -1.468179e-02 -1.200035e-02 -6.556072e-02 5.113313e-02 -2.004527e-02 -2.637361e-04 -1.245933e-03 -5.139682e-03 1.297570e-04 4.323069e-04 -1.055531e-02 -3.940792e-03 9.777702e-03 1.922147e-02 -2.214530e-04 -4.657819e-02 4.087850e-03 -1.892013e-03
<VARIANCE> 39
 7.957178e+00 7.295953e+00 1.035325e+01 4.810571e+01 1.050096e+02 1.517948e+01 4.676953e+01 1.301047e+01 2.839577e+01 5.201886e+01 3.064031e+01 2.221711e+01 1.844641e+01 3.589718e-01 6.850286e-01 7.174125e-01 4.454275e-01 8.709072e-01 4.417664e-01 1.225523e+00 1.104903e+00 8.995850e-01 1.054767e+00 9.090822e-01 9.024532e-01 8.717794e-02 6.994940e-02 1.364438e-01 1.494503e-01 9.571062e-02 2.146556e-01 8.989549e-02 2.828904e-01 2.464237e-01 1.913592e-01 2.281305e-01 1.477223e-01 1.899661e-01 1.786391e-02
<GCONST> 8.034419e+01
<MIXTURE> 2 4.547673e-01
<MEAN> 39
 9.268919e+00 6.602518e+00 2.511160e+00 4.460354e-01 -2.119714e+00 -7.267284e+00 -6.757622e+00 -4.852900e+00 -5.604668e+00 -5.583089e+00 -7.484077e+00 -8.102890e+00 -5.436042e+00 -8.210535e-02 1.282371e-01 2.038938e-01 1.696899e-01 -1.367344e-03 1.604654e-02 -8.669256e-02 1.224805e-02 -2.574487e-02 -6.378650e-02 2.514947e-02 4.878631e-02 -2.598854e-01 -8.231901e-02 -4.491596e-02 -1.691750e-02 1.980027e-02 1.568016e-02 6.315753e-02 5.282700e-02 1.540458e-02 2.735957e-02 3.686100e-02 6.779891e-02 5.326894e-02 3.545000e-02
<VARIANCE> 39
 1.187610e+01 1.682079e+01 5.023082e+01 2.958776e+01 4.117121e+01 3.513777e+01 4.259949e+01 6.243994e+01 6.789647e+01 4.514147e+01 3.855582e+01 4.495624e+01 2.179171e+01 3.320375e-01 5.651649e-01 8.943126e-01 1.193195e+00 1.397286e+00 1.545091e+00 1.924012e+00 2.255584e+00 2.207550e+00 2.088997e+00 2.044275e+00 1.897670e+00 3.227125e-01 5.504810e-02 9.757673e-02 1.653161e-01 2.051027e-01 2.745760e-01 3.011717e-01 3.626060e-01 4.243065e-01 4.377291e-01 3.926343e-01 3.861802e-01 3.516718e-01 4.161236e-02
<GCONST> 1.004789e+02
<MIXTURE> 3 2.715284e-01
<MEAN> 39
 3.198967e+00 1.356729e+00 7.481835e-01 -7.434792e-01 -1.910473e+00 -1.585482e+00 -5.886616e-01 -3.774309e+00 -3.148896e+00 -1.343854e+00 -1.442706e+00 -1.625318e+00 2.551040e+00 -2.157790e-01 -4.395368e-02 1.098703e-01 -3.859342e-02 -1.253552e-02 4.041076e-01 -1.048120e-01 3.594942e-01 3.763843e-01 -2.519738e-01 -1.525812e-01 3.247067e-02 -1.383813e-01 -8.626077e-02 5.973924e-03 2.909170e-02 1.071164e-02 2.888018e-02 -3.488175e-02 -5.904396e-02 2.247532e-01 1.105512e-01 1.256133e-02 5.819568e-03 4.962372e-02 -4.875716e-02
<VARIANCE> 39
 2.488164e+01 4.856015e+01 3.827540e+01 7.446236e+01 4.932850e+01 5.929240e+01 8.392883e+01 9.136337e+01 9.331324e+01 9.056942e+01 9.899378e+01 1.148160e+02 4.478584e+01 8.765643e-01 1.373966e+00 1.568301e+00 2.767562e+00 2.284474e+00 3.390872e+00 3.498122e+00 3.858999e+00 3.689821e+00 3.454970e+00 3.481395e+00 3.549011e+00 1.392212e+00 1.371149e-01 1.899297e-01 2.357718e-01 4.080677e-01 3.748512e-01 4.686590e-01 6.059697e-01 6.300814e-01 6.566841e-01 5.688866e-01 6.072468e-01 5.395721e-01 1.595873e-01
<GCONST> 1.249048e+02
<MIXTURE> 4 2.349993e-01
<MEAN> 39
 6.159888e+00 4.010583e+00 4.174562e+00 -1.040173e+00 -3.936702e+00 -9.152047e+00 -4.249488e+00 9.612765e-01 -3.929977e+00 -5.032534e-01 -2.220963e+00 -2.091372e+00 1.425300e+00 -6.712953e-01 -1.334690e+00 -1.102108e+00 -4.505845e-02 -8.824871e-02 1.819393e+00 1.442290e+00 4.414580e-02 7.357736e-01 -2.692347e-01 2.994012e-01 2.993172e-01 1.549274e+00 -3.937672e-01 -4.012005e-01 -4.068064e-01 -1.409037e-03 2.134591e-01 7.991676e-01 4.649666e-01 -2.657709e-01 1.624199e-01 -8.308160e-02 8.943834e-02 2.033498e-01 3.860244e-01
<VARIANCE> 39
 1.425245e+01 2.793780e+01 4.087565e+01 4.297882e+01 4.392297e+01 5.459264e+01 5.680716e+01 6.517786e+01 7.298724e+01 7.808237e+01 8.889922e+01 9.621803e+01 2.772172e+01 1.337112e+00 2.364625e+00 4.166687e+00 3.928863e+00 3.833395e+00 5.579415e+00 5.412233e+00 5.677285e+00 5.953898e+00 5.282537e+00 5.424648e+00 5.029613e+00 2.839791e+00 1.906613e-01 3.404334e-01 4.945008e-01 6.120507e-01 5.996915e-01 6.824836e-01 8.116348e-01 9.105947e-01 9.964301e-01 8.800835e-01 9.032367e-01 8.013803e-01 2.928864e-01
<GCONST> 1.335838e+02
<STATE> 5
<NUMMIXES> 4
<MIXTURE> 1 1.779553e-01
<MEAN> 39
 6.075221e-01 9.662616e-01 -6.730103e-01 -3.444555e+00 -3.028262e-01 4.306071e-02 -1.366054e+00 -1.410752e-01 -5.045211e-01 -5.965657e-01 6.042485e-01 1.457326e+00 6.128614e+00 -1.283869e-01 -1.293453e-01 -9.413222e-02 -1.949392e-01 1.372307e-01 2.146239e-01 -8.291882e-02 3.456495e-01 1.866378e-01 -1.321578e-01 2.777491e-02 6.386925e-02 1.188029e-01 1.111886e-01 7.993618e-02 1.572834e-01 2.088677e-01 -1.052908e-01 -1.871526e-01 -1.424491e-02 -1.102245e-01 -1.741966e-01 7.867323e-02 -1.888855e-02 -1.401869e-01 -1.900336e-01
<VARIANCE> 39
 2.386073e+01 5.385918e+01 3.605200e+01 9.787775e+01 5.465399e+01 6.537767e+01 7.138142e+01 7.881667e+01 7.718212e+01 8.707001e+01 9.569938e+01 1.074129e+02 3.834680e+01 4.992070e-01 1.160934e+00 1.366875e+00 1.889564e+00 2.322899e+00 2.620458e+00 2.744746e+00 2.814344e+00 2.680822e+00 2.855783e+00 2.966331e+00 2.832682e+00 4.622647e-01 9.980492e-02 1.734393e-01 2.282512e-01 3.685519e-01 4.057423e-01 5.247984e-01 4.924083e-01 5.311605e-01 5.588918e-01 5.242202e-01 5.267887e-01 5.129991e-01 9.358003e-02
<GCONST> 1.188398e+02
<MIXTURE> 2 4.214058e-01
<MEAN> 39
 3.194347e+00 3.931663e+00 5.211308e+00 4.225489e+00 -3.611179e-01 -3.094635e+00 -6.336809e+00 -2.998367e+00 -2.729279e+00 -1.441511e+00 -9.966779e-01 -3.070648e+00 -6.517117e+00 -3.649542e-02 -8.870741e-03 1.172067e-02 2.533249e-02 1.755160e-02 3.374169e-02 2.928609e-02 2.665191e-02 2.223243e-02 -7.302003e-03 -1.214387e-02 1.144962e-02 -7.533418e-02 -8.614223e-03 -6.386255e-03 -1.667946e-02 -1.390013e-02 4.507609e-03 1.003189e-02 2.383762e-02 1.434994e-02 4.778499e-03 6.456410e-03 -3.171858e-03 -3.699489e-03 8.303372e-03
<VARIANCE> 39
 9.499993e+00 1.641729e+01 1.452526e+01 3.038765e+01 2.214995e+01 3.058793e+01 3.673610e+01 3.161495e+01 3.781097e+01 3.417277e+01 3.202839e+01 3.652642e+01 1.502862e+01 1.808796e-01 3.728766e-01 6.425416e-01 9.109595e-01 1.157379e+00 1.488280e+00 1.751839e+00 1.837086e+00 1.843313e+00 1.847962e+00 1.775423e+00 1.650428e+00 8.933703e-02 3.264878e-02 7.249977e-02 1.251258e-01 1.794770e-01 2.268272e-01 2.940917e-01 3.349380e-01 3.605997e-01 3.573895e-01 3.643810e-01 3.584947e-01 3.307251e-01 1.442294e-02
<GCONST> 8.862400e+01
<MIXTURE> 3 2.075765e-01
<MEAN> 39
 1.250985e+00 5.679470e+00 4.914040e+00 2.695877e+00 -1.219923e+00 -2.180725e+00 -4.251557e+00 -2.993302e+00 -3.885996e+00 -3.434119e+00 -3.557978e+00 -3.589690e+00 -6.064823e+00 -1.070438e+00 -4.962246e-01 -3.116174e-01 -5.540489e-02 2.038509e-01 6.799245e-01 5.480057e-01 7.017167e-01 8.114342e-01 3.899326e-01 4.712607e-01 4.045794e-01 6.957002e-02 9.315856e-03 -2.548971e-01 -2.741222e-01 -3.368785e-01 -8.713621e-02 -1.775747e-02 1.984213e-01 1.176089e-01 1.669697e-01 1.692810e-01 8.799666e-02 1.040146e-01 3.742000e-01
<VARIANCE> 39
 2.984018e+01 2.698564e+01 2.443162e+01 3.841938e+01 3.553685e+01 3.899174e+01 4.377845e+01 4.670548e+01 4.480669e+01 4.152943e+01 4.177343e+01 4.075416e+01 3.139373e+01 2.811124e+00 2.304657e+00 2.371135e+00 3.612307e+00 3.277954e+00 3.363135e+00 3.826152e+00 3.967812e+00 4.402322e+00 3.962135e+00 3.792533e+00 3.168926e+00 3.179047e+00 3.626224e-01 3.438155e-01 3.665324e-01 4.762644e-01 5.707805e-01 5.843800e-01 6.470125e-01 7.155944e-01 7.233787e-01 7.053007e-01 6.762425e-01 5.659595e-01 3.351077e-01
<GCONST> 1.257011e+02
<MIXTURE> 4 1.930625e-01
<MEAN> 39
 1.831289e+00 -2.389359e+00 -1.304937e+00 -2.895487e+00 -3.806620e+00 1.063829e+00 3.693215e+00 -6.005682e-02 -1.589102e-01 -3.604617e-01 -7.630483e-01 1.500666e+00 9.022649e+00 -8.594748e-01 -1.073575e+00 -8.100110e-01 -2.892649e-01 6.154426e-01 2.004952e+00 1.049743e+00 -4.111184e-01 4.913153e-01 -7.629056e-02 1.184021e-01 5.818884e-01 1.784668e+00 2.027329e-02 3.969776e-01 2.999707e-01 2.457753e-01 2.951566e-01 -4.122470e-01 -5.569674e-01 -8.393098e-02 -2.651193e-01 1.002365e-02 -8.254704e-03 -1.192621e-01 -5.364764e-01
<VARIANCE> 39
 2.008512e+01 3.644476e+01 4.375979e+01 7.622706e+01 5.454359e+01 6.458075e+01 7.785881e+01 8.592107e+01 8.848141e+01 9.407729e+01 9.975316e+01 1.090298e+02 2.769937e+01 1.793868e+00 3.226019e+00 3.883696e+00 6.249006e+00 5.109258e+00 7.483389e+00 7.630197e+00 7.439948e+00 7.893681e+00 7.624293e+00 7.940712e+00 7.446418e+00 2.262097e+00 2.835320e-01 3.566630e-01 5.939359e-01 7.764242e-01 8.083057e-01 1.092006e+00 1.034917e+00 1.183707e+00 1.254200e+00 1.133426e+00 1.168181e+00 1.071458e+00 2.350792e-01
<GCONST> 1.427654e+02
<TRANSP> 6
 0.000000e+00 1.000000e+00 0.000000e+00 0.000000e+00 0.000000e+00 0.000000e+00
 0.000000e+00 7.196198e-01 2.803802e-01 0.000000e+00 0.000000e+00 0.000000e+00
 0.000000e+00 0.000000e+00 8.821292e-01 1.178708e-01 0.000000e+00 0.000000e+00
 0.000000e+00 0.000000e+00 0.000000e+00 6.771726e-01 3.228274e-01 0.000000e+00
 0.000000e+00 0.000000e+00 0.000000e+00 0.000000e+00 7.765404e-01 2.234596e-01
 0.000000e+00 0.000000e+00 0.000000e+00 0.000000e+00 0.000000e+00 0.000000e+00
<ENDHMM>
