~o
<STREAMINFO> 1 39
<VECSIZE> 39<NULLD><MFCC_D_A_Z_0><DIAGC>
~h "n"
<BEGINHMM>
<NUMSTATES> 6
<STATE> 2
<NUMMIXES> 4
<MIXTURE> 1 2.166834e-01
<MEAN> 39
 2.566211e+00 2.056408e+00 8.455170e-01 -4.554335e+00 -3.448092e+00 -1.915046e+00 -1.704567e-01 7.309514e-01 -4.720908e-01 -3.189528e-01 -2.129563e+00 -7.767094e-01 3.417232e+00 2.460332e-01 4.127867e-01 1.743019e-01 -2.115519e-01 -4.153932e-01 -5.841154e-01 -3.675869e-01 -4.934283e-01 -3.691872e-01 -4.058847e-02 -4.478097e-01 -2.272948e-01 -1.855883e-01 -1.038238e-01 -2.341028e-02 -2.387644e-02 2.059192e-01 2.039997e-01 3.494614e-02 9.804179e-03 -4.969335e-02 -9.331049e-02 -7.406021e-02 6.461613e-03 -1.458004e-02 -9.303764e-02
<VARIANCE> 39
 2.297001e+01 5.213305e+01 3.693075e+01 7.006903e+01 5.865358e+01 7.346062e+01 8.523650e+01 1.086932e+02 9.823907e+01 1.034888e+02 1.160591e+02 1.209259e+02 4.564111e+01 2.280978e+00 3.383711e+00 3.150248e+00 5.114967e+00 4.655939e+00 6.552577e+00 6.514759e+00 6.669751e+00 6.558429e+00 6.506205e+00 6.740743e+00 6.856604e+00 4.578818e+00 3.698239e-01 4.676193e-01 4.728504e-01 7.925500e-01 8.398589e-01 1.067284e+00 1.093665e+00 1.166845e+00 1.155393e+00 1.098611e+00 1.078727e+00 1.031455e+00 4.662693e-01
<GCONST> 1.448246e+02
<MIXTURE> 2 2.525241e-01
<MEAN> 39
 2.215470e+00 1.150436e+01 6.067433e-01 -1.096698e+01 2.995609e+00 -9.049860e+00 -2.986599e+00 2.010112e+00 -6.206761e+00 -4.831084e-01 -5.063159e+00 -3.142867e+00 2.451328e+00 8.900638e-02 6.398836e-02 4.042771e-02 1.302670e-01 -4.783082e-02 -1.066492e-01 6.217784e-02 -1.790167e-01 -1.090027e-01 1.314830e-01 -1.097861e-01 -1.088407e-02 -1.688889e-01 1.387937e-02 -8.958330e-02 5.023203e-02 3.630534e-02 -9.464913e-02 1.009245e-01 -3.080550e-02 -3.786105e-02 7.107141e-02 -4.027478e-02 1.532764e-02 1.415769e-02 -3.616631e-03
<VARIANCE> 39
 1.267511e+01 3.031835e+01 3.273137e+01 3.417607e+01 3.199925e+01 6.023293e+01 4.876646e+01 6.489426e+01 6.827312e+01 6.543787e+01 6.451125e+01 7.634776e+01 1.979079e+01 1.965503e-01 5.224853e-01 6.745303e-01 9.817714e-01 1.138541e+00 1.605627e+00 1.497950e+00 1.836035e+00 1.720190e+00 1.712855e+00 1.731071e+00 1.583809e+00 1.683827e-01 3.324639e-02 8.556167e-02 1.227341e-01 1.797886e-01 2.103417e-01 2.719743e-01 2.767394e-01 3.274903e-01 3.144282e-01 3.221665e-01 3.168559e-01 3.002301e-01 2.522925e-02
<GCONST> 9.613863e+01
<MIXTURE> 3 2.355818e-01
<MEAN> 39
 3.555939e+00 -2.675535e+00 -3.615809e+00 3.044090e+00 -2.771158e+00 -2.990118e+00 1.638522e+00 -3.434142e+00 -3.417742e+00 -1.529983e+00 1.304855e+00 2.277956e+00 5.429113e+00 9.259460e-02 4.065927e-01 4.394121e-01 -8.829113e-02 -2.688909e-01 -3.165191e-01 -6.322972e-02 -5.150000e-01 -3.235479e-01 2.352851e-01 -1.733373e-01 -1.625513e-01 -4.810508e-01 -1.615306e-02 9.690534e-02 1.604618e-01 -1.645389e-01 2.358044e-02 3.298686e-02 -9.283035e-02 4.249518e-02 8.954051e-02 1.196379e-02 -1.264605e-01 -8.092172e-02 -5.149315e-02
<VARIANCE> 39
 2.202774e+01 2.425473e+01 4.092207e+01 5.522980e+01 5.356319e+01 7.561631e+01 7.703878e+01 9.563182e+01 8.887159e+01 1.079938e+02 9.735445e+01 1.402873e+02 3.409570e+01 4.626044e-01 1.009268e+00 1.747046e+00 2.300878e+00 2.357560e+00 3.220374e+00 3.554960e+00 3.974485e+00 3.590441e+00 3.502953e+00 3.168726e+00 3.248199e+00 5.605167e-01 7.589719e-02 1.377592e-01 2.354753e-01 3.141687e-01 3.985395e-01 5.485507e-01 6.032048e-01 6.857408e-01 6.436326e-01 6.787149e-01 5.543507e-01 6.113702e-01 6.600720e-02
<GCONST> 1.205065e+02
<MIXTURE> 4 2.952107e-01
<MEAN> 39
 4.847191e+00 3.627183e+00 4.367511e+00 -4.537284e+00 -3.794533e+00 -4.732164e+00 -2.951725e+00 -3.724070e+00 -2.845730e+00 -2.284521e+00 -4.635669e+00 -2.170098e+00 2.190545e+00 4.240147e-01 8.462730e-01 7.907624e-01 3.398006e-01 6.312978e-02 -1.058858e+00 -4.525036e-01 -3.556800e-01 -6.856578e-01 2.027761e-01 -4.142067e-01 -3.511761e-01 -1.169791e+00 -1.586787e-01 -1.696956e-01 -3.062986e-01 7.182748e-02 1.407302e-01 3.533135e-01 2.266084e-01 1.118376e-01 7.078035e-02 -8.645322e-02 1.342530e-01 7.069994e-02 1.830224e-01
<VARIANCE> 39
 1.162232e+01 2.170008e+01 2.294026e+01 4.377670e+01 3.915164e+01 5.298346e+01 5.121344e+01 6.271473e+01 5.267410e+01 5.508689e+01 5.328778e+01 6.212624e+01 1.940976e+01 6.618299e-01 1.352926e+00 1.760554e+00 2.656266e+00 2.612731e+00 3.699703e+00 3.750410e+00 3.818427e+00 3.549179e+00 3.799986e+00 3.294663e+00 3.149568e+00 9.421902e-01 8.862015e-02 1.807622e-01 2.255276e-01 3.654596e-01 4.379386e-01 5.876273e-01 5.503538e-01 6.297850e-01 5.687858e-01 5.799909e-01 5.166757e-01 4.951926e-01 1.077631e-01
<GCONST> 1.163725e+02
<STATE> 3
<NUMMIXES> 4
<MIXTURE> 1 2.952470e-01
<MEAN> 39
 5.855630e+00 7.657777e+00 3.017504e+00 -3.630722e+00 -1.315711e+00 -7.145672e+00 -1.331599e+00 -1.038294e+00 -2.914585e+00 -1.025117e-02 -4.690404e+00 -2.589337e+00 3.157504e-01 2.249950e-02 1.375730e-02 1.629242e-02 2.592348e-02 -2.091301e-03 -4.231009e-02 1.050571e-02 -2.864173e-02 -5.713093e-03 9.917216e-03 -3.049979e-03 -9.794012e-03 -4.937095e-02 6.497593e-05 -1.685181e-02 -3.845630e-03 1.117640e-02 -2.205766e-02 1.595156e-02 -1.264193e-02 -1.433519e-02 -7.433530e-03 -4.217954e-03 -1.943245e-03 -5.913429e-03 -3.334780e-03
<VARIANCE> 39
 1.351269e+01 2.454217e+01 3.337715e+01 4.376065e+01 4.233273e+01 5.131798e+01 4.521586e+01 5.521448e+01 6.018385e+01 6.626583e+01 5.740131e+01 5.454250e+01 1.095719e+01 7.108502e-02 1.809776e-01 2.959822e-01 4.465516e-01 5.596879e-01 7.104968e-01 7.833114e-01 8.680204e-01 9.028447e-01 9.029548e-01 8.582323e-01 7.838176e-01 4.573660e-02 1.272823e-02 3.378553e-02 5.583969e-02 8.151307e-02 1.078446e-01 1.322059e-01 1.465382e-01 1.677284e-01 1.727185e-01 1.704385e-01 1.623167e-01 1.494133e-01 1.000000e-02
<GCONST> 7.468765e+01
<MIXTURE> 2 3.209335e-01
<MEAN> 39
 7.482774e+00 5.824980e+00 3.056722e+00 -2.502972e+00 -2.895863e+00 -7.560846e+00 -1.975932e+00 -3.958287e+00 -4.819536e+00 -3.190294e+00 -6.513653e+00 -4.793292e+00 -1.151551e+00 6.641092e-02 1.589049e-01 1.741142e-01 5.733609e-02 2.667814e-02 -1.175819e-02 -1.095627e-01 -3.385673e-02 -5.975892e-02 3.293507e-02 -2.430123e-02 2.440188e-03 -2.571034e-01 -5.659511e-02 -4.670052e-02 -2.863317e-02 5.088340e-02 -1.573514e-02 1.351925e-01 -4.359438e-03 3.838663e-03 3.420747e-02 -6.217556e-03 6.894683e-02 4.159450e-02 4.423568e-02
<VARIANCE> 39
 1.352365e+01 2.416442e+01 3.924315e+01 3.981400e+01 4.615695e+01 5.011234e+01 5.319195e+01 7.126812e+01 6.815178e+01 6.962843e+01 4.813770e+01 5.281247e+01 1.214797e+01 2.455635e-01 5.646935e-01 9.063560e-01 1.243072e+00 1.475158e+00 1.821969e+00 2.107366e+00 2.199906e+00 2.330015e+00 2.202799e+00 2.050956e+00 1.909245e+00 2.518126e-01 4.409313e-02 1.007287e-01 1.648524e-01 2.271622e-01 2.737837e-01 3.596509e-01 3.914347e-01 4.237093e-01 4.417151e-01 4.291878e-01 3.860788e-01 3.559103e-01 3.565433e-02
<GCONST> 1.020999e+02
<MIXTURE> 3 1.476317e-01
<MEAN> 39
 4.702616e+00 2.777558e+00 1.620914e+00 -1.590327e+00 -3.666282e+00 -4.813249e+00 -1.170361e+00 -3.401671e+00 -3.535345e+00 -9.694565e-01 -3.696501e+00 -2.030889e+00 1.366013e+00 -2.230727e-01 2.652701e-01 2.441510e-01 2.575305e-01 4.574489e-02 2.400404e-01 -1.847315e-01 -2.043432e-01 -1.157423e-01 -1.318475e-01 -1.592195e-01 -1.800261e-01 -4.587587e-01 -2.885417e-01 -1.877331e-01 -1.370680e-01 -7.929132e-03 1.907874e-01 3.618580e-01 1.615999e-01 2.270415e-01 2.704553e-01 -5.464237e-02 2.003966e-01 1.552373e-01 1.776881e-01
<VARIANCE> 39
 2.284130e+01 4.027208e+01 4.188166e+01 5.952324e+01 5.352196e+01 6.786124e+01 7.156371e+01 8.510438e+01 8.646415e+01 8.591149e+01 9.119623e+01 8.603548e+01 3.541726e+01 1.149634e+00 2.241637e+00 2.395163e+00 3.536254e+00 3.142709e+00 4.145232e+00 4.575356e+00 4.409134e+00 4.309629e+00 3.928804e+00 3.957358e+00 3.845415e+00 2.934474e+00 2.594964e-01 3.461499e-01 4.270483e-01 5.425352e-01 6.476574e-01 8.846295e-01 9.054493e-01 9.078031e-01 8.560771e-01 8.418921e-01 8.470412e-01 7.383397e-01 3.007658e-01
<GCONST> 1.333419e+02
<MIXTURE> 4 2.361878e-01
<MEAN> 39
 4.556746e+00 -1.406837e+00 -3.854633e-01 3.095375e+00 -4.979071e+00 2.115126e-01 2.556655e+00 -9.328466e+00 -5.315416e+00 -1.418598e+00 -3.301475e+00 -1.192201e+00 3.218926e+00 3.914273e-02 6.594706e-02 3.094202e-02 1.420322e-02 -2.454102e-02 -7.743470e-02 -2.035970e-02 -7.433268e-03 -3.579100e-03 -3.006837e-02 4.548300e-03 -5.210836e-03 -1.160100e-01 4.132867e-03 3.373380e-02 2.074252e-02 -6.642179e-02 5.789414e-02 -6.888605e-02 -5.350986e-02 1.081333e-01 2.530616e-02 -3.598398e-02 -1.063093e-02 -1.043603e-02 -2.292703e-02
<VARIANCE> 39
 1.503592e+01 2.047005e+01 2.698583e+01 4.948110e+01 4.097112e+01 5.059742e+01 6.063549e+01 6.867381e+01 6.276026e+01 6.412202e+01 6.917929e+01 7.268620e+01 2.189663e+01 1.489060e-01 3.449503e-01 5.595660e-01 8.850346e-01 9.781602e-01 1.242202e+00 1.442064e+00 1.667154e+00 1.599691e+00 1.584931e+00 1.511611e+00 1.481801e+00 1.019844e-01 2.461101e-02 5.910002e-02 9.572720e-02 1.475063e-01 1.805793e-01 2.232523e-01 2.706744e-01 2.970764e-01 2.957353e-01 2.952572e-01 2.798477e-01 2.748556e-01 1.410801e-02
<GCONST> 9.154906e+01
<STATE> 4
<NUMMIXES> 4
<MIXTURE> 1 4.297298e-01
<MEAN> 39
 4.947541e+00 6.450538e+00 6.596320e+00 1.226335e+00 -9.460731e-01 -4.667444e+00 -5.299032e+00 -3.785892e+00 -4.145119e+00 -1.083180e+00 -1.800523e+00 -1.355292e+00 -6.956130e+00 -4.852632e-02 1.139032e-02 6.133023e-02 8.621784e-02 4.414941e-02 5.002121e-02 -3.505573e-02 1.564570e-03 3.270357e-03 1.083363e-03 1.021110e-02 -5.435978e-03 -1.353377e-01 -1.771259e-02 -1.784791e-02 -1.816163e-02 -3.961442e-03 7.325711e-03 1.854061e-02 2.079858e-02 1.761507e-02 1.003051e-02 -3.565520e-03 -1.034125e-02 -1.138535e-02 8.086594e-03
<VARIANCE> 39
 1.004319e+01 1.445547e+01 1.778227e+01 3.560422e+01 2.891245e+01 4.570403e+01 3.785106e+01 4.704572e+01 4.944889e+01 5.110110e+01 4.378096e+01 5.855489e+01 1.121192e+01 1.417738e-01 3.204589e-01 5.678557e-01 8.710142e-01 1.018606e+00 1.285712e+00 1.396610e+00 1.590874e+00 1.646567e+00 1.671476e+00 1.687472e+00 1.479818e+00 1.082931e-01 2.572179e-02 6.098454e-02 1.057013e-01 1.625765e-01 1.968580e-01 2.464214e-01 2.743461e-01 3.079894e-01 3.271114e-01 3.186572e-01 3.165509e-01 2.872804e-01 1.530994e-02
<GCONST> 8.799893e+01
<MIXTURE> 2 2.709025e-01
<MEAN> 39
 5.355300e+00 7.061152e+00 5.548136e+00 3.312403e-01 -2.639665e+00 -4.848842e+00 -5.835951e+00 -5.358530e+00 -6.278814e+00 -4.377083e+00 -5.942264e+00 -4.526819e+00 -5.660337e+00 -7.198042e-01 1.408996e-01 2.455655e-01 7.718751e-01 4.345967e-01 4.962862e-01 -2.286789e-01 3.004263e-01 1.003798e-01 -8.279568e-02 2.814638e-01 -8.202604e-03 -7.449066e-01 -2.824849e-01 -2.766375e-01 -2.102409e-01 -1.209500e-01 2.407296e-02 1.415351e-01 2.778307e-01 2.356570e-01 2.747779e-01 1.286086e-01 2.062859e-01 1.842957e-01 2.037424e-01
<VARIANCE> 39
 1.702025e+01 2.231886e+01 2.488998e+01 3.613113e+01 3.542846e+01 3.925243e+01 3.839421e+01 5.109835e+01 4.929200e+01 5.024313e+01 4.315998e+01 4.956916e+01 2.452492e+01 1.031157e+00 1.130894e+00 1.475627e+00 2.049562e+00 2.140580e+00 2.472542e+00 2.873737e+00 3.075067e+00 2.897137e+00 2.756925e+00 2.639000e+00 2.613907e+00 1.027805e+00 1.835324e-01 2.203726e-01 2.641126e-01 3.537162e-01 4.052177e-01 4.479248e-01 5.618773e-01 5.681127e-01 5.778435e-01 5.684891e-01 5.170167e-01 5.101197e-01 1.613651e-01
<GCONST> 1.143657e+02
<MIXTURE> 3 1.622296e-01
<MEAN> 39
 4.676934e+00 3.701471e+00 4.075459e+00 -3.322125e+00 -4.689623e+00 -6.143421e+00 -1.293457e+00 -2.575941e+00 -3.412990e+00 1.335050e-01 -3.544335e+00 -1.267427e+00 1.242441e+00 -1.117173e+00 -9.752927e-01 -6.884354e-01 -2.004777e-01 -5.632309e-02 1.908103e+00 8.646950e-01 4.842718e-02 9.666024e-01 -3.608385e-01 3.889304e-01 5.537378e-01 1.342074e+00 -3.490816e-01 -3.708435e-01 -3.822716e-01 -4.301244e-02 3.193343e-01 6.451563e-01 2.078687e-01 4.821054e-02 2.737601e-01 -1.749454e-01 2.381231e-01 2.743227e-01 4.647487e-01
<VARIANCE> 39
 1.791492e+01 3.148198e+01 3.509127e+01 4.411671e+01 4.419994e+01 5.433923e+01 6.139982e+01 6.729327e+01 7.088865e+01 6.972044e+01 7.581451e+01 8.186558e+01 3.608750e+01 1.470827e+00 2.633606e+00 2.977702e+00 4.261284e+00 4.240933e+00 5.442326e+00 5.554609e+00 5.757272e+00 6.079607e+00 5.364892e+00 5.230483e+00 5.368679e+00 3.302063e+00 2.096978e-01 3.520382e-01 3.775240e-01 6.181235e-01 6.266563e-01 7.880025e-01 9.215212e-01 8.460473e-01 9.016236e-01 8.708697e-01 8.118474e-01 7.963488e-01 3.788531e-01
<GCONST> 1.341414e+02
<MIXTURE> 4 1.371382e-01
<MEAN> 39
 1.741239e+00 -7.899018e-02 -3.345908e-01 -4.420323e-02 -1.556163e+00 -1.020488e+00 1.413325e+00 -1.205033e+00 3.318934e+00 5.061610e+00 1.528499e+00 -8.233860e-01 2.628671e+00 -6.371510e-02 2.679319e-02 2.480855e-02 -2.214857e-01 1.015134e-01 3.889862e-02 -1.956061e-01 2.791087e-01 1.346402e-01 -2.781551e-01 1.653989e-01 1.918625e-01 -1.650748e-01 4.225112e-03 -2.723297e-02 7.958825e-03 -4.483064e-02 -6.047574e-03 -2.120627e-02 -6.333315e-02 1.402431e-01 -6.171305e-02 -1.348048e-01 -5.678152e-04 1.513588e-02 2.559881e-02
<VARIANCE> 39
 2.596847e+01 4.081640e+01 4.113596e+01 7.104070e+01 5.607211e+01 7.548530e+01 8.352430e+01 1.662446e+02 1.348807e+02 1.464762e+02 1.645704e+02 2.230141e+02 5.817118e+01 3.912632e-01 6.687714e-01 1.020531e+00 1.644309e+00 1.757463e+00 2.257336e+00 2.454543e+00 2.850438e+00 2.968611e+00 3.025833e+00 3.049279e+00 2.973623e+00 3.679320e-01 6.916143e-02 1.301440e-01 1.921286e-01 2.698305e-01 3.330464e-01 4.162866e-01 4.621914e-01 5.883444e-01 5.426821e-01 5.733647e-01 5.700331e-01 5.454304e-01 6.122898e-02
<GCONST> 1.188013e+02
<STATE> 5
<NUMMIXES> 4
<MIXTURE> 1 2.027773e-01
<MEAN> 39
 6.110529e-01 -9.109387e-01 -1.418888e+00 -2.673455e+00 -2.081288e+00 -1.815516e+00 1.796447e+00 2.551327e+00 8.241080e-01 1.508237e+00 2.341981e+00 1.405683e+00 6.353593e+00 -5.887150e-01 -5.670640e-01 -3.638681e-01 -4.910668e-01 3.123118e-01 8.185318e-01 6.174504e-01 8.746181e-02 2.682206e-01 4.057706e-01 7.885643e-01 7.778804e-01 1.344472e+00 8.667831e-02 1.736993e-01 1.731427e-01 1.671930e-01 9.636905e-02 4.850007e-02 -1.703025e-01 -3.784539e-01 -1.837760e-01 -4.015979e-02 -2.095989e-01 -6.569673e-02 -2.875776e-01
<VARIANCE> 39
 2.823796e+01 5.659832e+01 4.829176e+01 8.496912e+01 6.237939e+01 7.542941e+01 8.137502e+01 9.601411e+01 1.128853e+02 1.096598e+02 1.151521e+02 1.312943e+02 4.190292e+01 2.392998e+00 3.361391e+00 3.843386e+00 6.117584e+00 5.508089e+00 6.976653e+00 7.476191e+00 7.528742e+00 7.792740e+00 8.137841e+00 8.223830e+00 8.777014e+00 3.747245e+00 3.593793e-01 4.928251e-01 5.906688e-01 8.916699e-01 8.824683e-01 1.046929e+00 1.201392e+00 1.214719e+00 1.364641e+00 1.275951e+00 1.183371e+00 1.246829e+00 3.562812e-01
<GCONST> 1.480860e+02
<MIXTURE> 2 3.004852e-01
<MEAN> 39
 -7.010252e-01 5.198744e+00 4.005655e+00 3.103235e+00 -4.264468e-01 -7.779324e-01 -3.798104e+00 -2.217014e+00 -2.898095e+00 -3.231350e+00 -3.001436e+00 -2.959573e+00 -5.763207e+00 -1.753532e+00 -7.458014e-01 -6.133894e-01 2.757021e-02 3.564950e-01 8.725094e-01 6.477159e-01 1.066069e+00 1.171627e+00 4.462570e-01 8.130175e-01 5.574422e-01 1.151747e-01 1.034227e-01 -2.353904e-01 -2.348466e-01 -5.025949e-01 -2.451108e-01 -1.149251e-01 2.403047e-01 9.286661e-02 2.193893e-01 2.466325e-01 4.314034e-02 1.653848e-01 5.220820e-01
<VARIANCE> 39
 3.179538e+01 3.299833e+01 2.580361e+01 3.654446e+01 3.413165e+01 4.038865e+01 4.067154e+01 4.494392e+01 4.359816e+01 4.313802e+01 4.097905e+01 3.998893e+01 3.818954e+01 2.568491e+00 2.607588e+00 2.421027e+00 3.571816e+00 3.183970e+00 3.512354e+00 3.984091e+00 4.052151e+00 4.165559e+00 4.164213e+00 3.788530e+00 3.390523e+00 3.536320e+00 3.921744e-01 4.420389e-01 4.169265e-01 5.220500e-01 4.990280e-01 6.247393e-01 7.064853e-01 7.315478e-01 7.437411e-01 6.908829e-01 6.828232e-01 6.360853e-01 4.052285e-01
<GCONST> 1.272239e+02
<MIXTURE> 3 1.947884e-01
<MEAN> 39
 5.211966e-01 -9.702947e-01 1.066572e+00 -6.745338e+00 -3.854567e+00 4.856699e+00 2.383352e+00 -4.938432e+00 9.213415e-01 -3.263103e+00 -4.265654e+00 1.885717e+00 1.010368e+01 -8.410355e-01 -8.446745e-01 -8.528664e-01 -2.949988e-01 1.104090e+00 1.875642e+00 1.439165e-01 5.979250e-02 5.435727e-01 -7.490987e-01 5.351754e-01 6.873006e-01 1.250564e+00 2.189300e-01 3.039798e-01 1.374162e-01 4.108888e-01 2.526285e-01 -8.184078e-01 -3.470818e-01 2.270200e-01 -4.566969e-01 2.442034e-01 1.936388e-01 -2.847313e-01 -5.251316e-01
<VARIANCE> 39
 1.253722e+01 2.609721e+01 1.951534e+01 4.841449e+01 4.224528e+01 4.279021e+01 6.341698e+01 5.561307e+01 5.164622e+01 5.236659e+01 5.222556e+01 6.758976e+01 2.155774e+01 9.746417e-01 2.776630e+00 2.081894e+00 4.970109e+00 4.098037e+00 5.269279e+00 5.080357e+00 4.856242e+00 4.553982e+00 4.525156e+00 4.012022e+00 4.009639e+00 1.485913e+00 1.227304e-01 2.044624e-01 2.994785e-01 4.226859e-01 6.110528e-01 6.175774e-01 7.463266e-01 7.584873e-01 7.260613e-01 7.412336e-01 6.136668e-01 5.989434e-01 1.374805e-01
<GCONST> 1.240389e+02
<MIXTURE> 4 3.019491e-01
<MEAN> 39
 6.976216e-01 2.010733e+00 7.627522e-01 -2.273158e+00 5.086961e-01 -1.124819e+00 -1.937530e+00 -1.837430e+00 -1.892235e+00 -2.276601e+00 -8.613527e-01 1.613302e-01 3.092419e+00 -1.856144e-01 -1.243381e-01 -4.700771e-02 -1.211842e-01 2.570008e-01 1.014381e-01 1.794232e-02 4.702846e-01 1.327244e-01 -4.125814e-02 2.377983e-01 1.124161e-01 -1.012757e-01 7.615613e-02 -4.805367e-04 3.166958e-02 6.438960e-02 -1.411633e-01 -2.168916e-02 8.848204e-02 -8.167659e-02 -1.656171e-02 1.006426e-01 -1.027805e-01 -4.150593e-02 -3.382552e-02
<VARIANCE> 39
 2.665613e+01 5.583962e+01 3.685027e+01 9.112440e+01 4.631862e+01 6.284571e+01 6.179370e+01 7.341039e+01 6.036691e+01 6.542417e+01 6.714973e+01 7.805489e+01 6.115828e+01 5.014009e-01 9.003904e-01 1.126070e+00 1.681808e+00 1.825815e+00 2.531500e+00 2.514591e+00 2.715616e+00 2.760887e+00 2.578532e+00 2.540123e+00 2.398916e+00 5.095151e-01 6.948044e-02 1.347412e-01 1.877095e-01 2.932430e-01 3.230699e-01 3.963727e-01 4.487151e-01 4.727258e-01 4.633895e-01 4.707977e-01 4.410295e-01 4.126759e-01 6.080219e-02
<GCONST> 1.136450e+02
<TRANSP> 6
 0.000000e+00 1.000000e+00 0.000000e+00 0.000000e+00 0.000000e+00 0.000000e+00
 0.000000e+00 7.323745e-01 2.676255e-01 0.000000e+00 0.000000e+00 0.000000e+00
 0.000000e+00 0.000000e+00 8.471949e-01 1.528051e-01 0.000000e+00 0.000000e+00
 0.000000e+00 0.000000e+00 0.000000e+00 7.362139e-01 2.637861e-01 0.000000e+00
 0.000000e+00 0.000000e+00 0.000000e+00 0.000000e+00 6.108416e-01 3.891584e-01
 0.000000e+00 0.000000e+00 0.000000e+00 0.000000e+00 0.000000e+00 0.000000e+00
<ENDHMM>
