~o
<STREAMINFO> 1 39
<VECSIZE> 39<NULLD><MFCC_D_A_Z_0><DIAGC>
~h "oy"
<BEGINHMM>
<NUMSTATES> 6
<STATE> 2
<NUMMIXES> 4
<MIXTURE> 1 1.659575e-01
<MEAN> 39
 -1.071637e+00 -1.964034e+00 6.782861e-01 -8.383700e+00 6.001954e-01 6.269521e+00 -3.809337e-01 -3.126753e+00 3.408968e+00 2.424931e+00 1.012365e+00 6.291790e+00 1.213371e+01 -3.353347e-01 -8.728634e-01 1.838617e-01 2.120722e-01 8.268673e-01 7.664068e-01 -2.995211e-01 -2.644908e-01 2.502068e-01 -3.091033e-01 3.312609e-01 -4.686399e-01 7.227461e-01 -3.872819e-02 1.056937e-01 -1.248921e-02 5.560678e-01 -6.815770e-02 -6.479970e-01 1.697519e-01 8.430376e-02 -2.764231e-01 4.777637e-02 -1.131627e-01 -5.220117e-01 -4.199193e-01
<VARIANCE> 39
 2.635182e+01 1.875469e+01 3.122356e+00 7.642102e+01 3.463980e+01 2.819985e+01 3.734489e+01 3.358954e+01 4.368472e+01 1.208526e+02 1.502491e+02 1.026168e+02 2.322952e+01 6.570868e-01 1.976436e+00 1.556630e+00 3.886976e+00 2.928520e+00 3.406569e+00 5.197747e+00 3.198622e+00 8.180278e-01 2.835673e+00 1.739444e+00 2.786119e+00 7.228204e-01 3.658461e-01 1.832549e-01 1.690454e-01 6.003175e-01 3.687890e-01 3.525398e-01 6.061574e-01 4.966756e-01 3.799323e-01 5.547627e-01 5.932454e-01 8.341362e-01 1.613185e-01
<GCONST> 1.156860e+02
<MIXTURE> 2 4.042553e-01
<MEAN> 39
 1.053941e+01 2.623567e+00 -1.736222e+01 -1.739679e+00 4.973023e+00 -2.974646e+00 1.113548e+00 -8.008903e-02 1.132924e+01 2.373355e+00 -1.179735e+00 -7.531035e+00 2.683238e+00 2.019563e-01 2.403110e-01 -5.204726e-01 -3.066588e-01 3.024363e-01 2.015425e-01 -4.410864e-01 -1.596047e-01 -1.651537e-01 4.533826e-02 -1.362217e-01 -3.140833e-01 -1.590319e-01 -8.349318e-02 -9.073316e-02 3.411548e-01 1.342054e-01 -2.790305e-02 -1.080843e-01 -4.363937e-03 6.443166e-03 -2.148891e-01 -7.034732e-02 -1.013959e-01 1.444668e-01 -1.147630e-01
<VARIANCE> 39
 7.926828e+00 1.787146e+01 3.328928e+01 2.573426e+01 1.487176e+01 3.000496e+01 3.351638e+01 4.038858e+01 3.014190e+01 5.263826e+01 3.218638e+01 2.707567e+01 1.854144e+01 1.755590e-01 5.793065e-01 9.737785e-01 8.549449e-01 1.439932e+00 1.498893e+00 1.635906e+00 2.059026e+00 1.188599e+00 2.233460e+00 1.868080e+00 2.371841e+00 3.594311e-01 1.010120e-01 1.070438e-01 1.894556e-01 1.571466e-01 1.841445e-01 2.247889e-01 3.092921e-01 4.014640e-01 3.114527e-01 3.469382e-01 2.727399e-01 3.283595e-01 5.879792e-02
<GCONST> 9.392750e+01
<MIXTURE> 3 1.957447e-01
<MEAN> 39
 8.495243e-01 1.107995e+01 4.082196e+00 -1.354459e+01 -5.397821e+00 2.646024e+00 -5.258924e+00 5.599552e+00 7.507934e+00 2.309735e+00 1.164237e+00 -1.051420e-01 3.597779e+00 4.891063e-02 -2.273359e-01 -2.030783e-01 1.805675e-01 1.235805e-01 1.336402e-01 -2.859387e-01 -2.456151e-02 -3.168695e-01 -2.946563e-01 -3.249703e-01 -1.580724e-01 2.628185e-02 -4.787428e-02 -1.056191e-01 -2.497753e-03 2.496776e-01 1.253069e-01 -4.928012e-02 5.634253e-02 -7.371441e-02 7.563917e-02 6.013348e-02 -7.969676e-02 1.385631e-01 -1.507505e-01
<VARIANCE> 39
 3.723661e+00 2.511827e+01 1.352923e+01 1.588901e+01 1.556126e+01 1.420293e+01 7.034203e+01 2.977530e+01 5.503710e+01 1.666493e+01 1.001347e+02 1.845746e+01 5.240149e+00 3.680739e-01 5.527717e-01 7.718811e-01 1.582606e+00 1.542998e+00 8.779002e-01 1.388877e+00 1.996882e+00 2.130247e+00 1.687253e+00 1.926287e+00 1.421513e+00 5.791128e-01 1.476140e-01 8.062406e-02 2.084722e-01 3.192762e-01 2.305862e-01 1.866413e-01 2.841046e-01 3.038438e-01 4.349171e-01 3.516396e-01 3.267870e-01 3.024025e-01 8.270150e-02
<GCONST> 9.288195e+01
<MIXTURE> 4 2.340426e-01
<MEAN> 39
 3.130027e+00 -3.086179e+00 -6.398374e+00 1.933751e+00 5.025406e-01 -9.758838e-01 4.029680e+00 3.880511e+00 -5.173214e+00 -1.274548e+00 1.134052e+00 -2.665415e+00 7.809608e+00 1.140689e-01 -2.008264e-01 -3.012565e-01 4.755678e-01 3.128326e-01 1.558197e-02 9.608226e-02 -3.652664e-01 6.283178e-01 2.603194e-01 1.355982e-01 3.939562e-01 -9.308063e-02 -9.398340e-02 1.703500e-01 2.061731e-01 7.419848e-02 6.412773e-02 -3.764807e-01 -3.890124e-01 6.858360e-02 3.414199e-01 1.216894e-01 -2.302007e-02 8.044644e-02 -1.542357e-01
<VARIANCE> 39
 1.538551e+01 5.028516e+01 3.459763e+01 3.440091e+01 5.106918e+01 5.018011e+01 7.555942e+01 1.098875e+02 5.180935e+01 5.449080e+01 4.438712e+01 7.238006e+01 1.925271e+01 3.929091e-01 1.380433e+00 1.176749e+00 2.501666e+00 7.940692e-01 3.232817e+00 1.955904e+00 2.219784e+00 3.758278e+00 2.497421e+00 2.109588e+00 2.235909e+00 6.541925e-01 1.169305e-01 2.625659e-01 1.661546e-01 2.932256e-01 3.325644e-01 4.435917e-01 6.085289e-01 5.962138e-01 5.553567e-01 3.750115e-01 4.706560e-01 5.730769e-01 1.313138e-01
<GCONST> 1.131643e+02
<STATE> 3
<NUMMIXES> 4
<MIXTURE> 1 1.394231e-01
<MEAN> 39
 6.212396e+00 7.738635e+00 4.308734e+00 -7.774693e+00 -8.472092e+00 9.606066e+00 -5.865140e+00 4.756915e+00 1.572300e+01 -2.597958e+00 -6.526107e+00 -6.100824e+00 6.839190e-01 1.360823e-02 -1.697646e-01 9.018208e-02 -3.087862e-01 -8.179930e-02 -1.121200e-01 2.915095e-01 8.905936e-02 1.792013e-01 4.547025e-01 -3.129124e-01 -4.502797e-02 1.768876e-01 -1.153769e-02 8.777291e-03 -2.077641e-02 -9.029245e-03 2.536084e-02 -1.902131e-02 4.394074e-02 6.935580e-02 -4.248876e-02 4.369202e-02 1.997228e-02 -1.537471e-02 1.090594e-02
<VARIANCE> 39
 6.882821e-01 3.565705e+00 2.833271e+00 1.218425e+01 1.056883e+01 9.315873e+00 1.318205e+01 1.292494e+01 1.777389e+01 2.423332e+01 1.651474e+01 4.295346e+00 1.780601e+00 6.085101e-02 2.317757e-01 2.359406e-01 5.093261e-01 1.016223e+00 5.612364e-01 1.345220e+00 1.732952e+00 1.647983e+00 1.328498e+00 2.291789e+00 4.320520e-01 2.712223e-02 1.154125e-02 3.745921e-02 4.299370e-02 1.235792e-01 1.920509e-01 6.395295e-02 2.291459e-01 4.041777e-01 1.880161e-01 2.622374e-01 4.945435e-01 9.086192e-02 1.026339e-02
<GCONST> 5.736523e+01
<MIXTURE> 2 3.557692e-01
<MEAN> 39
 1.011649e+01 -3.409708e-01 -1.693672e+01 1.552814e+00 7.279271e+00 -3.070061e+00 -1.238727e+00 2.116184e+00 8.261531e+00 1.020556e+00 -4.933957e+00 -6.005099e+00 2.995162e+00 -2.812148e-01 -6.565961e-01 4.035281e-01 1.057727e+00 -4.098042e-02 -7.432232e-01 -1.902552e-01 1.017645e+00 -3.225176e-01 -6.329582e-01 -4.673786e-01 6.685594e-01 2.662607e-01 -1.843231e-01 -1.058821e-01 2.591915e-01 8.939396e-02 -2.982238e-01 -1.538954e-01 3.164247e-01 3.371771e-01 -2.723636e-01 -2.435725e-01 2.106940e-01 1.731361e-01 1.642607e-01
<VARIANCE> 39
 1.005252e+01 2.438222e+01 2.957679e+01 4.696153e+01 1.837000e+01 2.829290e+01 2.822520e+01 6.959225e+01 4.982212e+01 5.295278e+01 2.985636e+01 5.674359e+01 2.026959e+01 3.042639e-01 7.606725e-01 7.961859e-01 9.232737e-01 8.528056e-01 1.205411e+00 1.304786e+00 2.042936e+00 1.736732e+00 1.734747e+00 1.872407e+00 2.234884e+00 3.274269e-01 3.125001e-02 1.125996e-01 1.208686e-01 1.357433e-01 1.916291e-01 2.545497e-01 2.857395e-01 4.052581e-01 3.734219e-01 3.121093e-01 3.196670e-01 4.795760e-01 3.757725e-02
<GCONST> 9.498582e+01
<MIXTURE> 3 3.173077e-01
<MEAN> 39
 4.031601e+00 3.946798e+00 4.627834e+00 -6.736697e+00 6.150615e-01 -7.568883e+00 -2.919408e+00 1.520188e+00 -4.538598e+00 1.966696e+00 -4.129053e+00 -3.628039e+00 5.214705e+00 1.352770e-01 9.797256e-02 -5.451352e-02 1.540992e-01 7.178684e-01 -5.398492e-01 -3.802794e-01 1.452521e-01 -2.656026e-01 1.915313e-01 2.459628e-02 -1.009897e-01 -4.096908e-01 -6.374063e-02 -7.596359e-02 -1.833148e-01 1.819693e-02 1.114454e-03 1.203230e-01 4.254335e-02 -7.296001e-02 6.906235e-02 3.887098e-02 1.086375e-01 1.941727e-02 5.934399e-02
<VARIANCE> 39
 1.568250e+01 2.118750e+01 4.434533e+01 2.420329e+01 3.914092e+01 1.091420e+02 7.700975e+01 6.009899e+01 5.872376e+01 9.437981e+01 5.958205e+01 4.504058e+01 1.547499e+01 1.860227e-01 5.351136e-01 9.367422e-01 8.191682e-01 1.169173e+00 1.745977e+00 1.774261e+00 1.679199e+00 1.841586e+00 2.244840e+00 1.561834e+00 1.439830e+00 3.018211e-01 2.340354e-02 9.912286e-02 1.074888e-01 1.552320e-01 1.299830e-01 2.859809e-01 3.538375e-01 2.366796e-01 3.991894e-01 4.393698e-01 2.988722e-01 1.708484e-01 2.973162e-02
<GCONST> 9.661819e+01
<MIXTURE> 4 1.875000e-01
<MEAN> 39
 -1.166206e+00 -4.494419e+00 5.242643e-01 -2.231200e+00 7.835489e-01 2.604409e+00 2.222684e+00 -3.385866e+00 2.579855e+00 5.569809e+00 1.151312e+00 1.271796e+00 1.259481e+01 -7.800087e-02 -2.806162e-01 1.233309e-01 3.373370e-01 -4.116853e-01 -3.705294e-01 4.780094e-02 2.199604e-02 7.598885e-02 1.325604e-01 -7.561907e-01 -2.197527e-01 2.386101e-02 1.838574e-02 4.244491e-01 1.931328e-01 7.979201e-02 -1.095878e-01 -2.741760e-01 -8.401318e-02 2.950840e-01 -1.959605e-01 -1.799039e-01 -2.201312e-01 1.050751e-01 -2.667487e-01
<VARIANCE> 39
 2.825642e+01 2.827887e+01 1.504129e+01 1.068259e+02 4.104799e+01 3.296872e+01 5.035219e+01 4.265460e+01 4.878207e+01 1.304997e+02 1.088825e+02 6.709180e+01 3.320120e+01 1.528286e+00 9.182903e-01 1.160864e+00 4.646148e+00 2.024310e+00 1.144516e+00 3.329960e+00 2.253963e+00 3.263483e+00 3.476003e+00 2.114098e+00 3.426938e+00 4.196175e-01 1.624849e-01 1.607267e-01 1.019688e-01 2.952055e-01 3.071973e-01 5.723947e-01 4.622951e-01 4.879101e-01 4.045884e-01 5.346788e-01 3.113159e-01 3.483192e-01 7.965782e-02
<GCONST> 1.135450e+02
<STATE> 4
<NUMMIXES> 4
<MIXTURE> 1 3.476395e-01
<MEAN> 39
 -1.589568e+00 -2.818861e+00 1.056952e+00 -7.450500e+00 7.384946e-01 5.482475e+00 -4.072422e-01 -1.859943e+00 3.066062e+00 -1.697831e+00 -1.697091e+00 2.270092e+00 1.033985e+01 -1.215854e-01 3.697261e-02 -8.502383e-03 3.517016e-01 1.545240e-01 -2.086851e-01 1.035218e-01 3.174739e-01 -5.229788e-02 -1.410817e-01 -4.041398e-02 -1.558601e-01 -2.193232e-01 3.825468e-03 1.892325e-01 -1.402091e-02 -1.465720e-02 -1.220536e-01 1.409508e-02 2.210386e-02 8.001534e-02 1.644222e-02 1.039273e-01 1.350264e-01 -9.939643e-02 -1.076243e-01
<VARIANCE> 39
 6.621077e+00 3.870386e+01 1.741472e+01 8.314349e+01 4.247993e+01 1.758638e+01 3.373985e+01 3.573073e+01 4.820951e+01 6.813711e+01 9.913544e+01 5.319688e+01 2.865542e+01 3.564779e-01 8.075388e-01 7.032893e-01 2.519855e+00 1.770272e+00 1.736807e+00 1.895938e+00 2.755913e+00 1.140274e+00 2.593241e+00 1.717188e+00 2.455133e+00 4.522690e-01 1.205988e-01 1.022308e-01 1.046873e-01 2.739089e-01 4.046581e-01 2.275108e-01 2.464323e-01 4.143549e-01 3.220960e-01 4.062985e-01 2.429025e-01 4.406256e-01 4.728869e-02
<GCONST> 1.021340e+02
<MIXTURE> 2 2.446352e-01
<MEAN> 39
 7.937452e+00 8.284962e+00 6.685681e-01 -1.238541e+01 -3.359248e+00 2.758492e+00 3.231513e+00 2.480352e+00 9.577886e+00 1.174736e+01 -1.424226e+01 -5.688930e+00 1.418478e-01 2.547973e-02 7.383958e-02 -5.529298e-02 3.933151e-02 2.038539e-01 -1.542781e-01 -4.709926e-02 -1.422802e-01 -1.987201e-01 1.605546e-01 -4.203546e-02 -1.397741e-01 -9.907938e-02 1.996703e-03 -3.258370e-02 3.403630e-02 1.475536e-02 -3.079127e-02 -3.759447e-03 4.298137e-03 8.899245e-03 1.458744e-02 -7.890902e-03 -1.025083e-02 -1.905215e-02 -1.128868e-02
<VARIANCE> 39
 1.218698e+00 2.278031e+00 8.754890e+00 1.028195e+01 1.614971e+01 1.934555e+01 1.354107e+01 1.611558e+01 1.326597e+01 1.779661e+01 1.390360e+01 1.778734e+01 2.814151e+00 8.903390e-02 2.759966e-01 6.163746e-01 8.661039e-01 1.152424e+00 1.405340e+00 2.062469e+00 1.526452e+00 1.182438e+00 1.443431e+00 1.824999e+00 1.206825e+00 7.099316e-02 1.885088e-02 5.912956e-02 1.308542e-01 1.612585e-01 2.416960e-01 3.606352e-01 4.908174e-01 3.278811e-01 1.794289e-01 2.180668e-01 3.744130e-01 2.516501e-01 1.008263e-02
<GCONST> 7.118754e+01
<MIXTURE> 3 2.274678e-01
<MEAN> 39
 8.214643e+00 -4.136685e+00 -1.278994e+01 7.478457e+00 4.562399e+00 -6.786379e+00 1.049822e+00 9.635483e+00 3.906296e+00 -4.564929e+00 -4.396053e+00 -1.354129e+00 5.954084e+00 -9.269409e-01 -8.186009e-01 1.547286e+00 6.308683e-01 -1.537842e+00 1.331714e-03 2.048653e+00 9.935290e-01 -2.589953e+00 -8.416421e-01 1.254555e+00 5.190141e-01 6.484526e-01 -1.054638e-01 2.436953e-01 3.020343e-01 -4.857507e-01 -4.786738e-01 6.870801e-01 4.041371e-01 -8.716358e-01 -5.244581e-01 6.848224e-01 2.014420e-01 -5.662070e-01 -5.994954e-02
<VARIANCE> 39
 1.257901e+01 1.480628e+01 2.548693e+01 3.497530e+01 2.717001e+01 2.640887e+01 5.688019e+01 4.448238e+01 5.755097e+01 4.422845e+01 3.767943e+01 7.762984e+01 1.524473e+01 1.813349e-01 8.851579e-01 1.244464e+00 1.128196e+00 1.932995e+00 1.656394e+00 2.276963e+00 3.301177e+00 4.147925e+00 3.441304e+00 1.448873e+00 3.674196e+00 1.874147e-01 2.451975e-02 7.408837e-02 1.355085e-01 1.206219e-01 3.233227e-01 3.713945e-01 4.320634e-01 3.490800e-01 4.588729e-01 5.171233e-01 4.897692e-01 6.954749e-01 2.765535e-02
<GCONST> 1.004640e+02
<MIXTURE> 4 1.802575e-01
<MEAN> 39
 3.992712e+00 -6.507993e-01 -8.029451e+00 4.620037e+00 2.598582e+00 -8.933854e+00 6.553221e+00 5.425192e-01 -3.397782e+00 1.077197e-01 -8.020799e-01 -2.680824e-02 6.900470e+00 -6.530911e-02 1.686455e-01 -2.664806e-01 2.898270e-01 4.807561e-02 -3.015534e-01 -1.718489e-01 1.032288e-01 -1.431016e-01 -5.397754e-01 3.919496e-01 -2.270004e-01 -1.571391e-01 2.184037e-02 3.744877e-02 2.946909e-02 -1.358032e-01 1.391031e-01 2.391461e-01 -1.239566e-01 5.074396e-02 6.483170e-02 -9.361634e-02 1.784288e-01 5.989417e-02 -2.619998e-02
<VARIANCE> 39
 1.990306e+01 5.262518e+01 4.933302e+01 8.002077e+01 4.766146e+01 2.807473e+01 6.747144e+01 4.558928e+01 8.659290e+01 1.135537e+02 3.476677e+01 6.141766e+01 1.798714e+01 2.340902e-01 7.152663e-01 6.701348e-01 7.647173e-01 1.016074e+00 7.802486e-01 1.320892e+00 1.981589e+00 1.745723e+00 1.839730e+00 1.328391e+00 5.391603e-01 1.317439e-01 4.265163e-02 8.644146e-02 9.117827e-02 1.483543e-01 1.631719e-01 2.003206e-01 2.743541e-01 1.891133e-01 3.107725e-01 1.971138e-01 3.237043e-01 1.069204e-01 1.452155e-02
<GCONST> 9.229849e+01
<STATE> 5
<NUMMIXES> 4
<MIXTURE> 1 1.978022e-01
<MEAN> 39
 5.274823e+00 -5.637233e+00 -5.484212e+00 5.388058e+00 -3.924942e+00 -3.930221e+00 8.441099e+00 8.145722e+00 -6.905519e+00 -2.403457e+00 3.082491e-01 -4.609659e+00 7.450438e+00 -1.053530e+00 3.251831e-01 2.330063e+00 -1.400300e+00 -2.238341e+00 2.415067e+00 1.820083e+00 -2.506815e+00 -1.583402e+00 2.510333e+00 -1.161262e-01 -1.668561e+00 3.508728e-01 5.011136e-02 4.627492e-01 -9.249760e-02 -7.549514e-01 4.554431e-01 5.747437e-01 -8.933812e-01 -5.411911e-01 1.475967e+00 2.932353e-01 -8.215178e-01 2.491711e-01 -1.406322e-01
<VARIANCE> 39
 1.284218e+01 1.814923e+01 1.889720e+01 2.263403e+01 3.515443e+01 2.137054e+01 4.298308e+01 3.858302e+01 4.287102e+01 3.483073e+01 4.079717e+01 3.435609e+01 7.545096e+00 2.966703e-01 3.679900e-01 8.600120e-01 1.295028e+00 1.976859e+00 2.459082e+00 2.191979e+00 1.865652e+00 3.470615e+00 1.900115e+00 3.358416e+00 2.993437e+00 2.200151e-01 1.749776e-02 1.042953e-01 9.452429e-02 1.859362e-01 2.714506e-01 2.729872e-01 4.595458e-01 4.806079e-01 4.809747e-01 5.449857e-01 3.132481e-01 6.038820e-01 1.000000e-02
<GCONST> 9.529082e+01
<MIXTURE> 2 1.813187e-01
<MEAN> 39
 2.598536e+00 4.228124e+00 5.783351e+00 -8.105131e+00 -2.182007e+00 2.728799e+00 -3.453475e+00 -6.251556e-01 4.496279e+00 3.438350e+00 -4.085736e+00 -9.545574e-01 4.027133e+00 -4.249299e-01 1.580505e+00 7.743707e-01 4.095972e-01 -5.927452e-02 -1.340229e-01 -7.413937e-01 7.590639e-02 4.845839e-02 3.159273e-02 7.976885e-01 4.144362e-01 -1.278380e+00 -4.961088e-02 -1.196600e-01 -1.827734e-01 7.556735e-01 1.642037e-01 -2.390724e-01 5.959468e-01 3.977191e-02 -6.686202e-01 7.125778e-03 7.559605e-02 -2.317279e-01 -1.601338e-01
<VARIANCE> 39
 1.752598e+01 3.752685e+01 4.066116e+01 8.643547e+01 3.281247e+01 3.761261e+01 5.174517e+01 2.454151e+01 3.023793e+01 2.722309e+01 2.684314e+01 2.116490e+01 2.911232e+01 1.652888e+00 2.389310e+00 1.147673e+00 5.990699e+00 2.903710e+00 2.471003e+00 4.625364e+00 1.709493e+00 3.730704e+00 3.680336e+00 4.877068e+00 3.321165e+00 4.620022e-01 2.801807e-01 2.840848e-01 2.598186e-01 9.137472e-01 7.112787e-01 5.327656e-01 7.340348e-01 5.023533e-01 5.075614e-01 5.608500e-01 7.387370e-01 4.359791e-01 1.345842e-01
<GCONST> 1.186625e+02
<MIXTURE> 3 4.120879e-01
<MEAN> 39
 2.965555e+00 1.269045e+00 -3.760913e+00 -2.554853e+00 3.530438e+00 -2.503930e+00 -1.261406e+00 1.394435e+00 2.326306e-01 -9.174519e-01 -5.566852e-02 -1.910302e+00 5.631028e+00 1.115384e-01 3.173564e-01 -1.554576e-01 5.796842e-02 7.431871e-02 2.952086e-01 -4.729497e-01 -3.354791e-01 -2.583346e-01 1.768134e-01 4.057228e-01 2.239361e-02 -2.892973e-01 1.063089e-02 1.561416e-02 4.424366e-02 4.538672e-02 -2.206254e-01 1.254272e-01 1.340093e-01 -1.042655e-01 4.325361e-02 1.437349e-01 5.186020e-02 2.002717e-01 2.244308e-02
<VARIANCE> 39
 3.435366e+01 4.106582e+01 6.870149e+01 8.398750e+01 5.132401e+01 7.676548e+01 7.088435e+01 6.242252e+01 6.062798e+01 8.525139e+01 7.970609e+01 7.808482e+01 3.304325e+01 4.927147e-01 5.650274e-01 7.480353e-01 1.747992e+00 1.321756e+00 1.896385e+00 2.634439e+00 2.848175e+00 1.855665e+00 3.328457e+00 1.464626e+00 1.664569e+00 3.165139e-01 9.436923e-02 8.340289e-02 9.621634e-02 2.664024e-01 2.692613e-01 2.858599e-01 3.829015e-01 4.345350e-01 3.516261e-01 3.659931e-01 4.082789e-01 3.943206e-01 6.375770e-02
<GCONST> 1.090373e+02
<MIXTURE> 4 2.087912e-01
<MEAN> 39
 2.838375e+00 -2.778240e+00 6.037447e-01 -1.351855e+00 -6.074782e+00 4.806306e+00 7.376062e+00 1.064480e+00 -2.372652e+00 5.887627e+00 -7.486831e+00 -5.525625e+00 8.985244e+00 -7.686961e-01 1.334247e+00 1.330388e+00 -2.905060e+00 3.623629e-01 2.382625e+00 -2.302145e+00 -8.144381e-01 3.025354e+00 -4.347611e-01 -1.573364e+00 1.275727e+00 1.154614e-02 1.175598e-01 2.152325e-01 -2.947062e-01 -5.749350e-02 6.543489e-01 -6.283828e-01 -8.385038e-01 7.139010e-01 5.746670e-01 -8.265388e-01 5.042660e-01 5.014715e-01 -2.162495e-01
<VARIANCE> 39
 1.702615e+01 1.629960e+01 2.307984e+01 3.962664e+01 2.548354e+01 3.144981e+01 7.736547e+01 2.469338e+01 5.283675e+01 2.596617e+01 6.503241e+01 4.785551e+01 2.034136e+01 2.647773e-01 5.930740e-01 1.338993e+00 1.620922e+00 2.292712e+00 3.636238e+00 3.933255e+00 4.194100e+00 1.483737e+00 4.213184e+00 2.150151e+00 3.611501e+00 3.415614e-01 7.265689e-02 1.283261e-01 1.331546e-01 3.511767e-01 3.957935e-01 4.142759e-01 1.150412e+00 3.760590e-01 9.098759e-01 8.046928e-01 7.140356e-01 7.813268e-01 4.071390e-02
<GCONST> 1.088181e+02
<TRANSP> 6
 0.000000e+00 1.000000e+00 0.000000e+00 0.000000e+00 0.000000e+00 0.000000e+00
 0.000000e+00 6.553192e-01 3.446808e-01 0.000000e+00 0.000000e+00 0.000000e+00
 0.000000e+00 0.000000e+00 6.105769e-01 3.894231e-01 0.000000e+00 0.000000e+00
 0.000000e+00 0.000000e+00 0.000000e+00 6.523605e-01 3.476395e-01 0.000000e+00
 0.000000e+00 0.000000e+00 0.000000e+00 0.000000e+00 5.549451e-01 4.450549e-01
 0.000000e+00 0.000000e+00 0.000000e+00 0.000000e+00 0.000000e+00 0.000000e+00
<ENDHMM>
