~o
<STREAMINFO> 1 39
<VECSIZE> 39<NULLD><MFCC_D_A_Z_0><DIAGC>
~h "pau"
<BEGINHMM>
<NUMSTATES> 6
<STATE> 2
<NUMMIXES> 4
<MIXTURE> 1 2.440884e-01
<MEAN> 39
 -5.849951e-01 -1.201950e+00 -1.414502e+00 -2.463656e+00 -1.868761e+00 -4.105484e-01 1.913755e+00 1.684158e+00 3.934968e+00 5.508017e+00 6.063783e+00 5.631388e+00 2.970276e+00 -5.567176e-02 5.733908e-02 3.500349e-02 2.380123e-02 -3.542979e-02 2.268742e-02 -1.374174e-01 -1.709273e-01 -1.617133e-01 -1.355145e-01 -9.664638e-02 -1.231907e-02 -3.131468e-01 -5.343521e-03 8.119971e-02 9.237189e-02 1.399790e-01 1.185881e-01 1.427859e-02 -1.080346e-01 -4.893069e-02 -1.474309e-01 -1.482179e-01 -1.174649e-01 -1.433248e-01 -7.933125e-02
<VARIANCE> 39
 2.570261e+01 4.257464e+01 3.573769e+01 8.100845e+01 6.626449e+01 9.337193e+01 9.526899e+01 1.159533e+02 1.326776e+02 1.607409e+02 1.818396e+02 1.983421e+02 5.652355e+01 1.490726e+00 2.088778e+00 2.304857e+00 3.855880e+00 4.313766e+00 6.121946e+00 5.543078e+00 5.724184e+00 6.787464e+00 7.183605e+00 7.338873e+00 7.810403e+00 2.640650e+00 2.313186e-01 3.062057e-01 3.871431e-01 6.088173e-01 7.471149e-01 1.051550e+00 9.910234e-01 1.050882e+00 1.168833e+00 1.229549e+00 1.212270e+00 1.254870e+00 2.793545e-01
<GCONST> 1.433530e+02
<MIXTURE> 2 3.099345e-01
<MEAN> 39
 1.127439e+00 3.868883e+00 2.224117e+00 -6.529774e-01 -2.204745e-01 -1.906591e+00 -1.380010e+00 -1.741182e-01 -1.838468e+00 -1.976420e+00 -3.596521e+00 -2.398716e+00 -4.643151e+00 -1.422701e-01 -7.275017e-03 6.414736e-02 2.067981e-01 6.217463e-02 8.494546e-02 1.773630e-02 5.723381e-02 1.418705e-02 -5.988738e-03 4.481417e-02 -9.095678e-03 -4.687509e-01 -3.843584e-03 -1.435391e-02 4.508185e-04 -1.790941e-03 -2.221703e-02 -7.719652e-03 -3.955431e-02 -3.970593e-02 1.395875e-02 3.572226e-02 7.438198e-02 3.580745e-02 5.444578e-02
<VARIANCE> 39
 2.825064e+01 3.929118e+01 3.662114e+01 5.536083e+01 4.469050e+01 5.763319e+01 5.002394e+01 6.334206e+01 5.505392e+01 5.445300e+01 4.768190e+01 5.138064e+01 3.313309e+01 4.370663e-01 6.444007e-01 9.228597e-01 1.342367e+00 1.588377e+00 2.062269e+00 2.301567e+00 2.540447e+00 2.470805e+00 2.434530e+00 2.330421e+00 2.131852e+00 3.809019e-01 5.821421e-02 1.024501e-01 1.611051e-01 2.379971e-01 3.013110e-01 3.790588e-01 4.147264e-01 4.646345e-01 4.576074e-01 4.548188e-01 4.273451e-01 3.904030e-01 4.107238e-02
<GCONST> 1.071081e+02
<MIXTURE> 3 2.177251e-01
<MEAN> 39
 1.802659e+00 5.829656e+00 4.252818e+00 2.507954e-01 -1.613271e+00 -3.415371e+00 -4.769563e+00 -3.006139e+00 -3.779403e+00 -3.181954e+00 -3.669838e+00 -2.486871e+00 -5.306726e+00 -9.135527e-01 -2.052344e-01 -5.315155e-03 8.324001e-01 4.654096e-01 7.199125e-01 1.828342e-01 4.010271e-01 2.119079e-01 1.205506e-02 2.830005e-01 -9.296997e-02 -1.163396e+00 -2.032925e-01 -3.532616e-01 -3.371043e-01 -2.593406e-01 -1.170261e-02 2.041108e-01 3.944671e-01 2.812581e-01 3.461807e-01 2.481870e-01 2.381821e-01 2.050317e-01 3.366866e-01
<VARIANCE> 39
 2.620343e+01 3.208284e+01 2.758120e+01 5.293606e+01 4.383871e+01 5.133559e+01 4.526798e+01 5.675243e+01 5.128263e+01 5.302031e+01 5.368152e+01 5.663000e+01 3.733250e+01 1.953651e+00 2.152283e+00 2.214020e+00 3.070093e+00 2.970362e+00 3.552754e+00 4.018991e+00 4.166017e+00 4.120760e+00 3.966079e+00 3.741395e+00 3.598956e+00 2.174542e+00 2.616122e-01 2.885729e-01 3.369207e-01 5.266764e-01 5.580325e-01 6.759856e-01 6.671473e-01 7.330289e-01 7.233984e-01 7.413605e-01 7.049116e-01 6.499187e-01 2.590417e-01
<GCONST> 1.267558e+02
<MIXTURE> 4 2.282520e-01
<MEAN> 39
 -2.386123e+00 -2.371622e+00 -2.084916e+00 4.934411e-01 2.408083e+00 1.332982e+00 2.304361e+00 -1.086548e-01 1.538220e+00 3.556568e+00 7.915563e+00 9.606266e+00 6.516966e+00 2.139932e-02 6.232580e-03 -3.774026e-02 2.486985e-02 -3.600862e-02 -9.398719e-02 -2.744318e-02 2.765581e-02 5.231636e-02 -1.324499e-02 5.108249e-02 3.450804e-03 -1.271941e-01 3.617294e-02 1.153414e-02 2.036217e-02 -6.385345e-02 -7.875278e-02 -8.475959e-03 3.586123e-03 -2.298480e-03 -7.973980e-03 -1.718199e-02 -6.881294e-02 -8.348005e-02 -2.117670e-02
<VARIANCE> 39
 1.851177e+01 4.998798e+01 3.302230e+01 9.879437e+01 5.225557e+01 8.665836e+01 8.875107e+01 9.429302e+01 1.094099e+02 1.710675e+02 1.846294e+02 1.550837e+02 3.327547e+01 2.605942e-01 5.798554e-01 7.761578e-01 1.166079e+00 1.300651e+00 1.603049e+00 1.750550e+00 1.715825e+00 1.900420e+00 2.034333e+00 2.047410e+00 2.099492e+00 1.322612e-01 4.661090e-02 9.754386e-02 1.409118e-01 1.929772e-01 2.399999e-01 2.943361e-01 3.157150e-01 3.065839e-01 3.401240e-01 3.702684e-01 3.663230e-01 3.636739e-01 2.043554e-02
<GCONST> 1.063232e+02
<STATE> 3
<NUMMIXES> 4
<MIXTURE> 1 2.243468e-01
<MEAN> 39
 -3.438514e+00 9.317522e-01 2.014817e+00 2.091841e+00 -9.579589e-01 -2.838167e+00 -4.572802e+00 -1.202973e+00 -1.824658e-01 9.308958e-01 2.392321e+00 1.383362e-01 -1.514787e+01 -9.516273e-03 2.174160e-02 2.294759e-02 2.726743e-02 1.074457e-02 1.024301e-02 -8.175537e-03 -1.836644e-02 -2.929372e-02 -4.288038e-02 -4.381059e-02 -1.794126e-02 -4.686487e-02 3.141265e-02 3.177905e-02 6.247387e-02 1.147990e-01 2.257477e-01 3.383738e-01 3.598487e-01 2.475548e-01 5.541695e-02 -1.557358e-01 -2.831232e-01 -2.085602e-01 3.093446e-02
<VARIANCE> 39
 1.444561e+01 1.969264e+01 1.922712e+01 2.661620e+01 2.511974e+01 2.818500e+01 2.942150e+01 3.688385e+01 4.117209e+01 3.413392e+01 3.303424e+01 3.451490e+01 5.092010e+01 2.559634e-01 5.124453e-01 7.862204e-01 1.124186e+00 1.423906e+00 1.753353e+00 2.020238e+00 2.191826e+00 2.258854e+00 2.245769e+00 2.111608e+00 1.926078e+00 1.556764e-01 5.014568e-02 1.042108e-01 1.676866e-01 2.372587e-01 2.712757e-01 2.989456e-01 3.443543e-01 4.113154e-01 4.710169e-01 4.556312e-01 3.934883e-01 3.890974e-01 2.593374e-02
<GCONST> 9.673708e+01
<MIXTURE> 2 3.379954e-01
<MEAN> 39
 -1.859323e+00 2.073940e+00 3.956612e+00 4.253036e+00 1.839100e+00 1.923719e-01 -1.616009e+00 -3.489939e-01 -2.264149e+00 -3.422753e+00 -3.424026e+00 -3.732299e+00 -1.459519e+01 -9.672214e-03 -1.253206e-02 -1.073601e-03 3.844203e-03 1.160121e-02 1.586800e-02 1.324769e-02 1.303635e-02 1.418376e-02 6.419520e-03 1.134214e-02 -1.851947e-04 -3.168937e-02 -4.379545e-02 -8.126682e-02 -1.141278e-01 -1.121321e-01 -9.001876e-02 -4.121003e-02 1.515127e-02 9.746483e-02 1.895805e-01 2.524827e-01 2.377447e-01 1.346152e-01 -4.164718e-03
<VARIANCE> 39
 1.113062e+01 1.313306e+01 1.261620e+01 1.946476e+01 1.987292e+01 2.461916e+01 2.684595e+01 2.852107e+01 3.113014e+01 2.488151e+01 2.839989e+01 2.500865e+01 3.507372e+01 1.732666e-01 3.864563e-01 6.364260e-01 9.583582e-01 1.266089e+00 1.561251e+00 1.807953e+00 1.985271e+00 2.047311e+00 2.031242e+00 1.924809e+00 1.743302e+00 7.338372e-02 3.218688e-02 7.165092e-02 1.180722e-01 1.837358e-01 2.458801e-01 2.970821e-01 3.377820e-01 3.749256e-01 3.805333e-01 3.658885e-01 3.476440e-01 3.394145e-01 1.303815e-02
<GCONST> 8.752514e+01
<MIXTURE> 3 2.897226e-01
<MEAN> 39
 -3.598224e+00 -5.428033e-01 1.002050e+00 2.605362e+00 1.368713e+00 1.834444e+00 7.167411e-01 3.348975e+00 2.810792e+00 1.741809e+00 1.719973e+00 -8.312904e-01 -1.396007e+01 -1.621475e-03 -9.648436e-03 -1.010198e-02 -1.229198e-02 -1.819800e-02 -1.846138e-02 -4.476557e-03 5.174235e-03 2.041314e-02 2.563869e-02 1.948591e-02 1.015408e-02 -2.048399e-02 3.421286e-02 7.949410e-02 9.954762e-02 5.647690e-02 -3.716724e-02 -1.562871e-01 -2.382758e-01 -2.771373e-01 -2.585585e-01 -1.994102e-01 -1.061566e-01 -2.729698e-02 1.609261e-02
<VARIANCE> 39
 1.035419e+01 1.166739e+01 1.214684e+01 1.753477e+01 2.166676e+01 2.258266e+01 2.450320e+01 2.449043e+01 2.454481e+01 2.352690e+01 2.670302e+01 2.341819e+01 2.564665e+01 1.777653e-01 3.992848e-01 6.631422e-01 9.748945e-01 1.293953e+00 1.607328e+00 1.877218e+00 2.036721e+00 2.094296e+00 2.084015e+00 1.965003e+00 1.781589e+00 7.446431e-02 3.402219e-02 7.328600e-02 1.188114e-01 1.813138e-01 2.422875e-01 2.837801e-01 3.193543e-01 3.492893e-01 3.627113e-01 3.628615e-01 3.558662e-01 3.377987e-01 1.290874e-02
<GCONST> 8.638636e+01
<MIXTURE> 4 1.479352e-01
<MEAN> 39
 -2.338583e+00 1.965274e+00 2.319074e+00 3.342652e+00 1.310236e+00 9.429519e-01 -1.810245e-01 1.109200e+00 1.981252e-02 -1.162127e+00 -1.022969e+00 -2.055964e+00 -1.127260e+01 -2.720832e-01 -1.682147e-01 -1.289826e-01 -2.492850e-02 1.734378e-03 1.559142e-01 1.309175e-01 1.331256e-01 1.513709e-01 8.443506e-02 1.129138e-01 3.874157e-02 -2.416056e-02 4.240834e-02 -8.302078e-03 -1.802752e-02 -1.159291e-01 -1.230085e-01 -1.490061e-01 -1.289275e-01 -9.868085e-02 -3.131096e-03 6.196284e-02 5.381735e-02 6.272855e-02 8.495091e-02
<VARIANCE> 39
 2.781230e+01 3.384795e+01 3.161115e+01 4.466046e+01 3.792322e+01 4.730463e+01 4.466504e+01 4.871072e+01 4.844373e+01 4.635554e+01 4.937816e+01 4.845779e+01 9.933928e+01 1.332489e+00 1.746297e+00 1.852272e+00 2.288169e+00 2.470469e+00 2.959400e+00 3.151897e+00 3.303350e+00 3.295861e+00 3.149613e+00 2.965426e+00 2.657888e+00 1.493191e+00 2.130831e-01 2.937056e-01 3.359061e-01 4.401553e-01 4.788699e-01 5.620564e-01 5.878241e-01 6.197152e-01 6.174775e-01 5.925582e-01 5.493630e-01 4.968383e-01 2.957599e-01
<GCONST> 1.219492e+02
<STATE> 4
<NUMMIXES> 4
<MIXTURE> 1 1.474138e-01
<MEAN> 39
 -4.342445e+00 -1.866168e+00 -4.380669e-01 1.198300e+00 8.821405e-01 2.953423e+00 1.683638e+00 -1.225311e+00 5.269004e-01 -2.533377e-01 -2.290102e-01 1.155542e+00 7.041032e-01 8.371491e-02 7.476596e-03 5.608472e-02 1.415764e-02 6.236203e-03 -7.305917e-02 -3.166459e-02 -1.486737e-02 -6.013126e-02 -3.102428e-03 -9.367132e-02 -1.149991e-01 -1.194018e-01 7.585742e-02 4.192268e-02 6.910247e-02 -4.129936e-02 -8.417822e-02 -1.189241e-01 -1.011342e-01 6.350838e-02 6.097094e-02 5.960852e-02 -5.523521e-03 -5.294652e-02 -4.958557e-02
<VARIANCE> 39
 4.840303e+01 4.809988e+01 3.773743e+01 7.196040e+01 4.874486e+01 7.121940e+01 6.331688e+01 7.324026e+01 7.174415e+01 7.742316e+01 8.914104e+01 8.550360e+01 6.340576e+01 3.894111e-01 7.228352e-01 1.009766e+00 1.586109e+00 1.766350e+00 2.229222e+00 2.460966e+00 2.657775e+00 2.653760e+00 2.671930e+00 2.592655e+00 2.450340e+00 4.031237e-01 6.827320e-02 1.317150e-01 1.914015e-01 2.883373e-01 3.456279e-01 4.623513e-01 4.928881e-01 5.056536e-01 5.191844e-01 5.538600e-01 5.244245e-01 5.218932e-01 5.669707e-02
<GCONST> 1.147492e+02
<MIXTURE> 2 2.578372e-01
<MEAN> 39
 -5.308320e+00 -2.834397e-01 3.048775e+00 2.684173e+00 4.057384e-01 1.912260e+00 -2.344333e+00 -8.800054e-01 9.495465e-01 -5.985790e-01 -1.814532e+00 -1.795331e+00 -1.134004e+01 8.980311e-02 1.452401e-01 3.508007e-02 1.320315e-01 8.126799e-02 -1.407569e-01 -1.054927e-01 5.390547e-02 -1.029021e-01 -1.176880e-03 6.688396e-02 -1.379419e-02 -2.817689e-01 -1.877209e-02 -2.806543e-02 -6.865684e-02 -8.203501e-02 -2.874498e-02 8.083158e-02 1.899992e-01 1.401779e-01 1.182681e-01 8.369766e-02 9.498955e-02 9.152794e-02 1.094668e-01
<VARIANCE> 39
 1.112487e+01 1.499045e+01 1.493103e+01 2.146628e+01 2.499743e+01 2.742544e+01 2.943154e+01 3.629277e+01 3.412124e+01 3.278038e+01 3.711434e+01 2.862757e+01 2.599607e+01 6.527188e-01 8.576855e-01 9.927100e-01 1.456562e+00 1.809586e+00 2.167740e+00 2.407763e+00 2.710766e+00 2.675993e+00 2.585726e+00 2.427407e+00 2.154175e+00 9.496579e-01 9.485682e-02 1.505544e-01 1.803996e-01 2.615761e-01 3.374946e-01 3.849383e-01 4.229994e-01 4.906227e-01 4.814659e-01 4.808986e-01 4.563578e-01 4.012980e-01 1.199789e-01
<GCONST> 1.036852e+02
<MIXTURE> 3 4.202982e-01
<MEAN> 39
 -8.927995e+00 -2.576991e+00 2.428956e+00 8.645458e-01 -6.160640e-01 4.483356e+00 1.138459e+00 9.701173e-01 3.499444e+00 1.216810e+00 -2.949608e-01 3.667496e-01 -6.827312e+00 -1.539525e-02 -3.957698e-02 -1.277913e-02 1.480219e-04 2.905006e-02 1.631737e-02 3.492656e-02 -2.322972e-02 2.488610e-02 3.103188e-02 -1.418090e-02 1.551084e-02 -6.028129e-04 4.928999e-02 2.248029e-02 1.358685e-02 3.783881e-02 2.550852e-02 -4.618983e-02 -6.678759e-02 -6.526216e-02 -6.871411e-02 -3.780917e-02 -2.843293e-02 -2.853420e-02 -2.863056e-02
<VARIANCE> 39
 7.348991e+00 1.405428e+01 1.564487e+01 2.036249e+01 2.878190e+01 3.167199e+01 3.363634e+01 3.774963e+01 3.942580e+01 3.758022e+01 3.701957e+01 3.077440e+01 1.694356e+01 2.130253e-01 4.005021e-01 6.826972e-01 1.019889e+00 1.361631e+00 1.708214e+00 1.999940e+00 2.164292e+00 2.277854e+00 2.221253e+00 2.103348e+00 1.900250e+00 1.521367e-01 3.597426e-02 7.833797e-02 1.349769e-01 2.001659e-01 2.691705e-01 3.367498e-01 3.891410e-01 4.265471e-01 4.572809e-01 4.473004e-01 4.244213e-01 3.780819e-01 1.514158e-02
<GCONST> 9.253244e+01
<MIXTURE> 4 1.744507e-01
<MEAN> 39
 -4.795032e+00 -3.848422e-01 8.334620e-01 1.164109e+00 -9.375720e-01 1.842177e+00 1.637831e-02 1.312161e+00 2.451742e+00 9.423875e-01 2.436695e-01 -9.724537e-02 -8.203293e+00 -4.640336e-01 -1.948686e-01 -9.827360e-02 -7.475131e-02 -1.542649e-02 3.156607e-01 2.377983e-01 1.498190e-01 3.555555e-01 1.617336e-01 9.810890e-02 1.262330e-01 4.320594e-01 1.395989e-01 1.333928e-01 1.220347e-01 4.903025e-04 4.905343e-02 -4.744979e-02 -8.509724e-02 -1.465566e-01 -1.520662e-01 -1.100110e-01 -1.209477e-01 -4.711820e-02 3.054718e-01
<VARIANCE> 39
 3.466810e+01 3.551766e+01 2.732539e+01 3.903194e+01 3.763908e+01 4.834159e+01 4.337967e+01 5.525654e+01 5.208496e+01 4.586419e+01 4.708242e+01 4.138572e+01 5.207245e+01 1.827779e+00 2.171934e+00 2.149685e+00 2.810225e+00 2.951267e+00 3.489612e+00 3.681697e+00 4.037267e+00 3.957239e+00 3.652775e+00 3.477054e+00 3.028130e+00 2.790543e+00 3.335789e-01 4.172851e-01 4.144118e-01 5.570733e-01 5.672952e-01 6.933889e-01 7.228276e-01 8.179095e-01 7.839332e-01 7.262123e-01 6.727740e-01 6.052514e-01 5.756230e-01
<GCONST> 1.277087e+02
<STATE> 5
<NUMMIXES> 4
<MIXTURE> 1 2.743163e-01
<MEAN> 39
 6.117651e-01 -3.435528e+00 -2.588983e+00 -1.190210e+00 -1.137705e+00 1.738052e+00 4.236113e+00 -6.052683e-01 1.694053e-01 1.005393e+00 1.248275e+00 2.892603e+00 7.627079e+00 -3.794784e-03 -4.842322e-01 -3.378604e-01 -8.689585e-02 2.555276e-01 3.852876e-01 3.103367e-01 -1.693990e-01 -1.506307e-01 -1.107232e-01 4.787477e-02 8.283237e-02 1.202202e+00 -9.052622e-02 2.151648e-01 2.007224e-01 2.188260e-01 1.525303e-01 -1.088018e-01 -3.210965e-01 8.691268e-03 -2.403610e-02 -1.187676e-02 1.494794e-02 -7.110709e-02 -4.549223e-01
<VARIANCE> 39
 2.307327e+01 3.950412e+01 4.171286e+01 9.390976e+01 6.235711e+01 7.275125e+01 7.408421e+01 8.923131e+01 9.304594e+01 1.001850e+02 1.105597e+02 1.147909e+02 3.797489e+01 1.149746e+00 2.151422e+00 2.448075e+00 3.541804e+00 3.407517e+00 4.990467e+00 4.804454e+00 4.732678e+00 4.753230e+00 5.195041e+00 4.932098e+00 5.228786e+00 4.235746e+00 2.311599e-01 2.844754e-01 3.704230e-01 6.266344e-01 6.129286e-01 7.512240e-01 8.032956e-01 8.368354e-01 8.693006e-01 8.943538e-01 8.169244e-01 8.122811e-01 4.551763e-01
<GCONST> 1.363268e+02
<MIXTURE> 2 2.173705e-01
<MEAN> 39
 -2.005484e+00 3.143234e+00 4.300656e+00 4.628969e+00 1.316776e+00 4.590890e-02 -2.405641e+00 -6.044243e-01 -8.568297e-01 -1.307519e+00 -1.526129e+00 -2.341674e+00 -1.354844e+01 1.410588e-01 -2.920244e-01 -3.871873e-01 -4.264890e-01 -3.545808e-02 1.459799e-01 6.162807e-01 5.347694e-01 4.206846e-01 4.493658e-01 4.555245e-01 3.051606e-01 1.762058e+00 1.326917e-01 -3.085348e-01 -3.769953e-01 -5.982869e-01 -2.874332e-01 -8.355839e-03 2.499544e-01 1.038285e-01 2.019772e-01 1.953163e-01 4.726773e-02 1.634806e-01 1.153005e+00
<VARIANCE> 39
 2.117837e+01 2.519720e+01 2.055526e+01 2.666094e+01 2.649670e+01 3.271736e+01 3.493805e+01 3.835994e+01 3.931285e+01 3.492728e+01 3.504582e+01 3.225446e+01 4.622681e+01 3.437703e+00 3.512726e+00 2.805910e+00 4.190900e+00 3.703275e+00 3.884294e+00 3.987955e+00 4.225471e+00 4.626027e+00 4.008039e+00 3.636738e+00 3.211286e+00 5.913690e+00 3.626364e-01 4.295792e-01 3.971546e-01 5.891802e-01 5.657321e-01 6.516592e-01 7.028456e-01 7.582570e-01 8.127177e-01 7.521154e-01 7.169338e-01 6.481037e-01 5.736941e-01
<GCONST> 1.271655e+02
<MIXTURE> 3 2.879056e-01
<MEAN> 39
 3.564688e+00 7.140184e+00 3.382696e+00 -4.249732e+00 -3.952675e+00 -4.837312e+00 -3.535798e+00 -3.596177e-01 -1.417388e+00 -9.170360e-01 -2.973293e+00 -2.202007e+00 -3.819364e-01 9.032656e-01 -2.707214e-02 -1.989992e-01 -1.325216e+00 -6.283411e-01 -3.690453e-01 7.471494e-02 -1.611485e-01 -8.421700e-02 -1.029645e-01 -3.590112e-01 4.368294e-03 1.808512e+00 -4.274197e-01 -4.666488e-01 -2.377775e-01 2.264025e-01 3.497469e-01 4.638444e-01 3.300765e-01 1.084413e-01 1.180954e-01 1.998449e-02 1.787880e-01 1.587499e-01 -1.355337e-02
<VARIANCE> 39
 2.800397e+01 3.967278e+01 3.325216e+01 5.454683e+01 4.653545e+01 4.870938e+01 4.848212e+01 5.435811e+01 5.766247e+01 5.521035e+01 5.576541e+01 5.507096e+01 4.041330e+01 3.370649e+00 3.056802e+00 2.964132e+00 5.154049e+00 3.839042e+00 5.065202e+00 5.201321e+00 4.807552e+00 5.152099e+00 4.783600e+00 4.828963e+00 4.958981e+00 4.652958e+00 3.286558e-01 3.342424e-01 3.769083e-01 6.190865e-01 6.078563e-01 6.901950e-01 6.966316e-01 7.501248e-01 7.793507e-01 7.560564e-01 7.251299e-01 6.784543e-01 3.881064e-01
<GCONST> 1.333882e+02
<MIXTURE> 4 2.204075e-01
<MEAN> 39
 -7.981761e+00 7.597820e-01 6.439500e-01 2.767314e+00 1.504118e+00 3.177147e+00 1.006854e+00 3.410963e+00 3.134863e+00 1.502139e+00 1.569161e+00 6.158435e-01 -4.970850e+00 9.611523e-01 6.274404e-01 2.249378e-01 -9.073688e-01 -5.812890e-01 -5.455260e-01 -2.766870e-01 -3.475598e-01 3.737015e-02 1.448927e-03 -2.980776e-01 7.766637e-02 2.144541e+00 7.882453e-01 2.985857e-01 9.336609e-02 -4.784307e-01 -4.265876e-01 -4.346788e-01 -2.974159e-01 -3.821577e-01 -3.142138e-01 -1.856414e-01 -3.179106e-01 -1.166886e-01 3.505756e-01
<VARIANCE> 39
 2.413489e+01 4.715496e+01 2.735333e+01 3.867561e+01 3.719099e+01 3.958604e+01 3.707835e+01 4.019935e+01 3.788970e+01 3.671077e+01 3.510624e+01 3.339983e+01 3.957881e+01 4.067915e+00 3.408522e+00 2.900174e+00 4.221314e+00 3.829952e+00 4.300752e+00 4.309068e+00 4.495415e+00 4.634247e+00 4.123219e+00 4.137213e+00 3.722725e+00 4.515651e+00 3.271770e-01 5.189195e-01 5.008979e-01 6.125430e-01 5.986059e-01 6.752278e-01 7.421240e-01 7.418095e-01 7.617397e-01 7.721298e-01 7.347961e-01 7.517370e-01 4.991930e-01
<GCONST> 1.300781e+02
<TRANSP> 6
 0.000000e+00 1.000000e+00 0.000000e+00 0.000000e+00 0.000000e+00 0.000000e+00
 0.000000e+00 8.036087e-01 1.963913e-01 0.000000e+00 0.000000e+00 0.000000e+00
 0.000000e+00 0.000000e+00 9.444224e-01 5.557764e-02 0.000000e+00 0.000000e+00
 0.000000e+00 0.000000e+00 0.000000e+00 8.667553e-01 1.332447e-01 0.000000e+00
 0.000000e+00 0.000000e+00 0.000000e+00 0.000000e+00 6.852907e-01 3.147093e-01
 0.000000e+00 0.000000e+00 0.000000e+00 0.000000e+00 0.000000e+00 0.000000e+00
<ENDHMM>
