~o
<STREAMINFO> 1 39
<VECSIZE> 39<NULLD><MFCC_D_A_Z_0><DIAGC>
~h "r"
<BEGINHMM>
<NUMSTATES> 6
<STATE> 2
<NUMMIXES> 4
<MIXTURE> 1 2.232231e-01
<MEAN> 39
 2.766293e+00 -5.272176e+00 -4.664218e+00 1.707949e+00 8.962541e-03 -1.272599e+00 2.854068e+00 3.545099e+00 1.887797e+00 2.204377e+00 3.753907e+00 2.280220e+00 8.568521e+00 4.488270e-01 2.118062e-01 8.455865e-03 1.072508e-01 -1.560321e-01 -9.655927e-01 -1.003391e+00 1.708526e-01 1.529189e-01 -1.353957e-01 -8.839478e-02 1.062846e-01 -7.051456e-01 -2.986411e-02 2.234899e-01 2.563166e-01 -3.435590e-02 -1.288794e-01 1.147239e-02 -1.579764e-01 -2.170871e-01 -6.745128e-02 1.109296e-03 -1.302608e-01 -9.150468e-02 -2.302305e-01
<VARIANCE> 39
 1.971733e+01 3.020960e+01 4.797485e+01 7.975833e+01 5.923851e+01 8.180193e+01 8.248040e+01 1.119336e+02 1.576999e+02 1.437747e+02 1.611610e+02 1.876603e+02 2.530709e+01 6.749548e-01 1.552383e+00 2.217632e+00 3.198331e+00 4.050417e+00 4.048470e+00 4.834952e+00 5.211205e+00 5.409845e+00 5.336768e+00 5.093316e+00 5.282527e+00 9.401804e-01 1.083021e-01 2.202194e-01 3.164469e-01 4.713715e-01 5.307943e-01 7.387278e-01 8.147560e-01 9.012559e-01 9.250190e-01 9.447715e-01 8.700179e-01 8.583259e-01 1.596366e-01
<GCONST> 1.329877e+02
<MIXTURE> 2 3.184572e-01
<MEAN> 39
 9.068139e+00 -1.011540e+00 -1.193221e+01 4.037593e+00 3.745996e+00 -6.715452e+00 -2.492685e+00 4.006052e+00 3.478751e+00 -4.273980e+00 -5.199460e+00 -4.679995e+00 5.352957e+00 1.431896e-01 1.525078e-01 -2.186486e-02 -6.854968e-02 1.205756e-01 -4.992491e-02 -3.939925e-01 -2.146745e-01 8.749486e-02 4.512815e-02 -1.040285e-01 -1.008409e-01 -2.510810e-01 -9.172255e-02 -3.195558e-02 1.537495e-01 -7.512633e-03 -1.441289e-01 6.363814e-02 1.613543e-01 -2.093004e-02 -1.679377e-01 -3.853476e-03 1.410039e-01 8.606547e-02 3.343714e-02
<VARIANCE> 39
 1.194248e+01 1.915315e+01 6.786153e+01 3.874335e+01 5.817341e+01 5.093187e+01 5.335043e+01 6.543820e+01 7.787232e+01 5.746561e+01 3.987142e+01 5.859191e+01 2.436957e+01 3.769847e-01 7.298459e-01 1.470793e+00 1.405339e+00 1.688895e+00 2.301023e+00 2.551175e+00 2.713208e+00 3.003669e+00 2.704832e+00 2.400596e+00 2.651499e+00 4.819104e-01 5.535775e-02 1.189082e-01 2.330393e-01 2.296918e-01 3.193270e-01 3.937327e-01 4.628851e-01 4.716983e-01 5.396544e-01 4.557503e-01 4.196021e-01 4.169200e-01 5.437679e-02
<GCONST> 1.088314e+02
<MIXTURE> 3 2.227317e-01
<MEAN> 39
 5.895508e+00 2.360145e+00 3.796586e-01 -1.828741e+00 -3.201592e+00 -4.592927e+00 -4.696528e+00 -5.852964e-01 -1.293759e+00 -7.802206e-01 -1.125133e+00 -1.965586e+00 1.328061e+00 6.927313e-01 -8.028143e-01 -6.690347e-01 -3.448806e-01 -3.024761e-01 -4.632243e-02 1.906655e-01 3.553085e-01 4.110507e-01 -2.961867e-01 1.769334e-01 1.181325e-01 1.191122e+00 -4.540398e-01 -3.670249e-01 -1.157922e-01 1.422664e-01 1.896319e-01 3.193447e-01 5.750418e-01 2.554482e-01 1.277573e-01 -4.075732e-02 1.020952e-01 1.246610e-01 1.706536e-01
<VARIANCE> 39
 2.665540e+01 3.265725e+01 4.804961e+01 4.815607e+01 5.102888e+01 5.319200e+01 5.864558e+01 5.778802e+01 6.408641e+01 6.145348e+01 6.239662e+01 7.367911e+01 3.157210e+01 2.322332e+00 2.575042e+00 3.106133e+00 3.971309e+00 3.883429e+00 4.732783e+00 5.165592e+00 5.373890e+00 5.827826e+00 5.382952e+00 5.168808e+00 4.512758e+00 3.279155e+00 3.385589e-01 3.092564e-01 5.010156e-01 6.057738e-01 6.862884e-01 8.745172e-01 9.625465e-01 8.761058e-01 8.847271e-01 8.523705e-01 8.854148e-01 7.535176e-01 3.494509e-01
<GCONST> 1.348420e+02
<MIXTURE> 4 2.355879e-01
<MEAN> 39
 3.674706e+00 -3.623032e+00 -5.304889e+00 4.063498e+00 1.500960e+00 -3.010959e+00 1.770051e+00 1.385697e+00 -1.838099e+00 -5.557231e-01 3.249882e+00 4.538798e+00 7.738887e+00 2.122019e-01 5.351217e-02 -1.993093e-01 2.291473e-01 2.303298e-01 -2.714273e-01 -3.903091e-01 2.444493e-01 2.634329e-01 -1.337497e-01 -1.669261e-01 1.284795e-01 -1.978430e-01 -5.436344e-02 -1.380826e-02 7.101175e-02 -1.137317e-01 -1.634053e-01 1.606885e-02 6.642962e-02 -3.753649e-02 -5.040694e-02 9.321308e-03 7.387694e-03 -8.128955e-02 -1.057967e-02
<VARIANCE> 39
 2.226291e+01 5.092600e+01 5.802573e+01 9.756789e+01 5.627571e+01 5.955473e+01 6.851080e+01 8.541178e+01 6.756710e+01 8.242280e+01 1.026661e+02 1.061610e+02 3.157435e+01 1.914241e-01 4.082429e-01 6.728700e-01 8.949204e-01 1.071032e+00 1.223492e+00 1.453590e+00 1.538663e+00 1.570327e+00 1.557481e+00 1.473033e+00 1.385285e+00 1.165084e-01 3.344977e-02 7.883952e-02 1.148962e-01 1.643387e-01 2.006380e-01 2.307540e-01 2.638296e-01 2.826207e-01 2.560139e-01 2.597674e-01 2.594015e-01 2.597133e-01 1.677377e-02
<GCONST> 9.792170e+01
<STATE> 3
<NUMMIXES> 4
<MIXTURE> 1 7.284468e-02
<MEAN> 39
 8.785211e+00 -1.963282e+00 -7.845795e+00 4.292417e+00 -3.243380e+00 -4.489151e+00 1.682604e+01 2.293292e+01 2.015494e+01 7.356515e+00 -7.357655e+00 -1.997829e+01 4.807561e+00 1.797645e-02 1.760200e-02 4.851928e-02 -2.285385e-02 3.763419e-02 -5.701708e-03 -2.335607e-03 1.493374e-02 -2.034825e-02 -2.042616e-02 -2.546212e-02 3.782621e-02 -3.296864e-02 -1.566095e-02 -4.669954e-03 -1.604445e-02 -2.536212e-02 -5.869766e-03 2.432667e-02 -2.223198e-02 -4.028421e-02 -4.336072e-02 -1.477973e-02 1.483720e-03 3.351222e-02 -2.463792e-03
<VARIANCE> 39
 1.659192e+01 1.543483e+01 2.004131e+01 2.361382e+01 4.162109e+01 1.031474e+02 8.153120e+01 7.109937e+01 9.748621e+01 2.526578e+02 3.959945e+02 2.130271e+02 1.024510e+01 2.172896e-01 4.325503e-01 7.216651e-01 7.355161e-01 8.504729e-01 1.258347e+00 1.237253e+00 1.452359e+00 1.386039e+00 2.070316e+00 2.450773e+00 2.273575e+00 9.228281e-02 3.677391e-02 7.992624e-02 1.340833e-01 1.363195e-01 1.539587e-01 2.211808e-01 2.251659e-01 2.654021e-01 2.487227e-01 3.141627e-01 3.168423e-01 3.282815e-01 1.465158e-02
<GCONST> 9.717389e+01
<MIXTURE> 2 3.134700e-01
<MEAN> 39
 5.801292e+00 -2.234263e+00 -8.543601e+00 3.589825e+00 1.951765e+00 -6.262124e+00 -3.501249e+00 1.269322e+00 -3.091423e-01 -4.132473e-01 5.637872e+00 8.688664e+00 4.895958e+00 9.411162e-03 1.736477e-02 1.077670e-01 -4.296482e-02 -1.568390e-01 -4.775782e-02 -4.147674e-02 -4.327501e-02 -4.270521e-02 7.005006e-02 8.449182e-02 3.460106e-03 -1.216698e-01 -2.716490e-02 -5.284206e-03 9.754927e-02 -1.294735e-02 -1.009275e-01 7.146309e-02 1.483801e-01 2.751668e-02 -1.241955e-02 -3.408686e-03 -3.521484e-02 -8.960569e-02 2.541634e-02
<VARIANCE> 39
 2.308195e+01 3.733644e+01 6.747179e+01 7.855626e+01 4.199770e+01 8.290927e+01 7.648289e+01 8.450478e+01 8.606696e+01 9.864684e+01 1.077318e+02 1.416690e+02 2.881501e+01 2.392390e-01 5.936967e-01 9.749708e-01 1.286240e+00 1.494536e+00 1.832376e+00 2.049719e+00 2.205496e+00 2.254586e+00 2.374072e+00 2.100273e+00 2.556472e+00 1.749125e-01 4.531731e-02 1.015066e-01 1.945688e-01 2.477307e-01 2.947218e-01 3.682565e-01 4.149084e-01 4.225814e-01 4.186211e-01 4.180599e-01 3.853523e-01 4.689946e-01 2.622270e-02
<GCONST> 1.089166e+02
<MIXTURE> 3 2.045995e-01
<MEAN> 39
 5.661160e+00 -1.785122e+00 -3.804788e+00 -4.889756e-01 -1.711257e+00 -3.881579e+00 -1.981990e+00 1.887892e+00 2.361035e+00 -2.443071e-01 1.448164e-01 6.447225e-01 5.213573e+00 -1.671145e-01 -6.107986e-01 2.606699e-01 2.857404e-01 -4.007650e-01 -1.014594e-01 6.255671e-01 4.997713e-01 -2.888429e-01 -6.016128e-01 9.972375e-02 2.964182e-01 4.716356e-01 -4.068481e-01 5.890627e-02 3.126140e-01 6.278386e-02 2.398982e-02 3.529960e-01 3.848420e-01 -1.501115e-01 -3.918490e-01 6.608186e-02 1.668405e-01 -5.914174e-03 -7.891459e-02
<VARIANCE> 39
 2.281997e+01 3.562074e+01 7.346358e+01 6.809119e+01 6.377993e+01 7.283640e+01 8.054935e+01 8.624406e+01 9.607529e+01 9.978007e+01 1.085855e+02 1.285357e+02 2.941507e+01 1.162259e+00 2.874793e+00 3.199090e+00 4.093113e+00 3.867074e+00 5.553947e+00 6.947348e+00 5.880699e+00 5.783351e+00 5.876739e+00 5.881259e+00 5.619246e+00 3.474407e+00 2.570286e-01 2.741612e-01 5.289918e-01 6.550139e-01 7.914364e-01 8.658819e-01 1.052706e+00 9.823111e-01 1.176694e+00 1.041424e+00 9.679460e-01 8.751843e-01 2.793306e-01
<GCONST> 1.398086e+02
<MIXTURE> 4 4.090858e-01
<MEAN> 39
 7.767844e+00 -5.049481e+00 -1.245983e+01 8.100857e+00 3.136986e+00 -6.994679e+00 6.430013e-01 6.529356e+00 -8.163048e-01 -4.741223e+00 -1.807007e+00 1.972793e+00 7.661291e+00 2.885919e-02 2.711313e-02 1.989130e-02 -1.963172e-02 9.665406e-04 -3.864285e-02 -3.866210e-02 8.322115e-03 2.448441e-02 -1.887197e-02 4.897160e-03 -3.291868e-02 -4.816739e-02 -1.506923e-02 2.557943e-03 2.759548e-02 -3.413626e-02 -3.170929e-02 -4.913125e-03 1.978462e-02 -2.295339e-02 -3.607926e-02 1.319351e-02 1.210149e-02 -1.416591e-02 -4.628165e-03
<VARIANCE> 39
 1.155718e+01 1.622613e+01 3.027806e+01 3.132126e+01 3.091464e+01 3.599410e+01 4.976889e+01 6.252847e+01 7.038132e+01 4.370694e+01 4.693616e+01 5.729995e+01 1.513810e+01 1.030065e-01 2.092641e-01 4.275297e-01 4.690137e-01 6.648325e-01 7.376353e-01 8.880374e-01 8.720918e-01 9.018002e-01 8.506414e-01 7.806317e-01 7.584761e-01 5.824419e-02 1.680204e-02 3.493022e-02 7.302429e-02 8.219650e-02 1.164037e-01 1.365333e-01 1.474529e-01 1.601465e-01 1.529682e-01 1.564429e-01 1.444796e-01 1.403816e-01 1.000000e-02
<GCONST> 7.474492e+01
<STATE> 4
<NUMMIXES> 4
<MIXTURE> 1 2.405365e-01
<MEAN> 39
 4.793965e+00 1.731886e+00 -8.053584e-01 -3.367482e+00 -1.537827e+00 -3.840513e+00 -3.949123e+00 -3.438540e-01 2.983218e-01 -1.665169e-01 -4.132122e-01 -9.875509e-01 2.535799e+00 -1.432927e-01 3.434121e-01 7.199485e-01 2.594656e-01 -2.991494e-01 -1.480165e-01 -1.392706e-01 -1.137474e-01 -3.298502e-01 -1.772770e-01 -2.037863e-01 -2.565654e-01 -6.137580e-01 -1.837296e-01 1.211848e-02 -1.987141e-02 1.538179e-01 1.140767e-01 1.921469e-01 2.044394e-01 1.189263e-03 -4.250901e-02 -5.877175e-03 1.065618e-02 4.641300e-04 -5.052110e-02
<VARIANCE> 39
 3.748384e+01 3.728282e+01 5.311527e+01 7.023377e+01 5.869678e+01 7.704369e+01 7.020565e+01 8.857673e+01 8.218546e+01 8.839380e+01 9.848570e+01 1.149445e+02 4.097558e+01 8.734266e-01 1.935491e+00 2.112474e+00 2.914312e+00 3.062656e+00 3.681646e+00 4.069172e+00 4.073952e+00 3.865844e+00 3.999504e+00 4.121236e+00 3.847236e+00 1.942536e+00 1.643305e-01 2.217639e-01 2.715623e-01 4.244972e-01 5.203135e-01 6.540359e-01 6.194066e-01 7.582057e-01 7.270332e-01 7.114528e-01 6.802643e-01 6.233474e-01 1.513130e-01
<GCONST> 1.292615e+02
<MIXTURE> 2 3.444965e-01
<MEAN> 39
 1.159591e+01 2.022911e+00 -8.054584e+00 1.769194e+00 3.867250e+00 -6.770017e+00 -7.714115e+00 2.342672e+00 3.479029e+00 -3.350448e-01 -4.444490e+00 -3.492841e+00 6.942717e-01 -6.158274e-03 5.966660e-02 1.550496e-01 -4.277733e-02 -4.959846e-02 -1.087962e-02 -2.441874e-02 -7.797171e-02 -1.485349e-02 -4.710824e-02 -3.094008e-03 5.006146e-03 -1.090458e-01 -2.498617e-02 -1.938745e-02 3.146157e-02 2.764626e-02 -3.948069e-02 -1.711156e-02 5.624532e-02 1.901185e-02 -4.433720e-02 -4.187993e-02 3.708377e-02 2.870689e-02 1.251861e-02
<VARIANCE> 39
 8.642406e+00 1.396979e+01 4.121435e+01 2.783803e+01 3.203123e+01 3.219304e+01 5.023946e+01 7.100340e+01 6.423995e+01 6.078496e+01 4.366968e+01 5.820571e+01 1.444422e+01 1.249257e-01 3.548076e-01 5.835437e-01 7.438865e-01 1.062479e+00 1.227513e+00 1.339138e+00 1.730964e+00 1.676878e+00 1.697604e+00 1.438902e+00 1.435285e+00 1.238233e-01 2.107427e-02 5.979641e-02 9.819659e-02 1.301691e-01 2.007036e-01 2.215881e-01 2.558569e-01 3.059074e-01 3.244876e-01 3.123607e-01 2.802915e-01 2.686295e-01 1.628071e-02
<GCONST> 8.856303e+01
<MIXTURE> 3 1.714943e-01
<MEAN> 39
 5.326913e+00 -6.502895e+00 -3.283119e+00 3.061996e+00 -4.757739e+00 -4.686615e+00 5.010317e+00 5.831099e+00 -1.955723e+00 -4.146492e+00 3.243392e+00 1.541947e+00 8.328985e+00 -1.324959e+00 -8.013769e-01 1.125595e+00 -6.014618e-01 -8.043478e-01 2.047085e+00 2.548675e+00 -1.013865e+00 -1.616343e+00 6.818840e-01 8.900397e-01 -1.157705e-01 1.393961e+00 -2.361825e-01 5.067437e-01 1.979188e-01 -4.033022e-01 4.142920e-01 5.435766e-01 -5.900726e-01 -8.130337e-01 2.682171e-01 6.138305e-01 -3.732610e-01 -1.963245e-01 -2.595962e-01
<VARIANCE> 39
 1.773288e+01 2.459316e+01 5.345670e+01 5.400962e+01 6.087063e+01 7.856869e+01 7.420673e+01 7.544978e+01 9.332285e+01 1.007066e+02 9.819502e+01 1.401957e+02 2.416039e+01 9.336126e-01 1.577169e+00 3.656792e+00 4.390735e+00 5.869640e+00 5.374751e+00 5.926191e+00 6.424019e+00 7.050721e+00 6.524088e+00 5.776808e+00 6.424570e+00 1.162899e+00 2.076326e-01 2.642701e-01 4.619987e-01 8.447926e-01 7.498886e-01 1.169862e+00 1.011297e+00 9.906088e-01 1.293799e+00 1.125139e+00 1.074819e+00 1.008466e+00 2.254564e-01
<GCONST> 1.375303e+02
<MIXTURE> 4 2.434727e-01
<MEAN> 39
 5.069113e+00 -5.099955e+00 -5.229535e+00 5.356490e+00 -6.578368e-01 -4.886222e+00 2.102048e+00 4.502390e+00 -1.681560e+00 -4.625163e+00 2.361382e+00 1.840130e+00 7.455952e+00 -3.341014e-01 -2.321279e-01 7.108757e-01 -1.737610e-01 -8.470237e-01 2.983409e-01 1.018594e+00 -3.061820e-01 -8.355971e-01 2.412770e-01 6.388928e-01 -2.935874e-01 1.711075e-01 -4.584872e-02 1.058045e-01 1.167199e-01 -2.223739e-01 -4.965580e-02 2.267935e-01 8.002268e-03 -2.902728e-01 4.177153e-02 2.680793e-01 -8.899564e-02 -1.761445e-01 -2.766060e-02
<VARIANCE> 39
 2.156632e+01 2.312481e+01 4.455966e+01 4.808535e+01 5.451140e+01 6.684667e+01 6.969942e+01 8.295746e+01 7.959190e+01 9.346765e+01 9.361408e+01 9.789375e+01 2.432003e+01 2.322511e-01 5.190968e-01 9.815128e-01 1.231189e+00 1.522460e+00 1.660835e+00 2.195965e+00 2.207885e+00 2.288257e+00 2.400791e+00 2.062635e+00 2.264232e+00 2.103225e-01 3.598764e-02 6.791537e-02 1.276485e-01 1.802870e-01 2.338807e-01 2.872643e-01 3.035389e-01 3.449246e-01 3.390010e-01 3.742015e-01 3.631406e-01 3.270237e-01 2.464128e-02
<GCONST> 1.032756e+02
<STATE> 5
<NUMMIXES> 4
<MIXTURE> 1 2.217147e-01
<MEAN> 39
 -4.653097e-01 -7.169597e+00 -1.099862e+00 2.368214e+00 1.438856e-01 4.972320e+00 6.505267e+00 1.335848e+00 -2.519079e+00 6.136501e-01 6.414197e+00 7.796811e+00 1.176048e+01 -4.208058e-01 5.993640e-02 1.770817e-01 5.246860e-02 3.403738e-01 2.516280e-01 -3.026755e-02 -5.161144e-01 1.039085e-01 5.185807e-01 -2.941764e-01 1.472423e-03 1.096913e-01 1.842962e-01 1.734558e-01 -2.107755e-02 -2.922344e-02 -1.584378e-01 -3.500702e-01 -3.009730e-01 8.609189e-02 2.337418e-01 -9.332438e-02 -1.551573e-01 -1.721093e-01 -2.537149e-01
<VARIANCE> 39
 1.512631e+01 2.970160e+01 3.592190e+01 8.265684e+01 5.127935e+01 9.074126e+01 1.014589e+02 1.071372e+02 1.775471e+02 2.708085e+02 2.044276e+02 2.338395e+02 1.996945e+01 7.469829e-01 1.133741e+00 1.980104e+00 3.782984e+00 3.674506e+00 3.970111e+00 3.736605e+00 4.588539e+00 5.216017e+00 5.603530e+00 5.260459e+00 6.059250e+00 4.711656e-01 9.480321e-02 1.945186e-01 2.826851e-01 4.671953e-01 4.972605e-01 7.207072e-01 7.154861e-01 7.129707e-01 9.134856e-01 9.851598e-01 8.471922e-01 8.215100e-01 1.024492e-01
<GCONST> 1.310603e+02
<MIXTURE> 2 2.357979e-01
<MEAN> 39
 4.512798e+00 3.402464e+00 2.835364e+00 -2.180231e-01 -2.656414e+00 -4.510910e+00 -3.824493e+00 -1.857744e+00 -3.268339e+00 -2.723891e+00 -3.391962e+00 -2.529385e+00 -8.859015e-01 -6.519564e-01 6.012042e-01 7.287313e-01 5.875610e-01 2.989757e-01 4.185346e-01 -3.683139e-02 -1.712120e-01 -3.137011e-01 -1.089924e-01 -1.180568e-01 -1.749265e-01 -1.256360e+00 -2.258114e-01 -2.676382e-01 -3.377073e-01 -7.458185e-02 1.528873e-01 2.767507e-01 2.725194e-01 1.188758e-01 1.901623e-01 1.366789e-01 1.881527e-01 1.216334e-01 1.785919e-01
<VARIANCE> 39
 2.471885e+01 2.754983e+01 3.282244e+01 5.861465e+01 4.684748e+01 5.780716e+01 4.878612e+01 6.641351e+01 5.946458e+01 5.788593e+01 5.515812e+01 6.050298e+01 3.055536e+01 1.470576e+00 1.607672e+00 1.933236e+00 2.670564e+00 2.550536e+00 3.275908e+00 3.886377e+00 3.729146e+00 3.741133e+00 3.571905e+00 3.466834e+00 2.985012e+00 1.633859e+00 1.728658e-01 2.549603e-01 3.255104e-01 4.077290e-01 4.693384e-01 5.479157e-01 6.215543e-01 6.624795e-01 6.686323e-01 6.302090e-01 5.917978e-01 5.149098e-01 1.780178e-01
<GCONST> 1.229800e+02
<MIXTURE> 3 2.148634e-01
<MEAN> 39
 2.721137e+00 -3.685632e+00 2.163438e+00 -3.612512e+00 -8.239671e+00 8.334035e-01 5.291949e+00 -7.090735e-01 -6.550009e-01 5.622520e-01 8.681844e-02 -1.396545e+00 8.083840e+00 -9.904447e-01 7.864094e-01 5.319895e-01 -1.625977e+00 6.418277e-01 1.545274e+00 -4.646589e-01 -1.071256e+00 6.579301e-01 3.230162e-01 -6.964753e-01 2.359568e-01 2.622297e-01 6.001184e-02 3.018197e-01 -3.539866e-01 2.952541e-01 7.276646e-01 -3.656768e-01 -6.816700e-01 3.831215e-01 3.881816e-02 -2.855329e-01 -4.253606e-02 3.521955e-01 -2.800494e-01
<VARIANCE> 39
 1.772631e+01 3.673090e+01 3.838313e+01 5.787348e+01 5.109196e+01 7.659576e+01 7.878153e+01 9.633540e+01 9.763777e+01 8.401620e+01 9.577732e+01 1.114002e+02 3.506274e+01 1.692973e+00 2.517063e+00 3.811821e+00 5.129919e+00 5.342735e+00 7.951622e+00 6.866292e+00 6.825700e+00 6.932634e+00 6.924489e+00 6.463051e+00 5.870977e+00 2.843130e+00 2.278522e-01 3.299570e-01 5.173632e-01 7.276334e-01 6.770633e-01 1.076792e+00 1.248015e+00 1.183374e+00 1.351958e+00 1.088492e+00 1.072357e+00 9.933927e-01 3.285842e-01
<GCONST> 1.413302e+02
<MIXTURE> 4 3.276239e-01
<MEAN> 39
 3.117326e+00 -4.779867e+00 -9.143669e-01 1.488695e+00 -3.621450e+00 1.400308e-01 4.127418e+00 -6.795169e-01 -3.415949e+00 -3.312488e-01 2.278030e+00 -1.136009e+00 8.349915e+00 -2.863965e-01 2.229315e-01 4.577847e-01 -6.094682e-01 -1.643233e-01 6.734718e-01 8.977712e-02 -6.277465e-01 1.601706e-01 4.439770e-01 -3.834538e-01 -1.340563e-01 3.579394e-02 4.061081e-02 1.510482e-01 -5.865617e-02 -4.293151e-02 1.767988e-01 -9.811349e-02 -2.183823e-01 6.684120e-02 1.903600e-01 -1.248998e-01 -1.602313e-01 1.766845e-01 -9.977493e-02
<VARIANCE> 39
 1.820198e+01 4.040643e+01 4.336790e+01 7.608304e+01 6.013586e+01 6.110618e+01 6.476537e+01 7.416276e+01 6.997260e+01 6.889076e+01 7.773754e+01 9.818025e+01 2.307347e+01 2.788611e-01 5.358979e-01 8.954161e-01 1.463838e+00 1.427940e+00 2.194000e+00 1.910991e+00 2.497103e+00 1.990536e+00 2.175825e+00 1.961187e+00 1.857448e+00 2.201812e-01 3.834257e-02 7.835279e-02 1.212205e-01 2.148190e-01 2.147778e-01 3.121447e-01 3.440944e-01 3.477264e-01 3.356692e-01 3.311701e-01 3.663588e-01 3.212149e-01 2.806512e-02
<GCONST> 1.037535e+02
<TRANSP> 6
 0.000000e+00 1.000000e+00 0.000000e+00 0.000000e+00 0.000000e+00 0.000000e+00
 0.000000e+00 6.092368e-01 3.907632e-01 0.000000e+00 0.000000e+00 0.000000e+00
 0.000000e+00 0.000000e+00 7.296930e-01 2.703070e-01 0.000000e+00 0.000000e+00
 0.000000e+00 0.000000e+00 0.000000e+00 6.212999e-01 3.787001e-01 0.000000e+00
 0.000000e+00 0.000000e+00 0.000000e+00 0.000000e+00 5.459130e-01 4.540870e-01
 0.000000e+00 0.000000e+00 0.000000e+00 0.000000e+00 0.000000e+00 0.000000e+00
<ENDHMM>
