~o
<STREAMINFO> 1 39
<VECSIZE> 39<NULLD><MFCC_D_A_Z_0><DIAGC>
~h "uw"
<BEGINHMM>
<NUMSTATES> 6
<STATE> 2
<NUMMIXES> 4
<MIXTURE> 1 2.405795e-01
<MEAN> 39
 9.380290e-01 -2.415562e+00 -1.180632e+00 -3.629150e-01 -1.641403e+00 -5.587977e-01 -1.311983e+00 3.675808e-01 1.011505e+01 1.687085e+01 1.977825e+01 8.737226e+00 7.174106e+00 3.671347e-02 -1.074263e-02 -2.685416e-02 7.332362e-02 -5.651680e-03 -4.813727e-02 -1.518998e-02 2.905466e-02 -1.136967e-02 4.186947e-02 -3.588922e-03 2.928646e-02 -4.215915e-02 9.324757e-03 2.508168e-03 -5.495734e-03 -1.370903e-02 -2.767426e-02 -8.168999e-03 5.317323e-03 -8.314171e-03 -2.243157e-02 -4.989382e-02 -6.046810e-02 -1.756027e-02 -4.850728e-03
<VARIANCE> 39
 1.793682e+01 4.186507e+01 3.599787e+01 9.661060e+01 6.194645e+01 6.925166e+01 6.732484e+01 8.123208e+01 9.886595e+01 1.301515e+02 6.789893e+01 1.771526e+02 2.024541e+01 1.982333e-01 4.644133e-01 6.213850e-01 8.539310e-01 9.367138e-01 1.205250e+00 1.267164e+00 1.315412e+00 1.584189e+00 1.569754e+00 1.541767e+00 1.825107e+00 7.404131e-02 3.308043e-02 7.750013e-02 1.091205e-01 1.471299e-01 1.649119e-01 2.072788e-01 2.288821e-01 2.304191e-01 2.656152e-01 2.610245e-01 2.654803e-01 2.738596e-01 1.141378e-02
<GCONST> 9.606498e+01
<MIXTURE> 2 2.680385e-01
<MEAN> 39
 5.189613e+00 3.830014e+00 4.042256e+00 -4.515788e+00 -6.756443e+00 -3.041458e+00 -1.734597e+00 -6.816989e-02 -1.558062e+00 1.952866e-01 -3.325768e+00 -4.569975e+00 4.671430e+00 1.128354e-01 -7.676709e-02 -1.057439e-01 1.692140e-01 -1.179761e-02 -1.619348e-01 1.182229e-01 9.333980e-02 -1.719166e-01 5.131328e-02 4.428165e-02 -8.770061e-05 -7.568559e-02 -1.507907e-02 1.542455e-05 -1.768831e-02 1.457084e-02 9.185307e-03 -1.028112e-02 -1.504492e-02 -1.906921e-02 6.264750e-04 -2.546254e-02 9.000412e-03 2.262644e-02 -4.466794e-03
<VARIANCE> 39
 1.286495e+01 1.929977e+01 2.644288e+01 4.157573e+01 4.579959e+01 6.092799e+01 7.498059e+01 6.112598e+01 6.581712e+01 7.980142e+01 7.500735e+01 6.177668e+01 1.635990e+01 1.363325e-01 3.107864e-01 4.680171e-01 7.085764e-01 8.794844e-01 1.108973e+00 1.246055e+00 1.330052e+00 1.394375e+00 1.346309e+00 1.278494e+00 1.233371e+00 8.288668e-02 2.009690e-02 4.827127e-02 7.514024e-02 1.076633e-01 1.475828e-01 1.873703e-01 2.087112e-01 2.218599e-01 2.406408e-01 2.288131e-01 2.205948e-01 2.131198e-01 1.224590e-02
<GCONST> 8.639594e+01
<MIXTURE> 3 2.244207e-01
<MEAN> 39
 2.589653e+00 -5.772605e+00 -3.845916e+00 5.686431e+00 -3.280017e+00 1.529964e+00 -3.927744e-01 -7.021062e+00 -5.063819e+00 -1.805822e+00 1.965093e+00 1.987404e+00 9.836523e+00 5.096603e-02 1.404289e-02 -4.288811e-02 5.479133e-02 7.898287e-02 -5.824511e-02 -1.449870e-01 4.901717e-02 1.561003e-02 -2.845400e-02 9.241414e-03 -4.225176e-02 -6.925341e-02 2.130282e-02 6.378336e-02 4.271315e-02 -8.086757e-02 7.244885e-03 -3.369286e-02 2.497356e-03 3.787159e-02 2.038821e-02 4.002427e-02 -1.026392e-02 -3.369515e-03 -4.129354e-02
<VARIANCE> 39
 1.488863e+01 1.696549e+01 2.951513e+01 5.924224e+01 4.887062e+01 6.643210e+01 8.294252e+01 7.597315e+01 6.420837e+01 5.871731e+01 8.879105e+01 9.237791e+01 1.396634e+01 2.247443e-01 4.559437e-01 7.713740e-01 1.177262e+00 1.217869e+00 1.475079e+00 1.631734e+00 1.753023e+00 1.594312e+00 1.584116e+00 1.515871e+00 1.453499e+00 1.336621e-01 3.541535e-02 7.522019e-02 1.257469e-01 1.694814e-01 2.106483e-01 2.609453e-01 2.758934e-01 2.989487e-01 2.662969e-01 2.589213e-01 2.499248e-01 2.416439e-01 2.045875e-02
<GCONST> 9.581605e+01
<MIXTURE> 4 2.669613e-01
<MEAN> 39
 3.289770e+00 9.071950e-01 1.983962e-01 -3.583197e+00 -3.333792e+00 -2.772862e+00 -3.387414e+00 -1.034592e+00 3.664109e-01 2.887311e+00 4.687227e+00 3.345857e+00 5.525727e+00 -3.098890e-02 7.826713e-02 -1.175968e-01 -2.342829e-01 2.298211e-01 2.365253e-01 -1.173655e-01 -1.298201e-01 -4.493050e-02 1.620973e-02 3.216095e-02 8.171852e-02 1.337845e-01 -5.853611e-02 4.105676e-02 1.247635e-02 6.114141e-02 7.615525e-02 2.454187e-02 3.437468e-02 6.526300e-03 -4.430212e-02 -2.360709e-02 -2.647577e-02 2.046258e-02 -5.858985e-02
<VARIANCE> 39
 2.472626e+01 4.172355e+01 4.227622e+01 6.676463e+01 5.175854e+01 8.037285e+01 7.427014e+01 8.559925e+01 1.042685e+02 1.299714e+02 1.668287e+02 1.609169e+02 3.047852e+01 1.111669e+00 1.675682e+00 2.030371e+00 3.129113e+00 3.305810e+00 4.775394e+00 4.374203e+00 4.205357e+00 4.592692e+00 4.784111e+00 4.954021e+00 4.928734e+00 1.325752e+00 1.689622e-01 2.454538e-01 3.290966e-01 4.813806e-01 5.381597e-01 7.784585e-01 7.548105e-01 7.407505e-01 8.078488e-01 7.842646e-01 8.005583e-01 7.995046e-01 1.791304e-01
<GCONST> 1.323918e+02
<STATE> 3
<NUMMIXES> 4
<MIXTURE> 1 1.426239e-01
<MEAN> 39
 -1.244755e+00 2.140869e+00 -1.369523e+00 -9.883965e+00 5.791006e+00 -2.145875e-01 -6.369312e+00 -2.246631e+00 -1.454410e+00 7.110707e+00 1.850681e+01 1.682002e+01 8.560493e+00 1.649855e-02 -1.925677e-02 5.740586e-03 1.745219e-02 -1.454117e-02 -1.101587e-02 3.331628e-02 -2.310656e-02 9.921972e-03 4.461583e-02 9.036531e-03 5.505879e-03 -1.953003e-02 2.949089e-03 -7.650332e-03 -4.440343e-03 -3.626787e-03 -4.402342e-02 -9.597612e-03 7.879822e-03 -1.556088e-02 -7.961156e-03 -7.094431e-03 -3.764542e-02 -3.396413e-02 -6.363638e-03
<VARIANCE> 39
 1.098208e+01 2.817908e+01 2.102610e+01 3.933789e+01 3.417151e+01 8.222945e+01 4.793288e+01 3.987222e+01 5.591916e+01 7.683974e+01 1.345702e+02 6.827460e+01 1.137851e+01 1.290289e-01 3.181449e-01 4.173721e-01 5.572063e-01 6.725078e-01 7.414343e-01 7.903736e-01 8.093292e-01 8.110118e-01 1.003190e+00 9.814172e-01 1.040924e+00 4.532189e-02 2.253232e-02 5.296398e-02 7.491281e-02 9.846858e-02 1.221893e-01 1.279778e-01 1.423674e-01 1.464190e-01 1.451802e-01 1.667716e-01 1.719815e-01 1.828951e-01 1.000000e-02
<GCONST> 7.902178e+01
<MIXTURE> 2 3.871644e-01
<MEAN> 39
 1.504463e+00 8.452877e+00 6.332211e-01 -1.209519e+01 1.646090e+00 -2.600538e+00 -4.655469e+00 3.082595e+00 -2.701580e+00 -1.683657e+00 -2.163507e+00 -4.076179e+00 6.161428e+00 2.117332e-02 3.227411e-03 8.899054e-03 2.785975e-02 -6.974614e-03 -3.040625e-02 2.463703e-02 -1.896344e-02 1.225664e-04 3.158841e-03 -8.068936e-03 -5.807723e-03 -3.523562e-02 6.281683e-04 -1.211942e-02 1.814185e-03 1.896672e-03 -1.969918e-02 -5.025943e-03 -6.826463e-03 -2.159184e-02 -3.232734e-03 -6.157362e-03 -9.452034e-03 7.163255e-04 -5.603553e-03
<VARIANCE> 39
 1.124490e+01 2.550802e+01 2.410634e+01 2.881462e+01 3.854443e+01 6.221000e+01 3.785043e+01 5.117609e+01 5.652078e+01 5.640200e+01 4.961647e+01 3.936918e+01 1.701842e+01 6.373592e-02 1.718769e-01 2.411385e-01 3.768573e-01 4.609838e-01 5.820997e-01 6.133390e-01 6.686581e-01 6.765495e-01 6.707617e-01 6.416908e-01 5.932630e-01 3.730950e-02 1.045515e-02 2.742233e-02 4.291073e-02 6.566981e-02 8.013245e-02 1.025820e-01 1.093971e-01 1.202499e-01 1.248099e-01 1.204359e-01 1.169426e-01 1.096754e-01 1.000000e-02
<GCONST> 6.722598e+01
<MIXTURE> 3 2.018704e-01
<MEAN> 39
 8.412848e-01 -6.390570e+00 -1.739437e+00 3.760268e+00 -1.471525e+00 5.079415e+00 -2.383721e-01 -1.034029e+01 -3.569495e+00 1.230990e-01 1.210865e+00 -1.104101e+00 8.783176e+00 3.117093e-02 7.816081e-04 -4.006181e-03 1.219884e-02 5.749753e-06 -2.372058e-02 1.271828e-02 -7.596763e-03 -3.241623e-02 -2.694139e-02 3.723040e-02 -2.716661e-02 -4.112434e-02 3.803092e-03 1.615306e-02 2.932671e-03 -2.656780e-02 5.414421e-03 -1.032999e-02 -1.589370e-03 1.680430e-02 1.619605e-04 -8.041909e-03 -3.572926e-03 7.650633e-03 -8.209486e-03
<VARIANCE> 39
 1.033399e+01 2.046371e+01 1.821994e+01 6.763376e+01 3.606141e+01 3.531465e+01 6.506277e+01 5.531190e+01 3.859402e+01 4.854460e+01 5.840667e+01 4.233214e+01 1.774151e+01 8.336747e-02 1.958985e-01 2.692705e-01 4.932344e-01 5.173641e-01 6.299744e-01 6.751894e-01 7.381121e-01 6.961125e-01 7.122491e-01 6.234712e-01 6.353235e-01 3.828317e-02 1.405301e-02 3.218477e-02 4.787362e-02 7.705607e-02 9.069385e-02 1.150440e-01 1.219122e-01 1.290181e-01 1.189019e-01 1.270901e-01 1.105553e-01 1.104450e-01 1.000000e-02
<GCONST> 6.964737e+01
<MIXTURE> 4 2.683414e-01
<MEAN> 39
 1.674284e+00 6.449337e+00 1.954741e-01 -1.072237e+01 1.314334e+00 -2.868910e+00 -5.375824e+00 8.099799e-01 -4.361024e+00 -1.274770e+00 -1.634110e+00 1.929557e-02 5.653570e+00 8.543827e-02 5.090835e-02 -1.945260e-02 6.637465e-02 4.383713e-02 -6.447458e-02 -1.786995e-02 -8.401863e-02 -6.409167e-02 4.591824e-02 -8.644471e-02 2.472355e-03 -1.572082e-01 8.303981e-03 -7.319602e-03 3.363770e-02 8.359316e-02 -2.780500e-02 2.503167e-02 4.955912e-02 -1.288093e-02 2.650437e-02 2.045981e-02 3.035357e-02 1.256782e-02 -2.339659e-02
<VARIANCE> 39
 1.423544e+01 4.364969e+01 3.015940e+01 5.374555e+01 5.031778e+01 8.157276e+01 5.714144e+01 7.172459e+01 6.963535e+01 7.091024e+01 8.584835e+01 9.821008e+01 2.131232e+01 3.407933e-01 7.726921e-01 9.604962e-01 1.413591e+00 1.659058e+00 2.121057e+00 2.120278e+00 2.386000e+00 2.244942e+00 2.190399e+00 2.298929e+00 2.257576e+00 3.591730e-01 5.383455e-02 1.067434e-01 1.570542e-01 2.337783e-01 2.810863e-01 3.484142e-01 3.530807e-01 4.069629e-01 3.929209e-01 3.718566e-01 3.841113e-01 3.601347e-01 4.382945e-02
<GCONST> 1.070519e+02
<STATE> 4
<NUMMIXES> 4
<MIXTURE> 1 7.102925e-02
<MEAN> 39
 2.506248e+00 -2.804660e+00 -6.982399e-01 3.177260e+00 6.533041e+00 1.268398e+01 3.175986e+00 -1.164059e+01 -1.044641e+01 1.046022e+01 1.107664e+01 -9.803194e-01 4.771328e+00 1.891047e-02 -2.914955e-02 -4.757495e-02 6.348395e-02 -6.290057e-02 -9.620255e-02 3.438374e-02 -3.553157e-02 -5.821741e-02 -5.618232e-02 -2.472118e-02 7.333243e-02 -6.793661e-02 5.130453e-03 -6.046913e-03 -3.200093e-02 -1.900765e-02 -3.739649e-02 -8.869313e-02 -4.677656e-02 4.517266e-02 2.797430e-02 -4.202809e-02 -5.897665e-02 8.744453e-03 -1.814906e-02
<VARIANCE> 39
 1.367871e+01 2.045036e+01 2.674273e+01 5.013296e+01 9.638238e+01 1.555641e+02 7.394980e+01 2.801475e+02 2.969803e+02 2.737249e+02 3.514174e+02 1.925265e+02 1.369831e+01 2.168773e-01 4.605422e-01 5.494953e-01 8.173205e-01 1.089018e+00 1.550746e+00 1.334879e+00 1.781329e+00 1.843439e+00 1.952207e+00 1.594520e+00 1.599352e+00 8.435900e-02 3.918347e-02 7.786371e-02 1.014084e-01 1.404708e-01 2.129907e-01 3.190462e-01 2.307376e-01 3.503657e-01 3.376087e-01 3.105127e-01 2.751761e-01 2.801434e-01 1.290299e-02
<GCONST> 1.027251e+02
<MIXTURE> 2 4.008515e-01
<MEAN> 39
 9.252673e+00 4.173032e+00 -8.814354e-01 1.740248e+00 -1.695163e+00 -9.265614e+00 -5.043778e+00 5.806984e+00 5.022888e-01 -8.087976e-01 -8.691435e-01 -2.241828e+00 -1.224827e-01 1.515779e-02 4.043684e-03 -2.348774e-02 1.583480e-02 5.503388e-02 -1.974320e-02 -5.960576e-02 3.750753e-03 3.932855e-02 -3.072608e-02 -3.780422e-02 1.098325e-02 -3.601322e-02 -8.590379e-03 -1.144406e-02 -1.953359e-03 -6.076396e-03 -1.471389e-02 6.267801e-03 -3.839049e-03 -2.887423e-02 -1.216097e-02 2.885529e-03 -1.581424e-02 -1.242762e-02 -3.568866e-04
<VARIANCE> 39
 9.301572e+00 1.210563e+01 2.951804e+01 2.101979e+01 3.260543e+01 3.574839e+01 5.073931e+01 5.891585e+01 4.503640e+01 5.001670e+01 4.934570e+01 4.632549e+01 1.110353e+01 6.762922e-02 1.804264e-01 3.405894e-01 4.328050e-01 6.009331e-01 7.371606e-01 8.823864e-01 9.517016e-01 9.973490e-01 1.012250e+00 9.368856e-01 8.931150e-01 4.369588e-02 1.183032e-02 3.344056e-02 6.240690e-02 8.085752e-02 1.131344e-01 1.409730e-01 1.619784e-01 1.836372e-01 1.901815e-01 1.927284e-01 1.758539e-01 1.675890e-01 1.000000e-02
<GCONST> 7.293478e+01
<MIXTURE> 3 2.485376e-01
<MEAN> 39
 7.309817e+00 -2.285470e+00 -6.065099e+00 4.122150e+00 -1.627433e+00 -2.984230e+00 -6.666631e-01 -1.596811e+00 -6.593489e+00 -3.466268e+00 -2.058177e+00 -2.033817e+00 5.153750e+00 3.336744e-02 3.180100e-02 -1.702294e-02 -1.674832e-04 3.760066e-02 -3.638615e-02 -3.668392e-02 5.738691e-03 1.522816e-02 -8.518368e-03 7.800031e-03 -1.659017e-02 -5.935526e-02 3.776309e-03 3.145411e-02 2.319839e-02 -1.719481e-02 2.285122e-02 4.434733e-03 4.155464e-03 2.264274e-02 2.051601e-02 1.015002e-02 1.212848e-02 1.068394e-02 -8.089749e-03
<VARIANCE> 39
 1.509754e+01 1.320558e+01 3.450989e+01 3.918290e+01 4.427728e+01 6.121183e+01 7.581924e+01 6.860184e+01 6.745313e+01 6.242828e+01 4.762648e+01 5.310876e+01 1.317257e+01 8.312239e-02 1.950439e-01 3.337929e-01 5.202413e-01 5.648260e-01 7.007582e-01 7.668869e-01 8.631289e-01 8.612663e-01 8.177169e-01 7.932349e-01 7.380823e-01 4.346894e-02 1.399084e-02 3.314698e-02 5.816774e-02 9.025460e-02 1.041440e-01 1.262564e-01 1.402001e-01 1.510852e-01 1.502796e-01 1.487962e-01 1.448114e-01 1.311544e-01 1.000000e-02
<GCONST> 7.468790e+01
<MIXTURE> 4 2.795816e-01
<MEAN> 39
 8.874146e+00 2.658193e+00 -3.869578e+00 9.410716e-01 -3.463560e-01 -6.977522e+00 -5.108417e+00 1.246144e+00 -2.851678e-01 -1.413012e+00 -3.095374e+00 -3.376281e+00 1.296714e+00 4.505021e-02 1.047451e-01 7.903175e-02 6.086297e-02 4.982379e-02 7.258416e-02 -3.771875e-02 -1.632265e-01 -1.745047e-02 3.721418e-03 -4.369958e-02 7.082207e-03 -2.248304e-01 -4.655968e-02 -4.579822e-03 5.371950e-02 1.417656e-02 -3.183098e-02 4.005995e-02 5.911799e-02 -9.155175e-03 -2.492459e-02 -1.795896e-02 3.547208e-02 2.023165e-02 -1.666220e-03
<VARIANCE> 39
 1.762220e+01 2.199017e+01 6.720116e+01 4.381403e+01 4.929776e+01 5.358439e+01 6.796101e+01 6.753368e+01 7.454726e+01 7.205784e+01 5.645847e+01 6.457597e+01 2.263595e+01 3.412534e-01 6.620486e-01 1.126732e+00 1.464316e+00 1.625990e+00 2.067871e+00 2.384587e+00 2.543132e+00 2.615055e+00 2.522393e+00 2.270083e+00 2.194440e+00 3.945026e-01 5.445726e-02 1.030742e-01 1.758384e-01 2.483455e-01 2.787782e-01 3.677571e-01 4.093541e-01 4.356841e-01 4.642192e-01 4.372748e-01 4.035800e-01 3.889552e-01 4.434641e-02
<GCONST> 1.075580e+02
<STATE> 5
<NUMMIXES> 4
<MIXTURE> 1 2.880020e-01
<MEAN> 39
 4.390939e+00 2.357042e+00 -5.041875e+00 -2.631337e+00 -1.102100e+00 -5.377426e+00 -2.647293e+00 -4.132442e+00 -2.440535e+00 8.186740e+00 1.654575e+01 2.070898e+01 3.644888e+00 4.005355e-02 1.563374e-03 -1.610072e-02 3.352655e-02 -1.807314e-02 -3.928851e-02 1.465066e-02 3.530458e-02 2.862917e-02 -1.513853e-02 1.797932e-02 -1.303025e-02 -6.071869e-02 -3.947942e-03 -1.200767e-02 9.920519e-03 -1.823268e-02 -2.400753e-02 1.170052e-02 -4.069306e-03 -1.024824e-02 3.847291e-03 -2.153499e-02 -2.735269e-02 -4.519629e-02 -2.001466e-03
<VARIANCE> 39
 1.768102e+01 4.307061e+01 3.043682e+01 5.976328e+01 5.002201e+01 7.075702e+01 6.666549e+01 5.135010e+01 7.889625e+01 7.938857e+01 8.204244e+01 5.546690e+01 1.684528e+01 1.475099e-01 3.606288e-01 5.726148e-01 7.656348e-01 8.858853e-01 9.766397e-01 1.146941e+00 1.112673e+00 1.252646e+00 1.302956e+00 1.278792e+00 1.297740e+00 6.339863e-02 2.632241e-02 6.351423e-02 1.061626e-01 1.407565e-01 1.634941e-01 1.721084e-01 2.010506e-01 1.988274e-01 2.200890e-01 2.242471e-01 2.223102e-01 2.324163e-01 1.000000e-02
<GCONST> 8.873277e+01
<MIXTURE> 2 3.055617e-01
<MEAN> 39
 8.318244e+00 7.737462e+00 2.533965e+00 -4.667002e+00 -1.963499e+00 -5.013885e+00 -6.698252e+00 -4.677855e+00 -4.862207e+00 -2.956205e+00 -3.466172e+00 -3.027181e+00 -3.554751e+00 -3.785474e-02 2.361632e-02 1.154267e-01 1.264476e-01 -1.751886e-02 -1.065409e-02 4.477800e-03 -1.865195e-02 -2.425168e-02 -3.921411e-02 -2.100297e-02 5.656098e-03 -1.675736e-01 -2.494438e-02 -2.175796e-02 -1.771352e-03 3.085227e-02 5.490866e-03 3.978753e-03 1.089620e-02 1.862174e-02 1.276214e-02 3.134659e-03 2.249836e-02 2.167795e-02 1.340980e-03
<VARIANCE> 39
 2.025343e+01 2.271384e+01 3.188138e+01 4.646052e+01 4.369193e+01 5.160874e+01 5.315950e+01 7.221030e+01 6.927325e+01 7.364528e+01 5.268324e+01 6.825465e+01 1.801260e+01 1.754365e-01 3.861176e-01 6.183215e-01 9.463118e-01 1.087195e+00 1.379415e+00 1.493557e+00 1.644087e+00 1.699412e+00 1.734885e+00 1.599467e+00 1.519465e+00 1.413429e-01 2.756734e-02 6.836816e-02 1.085720e-01 1.719169e-01 2.065223e-01 2.535174e-01 2.804735e-01 3.189798e-01 3.238185e-01 3.319308e-01 3.004763e-01 2.793106e-01 1.731731e-02
<GCONST> 9.440418e+01
<MIXTURE> 3 1.992976e-01
<MEAN> 39
 3.691838e+00 2.100936e-01 -2.587217e+00 -2.999413e+00 -2.815674e+00 -2.312756e+00 -2.572862e+00 -5.197398e+00 -1.547251e+00 4.709887e+00 1.005775e+01 1.247215e+01 3.687050e+00 6.329457e-02 9.731850e-02 1.098368e-01 -2.459380e-02 -1.558475e-01 -2.949140e-01 3.926052e-02 -3.589068e-02 -3.743061e-02 -1.068491e-01 -3.186090e-01 -2.035848e-01 -2.888116e-01 8.866980e-03 8.498950e-02 6.582371e-02 2.869663e-02 2.961930e-02 -9.389126e-02 -8.119188e-02 1.035294e-01 -3.398389e-02 -4.265697e-02 -1.271356e-01 -1.435961e-01 -8.403926e-02
<VARIANCE> 39
 2.022711e+01 2.962508e+01 3.188620e+01 6.462521e+01 5.344434e+01 9.019493e+01 8.555547e+01 8.348646e+01 9.644167e+01 1.190733e+02 1.291968e+02 1.405690e+02 2.655255e+01 4.530235e-01 9.335259e-01 1.235574e+00 2.016441e+00 2.284370e+00 3.094923e+00 3.072144e+00 2.975572e+00 3.413746e+00 3.505931e+00 3.720482e+00 3.679750e+00 4.698382e-01 7.039576e-02 1.395147e-01 2.005472e-01 3.097791e-01 3.760432e-01 5.149643e-01 5.328904e-01 5.203144e-01 5.848958e-01 5.987978e-01 5.833116e-01 6.110972e-01 6.231606e-02
<GCONST> 1.188750e+02
<MIXTURE> 4 2.071388e-01
<MEAN> 39
 4.836783e+00 5.495697e+00 2.403279e+00 -2.860588e+00 -2.571779e+00 -5.317551e+00 -5.480827e+00 -3.229999e+00 -4.050817e+00 -1.579544e+00 -1.698925e+00 1.889888e-01 -1.427039e+00 -6.340189e-01 5.970429e-02 2.618097e-01 6.201664e-01 1.540672e-01 3.458607e-01 3.257883e-01 1.646145e-01 9.365492e-02 -2.674855e-01 -8.700791e-02 -1.607196e-01 -5.695907e-01 -1.938107e-01 -1.609280e-01 -1.425224e-01 1.136623e-02 1.032794e-01 1.654955e-01 1.419061e-01 8.860060e-02 9.558842e-02 7.975197e-02 1.546702e-01 1.298982e-01 6.641655e-02
<VARIANCE> 39
 2.579357e+01 3.425109e+01 3.889546e+01 6.313445e+01 4.653483e+01 5.600362e+01 5.627333e+01 7.142890e+01 6.944351e+01 7.903117e+01 9.385316e+01 9.988557e+01 3.990993e+01 1.910637e+00 2.140773e+00 2.360927e+00 3.673258e+00 3.280591e+00 4.377605e+00 4.470273e+00 4.359846e+00 4.735541e+00 4.592616e+00 5.052993e+00 5.097945e+00 2.651189e+00 2.407331e-01 3.190602e-01 3.632922e-01 5.734986e-01 5.582595e-01 6.869155e-01 7.304372e-01 7.572192e-01 8.341082e-01 7.736204e-01 7.988017e-01 7.898694e-01 2.568685e-01
<GCONST> 1.324375e+02
<TRANSP> 6
 0.000000e+00 1.000000e+00 0.000000e+00 0.000000e+00 0.000000e+00 0.000000e+00
 0.000000e+00 9.268566e-01 7.314339e-02 0.000000e+00 0.000000e+00 0.000000e+00
 0.000000e+00 0.000000e+00 9.451244e-01 5.487563e-02 0.000000e+00 0.000000e+00
 0.000000e+00 0.000000e+00 0.000000e+00 9.384117e-01 6.158829e-02 0.000000e+00
 0.000000e+00 0.000000e+00 0.000000e+00 0.000000e+00 9.265141e-01 7.348588e-02
 0.000000e+00 0.000000e+00 0.000000e+00 0.000000e+00 0.000000e+00 0.000000e+00
<ENDHMM>
