~o
<STREAMINFO> 1 39
<VECSIZE> 39<NULLD><MFCC_D_A_Z_0><DIAGC>
~h "v"
<BEGINHMM>
<NUMSTATES> 6
<STATE> 2
<NUMMIXES> 4
<MIXTURE> 1 2.700640e-01
<MEAN> 39
 6.700423e-01 -2.131000e+00 -2.196857e+00 5.139962e-01 9.069810e-01 1.272598e+00 9.933653e-01 -3.910102e+00 1.793634e-01 3.050804e+00 3.953679e+00 4.486234e+00 7.751413e+00 -2.216725e-02 4.062825e-01 -7.140550e-02 1.523027e-01 3.257889e-01 2.900855e-02 9.140179e-02 -2.533671e-01 -1.445800e-01 -1.138924e-01 1.330628e-02 1.187140e-01 -2.637987e-01 2.254195e-02 -4.210146e-02 3.542147e-02 -7.475434e-02 -1.343903e-01 -1.258509e-01 -6.650423e-02 2.635183e-01 6.038344e-02 -9.886213e-02 -1.093870e-01 -5.686038e-02 -3.866941e-02
<VARIANCE> 39
 2.274051e+01 3.590549e+01 3.922848e+01 8.635606e+01 4.860693e+01 6.795327e+01 7.454722e+01 8.176976e+01 9.285822e+01 8.307771e+01 1.117824e+02 1.552109e+02 3.008882e+01 5.317979e-01 8.732066e-01 1.251342e+00 1.946370e+00 2.165047e+00 3.110918e+00 2.794707e+00 2.954618e+00 2.881732e+00 2.929692e+00 3.042253e+00 2.963118e+00 4.381329e-01 5.914188e-02 1.197846e-01 1.816949e-01 2.928191e-01 3.011636e-01 4.184869e-01 4.784785e-01 4.619763e-01 4.660115e-01 4.761013e-01 4.538191e-01 4.581922e-01 4.824395e-02
<GCONST> 1.155211e+02
<MIXTURE> 2 2.511078e-01
<MEAN> 39
 2.631043e+00 4.996087e+00 3.862141e+00 5.514546e-01 -2.542889e+00 -2.601227e+00 -3.336228e+00 -3.397873e+00 -4.149337e+00 -3.381576e+00 -2.960909e+00 -3.233006e+00 -1.471543e+00 -1.125966e+00 8.197562e-01 6.590502e-01 1.385018e+00 9.952276e-01 5.230797e-01 -5.917467e-01 -3.199616e-01 -4.584226e-01 -7.447869e-01 1.090788e-01 -1.336256e-02 -1.635739e+00 -3.155454e-01 -5.636507e-01 -4.187821e-01 -3.460774e-01 -1.665196e-02 3.068758e-01 5.218248e-01 4.743803e-01 4.566255e-01 3.371838e-01 7.463223e-02 1.930956e-01 4.619259e-01
<VARIANCE> 39
 2.571326e+01 3.183049e+01 2.436973e+01 4.635427e+01 3.763950e+01 4.415869e+01 5.157945e+01 5.735332e+01 5.298289e+01 4.830424e+01 4.319647e+01 4.322825e+01 3.570632e+01 2.542145e+00 2.491976e+00 2.387814e+00 3.855186e+00 3.143379e+00 4.513507e+00 4.814746e+00 4.324324e+00 5.097586e+00 4.278516e+00 4.213904e+00 3.628150e+00 2.716252e+00 3.105642e-01 3.505518e-01 3.547715e-01 5.024365e-01 5.175503e-01 6.962634e-01 8.366948e-01 7.670041e-01 7.429293e-01 7.689257e-01 6.982565e-01 6.461476e-01 3.226430e-01
<GCONST> 1.284471e+02
<MIXTURE> 3 2.077794e-01
<MEAN> 39
 6.814727e+00 -3.231523e-01 -3.872514e+00 4.594875e+00 -9.800193e-01 -7.052594e+00 -1.810508e+00 -9.231154e-01 -3.604781e+00 -2.040410e+00 -1.645190e+00 -1.310189e+00 2.222915e+00 -5.576798e-02 1.132875e+00 1.062766e+00 -2.618344e-02 1.930132e-01 -2.626833e-02 -1.017110e+00 -1.012733e+00 -5.861709e-01 -2.410561e-01 -8.482681e-02 -2.756301e-01 -1.410297e+00 -2.340683e-01 -7.568577e-02 6.523950e-02 -1.908111e-01 -8.957897e-02 3.904507e-01 3.478984e-01 1.243746e-01 1.555183e-01 -1.996412e-02 9.384307e-04 5.009191e-02 1.589595e-01
<VARIANCE> 39
 1.423625e+01 1.296287e+01 4.821986e+01 2.829836e+01 3.880732e+01 3.947700e+01 5.863248e+01 5.010584e+01 6.417965e+01 5.798240e+01 4.433412e+01 6.111205e+01 1.881238e+01 7.884240e-01 1.121484e+00 2.232632e+00 1.904093e+00 2.288217e+00 3.885918e+00 3.726002e+00 3.792952e+00 3.832561e+00 4.089394e+00 3.296303e+00 3.031531e+00 1.086504e+00 8.891915e-02 1.168249e-01 3.145166e-01 3.025087e-01 3.426540e-01 4.438995e-01 5.229810e-01 5.832487e-01 6.607817e-01 5.470703e-01 5.362752e-01 4.586369e-01 9.859607e-02
<GCONST> 1.150619e+02
<MIXTURE> 4 2.710488e-01
<MEAN> 39
 3.305088e+00 5.115868e+00 3.802023e+00 -2.510731e+00 -9.810923e-01 -1.302879e+00 -3.034077e+00 -1.655063e+00 -1.207603e+00 -6.585506e-01 -2.445836e+00 -2.854136e+00 -1.024664e+00 -2.289759e-01 3.967181e-01 3.752480e-01 8.107566e-01 5.667189e-01 6.775969e-03 -2.084588e-01 -1.822769e-01 -3.359943e-01 -6.263718e-02 1.670774e-01 5.081548e-02 -9.367502e-01 -1.325016e-01 -1.816823e-01 -1.471816e-01 -2.451488e-02 -7.990952e-02 4.715770e-02 1.001642e-01 1.273911e-01 9.194191e-02 -7.318703e-02 -3.387097e-02 4.099545e-02 1.683787e-01
<VARIANCE> 39
 2.135559e+01 2.143392e+01 2.243842e+01 5.291622e+01 2.952718e+01 3.798151e+01 3.631161e+01 4.959121e+01 3.889830e+01 3.914149e+01 3.077021e+01 4.159943e+01 2.661777e+01 7.887846e-01 7.630438e-01 1.131047e+00 1.658588e+00 1.816366e+00 2.151068e+00 1.721560e+00 2.193307e+00 2.456556e+00 2.953883e+00 2.251533e+00 1.880121e+00 7.383799e-01 1.185305e-01 1.059306e-01 2.193868e-01 2.972169e-01 2.781548e-01 3.596284e-01 3.582396e-01 3.716993e-01 3.715087e-01 4.321800e-01 3.327588e-01 3.533142e-01 7.427438e-02
<GCONST> 1.051040e+02
<STATE> 3
<NUMMIXES> 4
<MIXTURE> 1 2.615746e-01
<MEAN> 39
 5.056780e+00 4.372805e+00 -1.431516e+00 -1.232903e+00 1.276213e+00 -5.016558e+00 -2.928695e+00 -1.721320e+00 -2.040909e+00 -9.467375e-01 -2.328434e+00 -2.477271e+00 1.690874e+00 4.542722e-02 1.352387e-01 5.765441e-02 -2.389347e-02 -6.050306e-02 -4.232275e-02 -1.732809e-02 2.824250e-02 -8.909945e-02 -5.646493e-02 -6.387324e-02 7.934827e-02 -1.653321e-01 -4.969821e-03 -1.105649e-01 6.839375e-02 -4.232555e-02 -8.829535e-02 -9.780861e-04 -1.994974e-02 1.896338e-01 6.601809e-02 -9.290339e-02 -2.835677e-02 -1.273484e-02 3.064396e-02
<VARIANCE> 39
 1.809351e+01 3.304729e+01 5.760904e+01 7.390581e+01 4.092147e+01 5.330657e+01 6.194359e+01 6.014274e+01 5.243672e+01 5.903391e+01 5.021889e+01 7.280321e+01 3.118995e+01 1.454947e-01 3.703239e-01 6.450404e-01 9.144874e-01 1.062298e+00 1.413292e+00 1.660469e+00 1.453239e+00 1.685925e+00 1.734374e+00 1.453784e+00 1.509702e+00 1.549089e-01 2.618322e-02 6.513169e-02 1.334969e-01 1.742461e-01 2.237095e-01 2.715741e-01 3.570213e-01 3.075526e-01 3.084228e-01 3.672869e-01 2.690299e-01 2.819118e-01 1.916938e-02
<GCONST> 9.599595e+01
<MIXTURE> 2 2.871915e-01
<MEAN> 39
 3.852072e+00 2.549011e+00 1.432683e+00 -6.202537e-01 -2.535454e+00 -4.663634e+00 -2.632916e+00 -3.616621e+00 -4.376280e+00 -2.360628e+00 -1.585533e+00 -9.943488e-01 2.187181e-01 -1.932302e-01 4.155636e-01 3.166129e-01 5.195311e-02 -5.373349e-02 1.324011e-01 -9.831408e-02 1.047785e-01 1.136033e-01 -2.695234e-01 -2.605851e-01 -1.131992e-01 -7.778042e-01 -1.127953e-01 -3.077687e-01 -2.126347e-01 -1.232227e-01 -2.919699e-02 2.538536e-01 2.564250e-01 4.304734e-01 4.735331e-01 1.766758e-01 1.781353e-02 3.117649e-02 3.672260e-01
<VARIANCE> 39
 2.196126e+01 3.070608e+01 4.024146e+01 5.449710e+01 4.611573e+01 5.709610e+01 6.912257e+01 7.348381e+01 8.711012e+01 8.274838e+01 8.283945e+01 9.432619e+01 2.996130e+01 7.719443e-01 1.076808e+00 1.663082e+00 1.909571e+00 2.243056e+00 2.987930e+00 3.118339e+00 2.798182e+00 2.836310e+00 3.054402e+00 3.170400e+00 2.714562e+00 1.041195e+00 1.162445e-01 2.125064e-01 3.627030e-01 5.243869e-01 4.457895e-01 6.867660e-01 8.260371e-01 7.639796e-01 8.927017e-01 8.135765e-01 7.530265e-01 6.299648e-01 1.960863e-01
<GCONST> 1.232314e+02
<MIXTURE> 3 2.540540e-01
<MEAN> 39
 -1.638247e+00 4.915457e+00 4.774925e+00 4.720457e+00 1.005101e+00 7.405996e-01 -3.115171e+00 -2.264759e+00 -2.512921e+00 -2.963306e+00 -2.433866e+00 -2.488115e+00 -4.792399e+00 -1.603528e+00 -7.486794e-01 -5.222680e-01 3.033991e-01 4.216605e-01 8.145323e-01 6.942707e-01 8.308595e-01 7.185975e-01 3.204581e-01 5.660235e-01 3.333543e-01 -3.476009e-01 2.047862e-01 -4.219088e-01 -4.472750e-01 -8.105279e-01 -5.256140e-01 -2.181628e-01 3.140841e-01 2.817093e-01 2.932193e-01 4.164788e-01 7.152001e-02 1.028498e-01 6.178454e-01
<VARIANCE> 39
 2.928087e+01 2.794439e+01 2.122430e+01 3.606706e+01 2.891216e+01 3.413585e+01 3.327639e+01 3.834102e+01 3.845321e+01 4.006689e+01 3.336644e+01 3.528581e+01 3.509577e+01 2.416669e+00 2.019412e+00 1.940324e+00 3.086696e+00 2.648888e+00 3.100432e+00 2.934568e+00 3.511457e+00 3.543263e+00 3.290060e+00 3.221249e+00 2.689079e+00 2.742044e+00 3.250639e-01 3.884813e-01 3.610339e-01 5.142413e-01 4.659106e-01 5.951837e-01 6.427456e-01 6.637220e-01 7.332017e-01 6.950439e-01 6.568860e-01 5.381357e-01 3.747348e-01
<GCONST> 1.218939e+02
<MIXTURE> 4 1.971798e-01
<MEAN> 39
 -3.846200e+00 -5.999741e+00 -3.112420e-01 4.898209e+00 3.734241e+00 5.896112e+00 1.052769e+00 -5.931045e+00 7.674455e-01 3.301295e+00 3.068594e+00 5.789732e+00 1.065778e+01 -2.946516e-02 2.899446e-02 -3.849266e-02 -9.461190e-02 -1.314923e-01 -8.441840e-02 2.213221e-01 1.952231e-01 -1.986616e-01 -1.087582e-01 1.322162e-01 1.950469e-01 -1.505751e-01 8.453684e-02 -4.297514e-02 -4.810579e-02 -1.898628e-01 -2.496382e-01 -2.180474e-01 -7.698239e-03 1.049079e-01 -1.261663e-02 -5.492425e-02 -5.221884e-02 -6.949909e-02 -8.329915e-02
<VARIANCE> 39
 2.247587e+01 2.611498e+01 2.661740e+01 7.982026e+01 3.562307e+01 4.696837e+01 7.044073e+01 5.830559e+01 6.136918e+01 8.036218e+01 9.905959e+01 1.047435e+02 3.296218e+01 3.520983e-01 6.859229e-01 8.409806e-01 1.801412e+00 1.427763e+00 1.834072e+00 2.374362e+00 2.418785e+00 2.163814e+00 2.342035e+00 2.116679e+00 2.579434e+00 2.209061e-01 6.130341e-02 1.263703e-01 1.862913e-01 2.792433e-01 2.958747e-01 3.828337e-01 3.998299e-01 4.303884e-01 4.273109e-01 4.451683e-01 4.010082e-01 5.088981e-01 4.232688e-02
<GCONST> 1.080525e+02
<STATE> 4
<NUMMIXES> 4
<MIXTURE> 1 2.461067e-01
<MEAN> 39
 4.285257e-01 2.456276e+00 -1.215471e+00 -2.271000e+00 4.948337e-01 -2.378881e+00 -1.349081e+00 -1.162108e+00 -1.939204e-01 1.019987e+00 4.017735e+00 4.407530e+00 4.785151e+00 -1.254990e-02 -1.660941e-01 6.732424e-02 -1.584961e-01 -1.199236e-01 -1.477009e-01 -3.109881e-01 3.307815e-01 8.791573e-02 2.538923e-02 -3.904337e-03 1.107762e-02 -1.088061e-01 4.801685e-02 -1.146995e-01 3.173266e-02 1.425169e-02 -9.131078e-02 2.569141e-02 -3.228724e-02 4.759633e-02 1.207057e-02 2.063515e-02 -1.133157e-01 -1.045646e-01 1.080101e-02
<VARIANCE> 39
 3.711221e+01 6.028430e+01 4.167014e+01 8.719372e+01 4.752993e+01 6.494859e+01 6.192641e+01 7.142762e+01 6.104020e+01 6.534253e+01 9.102808e+01 1.237789e+02 3.611596e+01 2.256116e-01 4.857382e-01 8.183979e-01 1.015381e+00 1.161124e+00 1.684350e+00 1.714723e+00 1.822951e+00 1.864049e+00 1.953787e+00 1.764962e+00 1.887285e+00 1.482779e-01 3.870296e-02 8.304182e-02 1.436637e-01 1.833272e-01 2.477244e-01 2.668056e-01 3.060987e-01 3.026797e-01 3.147371e-01 3.441725e-01 3.636411e-01 3.316481e-01 2.087559e-02
<GCONST> 1.025471e+02
<MIXTURE> 2 2.928268e-01
<MEAN> 39
 3.372446e+00 4.435427e+00 3.554267e+00 8.786628e-02 -2.542657e+00 -4.174236e+00 -3.959539e+00 -2.766913e+00 -4.947867e+00 -4.250441e+00 -4.660617e+00 -5.200526e+00 -1.669823e+00 -2.700147e-01 -2.215362e-01 -1.176413e-01 -3.133202e-01 -1.381347e-01 2.959633e-01 3.696553e-01 6.919115e-01 6.258348e-01 3.460040e-01 6.811858e-02 3.061580e-02 -9.970558e-02 -2.019531e-02 -2.515395e-01 -2.065775e-01 -1.227727e-01 -3.028569e-02 1.466301e-01 2.333621e-01 2.006218e-01 2.479365e-01 1.826688e-01 2.004199e-01 2.083597e-01 2.607484e-01
<VARIANCE> 39
 2.338234e+01 2.309793e+01 2.644891e+01 4.274623e+01 3.169663e+01 3.980507e+01 4.393905e+01 4.637967e+01 3.569164e+01 4.356297e+01 3.928778e+01 3.923436e+01 3.022233e+01 9.457289e-01 1.335401e+00 1.858247e+00 1.964522e+00 2.147002e+00 3.214989e+00 2.947267e+00 3.250746e+00 3.100082e+00 3.005473e+00 2.759083e+00 2.599283e+00 1.544074e+00 1.205756e-01 1.732616e-01 2.305035e-01 3.256334e-01 3.954640e-01 4.930460e-01 5.075824e-01 5.488166e-01 5.024984e-01 5.816402e-01 5.038238e-01 4.571541e-01 1.161327e-01
<GCONST> 1.139917e+02
<MIXTURE> 3 3.286928e-01
<MEAN> 39
 -6.285671e+00 2.077662e+00 1.291523e+00 3.179319e+00 -1.502158e-01 2.181037e+00 -1.345660e-01 2.130669e+00 1.518657e+00 2.719625e-01 6.968346e-01 -1.675000e-01 -3.620480e+00 -1.558507e-01 -3.280255e-01 -4.282808e-01 -9.003887e-01 -5.004910e-01 2.188617e-02 3.093770e-01 5.392349e-01 6.715064e-01 6.358073e-01 2.116112e-01 3.246655e-01 7.512161e-01 5.916238e-01 1.002369e-01 1.357791e-02 -3.308932e-01 -2.064726e-01 -3.294991e-01 -1.547404e-01 -1.879208e-01 -1.638516e-01 -3.991446e-02 -2.069161e-01 -1.012535e-01 3.440376e-01
<VARIANCE> 39
 3.733696e+01 4.434718e+01 2.416455e+01 3.420840e+01 3.092278e+01 3.135604e+01 3.428109e+01 3.658722e+01 3.771089e+01 3.556287e+01 3.336765e+01 2.897225e+01 3.305923e+01 3.743465e+00 2.754787e+00 2.531732e+00 3.395325e+00 3.115305e+00 3.233127e+00 3.595182e+00 3.831225e+00 4.030505e+00 3.666960e+00 3.753320e+00 3.004491e+00 3.068264e+00 3.481782e-01 4.539066e-01 4.729544e-01 5.350493e-01 5.208856e-01 5.810778e-01 6.433949e-01 6.411173e-01 6.844901e-01 6.471626e-01 7.269505e-01 5.438972e-01 3.951679e-01
<GCONST> 1.250753e+02
<MIXTURE> 4 1.323738e-01
<MEAN> 39
 6.514488e-01 -3.506986e+00 -3.562052e+00 1.653821e+00 8.579283e-01 1.768334e+00 2.402800e+00 -2.128073e+00 -1.040010e+00 2.557154e+00 2.527924e+00 4.429410e+00 6.120790e+00 7.149728e-02 1.294802e-01 2.487243e-02 -6.115680e-01 -8.525915e-01 -9.428100e-01 2.632620e-02 8.197681e-01 1.938813e-01 -3.103271e-01 -2.563635e-01 -4.030655e-01 -5.219122e-01 8.760628e-02 6.282002e-02 2.334038e-01 3.552286e-02 -1.834657e-01 -2.690461e-01 -1.856714e-01 2.142422e-01 1.616991e-01 -4.082798e-02 1.635329e-02 -1.500992e-01 -6.935646e-02
<VARIANCE> 39
 2.648741e+01 2.679686e+01 5.125033e+01 7.917439e+01 5.580215e+01 8.333955e+01 8.555210e+01 1.005738e+02 1.094323e+02 1.042533e+02 1.129312e+02 1.309321e+02 4.318149e+01 9.715492e-01 1.662638e+00 2.220125e+00 3.346137e+00 2.596271e+00 3.938058e+00 5.210814e+00 3.814516e+00 3.927042e+00 4.438163e+00 4.403605e+00 3.582870e+00 1.277388e+00 1.288419e-01 2.722426e-01 3.614357e-01 5.165135e-01 5.964621e-01 8.657354e-01 8.185919e-01 8.427347e-01 8.457108e-01 8.388930e-01 7.949706e-01 7.341694e-01 2.492676e-01
<GCONST> 1.320934e+02
<STATE> 5
<NUMMIXES> 4
<MIXTURE> 1 2.118309e-01
<MEAN> 39
 6.334001e-01 -4.293279e+00 -3.621232e+00 2.841037e+00 7.613582e-01 -8.054270e-01 5.791329e-01 -3.112388e+00 -3.557662e-01 1.393498e+00 4.385414e+00 5.366412e+00 7.835398e+00 7.548939e-02 -1.566035e-01 -4.728364e-02 1.981098e-01 -7.267624e-02 -4.693743e-01 -9.191362e-02 4.727300e-01 1.194663e-01 1.372746e-01 9.724246e-02 -1.086674e-01 -1.308270e-01 4.654057e-02 1.365359e-01 6.937810e-02 -3.656058e-02 -6.349705e-03 3.226196e-02 6.992291e-02 -1.534673e-03 1.647285e-03 -2.924993e-02 -8.888734e-02 -1.096905e-01 -4.898994e-02
<VARIANCE> 39
 3.517771e+01 2.685089e+01 4.725817e+01 7.278852e+01 5.783030e+01 7.683987e+01 8.432354e+01 8.292390e+01 8.629424e+01 8.079583e+01 1.019005e+02 1.286670e+02 3.653352e+01 3.497645e-01 7.545220e-01 1.295868e+00 1.820553e+00 2.109264e+00 2.523489e+00 2.593703e+00 2.577942e+00 3.060283e+00 2.947304e+00 2.922897e+00 2.595446e+00 3.261894e-01 5.691755e-02 9.999935e-02 1.922928e-01 2.193898e-01 3.088244e-01 3.504709e-01 4.354960e-01 3.993011e-01 4.444663e-01 4.098513e-01 3.904561e-01 4.124217e-01 3.406296e-02
<GCONST> 1.128400e+02
<MIXTURE> 2 3.270152e-01
<MEAN> 39
 9.137247e-01 5.014738e+00 2.623346e+00 -4.093619e+00 -5.099331e-01 -1.652409e+00 -2.715537e+00 6.043334e-02 -1.125973e+00 -2.506489e+00 -3.178112e+00 -2.259973e+00 -8.724967e-02 -2.650160e-03 -1.513188e-01 8.603153e-02 -4.536112e-02 -9.296666e-03 9.983880e-02 4.273146e-02 2.293691e-01 9.187990e-02 1.172760e-01 -4.882342e-02 9.127737e-02 -3.731483e-01 3.328259e-02 -4.247893e-02 -4.049052e-02 1.382050e-01 3.399615e-02 -4.373042e-02 2.578569e-02 -1.280501e-01 -9.278196e-02 6.686845e-02 6.840611e-02 1.443703e-03 1.596533e-02
<VARIANCE> 39
 3.530461e+01 2.684944e+01 2.690832e+01 7.608927e+01 4.231658e+01 5.707774e+01 4.329953e+01 5.001632e+01 4.650466e+01 4.865327e+01 4.110462e+01 4.310557e+01 5.571977e+01 6.819650e-01 8.675952e-01 9.917505e-01 1.611897e+00 1.792299e+00 1.918878e+00 2.383285e+00 2.568491e+00 2.373899e+00 2.168773e+00 2.217424e+00 2.003378e+00 7.153562e-01 1.077120e-01 1.360039e-01 2.068825e-01 3.089054e-01 3.442677e-01 4.442493e-01 4.371580e-01 4.158981e-01 4.433315e-01 3.829213e-01 4.578440e-01 3.751101e-01 1.158601e-01
<GCONST> 1.103898e+02
<MIXTURE> 3 2.180796e-01
<MEAN> 39
 -8.249610e-01 -2.534085e+00 -3.781441e-01 -2.345761e+00 -3.358851e+00 2.993226e+00 4.650326e+00 -5.275988e-01 -4.092552e-01 8.699468e-01 -2.314381e+00 -4.069513e-02 5.831029e+00 -1.523176e-01 -6.072217e-01 -5.506372e-01 -3.849285e-01 -2.648895e-01 6.739181e-01 6.768135e-01 2.873269e-01 3.730791e-01 1.804043e-01 -1.022763e-01 1.174498e-01 6.700968e-01 1.033951e-01 3.533635e-01 2.188711e-01 2.546002e-01 2.701138e-01 -3.011482e-01 -6.049576e-01 -9.927158e-02 -1.301340e-01 -1.676493e-01 1.027207e-01 -3.699192e-02 -3.746562e-01
<VARIANCE> 39
 2.736050e+01 3.098694e+01 3.119526e+01 6.659583e+01 4.857694e+01 5.424420e+01 5.550896e+01 7.385567e+01 8.357365e+01 5.872883e+01 6.372594e+01 7.481744e+01 6.341508e+01 1.872745e+00 2.714770e+00 2.369769e+00 4.909298e+00 3.879412e+00 5.743863e+00 5.264413e+00 5.085707e+00 6.592435e+00 5.931920e+00 5.126601e+00 5.096364e+00 4.498431e+00 3.000896e-01 3.014181e-01 3.806203e-01 5.989659e-01 6.236065e-01 7.406617e-01 7.416824e-01 8.758717e-01 9.531735e-01 7.992593e-01 8.598458e-01 6.942196e-01 4.313592e-01
<GCONST> 1.355622e+02
<MIXTURE> 4 2.430744e-01
<MEAN> 39
 3.235525e+00 3.866388e+00 -2.477662e-01 -3.859305e+00 -2.503187e+00 -6.062213e+00 -4.265009e+00 1.006709e+00 -4.766288e-01 2.407810e-01 -1.594270e-01 -3.760314e-01 3.215117e+00 6.019381e-01 -4.566166e-01 -4.370189e-01 -6.451690e-01 -5.137829e-01 -4.260201e-01 3.930716e-01 6.585599e-01 2.005544e-01 2.536540e-01 2.113146e-01 1.663972e-01 1.094518e+00 -2.711324e-01 -2.637137e-01 -4.547245e-02 3.094430e-01 1.657373e-01 4.884212e-01 4.650899e-01 -9.652251e-02 -1.583671e-01 -1.339773e-01 2.399883e-02 1.197786e-01 9.899771e-03
<VARIANCE> 39
 2.826358e+01 3.989617e+01 6.174913e+01 6.900494e+01 4.964461e+01 3.971428e+01 5.116570e+01 6.608036e+01 6.731826e+01 7.635262e+01 8.810193e+01 7.817029e+01 2.923567e+01 2.775927e+00 3.176572e+00 4.326450e+00 5.095865e+00 4.437235e+00 5.459630e+00 6.884962e+00 5.999157e+00 5.265683e+00 6.279895e+00 6.674922e+00 5.939396e+00 3.941148e+00 3.337941e-01 3.329665e-01 5.305622e-01 6.270773e-01 6.134589e-01 6.864629e-01 6.740955e-01 8.791780e-01 8.763469e-01 9.352233e-01 7.922355e-01 8.471819e-01 3.245919e-01
<GCONST> 1.378524e+02
<TRANSP> 6
 0.000000e+00 1.000000e+00 0.000000e+00 0.000000e+00 0.000000e+00 0.000000e+00
 0.000000e+00 3.818316e-01 6.181684e-01 0.000000e+00 0.000000e+00 0.000000e+00
 0.000000e+00 0.000000e+00 4.098707e-01 5.901293e-01 0.000000e+00 0.000000e+00
 0.000000e+00 0.000000e+00 0.000000e+00 4.075035e-01 5.924965e-01 0.000000e+00
 0.000000e+00 0.000000e+00 0.000000e+00 0.000000e+00 4.769840e-01 5.230160e-01
 0.000000e+00 0.000000e+00 0.000000e+00 0.000000e+00 0.000000e+00 0.000000e+00
<ENDHMM>
