~o
<STREAMINFO> 1 39
<VECSIZE> 39<NULLD><MFCC_D_A_Z_0><DIAGC>
~h "ah"
<BEGINHMM>
<NUMSTATES> 6
<STATE> 2
<NUMMIXES> 8
<MIXTURE> 1 9.539630e-02
<MEAN> 39
 -3.422691e-01 -7.815784e+00 -5.288653e+00 -1.191802e+00 7.709363e+00 3.022018e+00 1.667243e+00 5.002946e+00 -1.679831e-02 -4.298513e+00 2.680568e+00 8.457797e+00 1.111333e+01 3.769865e-03 -1.775277e-01 -7.584290e-02 1.337673e-01 3.845205e-01 9.942116e-02 -1.773908e-01 -9.500451e-02 -7.294282e-02 -7.635058e-02 1.111289e-01 1.254930e-02 -2.969842e-02 1.287356e-01 1.160499e-01 4.754623e-02 -1.478793e-01 -2.326915e-01 -2.465554e-01 -1.888701e-01 -4.341747e-02 1.814365e-01 2.412153e-01 -7.918920e-02 -2.527819e-01 -1.638453e-01
<VARIANCE> 39
 1.603226e+01 2.162800e+01 2.442620e+01 3.393704e+01 5.867990e+01 5.634061e+01 6.632364e+01 5.100526e+01 5.034301e+01 5.359984e+01 6.564573e+01 7.485795e+01 2.405035e+01 5.687341e-01 1.025069e+00 1.290553e+00 1.728986e+00 3.036486e+00 2.671708e+00 3.472213e+00 2.955574e+00 2.715239e+00 3.004572e+00 3.052225e+00 2.808053e+00 3.105183e-01 7.938129e-02 1.657657e-01 1.860263e-01 2.479193e-01 3.621849e-01 4.049665e-01 5.119621e-01 4.357478e-01 4.128602e-01 4.626524e-01 4.288720e-01 4.068545e-01 5.292980e-02
<GCONST> 1.106521e+02
<MIXTURE> 2 1.548165e-01
<MEAN> 39
 2.379153e+00 -6.682002e+00 -5.803179e+00 -4.861584e+00 5.155383e+00 4.911239e+00 9.530885e-01 6.425093e+00 5.011116e+00 -1.021789e+00 -1.184523e+00 -9.338402e-01 1.298157e+01 1.462543e-02 -9.623603e-03 -2.448728e-02 -5.260711e-03 5.315941e-02 4.104631e-02 -4.589040e-02 -2.138587e-02 2.573306e-03 -1.200072e-03 -5.140613e-03 -2.127116e-02 -1.985173e-02 -2.447641e-03 3.958252e-03 -2.619530e-03 -8.539480e-03 -2.345757e-02 -2.967725e-02 -1.234379e-02 -5.677494e-03 -3.004761e-03 -3.772930e-03 -1.641302e-03 4.975799e-03 -7.833951e-03
<VARIANCE> 39
 2.582249e+01 2.981191e+01 2.482488e+01 4.922421e+01 7.190351e+01 7.155745e+01 1.037137e+02 8.576932e+01 8.972268e+01 7.493313e+01 9.594051e+01 1.417912e+02 3.653957e+01 9.134278e-02 1.946911e-01 2.730505e-01 3.554326e-01 4.600854e-01 5.386844e-01 5.844693e-01 6.214308e-01 6.207037e-01 6.174247e-01 6.182059e-01 5.876250e-01 3.840730e-02 1.515251e-02 3.257581e-02 4.653323e-02 6.259488e-02 8.015642e-02 9.681315e-02 1.052963e-01 1.147980e-01 1.133598e-01 1.149242e-01 1.162631e-01 1.092186e-01 5.829117e-03
<GCONST> 7.442095e+01
<MIXTURE> 3 1.943866e-01
<MEAN> 39
 3.912850e+00 -5.018939e+00 -7.224547e+00 -6.360553e+00 3.243388e+00 5.969506e+00 -2.701995e+00 2.176234e+00 9.044630e+00 2.004021e+00 -2.494239e+00 -6.325594e+00 1.068463e+01 -1.706336e-02 -1.096608e-01 -1.685057e-01 1.470969e-03 2.542126e-01 1.717228e-01 -5.568100e-02 1.269374e-03 5.020018e-02 -1.938101e-01 -1.067288e-01 -7.180050e-02 -1.622340e-02 1.303998e-02 4.949395e-02 7.602543e-02 2.104392e-02 -6.852300e-02 -1.703586e-01 -1.142628e-02 -6.297477e-03 -1.555858e-01 -4.690780e-02 4.494148e-02 1.415778e-01 -5.959984e-02
<VARIANCE> 39
 1.520510e+01 2.101665e+01 2.148470e+01 3.437154e+01 4.691486e+01 6.598721e+01 6.032174e+01 6.074572e+01 4.961502e+01 5.626556e+01 4.783138e+01 3.945905e+01 2.240276e+01 2.352918e-01 4.846578e-01 6.754302e-01 1.014114e+00 1.264977e+00 1.735455e+00 1.662101e+00 1.921085e+00 1.719281e+00 1.776797e+00 1.777634e+00 1.536073e+00 1.475201e-01 3.655151e-02 7.507459e-02 1.070833e-01 1.550250e-01 2.042418e-01 2.491079e-01 2.765236e-01 2.947958e-01 2.833549e-01 2.878530e-01 2.729623e-01 2.385796e-01 2.400544e-02
<GCONST> 9.403536e+01
<MIXTURE> 4 8.968779e-02
<MEAN> 39
 5.915947e-01 -1.057914e+01 -7.356445e+00 -5.288430e+00 6.720122e+00 -2.606992e-01 -3.528707e+00 4.389595e+00 -8.509110e-01 -4.347236e+00 1.921081e-01 5.198697e+00 1.081004e+01 3.039462e-02 -2.922761e-02 -8.464350e-02 1.455954e-02 1.758463e-01 4.763194e-02 -1.587809e-01 -1.615453e-02 2.476885e-02 1.337197e-02 1.898235e-02 6.901891e-03 -4.355828e-02 1.757734e-01 2.849656e-01 3.019452e-01 2.722838e-01 1.745527e-01 2.632708e-01 3.050739e-01 2.427775e-01 2.450966e-01 1.532847e-01 3.677339e-02 -3.302187e-02 4.276621e-02
<VARIANCE> 39
 1.622493e+01 2.072591e+01 2.697398e+01 3.826277e+01 7.194416e+01 6.079998e+01 6.925760e+01 5.934757e+01 5.765591e+01 5.139709e+01 6.434149e+01 8.989544e+01 2.332088e+01 2.342565e-01 4.755548e-01 7.078561e-01 8.753619e-01 1.195586e+00 1.225410e+00 1.431918e+00 1.346688e+00 1.351979e+00 1.248612e+00 1.229201e+00 1.221550e+00 9.716804e-02 3.076259e-02 6.217130e-02 8.845568e-02 1.222345e-01 1.711789e-01 1.742695e-01 2.108119e-01 2.143283e-01 2.292579e-01 2.388751e-01 2.200191e-01 2.092271e-01 1.407175e-02
<GCONST> 9.026730e+01
<MIXTURE> 5 1.074979e-01
<MEAN> 39
 2.925513e+00 -4.533634e+00 -4.855878e+00 -3.916134e+00 1.017699e+00 -1.008033e+00 -6.593210e-01 7.723383e+00 4.692057e+00 -3.286790e+00 -5.792278e+00 -1.115013e+00 9.371343e+00 -5.063565e-02 -7.772609e-01 -5.629457e-01 -1.350109e-01 1.225765e+00 1.085255e+00 2.354117e-01 2.723469e-01 -5.577067e-02 -4.626158e-01 -1.249860e-01 -1.833041e-01 3.222961e-01 -3.742177e-02 3.563607e-01 1.905474e-01 2.548839e-01 -9.942627e-03 -1.747499e-01 -3.153946e-01 -6.571033e-01 -2.310839e-01 1.870351e-01 3.429648e-01 6.830261e-02 -3.395166e-01
<VARIANCE> 39
 1.062368e+01 1.889423e+01 2.366312e+01 2.364739e+01 4.360107e+01 4.231519e+01 5.308192e+01 4.840913e+01 6.271158e+01 5.423051e+01 3.660665e+01 4.346622e+01 1.977436e+01 4.185503e-01 8.717356e-01 1.213716e+00 1.449616e+00 2.237782e+00 2.398836e+00 3.021647e+00 2.975614e+00 3.027378e+00 2.669893e+00 2.360809e+00 2.467757e+00 3.246205e-01 1.109133e-01 1.607379e-01 1.991332e-01 2.586172e-01 3.565359e-01 3.801419e-01 5.207678e-01 4.877479e-01 5.542139e-01 4.572695e-01 4.010410e-01 3.914100e-01 6.834614e-02
<GCONST> 1.070573e+02
<MIXTURE> 6 1.574096e-01
<MEAN> 39
 1.734320e+00 -8.510543e+00 -3.657959e+00 -1.762790e+00 8.739666e+00 1.692801e+00 3.232882e-01 7.537825e+00 -2.854270e-01 -4.224688e+00 1.004299e+00 6.990211e+00 1.085279e+01 4.907365e-02 -5.275144e-02 -1.070607e-01 1.550278e-02 2.498044e-01 3.529197e-02 -1.573476e-01 -1.974407e-02 4.906089e-02 -2.027500e-02 1.733809e-02 -1.268188e-02 -5.513865e-02 -6.408577e-02 -3.139552e-02 -1.282079e-01 -1.659101e-01 -2.246765e-01 -1.499809e-01 -1.279447e-01 -1.434867e-01 -2.433051e-02 9.688042e-03 -2.294009e-02 -5.005126e-02 -6.100584e-02
<VARIANCE> 39
 1.417036e+01 1.968328e+01 2.296406e+01 3.354103e+01 7.294942e+01 5.439435e+01 6.542265e+01 5.071358e+01 5.091219e+01 4.087118e+01 5.068564e+01 5.854958e+01 1.997215e+01 2.414041e-01 4.869930e-01 7.151560e-01 8.396655e-01 1.245373e+00 1.147231e+00 1.385153e+00 1.297054e+00 1.274919e+00 1.173888e+00 1.150879e+00 1.190764e+00 9.949888e-02 3.115589e-02 7.060328e-02 8.878019e-02 1.184804e-01 1.591878e-01 1.750436e-01 2.024945e-01 2.061653e-01 2.072369e-01 1.932029e-01 1.972385e-01 1.982376e-01 1.267946e-02
<GCONST> 8.742307e+01
<MIXTURE> 7 1.302086e-01
<MEAN> 39
 3.783681e+00 -4.716230e+00 -3.368753e+00 -5.443506e+00 3.901356e+00 6.500661e-01 -7.615665e-01 2.321211e+00 4.104966e+00 4.146995e-01 -1.017731e+00 -2.163360e+00 8.208985e+00 4.693372e-02 4.108677e-02 -6.391958e-02 2.519544e-02 8.711878e-02 -1.618987e-02 -9.350179e-02 -6.771777e-02 -1.109019e-02 -4.566954e-02 -6.036134e-02 -2.696060e-02 -1.498802e-01 -5.464572e-02 7.895976e-02 -4.889185e-02 1.025618e-01 -1.034435e-01 6.167889e-03 -3.788797e-02 4.654691e-02 -6.755620e-02 -3.316120e-02 -8.093472e-03 9.332445e-02 -2.082748e-04
<VARIANCE> 39
 3.253628e+01 4.576639e+01 4.972453e+01 6.936328e+01 9.979161e+01 9.710954e+01 1.057120e+02 1.099294e+02 1.084336e+02 1.014163e+02 1.021258e+02 1.240294e+02 5.313696e+01 5.165094e-01 9.330689e-01 1.249199e+00 1.672731e+00 2.118639e+00 2.413799e+00 2.517846e+00 2.854043e+00 2.828773e+00 2.798905e+00 2.695479e+00 2.621287e+00 4.365600e-01 8.885527e-02 1.776908e-01 2.395310e-01 3.259790e-01 4.236750e-01 4.718317e-01 5.306779e-01 5.575227e-01 5.484198e-01 5.444432e-01 5.064837e-01 4.861891e-01 6.329017e-02
<GCONST> 1.203036e+02
<MIXTURE> 8 7.059680e-02
<MEAN> 39
 2.900012e+00 -3.672129e+00 -3.743827e+00 -4.172767e+00 1.421692e+00 -1.118975e+00 -2.312228e+00 2.229674e+00 3.643346e+00 1.032330e+00 -8.248996e-02 1.006969e+00 7.686236e+00 1.833723e-01 -9.166378e-01 -2.974332e-01 -6.246194e-01 4.114472e-01 3.106522e-01 2.495121e-02 6.401776e-01 2.833130e-01 -1.391764e-01 -1.182185e-01 -5.287542e-02 1.100052e+00 -2.695403e-01 2.685092e-01 1.168984e-01 3.637628e-01 1.309755e-01 1.528030e-01 1.508684e-01 -1.559296e-01 -1.906232e-01 -1.227238e-01 2.997870e-02 -2.630700e-02 -3.661121e-01
<VARIANCE> 39
 3.245847e+01 4.678278e+01 5.156622e+01 5.806210e+01 7.977306e+01 8.136803e+01 8.249069e+01 8.088414e+01 7.892854e+01 7.946162e+01 7.984109e+01 9.508239e+01 5.498407e+01 2.326540e+00 3.191772e+00 3.251026e+00 4.725041e+00 4.959166e+00 5.550844e+00 5.917201e+00 6.236266e+00 5.911075e+00 5.509482e+00 4.994565e+00 5.468575e+00 3.833220e+00 4.259383e-01 5.605972e-01 5.316720e-01 7.747750e-01 8.171421e-01 9.080481e-01 1.005157e+00 1.080105e+00 1.000476e+00 9.774390e-01 8.651448e-01 9.448416e-01 5.365947e-01
<GCONST> 1.426894e+02
<STATE> 3
<NUMMIXES> 8
<MIXTURE> 1 2.139897e-01
<MEAN> 39
 3.774529e+00 -4.121242e+00 -6.419792e+00 -3.173502e+00 5.460158e+00 1.425418e+00 -3.220216e+00 5.310636e+00 3.279656e+00 -4.693282e+00 -5.079058e+00 -1.706093e+00 6.411415e+00 2.513607e-02 6.037322e-02 -4.900393e-02 -1.685719e-03 5.334890e-02 9.235989e-03 -8.778549e-02 -1.273467e-02 -3.091811e-02 7.439657e-03 3.167102e-02 -2.966182e-02 -8.741959e-02 2.388248e-03 4.467602e-02 2.430434e-02 -3.276638e-02 -1.366362e-01 -8.378618e-02 -3.095812e-02 -8.997967e-02 -2.756395e-02 6.720999e-02 4.213469e-02 -3.143658e-02 -4.141400e-02
<VARIANCE> 39
 7.986709e+00 1.505936e+01 2.030576e+01 2.333273e+01 4.321393e+01 4.791262e+01 5.087963e+01 4.904492e+01 5.854797e+01 5.342523e+01 4.104848e+01 4.754689e+01 1.104007e+01 1.907348e-01 4.325690e-01 6.486626e-01 8.001197e-01 1.297739e+00 1.384042e+00 1.613084e+00 1.659125e+00 1.730623e+00 1.585810e+00 1.499660e+00 1.424669e+00 1.253178e-01 3.044222e-02 7.018046e-02 1.030122e-01 1.329426e-01 2.040861e-01 2.237154e-01 2.663565e-01 2.821400e-01 3.000563e-01 2.752783e-01 2.604729e-01 2.329867e-01 1.837810e-02
<GCONST> 8.881622e+01
<MIXTURE> 2 1.802525e-01
<MEAN> 39
 3.545578e+00 -4.218489e+00 -6.866189e+00 -4.246106e+00 4.455307e+00 3.072742e+00 -3.308182e+00 3.930886e+00 5.374959e+00 -2.034924e+00 -3.741974e+00 -2.745951e+00 7.838772e+00 2.271402e-03 2.496178e-03 -7.408686e-03 -7.772796e-03 -1.994220e-03 -7.609264e-03 -2.948692e-02 -2.138594e-02 -3.083188e-03 -4.726612e-03 -9.047805e-04 -5.551117e-03 -1.791579e-02 3.228729e-03 1.151653e-02 3.504809e-03 5.169872e-03 -1.190880e-02 -1.861026e-02 1.588919e-03 -5.898806e-04 8.511683e-05 7.029737e-03 2.161054e-03 -1.380060e-03 -6.561555e-03
<VARIANCE> 39
 8.245243e+00 1.307352e+01 1.636414e+01 2.419100e+01 3.333654e+01 3.868671e+01 4.441986e+01 3.937407e+01 4.790035e+01 4.847361e+01 3.397944e+01 4.480386e+01 1.242552e+01 3.810809e-02 9.532756e-02 1.457765e-01 2.044482e-01 2.927133e-01 3.435471e-01 3.634739e-01 4.006810e-01 4.180931e-01 4.098274e-01 3.892564e-01 3.764784e-01 1.915141e-02 7.114249e-03 1.706275e-02 2.651795e-02 3.836668e-02 5.232290e-02 6.287099e-02 6.629791e-02 7.356018e-02 7.881072e-02 7.746972e-02 7.356607e-02 7.079031e-02 2.888182e-03
<GCONST> 5.042046e+01
<MIXTURE> 3 1.054688e-01
<MEAN> 39
 2.922207e+00 -5.671422e+00 -8.905603e+00 -6.003618e+00 3.636332e+00 -2.988388e-01 -6.481686e+00 2.060486e+00 1.136185e+00 -5.845489e+00 -5.844153e+00 -3.542641e+00 6.867692e+00 -1.251344e-02 -1.635840e-02 -4.627251e-02 -5.685464e-02 -4.533411e-02 -7.225224e-02 -8.941761e-02 -5.376092e-02 -5.171088e-02 -4.334294e-02 -4.118679e-02 -3.451372e-02 -4.395403e-02 1.364970e-01 2.121150e-01 2.655500e-01 2.831721e-01 2.605211e-01 2.964063e-01 3.328466e-01 3.085925e-01 2.944942e-01 2.772378e-01 2.253204e-01 1.879615e-01 3.979702e-02
<VARIANCE> 39
 8.572314e+00 1.685836e+01 1.810338e+01 2.430191e+01 4.061567e+01 4.855222e+01 4.764709e+01 4.827001e+01 5.384728e+01 5.016286e+01 4.303571e+01 5.716886e+01 1.330246e+01 8.448999e-02 2.075008e-01 3.224519e-01 4.318385e-01 6.155056e-01 6.897683e-01 7.768863e-01 7.971287e-01 8.115970e-01 7.741518e-01 7.384875e-01 6.825585e-01 4.333746e-02 1.335030e-02 3.318885e-02 5.118313e-02 6.959374e-02 9.912340e-02 1.138357e-01 1.226349e-01 1.359458e-01 1.431367e-01 1.465336e-01 1.422659e-01 1.347796e-01 6.410245e-03
<GCONST> 6.991630e+01
<MIXTURE> 4 1.004714e-01
<MEAN> 39
 3.751603e+00 -4.761144e+00 -7.107014e+00 -3.836614e+00 6.095219e+00 2.272845e+00 -4.005827e+00 4.897161e+00 3.248571e+00 -4.021944e+00 -3.848312e+00 -1.556103e+00 7.453264e+00 -2.671076e-01 -3.621346e-01 -5.029672e-01 -5.674189e-01 -5.730915e-01 -6.259438e-01 -6.729401e-01 -6.232657e-01 -5.653728e-01 -4.933158e-01 -4.171570e-01 -3.613612e-01 -1.345026e-01 -1.104198e-02 -2.753401e-03 -1.599575e-02 -3.881812e-02 -7.743914e-02 -6.487102e-02 -2.807123e-02 -5.232976e-02 -2.780255e-02 -1.058937e-02 -3.556740e-02 -2.464396e-02 -1.762682e-02
<VARIANCE> 39
 8.138643e+00 1.486804e+01 1.769933e+01 2.441268e+01 4.067719e+01 4.720101e+01 4.689315e+01 4.533421e+01 5.349831e+01 4.688965e+01 3.912956e+01 5.218183e+01 1.208302e+01 7.016539e-02 1.830896e-01 2.687753e-01 3.747541e-01 5.348225e-01 5.854356e-01 6.404266e-01 6.857229e-01 7.375404e-01 7.256692e-01 7.047669e-01 6.885111e-01 3.669815e-02 1.319640e-02 3.173145e-02 4.792247e-02 6.706396e-02 9.303081e-02 1.050210e-01 1.178306e-01 1.231685e-01 1.295776e-01 1.240030e-01 1.167548e-01 1.090594e-01 5.611756e-03
<GCONST> 6.636012e+01
<MIXTURE> 5 1.710615e-01
<MEAN> 39
 4.903233e+00 -4.259550e-01 -6.483860e+00 -2.406466e+00 3.525686e+00 7.577464e-01 -3.427280e+00 2.614074e+00 3.590836e+00 -2.421968e+00 -5.515724e+00 -4.826172e+00 3.672718e+00 1.694041e-02 1.968434e-02 7.218295e-03 7.820292e-03 1.639398e-02 -1.608955e-02 -1.931744e-02 -1.985929e-02 -1.523295e-02 8.432194e-03 6.806445e-03 -2.519841e-02 -5.326957e-02 -1.161958e-02 -2.051355e-02 2.181674e-02 -2.064262e-02 -1.208605e-02 -1.121824e-02 -1.905756e-02 6.681246e-03 -1.319838e-02 -1.776833e-02 1.292666e-02 2.581605e-02 5.907656e-03
<VARIANCE> 39
 6.010170e+00 1.207255e+01 1.733157e+01 2.168160e+01 3.040549e+01 3.388893e+01 4.460210e+01 3.990912e+01 4.712358e+01 5.437171e+01 3.932734e+01 4.017596e+01 9.070919e+00 6.372909e-02 1.794060e-01 2.874793e-01 4.086649e-01 5.673079e-01 6.763904e-01 7.547583e-01 8.493457e-01 8.731636e-01 8.574579e-01 8.348223e-01 7.627363e-01 4.504361e-02 1.083686e-02 3.041795e-02 5.228913e-02 7.357980e-02 1.017507e-01 1.233951e-01 1.407447e-01 1.568349e-01 1.640041e-01 1.614129e-01 1.554968e-01 1.426131e-01 6.061779e-03
<GCONST> 6.756049e+01
<MIXTURE> 6 9.514812e-02
<MEAN> 39
 4.296169e+00 -4.037361e+00 -6.250700e+00 -2.970610e+00 7.095448e+00 3.467609e+00 -2.986872e+00 5.921011e+00 4.533908e+00 -2.878601e+00 -3.249370e+00 -1.268294e+00 7.670477e+00 5.470417e-02 7.934834e-02 8.897915e-02 8.419652e-02 8.816545e-02 9.835225e-02 7.725386e-02 9.274291e-02 8.665521e-02 8.721313e-02 7.838187e-02 4.055629e-02 -1.332995e-02 -1.192595e-01 -1.512584e-01 -2.085145e-01 -2.507752e-01 -2.981187e-01 -2.926101e-01 -2.706447e-01 -2.801067e-01 -2.363871e-01 -2.084733e-01 -1.909939e-01 -1.542916e-01 -5.679679e-02
<VARIANCE> 39
 8.172793e+00 1.440662e+01 1.675684e+01 2.453677e+01 3.855638e+01 4.523809e+01 4.560350e+01 4.436047e+01 5.259569e+01 4.687133e+01 3.751405e+01 4.983338e+01 1.244555e+01 7.344818e-02 1.845248e-01 2.684363e-01 3.750589e-01 5.372139e-01 5.833586e-01 6.451483e-01 6.611542e-01 6.947154e-01 6.727937e-01 6.206310e-01 5.977494e-01 3.672596e-02 1.168196e-02 3.006461e-02 4.309658e-02 6.230940e-02 7.830569e-02 9.463551e-02 1.073862e-01 1.140773e-01 1.239439e-01 1.220558e-01 1.200842e-01 1.160150e-01 5.125912e-03
<GCONST> 6.482075e+01
<MIXTURE> 7 9.110066e-02
<MEAN> 39
 3.554776e+00 -4.988391e+00 -7.529289e+00 -4.271737e+00 5.896368e+00 1.783081e+00 -4.473019e+00 4.415256e+00 3.013810e+00 -4.176078e+00 -4.027933e+00 -1.700436e+00 7.407307e+00 2.940759e-01 4.089044e-01 5.032709e-01 5.775133e-01 6.047957e-01 6.343521e-01 6.189295e-01 6.211042e-01 5.750446e-01 5.248452e-01 4.358712e-01 3.372245e-01 7.556384e-02 1.767069e-02 4.070440e-02 4.418885e-02 3.033533e-02 -9.006881e-03 1.325304e-02 4.606944e-02 1.797129e-02 3.151329e-02 4.285774e-02 1.394784e-02 8.964144e-03 -4.893313e-03
<VARIANCE> 39
 8.209074e+00 1.522651e+01 1.738337e+01 2.425186e+01 4.026971e+01 4.652662e+01 4.688053e+01 4.602931e+01 5.374574e+01 4.735693e+01 3.997486e+01 5.563655e+01 1.226942e+01 6.753137e-02 1.728631e-01 2.668936e-01 3.511247e-01 5.075080e-01 5.715333e-01 6.258204e-01 6.543531e-01 6.891034e-01 6.856871e-01 6.919833e-01 6.636866e-01 3.657940e-02 1.194496e-02 2.900069e-02 4.440447e-02 6.296504e-02 8.632348e-02 9.985546e-02 1.118861e-01 1.162288e-01 1.240828e-01 1.189865e-01 1.122017e-01 1.061924e-01 5.111191e-03
<GCONST> 6.516818e+01
<MIXTURE> 8 4.250721e-02
<MEAN> 39
 2.157727e+00 -4.052586e+00 -3.220140e+00 -3.047385e+00 2.613763e+00 -7.156544e-01 -1.724163e+00 3.205058e+00 3.217328e+00 -4.951622e-01 -7.379700e-01 4.954741e-01 6.172428e+00 6.232571e-02 3.246707e-01 6.169495e-02 1.636341e-01 -2.578715e-01 -2.812822e-01 -2.151730e-01 -1.579565e-01 -1.712718e-01 3.244939e-02 5.049847e-02 5.701173e-03 -3.435865e-01 -3.769028e-02 4.154041e-01 1.158438e-01 2.463506e-01 -8.169496e-02 -6.379959e-02 -1.065897e-01 -3.384897e-01 -2.014128e-01 4.806226e-02 7.907947e-02 -2.961956e-02 -3.382939e-01
<VARIANCE> 39
 2.870396e+01 4.103592e+01 4.592380e+01 4.608384e+01 6.991436e+01 6.670004e+01 7.219539e+01 6.955746e+01 6.888328e+01 7.156885e+01 8.241809e+01 9.272655e+01 5.013435e+01 7.544923e-01 1.116436e+00 1.685227e+00 1.993585e+00 3.012022e+00 3.008857e+00 2.900114e+00 3.049520e+00 3.008148e+00 3.066263e+00 3.024511e+00 2.822621e+00 5.724338e-01 2.365520e-01 3.096038e-01 3.311470e-01 4.213763e-01 5.801459e-01 5.867826e-01 7.322271e-01 7.247350e-01 6.855968e-01 6.485473e-01 6.028451e-01 6.031142e-01 1.785522e-01
<GCONST> 1.241271e+02
<STATE> 4
<NUMMIXES> 8
<MIXTURE> 1 1.394874e-01
<MEAN> 39
 1.043528e+00 -6.159857e+00 -6.581887e+00 -1.304841e+00 7.730989e+00 5.192648e-01 -3.761047e+00 6.654302e+00 3.542016e+00 7.942018e+00 1.583134e+01 1.299510e+01 6.158776e+00 -6.052212e-05 5.361158e-02 -2.386215e-03 -2.449121e-02 -1.098999e-01 -4.993838e-02 -7.481551e-03 -4.771716e-02 5.208725e-02 1.130592e-01 1.060072e-01 1.371345e-02 -9.002352e-02 4.489100e-02 6.269344e-02 4.049658e-02 8.716353e-03 -3.934662e-02 2.492309e-03 2.213256e-02 -1.134447e-02 3.045185e-02 -3.014329e-02 -1.067096e-01 -6.750683e-02 -1.385304e-02
<VARIANCE> 39
 1.156321e+01 1.914246e+01 2.919362e+01 3.407910e+01 4.663998e+01 4.714480e+01 5.474097e+01 5.308304e+01 6.787170e+01 7.922803e+01 6.440081e+01 7.624294e+01 1.260665e+01 3.010174e-01 6.140155e-01 8.835683e-01 1.062280e+00 1.284668e+00 1.258696e+00 1.445171e+00 1.436130e+00 1.616335e+00 1.912655e+00 1.819418e+00 1.682066e+00 1.314818e-01 5.249963e-02 1.107139e-01 1.627312e-01 1.965415e-01 2.197769e-01 2.237810e-01 2.546553e-01 2.615578e-01 2.729460e-01 3.092814e-01 2.945653e-01 2.700263e-01 2.062775e-02
<GCONST> 9.575427e+01
<MIXTURE> 2 2.092780e-01
<MEAN> 39
 6.068258e+00 5.602376e-01 -6.740407e+00 -6.604154e+00 1.711489e+00 5.898737e+00 -4.454693e+00 -4.185901e+00 6.642743e+00 3.262910e+00 9.489708e-01 -3.648558e+00 5.441387e+00 2.070477e-02 5.358681e-02 2.546206e-02 1.821134e-02 -2.779394e-02 -1.890583e-02 -3.443851e-02 -5.298176e-02 -4.726163e-02 1.303470e-02 4.513194e-02 2.838734e-02 -6.514605e-02 -8.177797e-04 8.820233e-03 1.554461e-02 1.553133e-02 -4.973376e-03 -4.478878e-02 -3.684415e-03 2.015954e-02 -3.076255e-02 -1.231473e-02 -1.364648e-03 1.275769e-02 -1.368034e-02
<VARIANCE> 39
 9.891531e+00 1.547809e+01 1.733738e+01 2.785134e+01 2.635785e+01 4.688061e+01 4.122182e+01 3.623059e+01 5.258348e+01 4.811607e+01 4.492734e+01 3.566288e+01 1.929012e+01 6.788684e-02 1.766804e-01 2.686805e-01 4.114011e-01 5.203724e-01 6.606256e-01 6.878573e-01 7.850755e-01 7.942484e-01 8.165817e-01 7.875545e-01 7.105826e-01 5.049980e-02 1.158533e-02 3.020891e-02 4.723277e-02 7.189076e-02 9.416725e-02 1.163352e-01 1.264391e-01 1.407666e-01 1.437668e-01 1.495059e-01 1.367631e-01 1.288064e-01 7.048485e-03
<GCONST> 6.816275e+01
<MIXTURE> 3 1.091183e-01
<MEAN> 39
 4.205348e+00 8.178859e-01 -2.473970e+00 -1.226026e+00 -1.749663e+00 -3.549434e+00 -1.844549e+00 3.289024e+00 2.273120e+00 -2.783774e+00 -3.614524e+00 -1.095677e+00 2.943429e+00 -3.338749e-03 3.175974e-01 3.721989e-01 2.306550e-01 -2.632609e-01 -3.172424e-01 -4.557671e-02 -1.879218e-01 -1.571003e-01 1.521677e-01 1.270232e-01 9.590967e-02 -3.000877e-01 -3.988327e-03 3.963500e-02 1.134774e-02 2.171154e-02 1.115452e-01 7.177910e-02 -1.104890e-01 -2.211367e-01 -5.177543e-02 9.270685e-02 7.495323e-02 -2.860395e-02 -6.156450e-02
<VARIANCE> 39
 1.120347e+01 1.488581e+01 2.087372e+01 2.296840e+01 3.319834e+01 3.410121e+01 4.546905e+01 4.348120e+01 5.350266e+01 5.560133e+01 4.634075e+01 4.821367e+01 1.941480e+01 1.420037e-01 3.296545e-01 5.978846e-01 7.101660e-01 1.019283e+00 1.174776e+00 1.350724e+00 1.494489e+00 1.354865e+00 1.444799e+00 1.407274e+00 1.259307e+00 1.066923e-01 2.532016e-02 5.267842e-02 9.498716e-02 1.269679e-01 1.599099e-01 1.880831e-01 2.182065e-01 2.470097e-01 2.471819e-01 2.406387e-01 2.455416e-01 2.124346e-01 1.757951e-02
<GCONST> 8.495502e+01
<MIXTURE> 4 8.644376e-02
<MEAN> 39
 4.991943e+00 -1.879874e+00 -9.022973e+00 -6.423470e+00 3.796883e+00 2.003194e+00 -8.065556e+00 -2.166811e+00 3.099983e+00 -2.087961e+00 -4.036025e+00 -6.420646e+00 5.201133e+00 1.548461e-01 3.138550e-01 1.476337e-01 6.874387e-03 -2.034213e-01 -7.309017e-02 -4.767120e-02 -3.750830e-01 -2.199866e-01 2.590407e-01 2.997270e-01 1.995461e-02 -3.120475e-01 8.685430e-02 1.974680e-01 2.870771e-01 2.013538e-01 2.864638e-02 7.996361e-02 3.042015e-01 9.978953e-02 1.100423e-02 1.818344e-01 2.407918e-01 2.549808e-01 -8.539096e-02
<VARIANCE> 39
 1.033811e+01 1.665445e+01 2.082519e+01 3.228208e+01 4.264783e+01 5.467164e+01 4.150977e+01 4.703541e+01 6.304499e+01 5.782145e+01 5.220953e+01 4.370057e+01 1.803283e+01 1.937508e-01 4.703412e-01 6.709648e-01 9.318686e-01 1.228397e+00 1.523753e+00 1.565426e+00 1.797233e+00 1.735108e+00 1.738280e+00 1.698270e+00 1.499205e+00 1.431243e-01 3.002762e-02 6.109566e-02 1.121821e-01 1.510463e-01 2.287866e-01 2.527475e-01 2.290410e-01 3.035550e-01 3.258257e-01 2.828233e-01 2.573299e-01 2.255638e-01 2.560687e-02
<GCONST> 9.159335e+01
<MIXTURE> 5 5.740157e-02
<MEAN> 39
 2.636646e+00 -3.136353e+00 -2.454998e+00 -3.310104e+00 1.279160e+00 -1.731295e+00 -1.670303e+00 3.240697e+00 4.340708e+00 1.607311e+00 4.953736e-01 8.803040e-02 5.086290e+00 4.298251e-02 9.875979e-01 2.440915e-01 5.729444e-01 -3.829796e-01 -4.903720e-01 -5.664329e-01 -8.148286e-01 -4.730956e-01 5.211662e-02 4.978089e-02 -3.705025e-02 -8.981510e-01 -1.574018e-01 3.657193e-01 6.383955e-02 3.172135e-01 9.452120e-02 7.670880e-02 -6.558992e-02 -3.252292e-01 -2.693336e-01 -7.678317e-02 2.184814e-02 -3.598501e-02 -3.059921e-01
<VARIANCE> 39
 3.080694e+01 4.417117e+01 4.723891e+01 5.247748e+01 6.863029e+01 6.944316e+01 7.844338e+01 8.182134e+01 8.500108e+01 8.932170e+01 8.829465e+01 1.049004e+02 5.592937e+01 1.336253e+00 1.901155e+00 2.374401e+00 2.606190e+00 4.179853e+00 4.121742e+00 4.172437e+00 4.302804e+00 4.302063e+00 4.114913e+00 3.806256e+00 3.923300e+00 1.249396e+00 2.609266e-01 3.414550e-01 3.756678e-01 5.130101e-01 6.114930e-01 6.762488e-01 7.989679e-01 8.504039e-01 8.028052e-01 7.603508e-01 7.017720e-01 7.396604e-01 2.217039e-01
<GCONST> 1.323369e+02
<MIXTURE> 6 1.022267e-01
<MEAN> 39
 2.936521e+00 -6.008182e+00 -5.647333e+00 -3.510478e+00 4.443067e+00 2.306352e-01 -2.068521e+00 7.287833e+00 2.185759e+00 -4.650288e+00 -3.400821e+00 9.561014e-01 8.245086e+00 2.213617e-01 5.437093e-01 3.796445e-01 -1.218664e-01 -1.167561e+00 -8.446357e-01 -1.833593e-01 -1.242115e-01 1.201953e-01 4.299144e-01 9.434465e-02 -2.374968e-02 -4.944624e-01 1.078128e-01 3.001713e-01 1.909808e-01 1.078447e-01 -1.964605e-01 -2.062552e-01 -3.090683e-01 -5.105890e-01 -5.861748e-02 2.170934e-01 8.973821e-02 -1.260305e-01 -3.169613e-01
<VARIANCE> 39
 9.958223e+00 1.533222e+01 2.186242e+01 2.465674e+01 4.531982e+01 4.415783e+01 5.414064e+01 4.565875e+01 6.385279e+01 5.064997e+01 4.724302e+01 5.566045e+01 1.411858e+01 2.876747e-01 5.941260e-01 1.035601e+00 1.175816e+00 1.775983e+00 1.893330e+00 2.492768e+00 2.242363e+00 2.407752e+00 2.147670e+00 1.947221e+00 1.948300e+00 1.548843e-01 5.280954e-02 1.002517e-01 1.533580e-01 1.998144e-01 2.664666e-01 2.949622e-01 3.763790e-01 3.856032e-01 4.094717e-01 3.653687e-01 3.226402e-01 3.099495e-01 3.328549e-02
<GCONST> 9.868366e+01
<MIXTURE> 7 1.676477e-01
<MEAN> 39
 6.365067e+00 1.232405e+00 -7.397313e+00 -6.139318e+00 4.727887e+00 5.262248e+00 -4.541018e+00 -2.464784e+00 3.658562e+00 2.128849e+00 1.417425e+00 -3.081905e+00 3.462719e+00 4.099675e-02 1.568960e-01 1.054388e-01 4.905809e-02 -1.080314e-01 -1.081470e-01 2.041920e-02 -1.221199e-01 -2.113947e-01 -1.630509e-02 6.432069e-02 9.454835e-02 -2.007379e-01 -6.660074e-02 -6.376962e-02 3.851867e-02 2.825308e-02 -1.160977e-01 -1.762244e-01 -6.137137e-02 1.169633e-03 -5.543184e-02 -1.138095e-01 -1.315606e-01 -2.305305e-03 -1.070537e-02
<VARIANCE> 39
 8.664754e+00 1.689366e+01 2.053295e+01 3.474042e+01 3.795282e+01 4.844091e+01 4.616930e+01 4.664719e+01 6.730663e+01 6.385784e+01 5.914203e+01 6.030691e+01 1.390402e+01 1.985678e-01 4.898649e-01 6.932489e-01 9.714270e-01 1.227304e+00 1.472025e+00 1.577883e+00 1.733819e+00 1.779991e+00 1.702909e+00 1.697716e+00 1.526574e+00 1.800644e-01 2.863189e-02 6.885932e-02 1.187916e-01 1.729849e-01 2.017835e-01 2.457457e-01 2.725151e-01 3.004589e-01 3.195618e-01 3.005438e-01 2.829600e-01 2.733727e-01 2.233015e-02
<GCONST> 9.249699e+01
<MIXTURE> 8 1.283965e-01
<MEAN> 39
 2.143402e+00 -5.391631e+00 -6.454747e+00 -1.176067e+00 8.965661e+00 1.325097e+00 -4.523214e+00 6.113577e+00 2.412257e+00 5.643236e+00 1.356223e+01 1.354429e+01 6.010073e+00 1.094561e-02 1.806759e-02 1.581059e-02 5.401496e-03 -1.733344e-02 1.081678e-03 -9.340807e-04 1.714645e-02 -8.032487e-03 -1.184205e-02 1.016251e-02 1.682862e-02 -1.913333e-02 -1.584894e-02 -1.457980e-02 -2.475059e-02 -3.793578e-02 -5.046019e-02 -2.170568e-02 -2.729058e-03 -1.489937e-02 7.106370e-03 6.960671e-03 -1.102943e-03 -8.048579e-03 -1.220856e-02
<VARIANCE> 39
 9.912163e+00 1.706745e+01 2.427563e+01 2.488620e+01 3.824236e+01 3.745205e+01 4.601220e+01 4.089641e+01 5.498752e+01 6.779340e+01 5.176283e+01 5.462988e+01 1.422941e+01 1.053227e-01 2.378543e-01 3.537703e-01 4.284855e-01 4.901393e-01 4.862523e-01 5.493274e-01 6.054645e-01 5.716535e-01 6.200517e-01 6.111910e-01 5.656751e-01 3.427162e-02 1.852757e-02 4.250440e-02 6.309556e-02 7.766490e-02 8.540603e-02 8.840510e-02 1.034823e-01 1.128982e-01 1.071494e-01 1.194639e-01 1.122320e-01 1.057956e-01 5.403735e-03
<GCONST> 6.745071e+01
<STATE> 5
<NUMMIXES> 8
<MIXTURE> 1 1.054967e-01
<MEAN> 39
 5.258355e+00 -2.526862e+00 -3.083331e+00 -4.533061e+00 4.574843e-01 -4.863632e+00 -6.528318e+00 2.001282e+00 4.012165e+00 2.923143e-01 -2.582184e+00 -3.415642e-01 5.483819e+00 -5.981970e-02 2.207603e+00 9.885759e-01 2.010049e+00 -3.721032e-01 -6.139743e-01 -9.652326e-01 -2.410388e+00 -1.368050e+00 -5.342014e-01 -2.395409e-01 -7.263131e-01 -2.376740e+00 -4.591635e-01 1.958704e-01 -2.717857e-02 4.722906e-01 3.653937e-01 5.417479e-01 5.381323e-01 -3.570693e-02 -3.016742e-01 -3.588978e-01 -1.020937e-01 -1.263025e-01 -2.857525e-01
<VARIANCE> 39
 1.473840e+01 2.165585e+01 3.454481e+01 3.431826e+01 5.051534e+01 5.648767e+01 6.060532e+01 6.377687e+01 6.566289e+01 6.545709e+01 6.153793e+01 7.031438e+01 2.217198e+01 1.375912e+00 1.789886e+00 2.792222e+00 2.657378e+00 4.028515e+00 4.341781e+00 5.109807e+00 4.886136e+00 5.411692e+00 4.706206e+00 4.109924e+00 4.325643e+00 1.372378e+00 2.251635e-01 3.389065e-01 3.874757e-01 5.033931e-01 5.916079e-01 6.748604e-01 7.320999e-01 8.663310e-01 9.028700e-01 7.652035e-01 6.990938e-01 7.227523e-01 2.242632e-01
<GCONST> 1.278627e+02
<MIXTURE> 2 1.237466e-01
<MEAN> 39
 6.785874e+00 7.500107e-01 -5.716665e+00 -5.538809e+00 1.646074e+00 3.617702e+00 -6.098490e+00 -4.956910e+00 1.787934e+00 1.554808e+00 1.498285e+00 -2.677111e+00 3.122524e+00 -1.703274e-01 1.100231e+00 1.574399e+00 1.538026e+00 -1.699790e-02 -8.173456e-01 2.582583e-01 -1.245623e+00 -1.779383e+00 -4.148205e-01 -3.600736e-01 7.637353e-02 -1.559887e+00 -3.112550e-01 -1.754735e-02 2.733080e-01 4.198751e-01 2.465295e-01 -1.526245e-01 1.661530e-01 2.710685e-01 -1.201881e-02 -1.889759e-01 -3.513119e-01 -1.057612e-01 -8.856709e-02
<VARIANCE> 39
 9.221915e+00 1.720832e+01 2.110809e+01 2.892970e+01 2.965139e+01 4.226405e+01 4.419681e+01 4.271080e+01 4.849977e+01 5.054253e+01 4.925823e+01 4.115742e+01 1.900628e+01 6.181754e-01 9.718763e-01 2.002363e+00 2.177022e+00 2.871947e+00 2.936534e+00 3.263948e+00 3.750637e+00 3.627770e+00 3.494626e+00 3.293442e+00 2.908411e+00 6.127853e-01 8.431862e-02 1.355249e-01 2.331635e-01 2.925882e-01 3.402275e-01 3.626578e-01 4.755966e-01 4.905042e-01 5.035835e-01 4.931887e-01 4.648353e-01 4.168371e-01 7.374506e-02
<GCONST> 1.097626e+02
<MIXTURE> 3 1.162256e-01
<MEAN> 39
 1.066262e+00 3.628081e+00 -4.233738e-01 3.081715e+00 4.008440e+00 -2.838059e-01 -2.544823e+00 -1.936372e+00 -7.901692e-01 -2.444164e+00 -3.977763e+00 -3.328643e+00 -3.029470e+00 -1.194168e+00 4.377699e-01 3.789148e-01 7.820949e-01 3.465843e-01 4.651359e-01 8.910685e-01 1.421100e-02 -2.402729e-01 2.436464e-01 1.746579e-01 -2.987550e-02 -1.413138e+00 -1.246873e-01 -4.370064e-01 -3.268822e-01 -5.379806e-01 -2.719100e-01 -8.371876e-02 4.521510e-02 3.885338e-01 4.397006e-01 2.835294e-01 3.200160e-01 2.835946e-01 4.238894e-01
<VARIANCE> 39
 3.377133e+01 2.939930e+01 3.703941e+01 3.068702e+01 3.879641e+01 4.199449e+01 4.899533e+01 4.851731e+01 4.620874e+01 4.977727e+01 4.284073e+01 4.030272e+01 3.955384e+01 2.269751e+00 1.899645e+00 2.409355e+00 2.823666e+00 3.055162e+00 3.466038e+00 3.565482e+00 3.926372e+00 3.935725e+00 3.591934e+00 3.299154e+00 3.039640e+00 2.242059e+00 2.951777e-01 3.049917e-01 3.532803e-01 4.052992e-01 5.042975e-01 5.366303e-01 6.760467e-01 7.389143e-01 6.642483e-01 6.373729e-01 5.694792e-01 5.346199e-01 2.669828e-01
<GCONST> 1.240729e+02
<MIXTURE> 4 1.315271e-01
<MEAN> 39
 3.504885e+00 -3.272552e+00 -2.497726e+00 -2.708211e+00 -2.193090e+00 -5.253024e+00 -1.605036e+00 7.537740e+00 1.443060e+00 -4.285030e+00 -3.940768e+00 9.460248e-01 6.164085e+00 2.650940e-01 1.280670e+00 1.032338e+00 7.171407e-01 -8.824885e-01 -1.106744e+00 -1.011581e+00 -1.495993e+00 -2.406535e-01 4.593963e-01 1.855048e-01 -9.598248e-02 -1.268507e+00 -8.077743e-02 2.681527e-01 9.370510e-02 3.388462e-01 4.016578e-01 2.915826e-01 -1.335107e-01 -6.807450e-01 -1.650853e-01 -1.382447e-02 3.959843e-04 -2.028841e-01 -3.261244e-01
<VARIANCE> 39
 9.651830e+00 1.912694e+01 2.492359e+01 2.377555e+01 3.977193e+01 3.620284e+01 5.476520e+01 4.039852e+01 6.440227e+01 4.673756e+01 4.270267e+01 4.265619e+01 1.547108e+01 4.566808e-01 9.492835e-01 1.516657e+00 1.560152e+00 2.538139e+00 2.436089e+00 3.082282e+00 3.575918e+00 3.322592e+00 2.888905e+00 2.540941e+00 2.490575e+00 4.167098e-01 1.095990e-01 1.707502e-01 2.277845e-01 2.709386e-01 3.715273e-01 4.206709e-01 5.612489e-01 5.097004e-01 5.560185e-01 5.169666e-01 4.568035e-01 4.104632e-01 9.023397e-02
<GCONST> 1.087914e+02
<MIXTURE> 5 2.288722e-01
<MEAN> 39
 4.445470e+00 1.393813e+00 -1.668697e+00 -1.259432e-01 1.008445e+00 -1.866692e+00 -4.709021e+00 -2.472537e+00 -4.418795e-01 -1.372035e+00 -2.359217e+00 -2.567142e+00 5.566891e-01 -1.956115e-01 6.197363e-01 1.055805e+00 8.936697e-01 -7.985717e-02 -3.567010e-01 2.007609e-02 -9.244307e-01 -6.840042e-01 -1.961572e-03 -1.459822e-01 -9.874864e-03 -8.485844e-01 -6.479835e-02 -6.826730e-02 -8.960255e-02 -8.157925e-02 1.025517e-01 1.384471e-01 8.096903e-02 1.357771e-01 1.208965e-01 -1.642207e-02 1.431933e-02 1.391190e-02 7.301000e-02
<VARIANCE> 39
 1.224457e+01 1.943435e+01 2.470320e+01 2.555830e+01 3.750319e+01 4.103344e+01 4.583537e+01 4.798658e+01 4.877991e+01 4.806025e+01 4.352033e+01 4.442568e+01 1.898533e+01 3.575169e-01 6.800138e-01 1.507998e+00 1.421250e+00 1.755840e+00 2.023613e+00 2.247634e+00 2.694127e+00 2.579264e+00 2.291199e+00 2.206798e+00 2.055671e+00 3.662590e-01 4.987289e-02 8.961943e-02 1.744274e-01 1.940895e-01 2.582732e-01 2.965024e-01 3.539767e-01 3.864624e-01 4.141310e-01 3.678115e-01 3.409409e-01 3.350716e-01 4.060810e-02
<GCONST> 1.009939e+02
<MIXTURE> 6 1.245777e-01
<MEAN> 39
 5.259799e+00 -3.536162e+00 -8.272373e+00 -6.305472e+00 4.345611e+00 3.338508e+00 -7.408838e+00 1.628036e+00 6.306612e+00 5.551377e-01 -1.935316e+00 -4.578141e+00 7.091574e+00 5.088550e-01 9.820210e-01 7.642581e-01 2.662815e-01 -8.237131e-01 -6.857863e-01 -4.560809e-01 -1.526443e+00 -7.758549e-01 6.749362e-01 5.973252e-01 2.312635e-02 -1.159626e+00 -9.561334e-02 2.829885e-01 5.085489e-01 5.132915e-01 1.892911e-02 -2.353797e-01 1.861188e-01 -3.844535e-01 -5.875182e-01 -2.395088e-01 -1.108485e-01 1.293580e-01 -3.964024e-01
<VARIANCE> 39
 1.043446e+01 1.717789e+01 2.063657e+01 2.830841e+01 3.776678e+01 4.904002e+01 4.639865e+01 4.924938e+01 5.517624e+01 5.564333e+01 5.021633e+01 4.366421e+01 1.781842e+01 3.314170e-01 7.240375e-01 1.287080e+00 1.563467e+00 1.992861e+00 2.202068e+00 2.553211e+00 2.490026e+00 3.093014e+00 2.560905e+00 2.443136e+00 2.261586e+00 3.115967e-01 7.148580e-02 1.160545e-01 2.203784e-01 2.627627e-01 3.432253e-01 3.894125e-01 4.349211e-01 4.582806e-01 4.739612e-01 5.006649e-01 4.335959e-01 3.739174e-01 6.512525e-02
<GCONST> 1.050550e+02
<MIXTURE> 7 9.257434e-02
<MEAN> 39
 7.822076e-01 5.828624e+00 -2.262928e+00 2.055062e+00 -1.047551e+00 -7.670930e+00 -5.257150e+00 -1.301025e+00 7.047493e-01 -3.251866e+00 -2.462059e+00 5.578551e-01 2.416363e+00 -2.317875e+00 2.674946e+00 -3.188743e-02 2.223170e+00 5.629148e-01 6.939656e-01 8.370023e-01 -1.423472e+00 -7.943405e-01 -3.937264e-01 -1.453304e-01 -1.040579e+00 -1.366202e+00 -5.557087e-01 -3.425470e-01 -9.426817e-02 -1.040571e-01 2.679000e-01 6.163639e-01 6.517069e-01 5.023613e-01 1.591337e-01 2.589402e-01 1.550755e-01 2.191660e-03 4.089784e-02
<VARIANCE> 39
 2.255861e+01 2.669878e+01 3.343487e+01 2.663257e+01 3.958937e+01 3.263045e+01 3.817547e+01 3.857793e+01 4.126397e+01 5.174404e+01 5.814277e+01 5.198557e+01 2.069027e+01 2.257302e+00 2.427613e+00 3.105597e+00 2.865043e+00 4.552825e+00 4.102951e+00 4.743349e+00 4.677032e+00 4.181202e+00 4.082455e+00 4.026852e+00 4.197779e+00 1.078489e+00 2.629679e-01 3.874837e-01 3.318800e-01 3.813960e-01 4.581545e-01 4.670873e-01 5.505908e-01 5.823543e-01 5.937805e-01 6.066251e-01 5.864688e-01 5.397188e-01 9.225220e-02
<GCONST> 1.221077e+02
<MIXTURE> 8 7.697976e-02
<MEAN> 39
 1.743284e+00 -4.004304e+00 -4.436504e+00 -1.828465e+00 2.444851e+00 -3.101610e+00 -4.076752e+00 3.376230e+00 3.179798e+00 6.028262e+00 1.215874e+01 1.378713e+01 3.689654e+00 2.205525e-01 9.467033e-01 2.873299e-01 1.131981e-01 -1.236099e+00 -9.103121e-01 -3.866883e-01 -1.070643e+00 4.656757e-02 9.353869e-02 -4.324414e-01 -5.138927e-01 -1.112999e+00 -9.583036e-02 1.452296e-01 4.551354e-02 1.738536e-01 4.169705e-02 1.106010e-01 1.113892e-01 -6.789016e-02 -6.619590e-02 -2.874338e-01 -4.194573e-01 -4.871635e-01 -1.205934e-01
<VARIANCE> 39
 1.231724e+01 2.243946e+01 3.215298e+01 2.917583e+01 5.572388e+01 5.255813e+01 6.221651e+01 5.691173e+01 7.062746e+01 8.942347e+01 6.888367e+01 5.878540e+01 2.175138e+01 7.239034e-01 1.090190e+00 1.555277e+00 2.017099e+00 2.616788e+00 3.106371e+00 3.291172e+00 3.427033e+00 3.566603e+00 4.055069e+00 3.900856e+00 3.592955e+00 5.904257e-01 1.343767e-01 1.852474e-01 2.579308e-01 3.549459e-01 4.700038e-01 5.133488e-01 5.725951e-01 5.718601e-01 6.075367e-01 6.799135e-01 5.892795e-01 6.087421e-01 1.036136e-01
<GCONST> 1.178451e+02
<TRANSP> 6
 0.000000e+00 1.000000e+00 0.000000e+00 0.000000e+00 0.000000e+00 0.000000e+00
 0.000000e+00 8.613703e-01 1.386297e-01 0.000000e+00 0.000000e+00 0.000000e+00
 0.000000e+00 0.000000e+00 9.034975e-01 9.650258e-02 0.000000e+00 0.000000e+00
 0.000000e+00 0.000000e+00 0.000000e+00 8.383034e-01 1.616966e-01 0.000000e+00
 0.000000e+00 0.000000e+00 0.000000e+00 0.000000e+00 7.086707e-01 2.913294e-01
 0.000000e+00 0.000000e+00 0.000000e+00 0.000000e+00 0.000000e+00 0.000000e+00
<ENDHMM>
