~o
<STREAMINFO> 1 39
<VECSIZE> 39<NULLD><MFCC_D_A_Z_0><DIAGC>
~h "b"
<BEGINHMM>
<NUMSTATES> 6
<STATE> 2
<NUMMIXES> 8
<MIXTURE> 1 7.888066e-02
<MEAN> 39
 3.993825e+00 1.487510e+00 9.967130e-03 -2.160451e-01 -2.499526e+00 -5.952703e+00 -5.622203e+00 -3.808176e+00 2.920653e+00 5.625386e+00 5.099653e+00 4.859138e+00 -4.058741e+00 -3.546631e-02 -5.386868e-01 -3.037615e-01 -4.225020e-01 -1.942458e-01 6.726807e-02 3.731016e-01 9.708083e-01 1.046568e+00 2.900641e-01 -1.364939e-01 6.483161e-02 1.325493e+00 -1.706647e-01 -4.096203e-01 -1.968893e-02 -1.645269e-01 9.123556e-02 3.011959e-01 4.486224e-01 5.319678e-01 -2.970441e-02 -3.061516e-01 -2.096925e-01 5.525390e-02 7.463251e-01
<VARIANCE> 39
 1.556894e+01 2.376608e+01 3.144920e+01 2.955304e+01 4.338789e+01 4.045862e+01 4.676004e+01 5.858315e+01 6.508114e+01 6.817308e+01 7.033548e+01 7.445988e+01 4.213036e+01 1.324770e+00 2.224234e+00 3.101908e+00 3.158272e+00 3.527609e+00 4.085315e+00 4.373632e+00 6.170706e+00 5.337358e+00 5.151443e+00 5.035683e+00 5.285050e+00 3.665688e+00 2.411623e-01 3.654982e-01 4.726844e-01 5.204868e-01 6.708325e-01 7.268522e-01 8.120761e-01 1.084155e+00 1.012111e+00 9.566912e-01 8.779549e-01 1.015455e+00 6.138427e-01
<GCONST> 1.324220e+02
<MIXTURE> 2 1.012968e-01
<MEAN> 39
 8.275966e+00 8.171509e+00 6.720354e+00 4.045777e+00 2.720428e+00 -3.715039e+00 -3.978009e+00 -8.838440e+00 -3.825211e+00 -3.280966e+00 -5.945652e+00 -7.804688e+00 -8.974728e+00 9.174446e-02 6.642687e-01 2.507159e-01 5.122648e-01 -1.473157e-01 -4.406760e-02 -1.446340e-01 -3.950733e-01 -1.003177e-01 -1.032778e-01 -1.207193e-01 -2.290914e-01 4.703710e-01 -6.088014e-01 -7.114057e-01 -4.968650e-01 -1.911263e-01 -2.920457e-01 1.330572e-01 1.767052e-01 6.463848e-01 3.891558e-01 3.964327e-01 4.403791e-01 6.330807e-01 7.483875e-01
<VARIANCE> 39
 3.552207e+01 3.607857e+01 4.446920e+01 4.654034e+01 5.896296e+01 5.101980e+01 5.314462e+01 5.702170e+01 5.405262e+01 5.679895e+01 6.340987e+01 5.439672e+01 3.451458e+01 4.361795e+00 2.501108e+00 3.013135e+00 3.172488e+00 3.719076e+00 4.042928e+00 4.314596e+00 4.578034e+00 4.248220e+00 3.971898e+00 4.060877e+00 4.168408e+00 3.709116e+00 4.296805e-01 5.115609e-01 6.519208e-01 6.634367e-01 9.231096e-01 8.467209e-01 9.318337e-01 9.294022e-01 9.943356e-01 8.787372e-01 8.279291e-01 8.556289e-01 8.669412e-01
<GCONST> 1.361510e+02
<MIXTURE> 3 1.470264e-01
<MEAN> 39
 -4.589341e+00 3.736273e+00 1.753622e+00 6.429524e+00 5.143156e+00 2.986659e+00 3.505100e+00 -7.451727e-01 1.124736e+00 4.074132e-01 -3.908831e-01 -1.715271e+00 -1.426233e+01 8.881730e-01 -6.383854e-01 -8.805528e-02 -6.837610e-01 -1.115690e+00 -1.131531e+00 -5.309240e-01 3.453680e-01 6.692912e-01 6.609634e-01 5.036079e-01 5.850861e-01 3.118465e+00 8.209568e-01 -3.337725e-01 -8.331016e-02 -6.458388e-01 -7.493408e-01 -7.186133e-01 -6.567022e-01 -3.553589e-02 3.259878e-03 4.192559e-02 -2.604820e-02 1.146882e-01 1.422527e+00
<VARIANCE> 39
 1.623062e+01 1.812986e+01 2.200736e+01 2.417845e+01 3.248108e+01 2.866972e+01 2.862202e+01 3.067815e+01 3.157297e+01 2.883157e+01 3.081193e+01 3.528425e+01 3.327833e+01 3.472401e+00 3.170343e+00 2.869514e+00 3.053228e+00 3.540744e+00 3.840453e+00 4.187328e+00 4.017327e+00 3.456885e+00 3.407251e+00 3.374961e+00 3.206164e+00 5.276784e+00 2.639222e-01 3.291242e-01 4.872919e-01 5.168453e-01 5.983965e-01 6.200138e-01 6.394945e-01 7.078497e-01 6.765696e-01 6.577578e-01 7.143552e-01 7.722608e-01 4.621513e-01
<GCONST> 1.232927e+02
<MIXTURE> 4 1.582860e-01
<MEAN> 39
 2.510159e+00 4.953819e+00 3.442752e+00 3.854425e+00 5.978246e-01 -1.679941e+00 -1.868288e+00 -4.370707e+00 -1.713384e+00 -8.650478e-01 -2.094322e+00 -3.140147e+00 -6.485430e+00 5.699418e-02 2.006070e-01 4.702188e-02 9.087329e-02 6.130437e-02 6.369016e-02 3.814404e-02 -5.007975e-02 -5.659544e-02 -1.864690e-02 -5.755077e-02 -7.371755e-02 -2.265327e-01 -5.888453e-02 -9.338041e-02 -2.699236e-02 -2.127323e-02 3.514466e-02 8.343448e-02 9.131772e-02 1.154120e-01 5.675455e-02 -8.709209e-03 3.622762e-02 6.304660e-02 6.595317e-02
<VARIANCE> 39
 3.763778e+01 4.670456e+01 4.085680e+01 4.673882e+01 5.114776e+01 4.427070e+01 4.656723e+01 5.310453e+01 4.698408e+01 4.965815e+01 5.652054e+01 5.437253e+01 6.769271e+01 3.709584e-01 5.835180e-01 7.377142e-01 9.564951e-01 1.277097e+00 1.385016e+00 1.623138e+00 1.775082e+00 1.691607e+00 1.716798e+00 1.633949e+00 1.656919e+00 3.389228e-01 6.747273e-02 1.072655e-01 1.367978e-01 1.869316e-01 2.468510e-01 2.647034e-01 3.067631e-01 3.472729e-01 3.469183e-01 3.453984e-01 3.293389e-01 3.145880e-01 6.541028e-02
<GCONST> 1.022938e+02
<MIXTURE> 5 1.348779e-01
<MEAN> 39
 4.990003e+00 1.018895e+01 5.696133e+00 6.597541e+00 3.540401e+00 -6.698662e-01 -1.616384e+00 -6.931453e+00 -3.822937e+00 -2.075279e+00 -3.751649e+00 -5.221339e+00 -1.002954e+01 -7.024539e-01 -1.005438e+00 -3.613593e-01 -2.754419e-02 3.439592e-04 -6.022140e-02 1.092161e-01 6.031142e-01 6.552506e-01 3.375059e-01 4.784569e-01 7.269211e-01 1.059984e+00 -2.284398e-02 -1.106999e+00 -4.703739e-01 -6.915980e-01 -6.536939e-01 -3.910232e-01 -2.568213e-01 5.481592e-01 5.109763e-01 3.381023e-01 2.948942e-01 3.912143e-01 1.329767e+00
<VARIANCE> 39
 1.756457e+01 2.182122e+01 2.652150e+01 2.725908e+01 4.312675e+01 3.728979e+01 3.810771e+01 4.150833e+01 3.807695e+01 4.279712e+01 4.221655e+01 4.384755e+01 2.407585e+01 1.407119e+00 2.074385e+00 1.764990e+00 2.018866e+00 2.202550e+00 2.595781e+00 2.785127e+00 2.837374e+00 2.988356e+00 2.703195e+00 2.535257e+00 2.299313e+00 2.141241e+00 2.617105e-01 3.146634e-01 5.135271e-01 5.045044e-01 6.945306e-01 7.007331e-01 7.481706e-01 8.366748e-01 8.062313e-01 7.554387e-01 6.422568e-01 6.604130e-01 2.737540e-01
<GCONST> 1.201403e+02
<MIXTURE> 6 1.718203e-01
<MEAN> 39
 -1.402319e+00 4.363284e+00 2.765967e+00 6.457164e+00 5.031118e+00 1.984866e+00 1.774098e+00 -1.582378e+00 -5.058188e-02 -5.344628e-01 -9.553415e-01 -2.185864e+00 -1.212701e+01 -6.206604e-02 3.427558e-01 7.566481e-02 8.494075e-02 1.116652e-01 1.802230e-01 1.510848e-01 -1.148757e-01 8.048846e-03 1.783621e-01 1.084946e-02 -4.857973e-02 -3.927012e-01 5.205064e-02 -1.923563e-01 -5.756402e-02 -1.819949e-01 -2.424741e-01 -2.275599e-01 -1.346517e-01 5.262780e-02 6.906455e-02 4.139283e-02 8.059070e-02 1.162460e-01 4.419069e-01
<VARIANCE> 39
 3.418811e+01 2.877440e+01 2.441802e+01 2.523771e+01 3.103413e+01 3.163319e+01 2.947856e+01 2.941120e+01 3.042848e+01 3.044563e+01 3.141848e+01 3.602185e+01 3.806700e+01 4.284559e-01 7.154740e-01 7.642320e-01 9.155602e-01 1.157141e+00 1.304985e+00 1.527239e+00 1.688946e+00 1.596906e+00 1.674814e+00 1.568843e+00 1.493701e+00 5.005605e-01 1.483865e-01 1.828369e-01 2.005174e-01 2.366275e-01 3.007592e-01 3.234428e-01 3.595113e-01 3.902061e-01 3.867856e-01 3.694687e-01 3.453383e-01 3.380098e-01 1.802787e-01
<GCONST> 1.003561e+02
<MIXTURE> 7 1.044066e-01
<MEAN> 39
 -5.879659e+00 -8.516477e-01 5.524831e-01 3.181015e+00 2.587523e+00 5.372663e-01 2.311388e+00 1.114879e+00 2.605400e+00 2.458513e+00 1.714264e+00 9.893180e-01 -4.420978e+00 1.461155e+00 3.184317e-01 7.098880e-01 -1.257633e-01 -1.092561e+00 -1.259090e+00 -1.135601e+00 -6.591939e-01 -4.324071e-01 -2.790681e-01 -2.754320e-01 -8.824781e-02 2.376587e+00 8.777871e-01 4.372575e-01 2.270140e-01 -1.199801e-01 -3.542280e-01 -2.776948e-01 -4.608354e-01 -4.367037e-01 -3.919314e-01 -2.558384e-01 -2.780874e-01 -2.755933e-01 1.152865e-01
<VARIANCE> 39
 2.476122e+01 3.021496e+01 3.089600e+01 3.199831e+01 3.685694e+01 3.603743e+01 3.261824e+01 3.318221e+01 3.309530e+01 2.933027e+01 2.958081e+01 2.695435e+01 5.440817e+01 3.661482e+00 3.487489e+00 3.610575e+00 3.054363e+00 3.594242e+00 3.789465e+00 3.666020e+00 4.093371e+00 3.888061e+00 3.437574e+00 3.267984e+00 2.950875e+00 4.453659e+00 3.649613e-01 5.396829e-01 5.784569e-01 5.979110e-01 6.234372e-01 6.554039e-01 6.237529e-01 6.416643e-01 6.902640e-01 6.340625e-01 6.387143e-01 5.373206e-01 6.292994e-01
<GCONST> 1.266896e+02
<MIXTURE> 8 1.034054e-01
<MEAN> 39
 2.919395e+00 4.113870e+00 3.490014e+00 5.026044e+00 2.483752e+00 -1.556298e+00 -2.068570e+00 -3.700861e+00 -1.564344e+00 -1.025349e+00 -1.826307e+00 -2.079109e+00 -3.521385e+00 8.935571e-02 -1.409196e+00 -1.229528e-01 -7.439466e-01 -1.922128e+00 -1.351800e+00 -7.324166e-01 8.367721e-01 6.168119e-01 4.738990e-01 7.200627e-01 1.094935e+00 2.228108e+00 9.048934e-02 -3.370352e-01 2.330269e-04 -5.012531e-01 -7.163060e-01 -2.114010e-01 -3.630181e-03 2.475257e-01 2.932444e-03 1.565010e-01 1.350366e-01 9.414109e-02 5.274637e-01
<VARIANCE> 39
 1.402810e+01 1.592157e+01 2.108300e+01 2.123642e+01 3.162162e+01 2.953215e+01 3.007342e+01 2.969117e+01 2.921655e+01 2.701392e+01 2.686647e+01 2.943858e+01 1.730251e+01 2.017184e+00 2.407723e+00 3.441500e+00 3.372092e+00 3.971156e+00 4.318443e+00 4.271321e+00 4.866936e+00 4.828363e+00 4.101391e+00 3.781538e+00 3.558785e+00 1.309066e+00 1.946899e-01 2.414399e-01 3.837503e-01 3.536656e-01 5.767513e-01 5.277385e-01 5.773552e-01 6.295158e-01 6.856405e-01 5.432542e-01 5.483795e-01 5.429602e-01 1.755335e-01
<GCONST> 1.175867e+02
<STATE> 3
<NUMMIXES> 8
<MIXTURE> 1 8.123255e-02
<MEAN> 39
 4.011985e+00 8.591256e+00 6.604539e+00 7.418032e+00 7.673151e+00 1.603308e+00 7.361438e-01 -3.715325e+00 -3.546959e+00 1.063643e+00 -3.590815e-01 -6.346166e-01 -8.506587e+00 -3.095638e-02 -2.765997e+00 -1.915001e+00 -1.809101e+00 -2.138321e+00 -1.109069e+00 -1.391169e+00 6.579907e-01 1.606933e+00 9.166681e-01 7.040992e-01 5.206083e-01 4.540283e+00 1.038004e-01 -8.983284e-01 -5.749167e-01 -7.835480e-01 -9.076670e-01 -3.059251e-01 -3.195673e-01 2.871769e-01 5.815811e-01 2.671704e-02 2.972384e-02 -2.669723e-01 1.077165e+00
<VARIANCE> 39
 1.973429e+01 1.870846e+01 2.205665e+01 2.345235e+01 2.535178e+01 3.286765e+01 2.928793e+01 3.326153e+01 3.691879e+01 3.094353e+01 2.788411e+01 2.646984e+01 2.633093e+01 4.152496e+00 2.984354e+00 4.245474e+00 4.999631e+00 4.997693e+00 6.300966e+00 5.646401e+00 6.487629e+00 6.655926e+00 5.245464e+00 4.551289e+00 4.049374e+00 2.592436e+00 3.714470e-01 3.581378e-01 4.500653e-01 4.837813e-01 5.873084e-01 7.909195e-01 7.293707e-01 8.230203e-01 8.729941e-01 7.979005e-01 7.178210e-01 5.921320e-01 3.406771e-01
<GCONST> 1.272893e+02
<MIXTURE> 2 1.363423e-01
<MEAN> 39
 4.671358e+00 1.192139e+00 -3.910006e-01 7.576962e-01 -3.033296e+00 -6.192911e+00 -3.994368e+00 5.929185e-01 6.711188e+00 3.122518e+00 4.449148e-01 1.579714e+00 1.061506e+00 6.704186e-01 -2.443746e+00 -7.581861e-01 -2.128041e+00 -1.261624e+00 -9.108281e-01 3.507155e-01 2.817577e+00 1.320245e+00 3.544522e-01 2.095793e-01 1.806728e+00 3.618279e+00 -3.395007e-01 -1.911699e-01 1.431009e-01 -9.318817e-02 2.472030e-01 5.426888e-01 5.827197e-01 -2.792013e-02 -9.026405e-01 -4.941422e-01 -1.215452e-01 4.442208e-03 -1.311164e-01
<VARIANCE> 39
 1.164826e+01 1.780897e+01 2.033423e+01 2.150289e+01 3.137236e+01 2.962120e+01 4.335937e+01 3.432019e+01 3.346956e+01 4.282904e+01 5.182500e+01 5.585098e+01 1.657686e+01 3.341931e+00 3.397022e+00 4.172189e+00 4.168982e+00 6.423858e+00 6.148980e+00 7.022150e+00 6.483044e+00 6.303352e+00 7.162819e+00 7.054943e+00 6.965633e+00 3.249373e+00 2.112552e-01 2.876849e-01 3.006265e-01 3.562968e-01 5.351573e-01 4.959101e-01 7.085270e-01 6.439331e-01 5.800982e-01 7.144279e-01 6.916412e-01 8.040736e-01 2.451905e-01
<GCONST> 1.269229e+02
<MIXTURE> 3 1.048132e-01
<MEAN> 39
 4.820123e+00 8.819061e+00 3.387429e+00 6.146576e+00 -3.452450e-02 -3.505813e+00 -4.648092e+00 -9.259001e+00 -2.622061e+00 -4.554368e+00 -6.341008e+00 -8.144702e+00 -6.980824e+00 -3.371489e-01 -2.768353e+00 -1.214831e+00 -1.560851e+00 -1.089664e+00 -5.313234e-01 -4.025120e-02 2.458087e+00 1.859012e+00 1.461055e+00 1.128674e+00 1.865503e+00 3.892490e+00 4.701600e-02 -1.058577e+00 -2.650654e-01 -9.407241e-01 -1.650269e-01 1.544104e-02 2.629541e-01 1.010721e+00 3.010564e-01 4.596354e-01 1.363129e-01 6.344292e-01 9.334379e-01
<VARIANCE> 39
 2.288194e+01 2.448059e+01 2.706898e+01 2.823611e+01 3.362755e+01 3.349619e+01 3.905706e+01 3.771165e+01 4.119028e+01 3.705233e+01 4.094171e+01 3.936241e+01 3.152412e+01 3.696805e+00 3.288880e+00 4.597098e+00 4.759273e+00 5.390201e+00 5.396911e+00 5.859105e+00 6.041896e+00 6.179037e+00 5.548896e+00 5.369430e+00 5.056700e+00 2.569053e+00 4.577819e-01 4.467167e-01 6.454579e-01 5.577720e-01 8.096405e-01 7.732646e-01 1.001419e+00 9.390380e-01 1.074329e+00 9.770276e-01 9.341107e-01 8.270640e-01 4.943654e-01
<GCONST> 1.333802e+02
<MIXTURE> 4 1.465717e-01
<MEAN> 39
 5.037169e+00 2.305727e+00 -1.050819e+00 1.579158e-01 1.883672e+00 -3.372898e-01 -5.133343e+00 -6.423482e+00 -5.652525e-01 2.790268e+00 1.510563e+00 -1.166721e+00 9.660969e-01 1.434496e+00 -1.666320e+00 -1.993372e+00 -2.399512e+00 -1.242637e+00 -1.526171e-01 -1.743066e+00 2.783833e-01 1.891907e+00 1.413748e+00 4.314790e-01 -2.901970e-01 3.265076e+00 -1.401669e-01 -1.533077e-01 2.554261e-02 -1.907516e-02 -6.629638e-03 6.534589e-02 3.697269e-01 6.719961e-01 3.499800e-01 -2.279324e-01 -4.066030e-01 -2.185917e-01 -2.142278e-01
<VARIANCE> 39
 1.263622e+01 1.498145e+01 1.922759e+01 2.757792e+01 2.464282e+01 3.294471e+01 3.261071e+01 3.244133e+01 3.221731e+01 3.323397e+01 3.342377e+01 3.224677e+01 1.875710e+01 3.813291e+00 4.252845e+00 3.392501e+00 4.730120e+00 4.665985e+00 5.722855e+00 5.759889e+00 7.574629e+00 6.480220e+00 5.627619e+00 5.823310e+00 5.020580e+00 3.806635e+00 2.885115e-01 3.148085e-01 3.294790e-01 3.770424e-01 4.654073e-01 5.372130e-01 6.207678e-01 6.407511e-01 5.810049e-01 6.208868e-01 5.714496e-01 5.180441e-01 2.981132e-01
<GCONST> 1.244386e+02
<MIXTURE> 5 1.721603e-01
<MEAN> 39
 -2.335072e+00 1.642036e+00 2.794379e+00 5.133659e+00 4.291337e-01 -2.572631e+00 8.296623e-01 -1.162150e+00 1.375392e+00 3.766415e-01 2.773839e-01 -4.597065e-01 -3.536152e-01 1.967881e+00 -1.271655e+00 -2.120159e-01 -1.915766e+00 -2.333585e+00 -1.830261e+00 -1.478327e+00 1.522448e-01 2.268147e-01 6.575916e-01 3.676519e-01 7.903662e-01 4.454666e+00 5.626537e-01 -1.771710e-02 -8.666485e-02 -5.998803e-01 -1.559107e-01 1.867888e-01 -2.357331e-01 -3.547236e-02 -1.618072e-01 8.944958e-02 -1.255837e-01 -2.355066e-02 -2.934526e-01
<VARIANCE> 39
 1.579380e+01 2.846699e+01 3.104057e+01 2.804265e+01 4.189420e+01 3.982653e+01 4.263579e+01 4.179337e+01 4.218509e+01 3.681712e+01 3.794758e+01 3.649698e+01 3.541929e+01 4.225735e+00 4.241299e+00 6.225330e+00 5.461341e+00 6.166282e+00 6.287856e+00 5.755942e+00 7.103283e+00 6.437836e+00 6.220524e+00 6.023662e+00 5.947994e+00 5.210805e+00 4.783677e-01 6.913245e-01 6.429192e-01 6.589493e-01 8.300040e-01 8.970923e-01 9.546792e-01 1.053980e+00 1.051506e+00 9.655187e-01 1.125468e+00 9.723598e-01 5.731363e-01
<GCONST> 1.376034e+02
<MIXTURE> 6 1.449997e-01
<MEAN> 39
 3.195083e+00 6.220478e-01 6.289109e+00 5.901592e+00 -4.164382e+00 -8.533689e+00 -4.096028e+00 -8.699783e-01 -2.127197e+00 -1.607860e+00 1.139802e-01 1.591192e+00 1.872678e+00 2.926881e-01 -1.461984e+00 1.234260e+00 -6.544185e-01 -3.823601e+00 -1.993909e+00 -3.826481e-01 7.391244e-01 -9.383789e-01 5.261332e-02 1.004066e+00 8.526630e-01 2.920851e+00 -1.415906e-01 3.168622e-01 8.403417e-02 -4.941850e-01 -5.308656e-02 7.049714e-01 5.190886e-01 -1.879446e-01 -1.935996e-01 2.990098e-01 -3.226259e-02 -4.227858e-01 -3.753371e-01
<VARIANCE> 39
 1.022206e+01 1.685195e+01 2.086384e+01 2.615109e+01 3.113927e+01 2.703148e+01 3.049237e+01 2.951859e+01 3.140791e+01 2.857590e+01 2.967937e+01 3.078174e+01 1.846366e+01 3.294705e+00 3.244116e+00 3.228374e+00 3.526318e+00 4.086915e+00 4.839530e+00 4.942859e+00 5.456335e+00 5.396054e+00 4.995849e+00 4.171216e+00 4.197378e+00 2.277236e+00 2.359463e-01 3.185903e-01 3.235951e-01 3.497257e-01 5.038122e-01 5.218237e-01 5.616434e-01 6.234059e-01 5.519691e-01 5.166312e-01 5.578684e-01 4.680631e-01 2.790483e-01
<GCONST> 1.202334e+02
<MIXTURE> 7 8.924816e-02
<MEAN> 39
 7.844326e-01 -1.722842e-02 7.546380e-01 2.493647e-01 -6.485682e-01 -7.910905e-01 -6.057820e-01 -5.805829e-01 -4.296888e-01 -3.769162e-01 -3.066377e-01 5.263045e-02 3.579342e-01 7.029573e-02 -1.349958e-01 -9.353755e-02 -3.274853e-01 -3.248633e-01 -5.068237e-02 -8.551242e-03 1.130180e-01 -2.933366e-02 -1.554145e-02 6.443918e-02 1.255208e-01 1.376861e-01 1.894814e-03 -5.146174e-02 -1.497019e-02 -8.531493e-02 -8.787498e-02 2.545691e-03 4.370929e-02 4.308340e-02 1.000956e-02 1.199901e-02 -1.767256e-03 4.192890e-03 3.988779e-02
<VARIANCE> 39
 3.050220e+01 3.201093e+01 4.141234e+01 3.997686e+01 6.089238e+01 4.659391e+01 5.163174e+01 4.863949e+01 4.669025e+01 5.285845e+01 5.187037e+01 5.943023e+01 4.508052e+01 4.402120e-01 6.467308e-01 9.130685e-01 1.168832e+00 1.605937e+00 1.673040e+00 1.899249e+00 2.078576e+00 1.959716e+00 1.996077e+00 1.888050e+00 1.844348e+00 4.313665e-01 5.607744e-02 8.909569e-02 1.377307e-01 1.787983e-01 2.319716e-01 2.718527e-01 2.982195e-01 3.282410e-01 3.180754e-01 3.440240e-01 3.095313e-01 2.966734e-01 4.453598e-02
<GCONST> 1.025440e+02
<MIXTURE> 8 1.246322e-01
<MEAN> 39
 6.363602e+00 -3.612495e+00 -4.561800e+00 -5.014322e+00 -1.383673e+00 -3.931247e+00 -5.321468e+00 2.270328e+00 7.892879e+00 3.583518e+00 -2.556641e+00 -2.687840e+00 7.573254e+00 2.751362e-01 -3.271983e+00 -2.044564e+00 -2.636623e+00 -3.496016e-01 3.766693e-01 4.831490e-01 3.215816e+00 1.923934e+00 -2.686494e-01 -1.111210e+00 3.886776e-01 4.224158e+00 -4.617578e-01 4.540867e-01 5.242372e-01 7.413666e-01 5.428812e-01 5.333157e-01 6.686837e-01 -2.918684e-01 -1.013260e+00 -7.760290e-01 -5.444045e-02 1.360604e-01 -1.054022e+00
<VARIANCE> 39
 1.100807e+01 1.673924e+01 2.332241e+01 2.613790e+01 3.362383e+01 3.916842e+01 4.672065e+01 4.733889e+01 4.245997e+01 5.151317e+01 5.304126e+01 4.769222e+01 2.102702e+01 2.968975e+00 2.720309e+00 3.323928e+00 3.488926e+00 6.156376e+00 6.041996e+00 7.294175e+00 6.318110e+00 7.151878e+00 6.439631e+00 5.397110e+00 7.342368e+00 2.775830e+00 3.379723e-01 3.751461e-01 4.005102e-01 4.728561e-01 5.870841e-01 7.072091e-01 9.087619e-01 9.422660e-01 7.945378e-01 8.038312e-01 8.089918e-01 7.201442e-01 4.343341e-01
<GCONST> 1.306939e+02
<STATE> 4
<NUMMIXES> 8
<MIXTURE> 1 9.670343e-02
<MEAN> 39
 2.619682e+00 -5.367437e+00 -1.823350e+00 -3.677017e+00 -3.495113e+00 -7.374133e+00 -1.753232e+00 5.847221e+00 7.787645e+00 7.389588e+00 7.881608e+00 1.157904e+01 6.841812e+00 -6.246776e-01 -1.676132e+00 2.823659e-01 -9.412880e-01 -3.421912e-02 1.483154e-01 1.302267e+00 1.475298e+00 -8.614826e-01 1.133562e-01 1.522676e+00 2.565047e+00 2.177803e+00 -3.596984e-01 6.465580e-01 3.490636e-01 5.192999e-01 3.681072e-01 8.026734e-01 3.767022e-01 -8.155093e-01 -9.961443e-01 -6.689641e-01 -5.055801e-01 -8.623103e-01 -8.984438e-01
<VARIANCE> 39
 1.531560e+01 2.003580e+01 3.880675e+01 3.456799e+01 5.855160e+01 5.183458e+01 6.497801e+01 5.547876e+01 7.064442e+01 7.493268e+01 6.776247e+01 6.580903e+01 2.128571e+01 1.672573e+00 2.387306e+00 2.778889e+00 3.702831e+00 5.495306e+00 5.096801e+00 6.139814e+00 6.369635e+00 6.977038e+00 8.672196e+00 6.546076e+00 6.942584e+00 2.041312e+00 2.929949e-01 3.472535e-01 4.468827e-01 6.611561e-01 7.180755e-01 8.460640e-01 8.948677e-01 9.287597e-01 9.794050e-01 1.066396e+00 9.355678e-01 1.046840e+00 3.436536e-01
<GCONST> 1.349623e+02
<MIXTURE> 2 1.096245e-01
<MEAN> 39
 1.113732e+00 2.755001e-01 5.723049e-01 -1.197503e-01 -1.203648e+00 -1.113949e+00 -7.105863e-01 -7.051476e-01 -4.517477e-01 -4.209354e-01 -3.582100e-01 1.184123e-01 3.304950e-01 8.609962e-02 -1.867101e-01 -1.541752e-01 -4.059753e-01 -3.708782e-01 -1.203646e-02 6.168143e-02 1.746085e-01 -1.074432e-02 8.072605e-03 6.018840e-02 9.938715e-02 1.733541e-01 -2.975189e-02 2.449349e-03 2.848968e-02 4.951818e-02 3.926574e-02 3.904315e-02 3.890816e-02 4.651481e-04 1.694091e-02 1.544606e-02 -1.312663e-02 -3.543312e-02 -3.181537e-02
<VARIANCE> 39
 2.821395e+01 3.287139e+01 4.068134e+01 3.940342e+01 5.827325e+01 4.669152e+01 5.318834e+01 4.837456e+01 4.666022e+01 5.121373e+01 5.155421e+01 5.693102e+01 4.409650e+01 5.042621e-01 6.973126e-01 9.902232e-01 1.280051e+00 1.576042e+00 1.688731e+00 1.900474e+00 2.115029e+00 2.088197e+00 2.018891e+00 1.943588e+00 1.848420e+00 4.977137e-01 6.264580e-02 9.397302e-02 1.277677e-01 1.758630e-01 2.307745e-01 2.815201e-01 3.117550e-01 3.279630e-01 3.155624e-01 3.331582e-01 3.114312e-01 2.935576e-01 3.740153e-02
<GCONST> 1.029068e+02
<MIXTURE> 3 1.824600e-01
<MEAN> 39
 7.579186e+00 1.614568e-01 -4.616210e+00 -4.656711e+00 1.637359e-01 8.577977e-01 -7.097943e+00 -6.690062e+00 1.945384e+00 4.387812e+00 2.686492e+00 -1.913187e+00 3.903133e+00 1.205599e+00 -1.226683e+00 -1.405113e+00 -1.845457e+00 -5.342155e-01 2.172492e-01 -1.057829e+00 6.284085e-01 1.446815e+00 9.287586e-01 6.580564e-02 -3.956296e-01 1.937306e+00 -6.043780e-01 1.202166e-01 5.149513e-01 6.934767e-01 3.041299e-01 -7.394431e-03 7.055033e-01 7.000899e-01 -6.723773e-02 -4.845602e-01 -5.265114e-01 -5.260029e-02 -6.854420e-01
<VARIANCE> 39
 1.411114e+01 2.306554e+01 2.814126e+01 5.825832e+01 3.666911e+01 5.509134e+01 4.931339e+01 4.569448e+01 5.000770e+01 5.535855e+01 6.110746e+01 5.395564e+01 2.279052e+01 2.595317e+00 2.734996e+00 2.848288e+00 4.886220e+00 4.624965e+00 5.739524e+00 5.215570e+00 6.095644e+00 6.234118e+00 5.085394e+00 5.415600e+00 5.008684e+00 1.640633e+00 3.758203e-01 3.938174e-01 4.143684e-01 6.151844e-01 6.031721e-01 6.682543e-01 7.751908e-01 7.432029e-01 7.712809e-01 8.540921e-01 8.139128e-01 7.202060e-01 3.212189e-01
<GCONST> 1.311073e+02
<MIXTURE> 4 1.113207e-01
<MEAN> 39
 2.285722e+00 -3.874121e-01 1.085268e+01 5.153507e+00 -1.094964e+01 -9.030123e+00 -2.070659e+00 -8.527354e-01 -7.771071e+00 -1.669647e+00 3.372679e+00 1.045843e+00 4.170686e+00 -4.096291e-01 -1.023847e-01 1.625312e+00 -1.135241e+00 -3.088270e+00 3.111998e-01 7.300065e-01 -5.641228e-01 -1.561918e+00 8.029764e-01 7.588587e-01 -5.903212e-01 1.449128e+00 -2.038360e-01 5.952406e-01 -3.517136e-01 -3.439992e-01 9.143541e-01 9.262079e-01 2.665541e-01 -3.973901e-01 4.849847e-01 3.979260e-01 -4.781757e-01 -3.973778e-01 -7.067840e-01
<VARIANCE> 39
 9.552585e+00 1.742612e+01 2.702776e+01 3.217766e+01 3.096641e+01 3.449406e+01 3.262944e+01 3.796997e+01 4.031720e+01 4.140659e+01 3.543446e+01 4.073745e+01 1.748031e+01 1.351229e+00 1.540580e+00 1.939365e+00 2.249232e+00 2.813640e+00 3.578655e+00 3.775646e+00 3.649845e+00 3.625178e+00 3.570501e+00 3.171314e+00 3.045304e+00 7.958133e-01 2.485833e-01 3.108546e-01 3.251869e-01 3.571684e-01 4.633746e-01 5.334390e-01 5.674068e-01 6.190825e-01 5.903742e-01 5.266766e-01 4.681348e-01 4.935260e-01 1.989007e-01
<GCONST> 1.155453e+02
<MIXTURE> 5 1.227077e-01
<MEAN> 39
 5.528506e+00 -4.658876e+00 -6.214172e+00 -6.097127e+00 8.709704e-01 1.528028e-01 -4.320509e+00 3.293342e+00 9.743854e+00 3.548118e+00 -5.175837e+00 -6.492592e+00 8.753998e+00 -5.020621e-01 -1.497732e+00 -9.599866e-01 -5.974288e-01 5.564047e-01 9.437423e-01 1.235711e+00 2.363743e+00 8.688509e-01 -1.475216e+00 -1.659609e+00 3.801849e-02 1.535360e+00 -3.535154e-01 6.148158e-01 6.638067e-01 9.449986e-01 3.508802e-01 8.615138e-02 4.629070e-01 -4.877292e-01 -1.156080e+00 -6.916019e-01 2.893753e-01 5.585539e-01 -1.018665e+00
<VARIANCE> 39
 1.227920e+01 1.674352e+01 2.174445e+01 2.662803e+01 3.432196e+01 4.428063e+01 4.762328e+01 4.496103e+01 3.887083e+01 5.410258e+01 5.106419e+01 3.944691e+01 2.142701e+01 9.704821e-01 1.220826e+00 1.696476e+00 2.449645e+00 3.074476e+00 3.067199e+00 3.841980e+00 3.766199e+00 4.029904e+00 3.536309e+00 2.662437e+00 3.298980e+00 8.837346e-01 2.921823e-01 2.757382e-01 3.512175e-01 3.977031e-01 5.532398e-01 6.142484e-01 7.874619e-01 7.610854e-01 6.301749e-01 7.467213e-01 7.331163e-01 5.951208e-01 2.862350e-01
<GCONST> 1.189873e+02
<MIXTURE> 6 1.564260e-01
<MEAN> 39
 4.580811e+00 -2.600321e+00 1.771052e+00 3.203675e-01 -7.626039e+00 -8.864842e+00 -4.643163e+00 3.773494e+00 2.869019e+00 -3.713324e-01 -2.002348e+00 1.070006e+00 6.333766e+00 1.684614e-03 -1.197652e+00 2.143047e-02 -1.184967e+00 -1.983390e+00 -3.080774e-01 1.188525e+00 2.111945e+00 -8.861230e-02 -4.013870e-01 -6.551069e-03 4.089681e-01 1.840105e+00 -4.002928e-01 5.338639e-01 1.686495e-01 1.849120e-01 7.451395e-01 8.814720e-01 7.669668e-01 -4.467832e-01 -5.404814e-01 -7.039039e-02 6.500235e-02 -3.451659e-01 -8.336610e-01
<VARIANCE> 39
 1.065202e+01 1.649924e+01 1.880124e+01 2.407872e+01 2.878478e+01 2.875438e+01 4.012676e+01 3.668509e+01 3.619149e+01 3.393851e+01 3.988534e+01 4.140869e+01 1.942172e+01 1.564849e+00 1.610712e+00 1.663038e+00 2.069221e+00 3.274843e+00 3.669653e+00 4.434820e+00 3.883777e+00 4.058084e+00 3.433097e+00 3.279496e+00 3.111886e+00 1.076670e+00 2.825741e-01 3.171152e-01 2.668792e-01 3.382682e-01 4.508671e-01 4.778915e-01 5.733914e-01 6.612949e-01 5.251079e-01 5.457909e-01 5.443037e-01 5.421419e-01 2.435078e-01
<GCONST> 1.157831e+02
<MIXTURE> 7 1.120135e-01
<MEAN> 39
 3.029399e+00 -7.517393e+00 -3.402341e+00 -5.293600e+00 -3.817201e-01 -1.072201e+00 3.262975e+00 9.192992e+00 3.201156e+00 -4.067894e+00 -4.951235e+00 2.702120e+00 1.002567e+01 -1.013906e+00 -1.570094e+00 -2.917671e-01 -1.493102e-01 1.248867e+00 2.067163e+00 2.355024e+00 1.091427e+00 -1.849289e+00 -1.717817e+00 1.168137e-01 9.782291e-01 1.581519e+00 -1.532915e-01 8.897349e-01 4.001314e-01 9.273413e-01 2.990010e-01 1.224548e-01 -3.463449e-01 -1.325878e+00 -5.628352e-01 2.578289e-01 5.579758e-01 -3.288990e-01 -1.135129e+00
<VARIANCE> 39
 1.522523e+01 1.895894e+01 2.898595e+01 2.665802e+01 6.017109e+01 4.236798e+01 6.283483e+01 4.769319e+01 5.600421e+01 4.839560e+01 5.960690e+01 7.748133e+01 2.036940e+01 9.289781e-01 2.044490e+00 1.887661e+00 2.880394e+00 3.368800e+00 3.074415e+00 4.580974e+00 4.910094e+00 4.245186e+00 3.917743e+00 3.960609e+00 4.486471e+00 1.128179e+00 2.755750e-01 3.284991e-01 4.347563e-01 4.493570e-01 7.700379e-01 7.430839e-01 1.005193e+00 7.651458e-01 8.788021e-01 7.788592e-01 7.799160e-01 8.640469e-01 2.685558e-01
<GCONST> 1.258486e+02
<MIXTURE> 8 1.087440e-01
<MEAN> 39
 3.731143e+00 -1.961157e-01 8.244148e+00 -2.671432e+00 -1.178842e+01 -8.092263e+00 -1.413562e+00 -2.093937e+00 -2.279951e+00 3.569739e+00 6.135458e-01 1.785135e+00 5.394587e+00 8.273849e-01 -1.092653e+00 1.604876e+00 -3.058316e+00 -2.534903e+00 -4.733454e-01 -1.296048e-01 -2.853907e-01 -8.781512e-01 1.443182e+00 -3.919213e-01 6.763844e-01 2.856965e+00 -5.872235e-01 3.710074e-01 -3.880669e-01 3.133016e-01 1.148930e+00 1.053739e+00 3.148997e-01 -1.142926e-01 2.585746e-01 -2.210607e-01 -3.478307e-01 -4.177199e-01 -1.071529e+00
<VARIANCE> 39
 1.863502e+01 3.344631e+01 3.821924e+01 4.212154e+01 4.342426e+01 4.474594e+01 4.286629e+01 5.954894e+01 5.031234e+01 5.531703e+01 5.428606e+01 5.235062e+01 2.959545e+01 3.377207e+00 4.069663e+00 4.366485e+00 4.585820e+00 6.091194e+00 6.199165e+00 6.572579e+00 8.246943e+00 6.782936e+00 7.782371e+00 7.634718e+00 6.824869e+00 3.537669e+00 4.019829e-01 6.274893e-01 4.694020e-01 6.562662e-01 6.999857e-01 7.834142e-01 7.837768e-01 9.682183e-01 7.940314e-01 8.811231e-01 7.747890e-01 7.393293e-01 5.179080e-01
<GCONST> 1.376048e+02
<STATE> 5
<NUMMIXES> 8
<MIXTURE> 1 1.619134e-01
<MEAN> 39
 3.871062e+00 -5.595645e+00 -5.105755e+00 -4.138806e+00 8.379961e-01 -8.932177e-03 3.053501e-02 6.906367e+00 5.953133e+00 -2.519599e+00 -6.835682e+00 -2.551436e+00 9.201684e+00 -5.540553e-01 -5.104191e-01 -1.826406e-01 3.836286e-01 6.612310e-01 9.143833e-01 1.285255e+00 5.783200e-01 -1.010851e+00 -1.439880e+00 -1.339832e-01 7.456764e-01 3.918773e-01 2.870732e-02 4.076511e-01 2.988055e-01 3.526383e-01 3.131012e-02 -1.390557e-01 -2.855943e-01 -7.841596e-01 -4.134202e-01 2.349066e-01 5.254706e-01 6.844956e-02 -5.335448e-01
<VARIANCE> 39
 1.155995e+01 1.697964e+01 2.523764e+01 2.304366e+01 4.465027e+01 4.328251e+01 5.373061e+01 4.255965e+01 4.933495e+01 5.116582e+01 3.640743e+01 4.460067e+01 1.894592e+01 3.486236e-01 6.999543e-01 9.892210e-01 1.234294e+00 1.953744e+00 2.044052e+00 2.410766e+00 2.783031e+00 2.556286e+00 2.542089e+00 2.393580e+00 2.108882e+00 3.037629e-01 1.284069e-01 1.657615e-01 2.139969e-01 2.674788e-01 3.907304e-01 3.963140e-01 5.232202e-01 4.657856e-01 5.258562e-01 4.824762e-01 3.636060e-01 4.174251e-01 1.017238e-01
<GCONST> 1.056384e+02
<MIXTURE> 2 8.890821e-02
<MEAN> 39
 7.461656e-01 2.081901e+00 1.385411e+01 -1.560027e+00 -1.360573e+01 -3.361908e+00 -4.222142e-01 -6.269247e+00 -6.827286e+00 4.838693e+00 -8.136897e-01 -1.477878e+00 4.767370e+00 -7.291208e-01 8.417000e-01 7.781171e-01 -1.492417e+00 -4.146869e-01 1.733852e+00 6.332850e-02 -1.186681e+00 3.619955e-01 8.943974e-01 -1.022475e+00 -4.729449e-01 4.310758e-01 -4.766817e-02 2.238837e-01 -6.503903e-01 4.004889e-01 9.869918e-01 6.398810e-02 -1.048087e-01 2.356165e-01 6.036415e-01 -4.451414e-01 -9.753004e-02 1.163898e-01 -5.362549e-01
<VARIANCE> 39
 1.139017e+01 1.919679e+01 2.731079e+01 4.703595e+01 2.921224e+01 3.337331e+01 3.555269e+01 3.958150e+01 5.343182e+01 5.083916e+01 5.979435e+01 4.777921e+01 1.669197e+01 5.409290e-01 8.476064e-01 1.172339e+00 1.833326e+00 2.172472e+00 2.114050e+00 2.374501e+00 2.354680e+00 2.521016e+00 2.560236e+00 2.592592e+00 2.209128e+00 3.807641e-01 1.765597e-01 2.361534e-01 2.397038e-01 4.047581e-01 4.243941e-01 4.604028e-01 5.455815e-01 4.911175e-01 5.469452e-01 5.487204e-01 5.509076e-01 4.373127e-01 1.237886e-01
<GCONST> 1.097336e+02
<MIXTURE> 3 1.283342e-01
<MEAN> 39
 -3.733102e-01 -6.761004e+00 -2.578893e+00 -2.195740e+00 1.755024e+00 1.897938e+00 5.310442e+00 4.946096e+00 -7.514583e-01 -2.091033e+00 5.225448e+00 1.031755e+01 9.385792e+00 -5.312201e-01 -2.435755e-01 2.104534e-01 6.307773e-01 9.235997e-01 1.112370e+00 7.086711e-01 -4.796295e-01 -1.308033e+00 -5.280432e-01 5.347558e-01 4.996163e-02 2.847209e-01 2.271228e-01 2.864511e-01 4.559826e-02 7.354259e-02 -2.008923e-01 -4.126177e-01 -5.826244e-01 -2.675037e-01 4.610210e-01 4.680130e-01 -1.985218e-01 -5.829917e-01 -4.170962e-01
<VARIANCE> 39
 1.808121e+01 2.210307e+01 2.709192e+01 3.252042e+01 5.619756e+01 5.311355e+01 6.841517e+01 5.653318e+01 5.763349e+01 7.551456e+01 1.009272e+02 9.634187e+01 2.423024e+01 6.146080e-01 1.088250e+00 1.355129e+00 1.880164e+00 2.657378e+00 3.152164e+00 3.963784e+00 3.138510e+00 3.673748e+00 3.841432e+00 4.149888e+00 4.009045e+00 3.859761e-01 1.178506e-01 2.334309e-01 2.532696e-01 3.437445e-01 4.200219e-01 5.370218e-01 6.797401e-01 6.566533e-01 5.548529e-01 6.712171e-01 6.395356e-01 7.590818e-01 1.158312e-01
<GCONST> 1.189489e+02
<MIXTURE> 4 1.398911e-01
<MEAN> 39
 7.187970e+00 -2.152371e+00 1.376893e+00 -2.610225e+00 -1.382720e+00 -4.190106e+00 -4.229332e+00 -2.573417e+00 1.556328e+00 1.041820e+00 -8.625481e-01 -5.485081e-01 4.379338e+00 6.301239e-02 -5.177305e-01 2.698038e-02 -3.170651e-01 -1.606850e-01 1.927345e-02 2.352429e-01 8.608558e-01 1.199454e-01 -1.396737e-01 -2.408687e-01 8.555429e-02 6.650837e-01 -5.749850e-01 2.949008e-01 3.890477e-02 4.182919e-01 1.311579e-01 3.157558e-01 3.904069e-01 1.736387e-01 -1.031354e-01 -8.904626e-02 4.588976e-02 -1.187967e-02 -4.033038e-01
<VARIANCE> 39
 3.273205e+01 4.823716e+01 8.147929e+01 8.795986e+01 7.999781e+01 8.360892e+01 8.420747e+01 8.452769e+01 8.103001e+01 8.240243e+01 8.116391e+01 7.422061e+01 3.780956e+01 1.776078e+00 3.088086e+00 3.297638e+00 4.221091e+00 5.066571e+00 4.801918e+00 5.698916e+00 6.182309e+00 5.500908e+00 5.181874e+00 4.702795e+00 4.588568e+00 1.729270e+00 4.279659e-01 6.138524e-01 8.139543e-01 1.009152e+00 1.003219e+00 1.061348e+00 1.207599e+00 1.195335e+00 1.155105e+00 1.156135e+00 9.970395e-01 9.381089e-01 4.149791e-01
<GCONST> 1.430376e+02
<MIXTURE> 5 1.341363e-01
<MEAN> 39
 6.173513e+00 -5.269666e-01 -4.972649e+00 -5.974034e+00 4.596624e-01 2.389069e+00 -6.739483e+00 -3.106263e+00 5.963313e+00 5.673409e+00 1.247563e+00 -3.231720e+00 6.045081e+00 -2.908085e-01 -3.842604e-01 -4.205952e-01 -8.172251e-02 2.654083e-01 1.307847e-01 2.644027e-01 1.171901e+00 8.631341e-01 -3.137160e-01 -8.402624e-01 -3.508262e-01 5.657656e-01 -2.080108e-01 1.451203e-01 3.425807e-01 4.984793e-01 1.656270e-01 -1.508903e-01 3.700490e-01 1.170759e-02 -4.690219e-01 -4.646515e-01 -1.342956e-01 1.774267e-01 -4.089595e-01
<VARIANCE> 39
 1.096670e+01 1.977377e+01 2.385540e+01 4.278287e+01 3.711353e+01 5.909943e+01 4.971898e+01 5.062302e+01 4.935106e+01 4.698899e+01 5.822540e+01 5.334511e+01 1.913411e+01 3.959101e-01 7.582732e-01 9.409038e-01 1.597969e+00 1.851629e+00 2.321460e+00 2.207474e+00 2.526720e+00 2.509408e+00 2.611791e+00 2.568195e+00 2.292240e+00 3.272930e-01 1.371351e-01 1.628021e-01 1.951297e-01 3.332285e-01 3.655716e-01 4.414318e-01 4.758832e-01 5.457449e-01 5.180835e-01 4.824283e-01 5.090535e-01 4.888817e-01 9.128721e-02
<GCONST> 1.082891e+02
<MIXTURE> 6 1.368161e-01
<MEAN> 39
 2.296746e+00 -2.049270e+00 5.359066e+00 7.866541e-01 -1.090279e+01 -7.923782e+00 -2.315804e-01 4.112622e+00 -2.023305e+00 -9.699447e-01 1.763586e+00 1.836035e+00 7.346021e+00 -6.793479e-01 1.518633e-01 4.055108e-01 -6.652487e-01 -9.192261e-01 8.184978e-01 1.711422e+00 2.649757e-01 -8.074272e-01 1.310253e-01 3.557031e-01 -4.478808e-01 5.009712e-01 -1.890714e-02 3.538000e-01 -7.280953e-02 1.559151e-01 7.416639e-01 3.942396e-01 -5.076000e-02 -5.512670e-01 7.375228e-02 1.491489e-01 -2.191450e-01 -2.603024e-01 -5.420433e-01
<VARIANCE> 39
 9.579339e+00 1.602936e+01 2.425014e+01 2.976674e+01 2.896221e+01 3.491102e+01 3.887449e+01 3.956966e+01 5.039215e+01 3.824137e+01 4.745262e+01 4.783954e+01 1.808231e+01 2.847708e-01 5.934476e-01 1.012365e+00 1.126101e+00 1.573542e+00 1.808697e+00 1.977092e+00 2.180851e+00 2.164157e+00 2.240727e+00 1.928160e+00 1.870309e+00 2.621623e-01 1.164613e-01 1.528947e-01 1.544021e-01 2.423990e-01 3.372249e-01 3.925369e-01 4.444892e-01 4.729127e-01 4.448126e-01 4.029356e-01 4.154467e-01 3.948927e-01 9.643892e-02
<GCONST> 1.013588e+02
<MIXTURE> 7 1.315066e-01
<MEAN> 39
 2.144281e+00 -2.991180e-01 -2.821291e-02 -1.868143e+00 -1.874095e+00 -3.552940e-01 -1.599015e-01 -6.449856e-01 1.391800e-01 -9.074839e-01 -9.268574e-01 -5.959729e-02 3.349618e+00 3.645565e-02 -2.201235e-02 -5.415903e-02 -6.116194e-02 -3.745049e-02 2.982703e-02 6.809750e-02 4.839242e-02 -3.279142e-02 -6.048708e-02 -5.633384e-03 -7.592609e-03 -6.142726e-02 6.153188e-03 3.561297e-02 3.902244e-02 8.156968e-02 5.251448e-02 -2.514691e-02 -3.570651e-02 -2.669690e-02 1.717165e-03 1.464314e-02 1.039407e-02 -1.758718e-02 -6.148471e-02
<VARIANCE> 39
 2.905567e+01 3.260627e+01 4.466356e+01 4.789714e+01 6.560598e+01 6.213513e+01 7.653327e+01 6.181746e+01 5.042745e+01 5.852731e+01 6.403952e+01 6.488305e+01 5.567125e+01 2.729890e-01 5.383034e-01 7.291719e-01 8.975026e-01 1.110023e+00 1.360198e+00 1.550038e+00 1.621570e+00 1.548160e+00 1.584365e+00 1.526841e+00 1.471688e+00 2.382582e-01 5.031252e-02 8.781271e-02 1.238200e-01 1.619883e-01 2.140390e-01 2.610271e-01 2.769886e-01 2.871335e-01 2.844360e-01 2.891120e-01 2.790678e-01 2.701507e-01 3.229886e-02
<GCONST> 9.931660e+01
<MIXTURE> 8 7.849418e-02
<MEAN> 39
 -1.500251e-01 -3.421800e+00 7.375621e+00 -4.385352e+00 -9.917596e+00 -5.763203e+00 3.081835e+00 1.717780e+00 -2.365349e-01 1.021486e+01 7.163167e+00 8.661944e+00 8.184623e+00 -9.927136e-01 1.683533e-01 8.003092e-01 -8.569483e-01 -1.141222e-01 1.625042e+00 1.214393e+00 -6.990760e-01 -7.765025e-01 7.125221e-01 -1.589655e-02 -6.993330e-02 6.023896e-01 6.070899e-02 5.480124e-01 -3.791012e-01 4.666826e-01 6.035271e-01 4.208477e-01 -3.060249e-01 -4.413796e-01 1.922404e-01 -7.089480e-01 -5.893831e-01 -7.256280e-01 -7.467175e-01
<VARIANCE> 39
 1.686558e+01 1.943676e+01 3.093697e+01 3.195164e+01 3.544780e+01 4.886408e+01 4.956340e+01 7.174379e+01 8.865791e+01 7.514449e+01 9.333867e+01 9.026027e+01 1.916872e+01 6.914493e-01 1.139583e+00 1.771806e+00 2.111057e+00 2.469507e+00 2.707057e+00 3.291166e+00 3.894136e+00 4.161160e+00 4.703232e+00 3.963665e+00 4.247195e+00 7.023094e-01 2.102494e-01 3.148077e-01 3.321352e-01 4.904876e-01 5.296766e-01 6.960175e-01 6.862789e-01 9.185748e-01 9.613609e-01 7.930960e-01 8.241822e-01 8.538859e-01 2.488922e-01
<GCONST> 1.237689e+02
<TRANSP> 6
 0.000000e+00 1.000000e+00 0.000000e+00 0.000000e+00 0.000000e+00 0.000000e+00
 0.000000e+00 6.382561e-01 3.617440e-01 0.000000e+00 0.000000e+00 0.000000e+00
 0.000000e+00 0.000000e+00 4.196043e-01 5.803957e-01 0.000000e+00 0.000000e+00
 0.000000e+00 0.000000e+00 0.000000e+00 3.270327e-01 6.729673e-01 0.000000e+00
 0.000000e+00 0.000000e+00 0.000000e+00 0.000000e+00 4.402543e-01 5.597457e-01
 0.000000e+00 0.000000e+00 0.000000e+00 0.000000e+00 0.000000e+00 0.000000e+00
<ENDHMM>
