~o
<STREAMINFO> 1 39
<VECSIZE> 39<NULLD><MFCC_D_A_Z_0><DIAGC>
~h "ch"
<BEGINHMM>
<NUMSTATES> 6
<STATE> 2
<NUMMIXES> 8
<MIXTURE> 1 1.902495e-01
<MEAN> 39
 -3.628476e+00 7.234602e-01 1.334213e-01 2.611260e+00 1.910568e+00 1.924775e-01 1.141684e+00 4.161378e-01 1.966908e-01 -4.328148e-01 5.529736e-01 1.430582e-01 -7.440901e+00 -3.333312e-01 1.072971e-01 -1.490991e-01 -1.169171e-02 2.189483e-01 1.993754e-01 9.092560e-02 -5.815680e-02 2.436799e-02 1.228813e-01 3.776802e-02 -1.166896e-01 -5.004466e-01 -6.931426e-02 2.242146e-02 4.005911e-02 -1.151453e-01 -5.795910e-02 -3.129789e-02 -4.023786e-02 3.957083e-02 8.129584e-03 1.724675e-02 1.128121e-02 4.526712e-02 2.348352e-01
<VARIANCE> 39
 3.023321e+01 2.482878e+01 3.565086e+01 2.497681e+01 3.262312e+01 3.525412e+01 3.218691e+01 3.365073e+01 2.916301e+01 3.095659e+01 2.675227e+01 3.348270e+01 5.748696e+01 6.725796e-01 7.996186e-01 9.475107e-01 1.091592e+00 1.396433e+00 1.729144e+00 1.733064e+00 1.830789e+00 1.808498e+00 1.629301e+00 1.595856e+00 1.625328e+00 6.632353e-01 1.180048e-01 1.496386e-01 1.832349e-01 2.176485e-01 2.726867e-01 3.265306e-01 3.324808e-01 3.603027e-01 3.344621e-01 3.348347e-01 3.058675e-01 3.168324e-01 9.850921e-02
<GCONST> 1.012126e+02
<MIXTURE> 2 1.458516e-01
<MEAN> 39
 -1.746570e+01 1.136938e+01 -6.333798e-03 1.624238e+00 6.161380e+00 7.634985e-01 3.997230e+00 8.708414e-01 3.596453e+00 3.277283e+00 3.228747e+00 -6.351230e-01 -6.185424e-01 -2.802030e+00 1.667402e+00 8.427305e-01 1.466017e-01 1.140783e+00 1.421220e+00 9.613245e-01 8.407823e-01 7.589905e-01 7.497929e-01 8.896957e-01 1.748436e-01 1.302264e+00 8.274954e-01 -5.589387e-01 3.151686e-01 -1.717059e-02 -4.077734e-01 -9.047886e-02 -1.464982e-01 -2.154811e-01 -2.808326e-01 -3.111847e-01 -1.287331e-01 -3.547460e-02 -2.580649e-01
<VARIANCE> 39
 1.533518e+01 2.866271e+01 3.719068e+01 2.935225e+01 3.219844e+01 3.330415e+01 3.768302e+01 4.148898e+01 2.907799e+01 3.002968e+01 3.132163e+01 3.775011e+01 1.786085e+01 1.467051e+00 1.978201e+00 1.830517e+00 1.733285e+00 1.681301e+00 2.078701e+00 2.321823e+00 2.240319e+00 2.440818e+00 2.343160e+00 2.130193e+00 1.948315e+00 1.084537e+00 2.108667e-01 3.110555e-01 3.561774e-01 3.147213e-01 3.863384e-01 3.579453e-01 4.224444e-01 4.694413e-01 4.128299e-01 3.619537e-01 3.625157e-01 3.846300e-01 1.541386e-01
<GCONST> 1.099392e+02
<MIXTURE> 3 1.352872e-01
<MEAN> 39
 -1.096276e+01 1.024189e+01 4.298128e-01 1.623075e+00 3.218366e+00 -3.666566e+00 1.270417e+00 -2.641080e+00 -2.010074e+00 -3.357835e+00 -2.308609e+00 -2.508788e+00 -8.674174e-01 -3.753091e+00 1.616636e+00 -2.118398e-01 -1.857017e-01 1.414249e+00 1.208028e+00 1.003951e+00 5.418923e-01 9.039017e-01 9.690679e-01 8.174589e-01 1.631354e-01 6.099299e-01 3.563519e-01 -5.383969e-01 2.493936e-01 -1.400367e-01 -2.817501e-01 2.087045e-01 -5.732376e-03 3.468808e-01 2.613095e-01 3.731826e-01 3.543460e-01 2.568184e-01 1.598586e-01
<VARIANCE> 39
 1.841911e+01 3.046420e+01 5.514422e+01 2.968773e+01 4.314528e+01 4.344881e+01 4.851767e+01 4.585381e+01 4.607716e+01 3.994057e+01 3.690662e+01 4.426573e+01 2.059407e+01 2.148382e+00 2.849059e+00 2.463259e+00 2.327873e+00 2.730538e+00 3.126801e+00 3.166106e+00 3.480527e+00 3.343624e+00 3.408632e+00 2.885082e+00 2.594512e+00 1.796869e+00 2.860396e-01 4.275560e-01 5.450482e-01 3.961152e-01 5.346271e-01 5.148221e-01 6.758990e-01 6.209242e-01 6.149830e-01 5.849745e-01 4.937318e-01 4.862809e-01 1.670916e-01
<GCONST> 1.216965e+02
<MIXTURE> 4 1.229460e-01
<MEAN> 39
 -1.362169e+00 -8.724732e-01 -2.731518e+00 -1.506868e-01 2.315608e+00 -1.784212e+00 8.147511e-01 2.490685e+00 1.069064e+00 -1.053387e+00 -1.696967e+00 -1.435679e-01 -6.034803e+00 -2.196558e+00 7.356272e-01 -3.143268e-01 -7.934462e-01 4.976031e-01 3.754307e-01 2.262289e-01 2.056669e-01 4.556529e-01 7.554558e-01 5.697286e-01 1.799535e-01 2.700289e-02 -8.178622e-01 5.229862e-01 3.370777e-01 -9.281642e-02 6.784291e-02 5.767000e-02 -1.073827e-02 -7.160542e-02 -2.921441e-02 1.119922e-01 2.782131e-01 7.943240e-02 8.407503e-01
<VARIANCE> 39
 1.239936e+01 2.066723e+01 3.027652e+01 2.145074e+01 3.117187e+01 3.663255e+01 4.522623e+01 3.656780e+01 4.339913e+01 4.306994e+01 3.442555e+01 3.118035e+01 1.943718e+01 1.870711e+00 2.177393e+00 2.324238e+00 2.380528e+00 2.362996e+00 2.599812e+00 3.184274e+00 3.105782e+00 2.943604e+00 2.990278e+00 2.712561e+00 2.251835e+00 1.520168e+00 1.829097e-01 2.967051e-01 3.298347e-01 3.357149e-01 4.135654e-01 5.531314e-01 5.946404e-01 5.403405e-01 6.031869e-01 5.888864e-01 4.488503e-01 4.023685e-01 1.417668e-01
<GCONST> 1.148304e+02
<MIXTURE> 5 1.044603e-01
<MEAN> 39
 -2.727641e+00 4.018291e+00 2.325587e+00 2.382447e+00 1.222718e+00 -2.970881e+00 -6.229023e-01 -3.754786e+00 -2.254154e+00 -1.227200e+00 -1.301581e+00 -1.726761e+00 -1.000134e+01 -3.439904e+00 2.615333e-01 -1.057113e-01 -9.980881e-01 1.527357e+00 9.105866e-01 3.132710e-01 7.138267e-01 9.003561e-01 7.752075e-01 7.439384e-01 2.636222e-01 1.394336e+00 -9.443422e-01 3.439209e-01 1.872898e-01 -2.079873e-01 1.097981e-01 3.014200e-01 2.826968e-01 4.928093e-01 3.600594e-01 2.881942e-01 3.794264e-01 2.011325e-01 1.160848e+00
<VARIANCE> 39
 2.177273e+01 2.440235e+01 3.243086e+01 2.625042e+01 3.538289e+01 3.519604e+01 3.701427e+01 3.761798e+01 3.335440e+01 3.501725e+01 3.804295e+01 4.065655e+01 3.388851e+01 2.488176e+00 4.162060e+00 3.753479e+00 3.080103e+00 4.182391e+00 3.902333e+00 4.376594e+00 3.816756e+00 4.288824e+00 3.918722e+00 3.588311e+00 3.327038e+00 2.977219e+00 2.946106e-01 4.053085e-01 4.338811e-01 4.777874e-01 5.174696e-01 5.548621e-01 5.197711e-01 5.260895e-01 5.387074e-01 5.327052e-01 4.768018e-01 4.257910e-01 3.587336e-01
<GCONST> 1.236699e+02
<MIXTURE> 6 1.596594e-01
<MEAN> 39
 -1.205989e+01 8.115137e-01 9.818507e-01 -3.283841e+00 4.547782e+00 3.027055e-01 -5.181872e-02 1.600914e+00 1.121899e+00 2.604009e+00 2.828008e+00 2.188327e-01 -2.130211e+00 -3.865435e+00 1.174165e+00 5.155153e-01 -9.728347e-01 6.957217e-01 1.161561e+00 3.655150e-01 7.570228e-01 7.052737e-01 7.918277e-01 1.222629e+00 5.080372e-01 2.624761e+00 1.509881e-01 5.539035e-01 3.743916e-01 5.689685e-01 -1.215184e-01 1.310774e-01 2.526757e-01 -8.783285e-02 1.518574e-03 -2.086041e-01 -1.232458e-01 -8.874529e-03 -4.001640e-02
<VARIANCE> 39
 1.595819e+01 3.149251e+01 3.184362e+01 2.677499e+01 3.185103e+01 3.691326e+01 3.886169e+01 3.748717e+01 3.451110e+01 3.233968e+01 2.867840e+01 2.994014e+01 2.889220e+01 2.079120e+00 2.776948e+00 2.942800e+00 2.399301e+00 3.132789e+00 3.304546e+00 3.183751e+00 2.958474e+00 3.194264e+00 2.922706e+00 2.574481e+00 2.585140e+00 2.126008e+00 2.988119e-01 4.482747e-01 4.403953e-01 3.910654e-01 4.871806e-01 5.292874e-01 5.614293e-01 4.958374e-01 5.246138e-01 4.701403e-01 4.395849e-01 3.841419e-01 4.113780e-01
<GCONST> 1.188366e+02
<MIXTURE> 7 6.652296e-02
<MEAN> 39
 -3.303376e+00 9.100691e-01 -2.984486e+00 -1.036641e-01 -5.247002e-01 -2.984657e+00 8.703205e-01 5.504984e-01 1.479032e+00 4.582978e+00 7.872847e+00 5.566983e+00 -2.984878e+00 -1.239485e+00 6.762179e-01 -3.474080e-01 4.770478e-02 3.739468e-01 2.216243e-01 1.839017e-01 -2.724066e-01 9.216172e-02 -1.336854e-01 -2.282703e-01 -3.897448e-01 -2.182389e-01 -2.047310e-01 1.107238e-01 2.306371e-01 -3.050581e-03 2.436749e-01 2.002715e-01 1.475116e-01 6.049980e-02 -5.920284e-02 -2.488911e-01 -4.572994e-01 -2.918126e-01 3.305142e-01
<VARIANCE> 39
 3.943276e+01 3.426790e+01 5.529672e+01 4.322340e+01 5.346690e+01 6.849963e+01 4.550882e+01 5.172649e+01 7.571603e+01 7.471382e+01 5.948236e+01 5.983046e+01 4.470451e+01 2.652280e+00 2.220466e+00 2.037899e+00 2.594759e+00 2.511800e+00 2.918641e+00 3.161765e+00 2.410642e+00 3.003337e+00 3.406008e+00 3.662213e+00 2.694905e+00 2.213161e+00 3.318287e-01 3.223370e-01 4.312539e-01 4.724083e-01 4.383332e-01 5.805910e-01 5.661886e-01 5.677260e-01 6.600083e-01 6.305267e-01 5.228426e-01 5.056468e-01 3.030861e-01
<GCONST> 1.263931e+02
<MIXTURE> 8 7.502300e-02
<MEAN> 39
 -7.402735e+00 2.804695e+00 3.371915e+00 3.295386e+00 6.759417e+00 3.333338e+00 2.594951e+00 1.218346e+00 7.835891e-01 1.291378e+00 2.096714e-02 -5.144811e-01 -9.160343e+00 -2.490791e+00 -8.582889e-01 -4.531221e-01 -1.422783e+00 1.335243e-01 6.017821e-01 1.505782e-01 6.445762e-01 4.368622e-01 7.916177e-01 1.149982e+00 5.793447e-01 1.169414e+00 -1.385001e-01 6.204372e-02 -9.876007e-02 -3.289938e-01 -5.833659e-01 -4.709277e-01 -2.632985e-01 -5.831780e-02 -2.027109e-02 -3.676176e-02 1.319797e-01 1.163085e-01 9.059539e-01
<VARIANCE> 39
 3.241953e+01 2.644049e+01 3.567157e+01 2.690505e+01 2.511869e+01 3.173167e+01 2.952481e+01 2.976401e+01 2.834959e+01 2.727606e+01 2.681018e+01 2.116337e+01 3.700323e+01 4.621228e+00 3.064121e+00 3.262105e+00 3.203547e+00 3.366600e+00 4.167094e+00 3.365053e+00 3.392708e+00 3.557273e+00 2.785534e+00 3.070742e+00 2.383063e+00 6.619217e+00 5.031133e-01 5.037956e-01 4.278260e-01 4.590470e-01 4.744327e-01 4.671767e-01 4.841963e-01 5.054141e-01 5.027987e-01 4.347460e-01 4.080151e-01 3.750724e-01 4.190482e-01
<GCONST> 1.214247e+02
<STATE> 3
<NUMMIXES> 8
<MIXTURE> 1 1.279945e-01
<MEAN> 39
 -2.181820e+01 7.818370e+00 5.459949e+00 -4.003965e-01 7.988367e+00 6.037043e+00 5.113453e+00 3.787956e+00 3.864982e+00 3.555101e+00 5.071206e+00 2.048366e+00 2.758294e+00 -1.089113e+00 -6.322448e-03 7.480648e-01 3.224701e-02 -2.414274e-01 6.815564e-01 7.733582e-01 3.511509e-01 4.947503e-01 3.748456e-01 7.912722e-01 4.238537e-01 1.193790e+00 1.463547e+00 -4.220509e-01 -1.247279e-01 1.829533e-03 -8.668322e-01 -9.381506e-01 -6.020721e-01 -5.447232e-01 -5.428572e-01 -4.434666e-01 -3.687609e-01 -1.689715e-01 -3.800885e-01
<VARIANCE> 39
 1.595602e+01 3.071942e+01 4.742995e+01 2.466992e+01 3.361031e+01 3.895508e+01 3.245849e+01 3.268842e+01 3.558385e+01 3.175345e+01 3.080009e+01 3.099150e+01 2.036530e+01 2.451802e+00 2.295549e+00 2.406448e+00 1.902641e+00 2.164299e+00 2.255474e+00 2.449329e+00 2.402308e+00 2.360255e+00 2.258955e+00 2.139587e+00 1.823997e+00 1.701882e+00 3.951921e-01 4.423761e-01 5.447856e-01 3.699661e-01 4.895340e-01 4.798056e-01 5.170294e-01 4.320740e-01 5.014457e-01 5.065996e-01 4.928588e-01 4.229059e-01 2.284081e-01
<GCONST> 1.154517e+02
<MIXTURE> 2 1.947732e-01
<MEAN> 39
 -2.303205e+01 5.139377e+00 8.566675e+00 -1.142696e+00 5.239614e+00 7.471654e+00 5.329249e+00 3.779283e+00 4.982234e+00 3.617514e+00 6.750776e+00 3.005021e+00 4.374568e+00 2.213270e-01 -7.193812e-01 -2.939820e-02 5.228773e-02 -7.110458e-01 -2.330731e-01 2.899015e-01 -1.070954e-01 5.755791e-02 2.253722e-02 4.659895e-02 1.342964e-01 1.080191e-01 4.353133e-01 -3.891043e-02 -1.775578e-01 -1.092111e-02 -1.540917e-01 -3.494056e-01 -2.254642e-01 -1.383586e-01 -2.357153e-01 -1.423155e-01 -2.212473e-01 -1.098552e-01 -1.993089e-01
<VARIANCE> 39
 1.104825e+01 2.693132e+01 2.223884e+01 2.291676e+01 3.398593e+01 3.124664e+01 3.126720e+01 3.002167e+01 2.949044e+01 2.874075e+01 2.569955e+01 2.480946e+01 1.846725e+01 6.171065e-01 7.571368e-01 1.066563e+00 1.171993e+00 1.384076e+00 1.416670e+00 1.555258e+00 1.604622e+00 1.560572e+00 1.538282e+00 1.448895e+00 1.274846e+00 4.639077e-01 1.807727e-01 1.473538e-01 1.931790e-01 1.774288e-01 2.234346e-01 2.579628e-01 2.781005e-01 3.086635e-01 2.918400e-01 3.069386e-01 2.824838e-01 2.462415e-01 5.539263e-02
<GCONST> 9.502711e+01
<MIXTURE> 3 1.371538e-01
<MEAN> 39
 -2.244765e+01 1.394981e+01 5.628495e+00 4.164369e+00 8.206545e+00 5.409845e+00 7.465867e+00 2.019210e+00 5.176611e+00 3.085682e+00 5.028110e+00 -1.814801e+00 1.466556e+00 -3.053519e-01 -3.057078e-01 4.769011e-01 5.328825e-02 7.819770e-02 5.291920e-01 3.716688e-01 2.228930e-01 2.551906e-01 8.347843e-02 3.629858e-01 -1.569354e-02 3.738652e-01 5.464314e-01 -4.166282e-01 -3.050521e-01 -3.178543e-01 -5.537437e-01 -4.821265e-01 -3.764086e-01 -2.970285e-01 -2.274963e-01 -1.068260e-01 -7.799184e-02 6.719544e-02 -1.310049e-01
<VARIANCE> 39
 9.748118e+00 2.208600e+01 2.736152e+01 2.359067e+01 2.714299e+01 3.072998e+01 3.437426e+01 3.097687e+01 2.662757e+01 2.581032e+01 2.867030e+01 3.761356e+01 1.704983e+01 8.252800e-01 1.114684e+00 1.389317e+00 1.310550e+00 1.499679e+00 1.379356e+00 1.632337e+00 1.508048e+00 1.635496e+00 1.456038e+00 1.467655e+00 1.371648e+00 6.734350e-01 2.082921e-01 2.077102e-01 1.680709e-01 1.874662e-01 2.685376e-01 2.575865e-01 2.989566e-01 2.693414e-01 2.966491e-01 2.530401e-01 2.645870e-01 2.653419e-01 8.862536e-02
<GCONST> 9.742625e+01
<MIXTURE> 4 1.214130e-01
<MEAN> 39
 -1.860192e+01 9.939181e+00 -5.547422e-01 -1.102527e+00 5.060832e+00 4.953640e-02 4.341362e+00 2.420834e+00 3.501360e+00 5.552332e+00 4.928345e+00 8.924628e-01 1.638504e+00 -7.220002e-01 4.294076e-02 6.842218e-01 -5.352778e-02 1.473593e-01 5.689942e-01 2.486343e-01 2.233784e-01 2.328168e-01 1.771922e-01 4.089812e-01 6.179124e-02 2.120896e-01 5.024720e-01 -1.720860e-01 2.667273e-01 2.546514e-01 -5.007970e-02 -2.214533e-02 -1.602794e-01 -2.307545e-01 -3.261173e-01 -5.091479e-01 -3.300606e-01 -1.103125e-01 -1.706986e-01
<VARIANCE> 39
 1.538971e+01 2.866835e+01 2.649003e+01 2.773817e+01 3.485083e+01 3.587682e+01 3.955285e+01 4.003322e+01 3.901106e+01 2.847635e+01 3.434213e+01 3.750600e+01 1.496504e+01 8.402160e-01 8.909631e-01 1.152575e+00 1.186069e+00 1.462637e+00 1.587584e+00 1.793304e+00 1.877283e+00 1.779726e+00 1.970153e+00 1.610461e+00 1.855134e+00 4.775336e-01 1.452531e-01 2.071304e-01 1.946480e-01 1.853243e-01 2.531872e-01 2.747840e-01 3.584984e-01 3.686785e-01 3.532278e-01 3.236647e-01 3.385708e-01 3.431074e-01 7.393161e-02
<GCONST> 1.009927e+02
<MIXTURE> 5 4.049157e-02
<MEAN> 39
 -2.556614e+00 2.329906e-01 3.597039e-01 1.145704e+00 -9.605567e-01 -2.940007e-01 1.026511e+00 1.469669e+00 2.692455e-01 3.260915e-01 1.431365e+00 9.806873e-01 -1.203915e+00 -6.132289e-02 -2.918118e-02 6.013639e-02 -1.170435e-01 -3.486914e-01 -8.180726e-02 -3.450208e-02 -1.270746e-01 -7.270266e-02 1.749966e-02 2.758327e-02 1.559886e-01 1.311758e-01 9.230516e-02 -3.055965e-02 4.547200e-02 -1.070913e-01 3.396290e-03 -2.878929e-02 -5.304025e-02 -5.573380e-02 -8.548354e-02 -4.303899e-02 -3.968487e-02 3.829643e-03 1.487824e-01
<VARIANCE> 39
 5.587097e+01 3.732680e+01 4.934035e+01 4.496794e+01 5.903934e+01 6.342573e+01 6.389491e+01 6.729026e+01 5.387867e+01 6.876758e+01 6.535687e+01 8.331203e+01 6.002480e+01 1.328356e+00 1.451479e+00 1.653699e+00 1.869869e+00 3.044878e+00 3.057005e+00 3.037575e+00 3.424910e+00 2.829664e+00 2.917757e+00 2.824566e+00 2.594152e+00 2.390556e+00 1.836086e-01 2.231535e-01 2.657518e-01 3.761631e-01 3.903627e-01 5.345007e-01 6.056951e-01 7.359125e-01 5.468546e-01 5.748551e-01 4.990157e-01 4.161474e-01 1.726574e-01
<GCONST> 1.235079e+02
<MIXTURE> 6 1.218956e-01
<MEAN> 39
 -1.808924e+01 1.101924e+01 4.574041e+00 9.091308e-01 5.013303e+00 1.519564e+00 5.486947e-01 -1.707415e+00 -2.671425e+00 -2.148417e+00 -8.055241e-01 -2.674280e+00 4.746443e-01 -7.463350e-01 -3.647761e-01 4.096317e-01 -1.530098e-01 -1.859048e-01 5.859777e-01 3.548354e-01 2.605467e-01 3.554398e-01 2.362648e-01 5.261092e-01 2.383677e-01 3.481365e-01 7.320186e-01 -3.906203e-01 -9.175318e-02 1.159854e-02 -3.430542e-01 -2.150209e-01 1.188410e-01 1.536792e-01 2.734278e-01 2.824777e-01 2.228984e-01 1.839985e-01 -1.052279e-01
<VARIANCE> 39
 1.960173e+01 2.840622e+01 3.549124e+01 2.519439e+01 3.654190e+01 4.310974e+01 3.445333e+01 3.886043e+01 3.318721e+01 2.569862e+01 2.983166e+01 3.938866e+01 1.718706e+01 2.077685e+00 1.256924e+00 1.479828e+00 1.414671e+00 1.812035e+00 1.954306e+00 2.121906e+00 2.032514e+00 2.265579e+00 2.223090e+00 2.021461e+00 1.851518e+00 6.710647e-01 2.802286e-01 2.430039e-01 2.487061e-01 2.463730e-01 4.022089e-01 3.890465e-01 3.861918e-01 4.126123e-01 3.505100e-01 3.447587e-01 3.538067e-01 3.936963e-01 9.717891e-02
<GCONST> 1.073950e+02
<MIXTURE> 7 1.478342e-01
<MEAN> 39
 -1.903332e+01 8.299203e+00 5.082687e+00 1.610175e+00 4.064436e+00 3.522691e+00 4.847967e+00 8.693277e-01 3.202844e+00 1.291354e+00 3.316668e+00 -2.782354e-01 1.542716e+00 -4.163260e-02 -1.493574e-01 1.899530e-01 1.244153e-01 -7.304697e-03 8.578630e-02 9.146902e-02 4.678856e-03 5.176517e-02 -5.138331e-02 -4.098831e-02 -4.429812e-02 -7.066067e-02 1.293440e-01 -9.591096e-03 9.743382e-04 -4.838905e-03 7.897632e-04 2.208256e-02 3.966802e-02 4.380329e-02 1.265609e-02 3.330878e-02 2.329276e-02 9.853980e-03 -4.236971e-02
<VARIANCE> 39
 5.224823e+01 4.965507e+01 4.240308e+01 4.058466e+01 3.764706e+01 3.611815e+01 3.979246e+01 3.100207e+01 3.611000e+01 2.807699e+01 3.262318e+01 3.573504e+01 2.129441e+01 2.914457e-01 4.238186e-01 5.832615e-01 6.946169e-01 1.015394e+00 1.063283e+00 1.301152e+00 1.279254e+00 1.200597e+00 1.280500e+00 1.216921e+00 1.111075e+00 1.651495e-01 5.504144e-02 6.949111e-02 1.057269e-01 1.350355e-01 1.874684e-01 2.261173e-01 2.505074e-01 2.496919e-01 2.508610e-01 2.388798e-01 2.235279e-01 2.362109e-01 2.466769e-02
<GCONST> 8.967880e+01
<MIXTURE> 8 1.084442e-01
<MEAN> 39
 -1.945498e+01 4.237619e+00 4.704868e+00 -5.868667e+00 2.999516e+00 4.216463e+00 -1.364725e+00 2.118310e+00 1.672176e+00 1.582571e+00 4.349425e+00 1.961094e+00 2.830889e+00 -1.712208e+00 2.107894e-01 1.044407e+00 2.701785e-01 -4.840027e-01 8.640733e-01 8.392859e-01 6.531733e-02 5.577286e-01 2.134442e-02 4.547701e-01 3.924336e-01 1.164727e+00 9.451452e-01 -2.503814e-01 4.815190e-02 6.801966e-01 -3.015022e-02 -2.687243e-01 3.123736e-01 1.618615e-02 -5.531317e-02 -4.165712e-02 -2.621045e-01 -1.160508e-01 -4.708251e-01
<VARIANCE> 39
 1.702904e+01 2.459586e+01 3.086820e+01 2.083406e+01 3.531915e+01 3.465997e+01 2.963194e+01 3.031575e+01 2.954341e+01 2.981946e+01 2.655388e+01 2.261821e+01 2.502282e+01 2.620781e+00 2.035272e+00 1.721547e+00 1.898692e+00 1.863536e+00 2.231933e+00 2.254890e+00 2.101863e+00 2.108501e+00 1.886938e+00 1.770112e+00 1.414976e+00 1.113595e+00 3.931240e-01 3.283069e-01 3.571844e-01 2.791135e-01 3.934937e-01 4.291825e-01 3.929386e-01 4.174737e-01 4.143527e-01 4.233535e-01 3.141081e-01 2.973863e-01 2.227328e-01
<GCONST> 1.091843e+02
<STATE> 4
<NUMMIXES> 8
<MIXTURE> 1 3.840477e-02
<MEAN> 39
 2.778179e+00 1.285986e+00 -1.411611e+01 -4.932497e+00 7.755459e+00 8.627467e+00 -7.132984e+00 3.970739e+00 6.993311e+00 1.690177e+01 1.968968e+01 1.413594e+01 3.995480e+00 -5.917182e-04 2.070791e-02 1.339508e-02 1.576089e-03 2.006493e-03 4.809879e-03 -5.923253e-02 5.192575e-03 3.964428e-02 6.022315e-03 -7.694007e-03 -1.495103e-02 -1.009622e-02 -9.580490e-04 1.787950e-03 1.667684e-03 1.431175e-04 -7.808356e-06 -1.896712e-03 1.408782e-03 -3.992398e-03 -3.176544e-04 6.103317e-03 -2.106335e-03 -6.254042e-03 -7.275557e-04
<VARIANCE> 39
 1.252414e+00 5.248114e+00 4.253806e+00 5.814026e+00 5.690133e+00 5.331176e+00 3.014748e+01 2.025237e+01 1.559924e+01 1.017896e+01 4.202540e+00 1.526125e+01 1.260577e+00 9.503936e-02 2.753251e-01 3.274371e-01 4.218883e-01 4.862737e-01 4.063636e-01 4.382546e-01 4.941582e-01 4.237418e-01 6.021667e-01 3.252264e-01 7.387382e-01 3.303181e-02 1.681863e-02 4.808536e-02 5.537334e-02 7.679408e-02 9.082723e-02 7.392961e-02 8.105812e-02 9.800227e-02 8.538586e-02 1.181299e-01 5.892024e-02 1.387929e-01 4.327989e-03
<GCONST> 4.381412e+01
<MIXTURE> 2 1.664335e-01
<MEAN> 39
 -2.150690e+01 7.577487e+00 5.151373e+00 7.650982e-01 5.692808e+00 5.673894e+00 7.211314e+00 2.549129e+00 5.200087e+00 4.200709e+00 6.497635e+00 1.154663e+00 3.084529e+00 2.359834e+00 -1.388582e-02 9.016227e-01 -8.041199e-02 -2.141717e+00 -1.879387e+00 -1.444420e+00 -1.591715e+00 -1.659435e+00 -1.249573e+00 -5.542035e-01 -1.960994e-01 2.158312e-01 1.490528e+00 2.872910e-02 3.212751e-02 -1.939345e-01 -1.048759e+00 -1.161655e+00 -8.957643e-01 -6.408991e-01 -7.776154e-01 -6.303570e-01 -5.182399e-01 -1.785996e-01 9.042754e-02
<VARIANCE> 39
 1.164837e+01 3.529916e+01 3.826579e+01 2.677868e+01 3.440879e+01 3.417163e+01 3.406554e+01 3.371872e+01 3.366133e+01 2.667422e+01 3.074323e+01 3.692635e+01 1.768003e+01 2.006003e+00 1.437938e+00 1.647034e+00 1.717144e+00 2.430288e+00 2.172696e+00 2.288138e+00 2.252090e+00 2.256343e+00 2.162559e+00 2.298874e+00 2.084081e+00 6.858292e-01 2.307786e-01 3.832027e-01 3.230289e-01 3.290747e-01 4.114286e-01 3.662144e-01 4.009211e-01 4.514623e-01 4.493825e-01 4.377184e-01 4.578520e-01 4.996564e-01 1.068895e-01
<GCONST> 1.100228e+02
<MIXTURE> 3 1.619847e-01
<MEAN> 39
 -1.586594e+01 5.164402e+00 7.775914e+00 1.302350e+00 1.998441e+00 2.627574e+00 3.223196e+00 1.984030e-01 6.185933e-01 6.391517e-01 3.845627e+00 9.112123e-01 2.397417e+00 4.698851e+00 5.690957e-01 8.322911e-01 1.069664e-01 -2.819677e+00 -3.072299e+00 -2.116869e+00 -1.823311e+00 -2.201788e+00 -1.991544e+00 -1.536990e+00 -8.241235e-01 5.503173e-01 7.932004e-01 -1.749013e-01 -2.660249e-01 -3.021981e-01 -5.613815e-01 -4.166853e-01 -1.805905e-01 1.086419e-01 -6.383966e-03 -6.156506e-02 -1.694449e-01 -1.186904e-01 2.941116e-01
<VARIANCE> 39
 2.309218e+01 3.323038e+01 3.015872e+01 2.421302e+01 3.073879e+01 3.432980e+01 3.300502e+01 3.853670e+01 3.396888e+01 2.872930e+01 2.961598e+01 3.440576e+01 2.083173e+01 1.738529e+00 2.105822e+00 2.070090e+00 2.683445e+00 3.404043e+00 3.007877e+00 2.739911e+00 3.290390e+00 3.224382e+00 2.661459e+00 2.710574e+00 2.739735e+00 6.389834e-01 3.001621e-01 3.371091e-01 3.148071e-01 3.241999e-01 4.385698e-01 4.668603e-01 4.265915e-01 4.515945e-01 5.052704e-01 4.967826e-01 4.816142e-01 3.987041e-01 1.385361e-01
<GCONST> 1.142992e+02
<MIXTURE> 4 1.313870e-01
<MEAN> 39
 -9.482727e+00 1.115953e+01 8.911425e+00 2.145812e-01 -3.543342e+00 -5.109904e+00 -2.158781e+00 -6.295322e+00 -3.935364e+00 -2.667783e+00 2.365671e+00 -5.085988e-01 4.180253e+00 4.936957e+00 -6.554441e-01 4.998421e-01 -7.753859e-01 -4.043607e+00 -3.351145e+00 -2.006408e+00 -1.406623e+00 -2.064310e+00 -1.588281e+00 -1.076292e+00 -4.820678e-01 9.066876e-01 -1.361739e-01 -8.244066e-01 -4.548275e-01 -1.721181e-01 1.919355e-01 6.432652e-01 7.126213e-01 9.462792e-01 6.287545e-01 5.079125e-01 1.039719e-01 5.142309e-02 8.088197e-02
<VARIANCE> 39
 1.546430e+01 2.284495e+01 3.291611e+01 2.240294e+01 3.681125e+01 3.535248e+01 3.246118e+01 3.817084e+01 3.278648e+01 3.231910e+01 3.270896e+01 3.954882e+01 1.721194e+01 1.578024e+00 2.906740e+00 2.602443e+00 2.680635e+00 2.972682e+00 3.006356e+00 3.349150e+00 3.911299e+00 3.689873e+00 3.274228e+00 3.538985e+00 4.132705e+00 5.734942e-01 2.390349e-01 2.090949e-01 2.908925e-01 3.008656e-01 4.870293e-01 4.565573e-01 4.654075e-01 4.701111e-01 4.983022e-01 5.321547e-01 5.318737e-01 5.106455e-01 9.120793e-02
<GCONST> 1.147838e+02
<MIXTURE> 5 1.931692e-01
<MEAN> 39
 -1.845613e+01 9.238021e-01 5.240819e+00 -1.583667e+00 -3.224256e-01 3.173068e+00 4.007714e+00 3.018172e+00 3.452395e+00 2.613670e+00 4.701747e+00 2.187947e+00 2.900735e+00 1.879801e+00 -4.763303e-01 4.572034e-02 7.479293e-01 -5.918375e-01 -9.267514e-01 -2.719783e-01 -2.776153e-01 -4.740287e-01 -4.422243e-01 -5.815485e-01 -1.954532e-01 -6.524193e-01 8.860394e-01 4.567420e-01 1.212359e-01 1.891273e-01 1.292696e-01 -2.743803e-01 -4.349167e-01 -3.236006e-01 -4.018422e-01 -3.464550e-01 -3.586061e-01 -2.852400e-01 -1.151104e-01
<VARIANCE> 39
 1.994653e+01 2.976198e+01 2.580778e+01 2.944497e+01 3.278217e+01 3.696077e+01 3.675288e+01 3.346303e+01 3.266780e+01 3.151785e+01 3.175352e+01 3.355646e+01 2.710133e+01 1.663927e+00 1.639345e+00 1.932713e+00 1.878773e+00 1.903331e+00 1.985625e+00 2.125773e+00 2.060994e+00 2.082985e+00 2.253355e+00 2.116966e+00 1.765291e+00 8.843054e-01 3.405525e-01 2.581892e-01 3.723451e-01 3.511069e-01 4.537370e-01 4.599151e-01 4.355603e-01 4.618253e-01 4.541644e-01 4.265634e-01 4.550853e-01 3.999058e-01 2.131929e-01
<GCONST> 1.114332e+02
<MIXTURE> 6 1.443063e-01
<MEAN> 39
 -8.185792e+00 3.442101e+00 1.909589e+00 5.599254e-01 9.687607e-01 -4.414943e-01 1.159486e+00 2.067070e-01 5.675669e-02 -2.818863e-01 5.363891e-01 1.488742e-02 -1.484701e+00 7.219980e-01 -3.231802e-01 -1.232128e-01 1.177456e-01 -1.401594e-03 -1.097162e-01 -6.827048e-02 -1.880883e-01 -2.506143e-01 -1.704565e-01 -3.236790e-01 -8.603943e-02 -6.109487e-01 6.097208e-02 1.267231e-02 1.179715e-02 -2.043458e-02 3.762301e-02 5.196461e-02 6.354097e-02 3.810167e-02 3.627032e-02 3.863888e-02 6.113949e-02 2.430398e-02 1.830471e-02
<VARIANCE> 39
 6.474644e+01 4.456860e+01 3.834162e+01 3.205093e+01 4.855223e+01 4.267891e+01 4.359222e+01 4.422826e+01 3.728297e+01 4.124350e+01 3.890596e+01 5.441675e+01 4.299582e+01 1.107658e+00 7.917700e-01 1.000869e+00 1.169717e+00 1.521674e+00 1.793544e+00 1.980373e+00 1.890678e+00 1.833747e+00 1.912625e+00 1.554013e+00 1.540508e+00 7.674510e-01 9.903122e-02 1.113409e-01 1.476902e-01 2.014830e-01 2.753276e-01 3.009947e-01 3.245191e-01 3.029238e-01 3.325106e-01 3.590992e-01 2.983432e-01 2.897794e-01 8.106748e-02
<GCONST> 1.050117e+02
<MIXTURE> 7 8.153888e-02
<MEAN> 39
 -1.472706e+01 9.413920e+00 3.378194e+00 1.027455e+00 2.635531e+00 6.826035e-01 3.825362e+00 -1.864311e-01 2.226823e+00 2.229625e+00 2.801882e+00 -1.854615e+00 2.363405e+00 3.561063e+00 -1.010694e+00 3.542997e-01 -1.221998e+00 -3.276312e+00 -2.479620e+00 -1.529277e+00 -5.775682e-01 -3.432117e-01 3.179798e-01 1.474354e+00 1.873645e+00 8.791488e-01 8.827205e-01 -6.806928e-01 -9.180904e-02 -3.306980e-01 -5.277385e-01 -3.140636e-01 -2.553419e-01 1.348974e-02 -1.453230e-01 -5.099737e-03 2.429648e-01 5.665444e-01 1.331739e-01
<VARIANCE> 39
 3.284482e+01 3.484256e+01 4.085772e+01 2.886558e+01 4.662946e+01 4.585226e+01 4.190168e+01 3.586663e+01 3.888935e+01 3.995934e+01 4.577456e+01 4.557091e+01 3.089891e+01 3.083205e+00 2.963605e+00 3.952643e+00 3.127453e+00 3.698971e+00 3.533255e+00 4.553663e+00 4.467781e+00 4.045651e+00 4.292588e+00 4.784941e+00 5.003557e+00 1.812707e+00 5.744735e-01 5.380640e-01 5.884013e-01 4.248357e-01 7.965893e-01 6.799862e-01 6.814185e-01 5.874548e-01 6.787299e-01 6.703555e-01 9.024677e-01 8.912975e-01 4.197789e-01
<GCONST> 1.301704e+02
<MIXTURE> 8 8.277569e-02
<MEAN> 39
 -1.509421e+00 3.298129e+00 8.846030e+00 2.320447e+00 -6.032301e+00 -7.020849e+00 -1.479289e+00 1.039038e+00 -2.044924e+00 -3.624245e+00 8.692426e-01 3.199540e+00 6.401976e+00 4.111456e+00 -1.245491e+00 -3.390417e-01 1.325653e-01 -2.782288e+00 -2.042695e+00 -8.233028e-01 2.929942e-01 1.386338e-01 -9.192574e-01 -3.021888e-01 -1.977244e-01 1.299723e+00 -1.069930e+00 -4.904819e-01 -5.032749e-01 -4.702996e-01 4.572434e-01 7.991952e-01 4.502519e-01 3.197483e-01 4.602192e-01 4.791872e-01 2.681358e-01 -9.519341e-02 -1.322604e-01
<VARIANCE> 39
 1.532554e+01 1.842958e+01 2.372182e+01 1.914604e+01 2.840557e+01 2.727861e+01 3.114575e+01 2.120330e+01 3.074251e+01 2.679329e+01 2.435451e+01 2.029513e+01 1.985831e+01 2.662170e+00 2.874874e+00 2.861822e+00 2.082798e+00 3.575800e+00 3.686929e+00 3.267877e+00 3.234671e+00 4.227777e+00 3.885909e+00 3.318270e+00 2.666803e+00 1.116912e+00 2.822679e-01 2.878323e-01 2.637686e-01 2.560709e-01 3.981749e-01 3.872739e-01 3.648478e-01 4.203188e-01 4.931566e-01 4.626334e-01 3.905097e-01 2.984276e-01 1.386683e-01
<GCONST> 1.117848e+02
<STATE> 5
<NUMMIXES> 8
<MIXTURE> 1 1.515266e-01
<MEAN> 39
 1.334556e+00 1.560976e+00 6.812274e+00 2.074158e-01 -7.886642e+00 -3.592010e+00 3.497965e-02 -8.095545e-01 -3.135874e+00 -1.776482e+00 4.281821e-01 -8.888602e-01 4.101161e+00 3.919086e-01 -4.304424e-01 -3.897537e-01 -4.615151e-02 1.510031e-01 9.870929e-02 2.238464e-01 2.683122e-01 1.422090e-01 4.032244e-02 -6.176356e-02 -1.512628e-02 -9.547952e-02 -2.146708e-01 1.148088e-01 3.043598e-02 8.907986e-03 1.455977e-01 2.728171e-02 -4.568301e-02 -4.702986e-02 5.098096e-02 -6.323894e-04 -8.686526e-03 2.733655e-02 -4.506136e-02
<VARIANCE> 39
 1.446743e+01 2.464538e+01 4.523382e+01 3.441523e+01 5.380194e+01 4.752348e+01 4.005525e+01 4.954418e+01 4.611429e+01 4.286118e+01 4.027555e+01 5.060218e+01 2.348148e+01 3.274694e-01 6.489684e-01 8.466699e-01 9.219890e-01 1.569824e+00 1.567883e+00 1.549762e+00 1.641150e+00 1.845133e+00 1.661790e+00 1.634297e+00 1.300901e+00 2.308451e-01 7.823918e-02 1.062771e-01 1.381096e-01 1.454998e-01 2.395152e-01 2.718128e-01 2.689252e-01 3.113012e-01 2.954625e-01 3.091181e-01 2.682042e-01 2.290876e-01 3.852918e-02
<GCONST> 9.680691e+01
<MIXTURE> 2 7.546204e-02
<MEAN> 39
 -1.756436e+00 8.181437e+00 7.294596e+00 1.233162e+00 -4.092824e+00 -3.976108e+00 -3.962210e+00 -6.890340e+00 -3.869710e+00 -3.392042e+00 -2.404369e+00 -5.094814e+00 1.483951e+00 2.986477e+00 -2.846766e-02 -4.256988e-01 -5.551187e-01 -1.082540e+00 -7.671251e-01 -8.701646e-01 -5.994051e-01 -5.554129e-01 -2.132619e-01 -8.723024e-01 -5.897353e-01 3.218649e-01 -7.907296e-01 -5.224421e-01 -3.520672e-01 -1.266607e-01 3.612162e-01 6.058792e-01 7.133384e-01 7.691967e-01 6.119139e-01 5.369608e-01 5.040964e-01 4.462857e-01 1.271318e-02
<VARIANCE> 39
 1.999078e+01 2.585752e+01 3.604335e+01 2.723710e+01 3.953529e+01 4.275492e+01 4.102623e+01 3.287197e+01 4.603199e+01 3.784320e+01 3.421235e+01 3.853227e+01 2.287984e+01 2.060281e+00 2.238202e+00 2.939200e+00 2.342232e+00 3.545481e+00 4.177356e+00 3.900648e+00 3.870079e+00 4.118230e+00 4.102021e+00 3.423678e+00 2.798641e+00 1.303360e+00 2.378426e-01 2.749566e-01 3.093506e-01 3.517213e-01 3.914303e-01 4.657251e-01 4.863739e-01 4.237563e-01 5.687355e-01 6.169956e-01 4.724210e-01 4.155053e-01 1.056952e-01
<GCONST> 1.183007e+02
<MIXTURE> 3 1.718559e-01
<MEAN> 39
 -9.355631e+00 3.221169e+00 2.965254e+00 2.491300e+00 2.833722e+00 4.505932e-01 2.243377e+00 1.051107e+00 5.604693e-01 1.666597e-01 9.312347e-01 2.402760e-01 -4.563804e+00 1.314697e+00 -9.165408e-02 -3.788157e-01 2.828084e-01 2.372005e-01 -1.257062e-01 -1.677619e-01 -3.335425e-01 -4.359031e-01 -1.354866e-01 -3.550097e-01 -2.598784e-01 -8.069708e-01 -6.753862e-02 6.868607e-02 4.251303e-02 -1.416800e-01 -8.635514e-02 -2.017457e-02 1.202040e-02 1.358857e-02 1.794215e-02 6.621047e-02 1.186738e-01 7.973883e-02 2.784667e-01
<VARIANCE> 39
 4.539534e+01 4.259094e+01 3.863102e+01 2.965436e+01 3.500681e+01 3.622121e+01 3.962009e+01 3.826611e+01 3.846781e+01 3.461832e+01 3.174939e+01 3.620444e+01 4.974514e+01 2.270986e+00 2.002278e+00 1.877336e+00 1.764787e+00 2.569982e+00 2.524644e+00 2.462115e+00 2.565337e+00 2.806006e+00 2.541881e+00 2.389530e+00 2.240164e+00 2.051943e+00 3.181770e-01 3.441249e-01 3.252038e-01 3.371076e-01 4.023955e-01 4.702790e-01 4.440206e-01 4.609002e-01 5.068575e-01 4.543101e-01 4.154563e-01 4.102095e-01 2.940600e-01
<GCONST> 1.175561e+02
<MIXTURE> 4 1.360192e-01
<MEAN> 39
 -4.921218e-01 -1.350077e+00 6.682037e+00 -4.596180e+00 -1.029655e+01 -2.604809e+00 3.191472e+00 9.755627e-02 -3.959258e+00 -1.147942e+00 1.285397e+00 -6.556408e-02 7.648561e+00 4.509545e-01 -1.350862e+00 -3.966447e-01 -1.976220e-01 7.033839e-01 1.045445e+00 1.092042e+00 1.069106e+00 2.415814e-02 9.445793e-02 -6.330450e-01 -8.178480e-02 2.160411e-01 -3.528373e-01 5.429158e-01 -1.078921e-01 2.223652e-01 4.267853e-01 -1.163497e-01 -2.499941e-01 -2.693988e-01 7.921742e-02 6.468281e-03 3.579642e-02 -6.355732e-03 -2.028016e-01
<VARIANCE> 39
 1.076219e+01 1.763557e+01 3.422059e+01 2.433713e+01 3.309763e+01 3.047270e+01 3.806256e+01 4.508776e+01 3.741787e+01 4.414205e+01 4.209088e+01 6.500304e+01 1.239663e+01 4.016633e-01 9.733664e-01 1.604936e+00 1.320017e+00 2.021875e+00 1.863524e+00 2.343346e+00 2.351587e+00 2.826550e+00 2.822826e+00 2.372933e+00 2.235198e+00 2.080596e-01 1.047571e-01 1.519551e-01 2.392437e-01 2.502359e-01 3.449375e-01 3.204184e-01 3.522406e-01 3.598856e-01 4.366339e-01 4.275160e-01 4.777568e-01 4.268032e-01 3.470288e-02
<GCONST> 1.030201e+02
<MIXTURE> 5 1.449085e-01
<MEAN> 39
 -1.056435e+00 2.667184e+00 8.695477e+00 -3.024132e+00 -1.191195e+01 -5.175901e+00 7.093541e-02 -2.597047e+00 -4.366620e+00 -1.941703e+00 1.490242e+00 -1.481403e+00 6.349560e+00 1.370112e+00 -2.114509e+00 -6.672662e-02 -5.541894e-01 -7.397806e-01 8.061004e-01 1.088784e+00 1.379467e+00 1.876042e-01 4.035384e-01 -2.561054e-01 -1.224354e-01 4.522155e-01 -9.956540e-01 1.681528e-01 -2.333810e-01 2.267006e-01 1.191102e+00 7.073946e-01 3.884214e-01 2.997558e-01 4.062915e-01 2.980983e-01 9.125064e-02 9.650496e-02 -2.595369e-01
<VARIANCE> 39
 1.015668e+01 1.885997e+01 2.832917e+01 2.518220e+01 2.614300e+01 2.801098e+01 2.997268e+01 4.160772e+01 3.171563e+01 3.736354e+01 2.893909e+01 4.445106e+01 1.213503e+01 7.856253e-01 1.518646e+00 1.958798e+00 1.675750e+00 2.653356e+00 2.396660e+00 2.751242e+00 2.709596e+00 3.219282e+00 2.868771e+00 2.893702e+00 2.575562e+00 3.298757e-01 1.464373e-01 2.637728e-01 2.607501e-01 3.136634e-01 3.224942e-01 3.796191e-01 4.179341e-01 4.415436e-01 4.879656e-01 4.758575e-01 4.464785e-01 4.799937e-01 6.510368e-02
<GCONST> 1.070270e+02
<MIXTURE> 6 8.332365e-02
<MEAN> 39
 -1.673728e+00 8.683347e-01 2.713729e+00 -5.202044e+00 -7.424923e+00 -6.867287e+00 3.846005e-01 6.575977e-01 2.051562e+00 6.783541e+00 1.330787e+01 1.118486e+01 6.810441e+00 1.767719e+00 -2.319251e+00 -3.878470e-01 -5.170780e-01 -2.477354e-01 4.882064e-02 1.319783e-01 5.414702e-01 -4.156134e-01 1.254042e-01 7.985012e-01 1.745162e+00 7.763038e-01 -8.681902e-01 1.751604e-01 -4.364240e-02 4.808749e-01 1.009231e+00 8.744798e-01 4.190269e-01 6.485622e-02 -1.164448e-01 -5.154153e-01 -1.030763e+00 -9.491683e-01 -2.185887e-01
<VARIANCE> 39
 1.968269e+01 3.930203e+01 3.437315e+01 3.055813e+01 3.840715e+01 5.078834e+01 4.662399e+01 5.037359e+01 4.303042e+01 5.697381e+01 5.058603e+01 4.684374e+01 2.282200e+01 3.579021e+00 3.226185e+00 3.528066e+00 3.416017e+00 6.366830e+00 5.798993e+00 4.448086e+00 4.568865e+00 4.472742e+00 5.819649e+00 7.514789e+00 6.465761e+00 1.288587e+00 3.870647e-01 5.350809e-01 4.666828e-01 4.439698e-01 7.760980e-01 7.894026e-01 7.426834e-01 7.162747e-01 7.448208e-01 7.270430e-01 6.653277e-01 6.983334e-01 1.850010e-01
<GCONST> 1.309406e+02
<MIXTURE> 7 1.133473e-01
<MEAN> 39
 1.834636e+00 -2.581814e+00 1.956418e+00 -5.584196e-01 -6.751834e+00 -7.635243e+00 -1.181766e+00 5.037321e+00 3.116004e+00 -2.947578e+00 -5.957358e-01 6.990898e-01 9.112423e+00 1.016896e+00 -1.894055e+00 -1.329789e+00 -4.288090e-01 5.434107e-01 8.749909e-01 7.204055e-01 1.476791e+00 1.123949e+00 3.811530e-01 -4.296237e-01 -4.884599e-01 6.106744e-01 -9.561180e-01 4.244705e-01 1.882774e-01 -1.497626e-02 7.933083e-01 7.586880e-01 3.197917e-01 -3.932668e-01 -2.788091e-01 1.909140e-01 1.732480e-01 2.107912e-02 -3.837855e-01
<VARIANCE> 39
 1.135684e+01 2.260896e+01 2.917991e+01 2.836944e+01 3.751344e+01 4.332943e+01 5.172805e+01 3.856193e+01 4.213755e+01 4.155148e+01 3.493578e+01 3.932788e+01 1.982949e+01 1.275671e+00 2.051638e+00 2.035525e+00 1.878796e+00 4.004202e+00 3.848469e+00 3.935684e+00 4.247349e+00 3.988054e+00 3.738377e+00 3.846662e+00 3.018075e+00 7.640472e-01 2.858453e-01 2.911844e-01 3.224329e-01 3.546325e-01 5.376713e-01 6.367390e-01 6.141087e-01 6.755646e-01 6.879289e-01 7.408692e-01 6.191102e-01 4.740336e-01 9.694792e-02
<GCONST> 1.185162e+02
<MIXTURE> 8 1.235568e-01
<MEAN> 39
 -2.988710e+00 6.466501e+00 6.217278e+00 -3.773379e+00 -1.105470e+01 -9.027001e+00 -2.446219e+00 -5.473673e+00 -4.884531e+00 -3.160834e+00 1.766806e+00 -1.183366e+00 6.216939e+00 3.729382e+00 -2.377052e+00 -3.809664e-01 -1.231567e+00 -2.894209e+00 -1.328161e+00 -1.158384e-01 6.455374e-01 -7.268541e-01 -3.936542e-01 -7.852125e-01 -1.134674e-01 1.005172e+00 -1.123082e+00 -4.836600e-01 -2.154915e-01 2.869437e-01 1.351742e+00 1.441471e+00 1.055352e+00 1.021300e+00 8.541095e-01 6.687279e-01 1.649289e-01 1.033122e-01 -1.150136e-01
<VARIANCE> 39
 1.086601e+01 2.374265e+01 2.898143e+01 2.313145e+01 2.793386e+01 3.134206e+01 3.064521e+01 4.219977e+01 3.624500e+01 3.581391e+01 3.712297e+01 4.539085e+01 1.374166e+01 1.664037e+00 2.474379e+00 3.112350e+00 2.346704e+00 3.627303e+00 3.771560e+00 4.021266e+00 4.543862e+00 4.179895e+00 4.157887e+00 4.741038e+00 4.940595e+00 5.074421e-01 1.709590e-01 2.650825e-01 2.853226e-01 3.059262e-01 3.783209e-01 3.874179e-01 4.910671e-01 5.359665e-01 5.662876e-01 5.299643e-01 6.440085e-01 6.555425e-01 6.287637e-02
<GCONST> 1.155317e+02
<TRANSP> 6
 0.000000e+00 1.000000e+00 0.000000e+00 0.000000e+00 0.000000e+00 0.000000e+00
 0.000000e+00 7.701212e-01 2.298788e-01 0.000000e+00 0.000000e+00 0.000000e+00
 0.000000e+00 0.000000e+00 7.771309e-01 2.228691e-01 0.000000e+00 0.000000e+00
 0.000000e+00 0.000000e+00 0.000000e+00 6.918275e-01 3.081725e-01 0.000000e+00
 0.000000e+00 0.000000e+00 0.000000e+00 0.000000e+00 6.852497e-01 3.147503e-01
 0.000000e+00 0.000000e+00 0.000000e+00 0.000000e+00 0.000000e+00 0.000000e+00
<ENDHMM>
