~o
<STREAMINFO> 1 39
<VECSIZE> 39<NULLD><MFCC_D_A_Z_0><DIAGC>
~h "eh"
<BEGINHMM>
<NUMSTATES> 6
<STATE> 2
<NUMMIXES> 8
<MIXTURE> 1 1.159861e-01
<MEAN> 39
 6.577502e-01 -5.993081e+00 1.425549e-01 -3.866633e+00 -4.139858e+00 -1.320661e+00 5.569285e+00 5.270226e+00 -6.220743e+00 -5.460024e+00 -7.762532e-01 2.500861e+00 8.675981e+00 -3.038305e-01 -2.499489e-01 2.242416e-01 -1.119447e-01 -4.585251e-02 6.995730e-01 6.974801e-01 -4.353585e-01 -8.703557e-01 3.725287e-02 4.750840e-01 -1.398700e-01 2.004906e-01 1.615098e-01 2.017836e-01 -2.061595e-02 9.471183e-02 1.357002e-01 -9.068997e-02 -3.175577e-01 -7.122998e-02 5.351242e-01 3.480867e-01 -1.093275e-01 -1.567353e-01 -1.352249e-01
<VARIANCE> 39
 1.117651e+01 1.968929e+01 2.601147e+01 2.697563e+01 4.999271e+01 4.221277e+01 5.040147e+01 4.966538e+01 4.241952e+01 4.255193e+01 5.255581e+01 6.553724e+01 1.370005e+01 2.720952e-01 6.348829e-01 9.671416e-01 1.100151e+00 1.876816e+00 1.640866e+00 2.129274e+00 2.042748e+00 2.155343e+00 2.158494e+00 2.014566e+00 1.869540e+00 1.539922e-01 4.470668e-02 9.988343e-02 1.648674e-01 2.033220e-01 2.956517e-01 3.045634e-01 4.057689e-01 4.039541e-01 2.731984e-01 3.343270e-01 3.475097e-01 3.279151e-01 3.580342e-02
<GCONST> 9.834064e+01
<MIXTURE> 2 1.754167e-01
<MEAN> 39
 1.123317e+00 1.645476e+00 7.873475e+00 -4.441955e+00 -1.119975e+01 -1.267557e+00 2.647549e+00 -2.854271e+00 -2.275454e+00 2.940132e+00 -1.667302e+00 -8.350431e-01 5.166489e+00 2.824479e-02 -1.531618e-01 -1.001866e-01 -4.875552e-02 -1.825131e-02 1.675817e-02 1.372090e-01 1.816967e-01 -2.978407e-03 -5.267428e-02 8.943568e-03 -1.112026e-02 4.309797e-02 1.605130e-02 -2.781792e-02 -6.408680e-02 7.388694e-02 9.293807e-02 -5.428751e-02 -8.978836e-03 8.910137e-02 1.871157e-02 -8.631227e-02 1.456917e-02 2.682042e-02 -1.353506e-02
<VARIANCE> 39
 1.674253e+01 2.835218e+01 3.496268e+01 5.483995e+01 5.565498e+01 5.386160e+01 6.231688e+01 5.709345e+01 5.811980e+01 6.027940e+01 7.053377e+01 6.358169e+01 3.717032e+01 1.956171e-01 5.045450e-01 6.938372e-01 8.900705e-01 1.057230e+00 1.220075e+00 1.440265e+00 1.593581e+00 1.539585e+00 1.561074e+00 1.509318e+00 1.363906e+00 1.698790e-01 3.379630e-02 7.633734e-02 1.128823e-01 1.607577e-01 1.959307e-01 2.257615e-01 2.530294e-01 2.657067e-01 2.752615e-01 2.778595e-01 2.782219e-01 2.444213e-01 2.177969e-02
<GCONST> 9.500766e+01
<MIXTURE> 3 2.033157e-01
<MEAN> 39
 4.979427e-01 -5.387106e+00 1.608963e+00 -5.209144e+00 -5.008727e+00 -1.559577e-01 9.526687e+00 6.632944e+00 -2.446336e-01 -7.701705e-02 -1.535739e+00 -2.252518e+00 1.042748e+01 4.623304e-02 -2.375733e-01 -2.258313e-01 9.568430e-02 3.077722e-01 2.607130e-01 -1.642095e-02 -4.613540e-02 -2.120694e-01 -1.795795e-01 9.394178e-03 2.561054e-02 -1.666277e-02 -3.173289e-03 3.270684e-02 -2.716468e-02 4.552418e-02 -6.722859e-02 -1.628360e-01 -2.622193e-01 -1.068063e-01 -6.915831e-02 -9.008902e-02 -1.400632e-02 1.397035e-01 -8.674560e-02
<VARIANCE> 39
 1.408062e+01 2.128686e+01 2.841915e+01 2.958745e+01 4.604081e+01 5.252932e+01 4.925304e+01 6.742966e+01 5.176669e+01 4.387373e+01 3.257006e+01 3.586256e+01 1.916904e+01 3.795192e-01 7.867990e-01 9.386107e-01 1.210561e+00 1.568434e+00 1.780717e+00 2.176387e+00 2.378859e+00 2.307563e+00 2.152397e+00 1.882148e+00 1.771046e+00 2.516496e-01 5.474202e-02 1.028907e-01 1.431243e-01 1.886270e-01 2.212635e-01 2.904566e-01 3.504364e-01 3.661576e-01 3.072001e-01 3.076321e-01 2.764734e-01 2.615159e-01 3.681605e-02
<GCONST> 9.889841e+01
<MIXTURE> 4 8.695370e-02
<MEAN> 39
 3.055230e+00 -4.102109e+00 -2.082461e+00 -4.210738e-01 -3.638481e+00 -4.578396e+00 -5.800395e-01 7.495806e+00 5.455629e+00 -2.872491e+00 -4.423708e+00 -2.012714e-01 8.698692e+00 -3.982939e-01 -2.868857e-01 4.639003e-01 1.030989e-01 -6.800895e-01 -2.182961e-01 1.186929e+00 8.038275e-01 -6.511067e-01 -9.948555e-01 2.114866e-01 5.682760e-01 2.466383e-01 9.659127e-02 1.716632e-01 9.389396e-03 -1.350983e-01 1.083494e-01 2.093214e-01 -1.133922e-01 -5.075769e-01 -3.042886e-01 3.290614e-01 2.851252e-01 -1.209337e-01 -1.715050e-01
<VARIANCE> 39
 1.227094e+01 1.872643e+01 2.256451e+01 2.472641e+01 3.996880e+01 4.183924e+01 4.984840e+01 4.753782e+01 4.596453e+01 5.039370e+01 4.228489e+01 4.367586e+01 2.200467e+01 1.939209e-01 4.642342e-01 8.615123e-01 8.896085e-01 1.342028e+00 1.644735e+00 1.695421e+00 2.118453e+00 2.148359e+00 1.973095e+00 1.959194e+00 1.637549e+00 1.402018e-01 3.685875e-02 7.618986e-02 1.337429e-01 1.534086e-01 2.124173e-01 2.560396e-01 3.335706e-01 3.276026e-01 3.536427e-01 3.262939e-01 3.450535e-01 3.107806e-01 2.741990e-02
<GCONST> 9.415755e+01
<MIXTURE> 5 1.490972e-01
<MEAN> 39
 -6.872882e-01 -5.464029e+00 -8.213338e-01 -5.296716e+00 -1.084934e+00 5.117373e-01 9.137177e+00 8.795217e+00 5.866210e-01 -1.228073e+00 -3.355447e+00 -1.477715e+00 1.361527e+01 -1.883061e-03 -6.365016e-02 -3.585694e-02 2.991390e-02 7.963262e-02 7.469015e-02 -3.565215e-03 -2.214992e-02 -7.400138e-02 -7.030492e-02 5.806028e-03 3.912680e-02 -1.490237e-02 1.256682e-02 1.854740e-02 1.144821e-02 5.927613e-03 -4.760787e-02 -2.755412e-02 -4.547684e-02 -7.471282e-03 1.947606e-02 1.131076e-02 4.382002e-03 -4.121249e-03 -1.385746e-02
<VARIANCE> 39
 2.853067e+01 3.019673e+01 3.032673e+01 2.982817e+01 5.780688e+01 7.362087e+01 9.421524e+01 7.889481e+01 7.632073e+01 5.506728e+01 5.158221e+01 5.640508e+01 2.940985e+01 1.238564e-01 2.634299e-01 3.696988e-01 4.540581e-01 6.654003e-01 7.448311e-01 9.382423e-01 1.082449e+00 1.024299e+00 9.571385e-01 9.460782e-01 9.373311e-01 5.758430e-02 2.387474e-02 4.886771e-02 7.019707e-02 8.550079e-02 1.227439e-01 1.395724e-01 1.781847e-01 2.028317e-01 1.947762e-01 1.759406e-01 1.836764e-01 1.753906e-01 1.028977e-02
<GCONST> 8.268375e+01
<MIXTURE> 6 1.002795e-01
<MEAN> 39
 1.635652e-01 -6.371422e+00 -3.075724e-01 -5.025524e+00 -1.472876e+00 -6.086380e-02 7.369520e+00 6.118321e+00 1.130697e+00 -5.920534e-01 -8.389297e-01 1.295758e+00 1.025298e+01 -3.724222e-01 -4.895693e-01 4.701335e-02 2.132686e-01 5.381713e-01 6.966934e-01 7.514381e-01 1.727150e-01 -6.418830e-01 -4.787033e-01 2.177886e-01 1.340378e-01 4.732561e-01 9.562581e-02 3.183238e-01 4.120539e-03 2.427141e-01 -8.370548e-02 -1.370965e-01 -4.240996e-01 -3.971443e-01 -7.178650e-02 1.420207e-01 1.758939e-01 2.794770e-02 -3.578454e-01
<VARIANCE> 39
 2.273372e+01 2.831460e+01 4.011857e+01 4.052259e+01 6.203309e+01 6.881662e+01 9.702183e+01 8.363293e+01 9.210836e+01 8.154209e+01 8.960883e+01 1.025613e+02 2.879318e+01 7.868527e-01 1.444604e+00 1.746184e+00 1.984234e+00 3.233579e+00 3.595336e+00 4.460223e+00 4.336409e+00 4.187464e+00 3.927224e+00 3.945384e+00 4.112877e+00 7.323772e-01 1.637069e-01 2.730184e-01 3.352756e-01 4.141043e-01 4.819463e-01 6.420457e-01 8.368306e-01 8.846115e-01 8.968328e-01 7.695372e-01 7.224104e-01 7.698255e-01 1.701496e-01
<GCONST> 1.270855e+02
<MIXTURE> 7 6.988882e-02
<MEAN> 39
 1.538841e+00 -1.620528e+00 2.161322e+00 -2.555912e+00 -6.267151e+00 -4.552771e+00 3.036041e+00 1.852455e+00 6.050696e-01 1.004889e+00 -4.013907e-01 2.469423e-01 4.473546e+00 3.462534e-01 -1.031896e+00 1.845615e-01 -1.106356e+00 -8.102549e-01 -3.662983e-01 5.248337e-01 7.549533e-01 -2.030554e-01 -1.555146e-01 -1.691932e-01 -6.694707e-02 2.108942e+00 -2.633634e-01 1.817352e-01 -5.545309e-02 2.978995e-01 4.792349e-01 4.453292e-01 3.351336e-02 -1.171774e-01 -1.067307e-01 -1.048307e-01 5.980474e-03 -7.058509e-02 -4.505658e-01
<VARIANCE> 39
 3.009703e+01 4.089623e+01 5.077514e+01 5.557094e+01 6.209460e+01 6.254699e+01 8.722089e+01 7.087930e+01 6.350475e+01 5.973759e+01 5.418359e+01 5.379761e+01 5.391629e+01 2.290186e+00 2.925192e+00 3.314971e+00 4.469642e+00 5.610617e+00 5.070705e+00 5.626076e+00 5.964639e+00 5.503521e+00 4.700928e+00 4.339993e+00 4.107722e+00 5.601357e+00 3.942032e-01 5.140339e-01 5.146106e-01 7.400475e-01 7.603074e-01 7.909717e-01 9.417783e-01 9.475282e-01 8.309243e-01 7.874785e-01 7.063250e-01 6.297637e-01 7.010729e-01
<GCONST> 1.384804e+02
<MIXTURE> 8 9.906229e-02
<MEAN> 39
 1.754549e+00 -2.362201e+00 2.257705e+00 -2.278581e+00 -9.783489e+00 -5.182828e+00 3.886386e+00 6.597216e+00 9.044837e-01 -2.932278e-01 2.844220e-02 -3.357429e-01 8.472365e+00 -1.953675e-01 -7.574928e-01 -1.827623e-01 -5.479632e-01 9.717373e-02 8.540555e-01 1.051181e+00 7.948723e-01 -2.923952e-02 -1.862078e-01 -9.433129e-02 -4.003086e-01 6.956786e-01 -9.038888e-02 2.835366e-01 -5.398636e-03 2.800725e-01 4.650640e-01 1.237585e-01 -1.930279e-01 -4.922024e-01 -1.625442e-01 -6.120453e-02 -5.630964e-02 3.743086e-02 -4.048575e-01
<VARIANCE> 39
 1.043681e+01 1.781429e+01 2.514149e+01 2.597789e+01 3.131724e+01 3.834358e+01 4.122492e+01 4.023205e+01 4.727972e+01 4.233620e+01 4.056102e+01 3.858088e+01 2.074584e+01 4.455824e-01 9.125800e-01 1.270890e+00 1.187539e+00 1.774438e+00 2.007203e+00 2.492131e+00 2.492928e+00 2.641962e+00 2.352226e+00 2.115805e+00 1.843798e+00 4.973643e-01 1.356601e-01 1.654117e-01 2.058970e-01 2.435991e-01 2.909068e-01 3.551536e-01 4.094560e-01 4.364665e-01 4.252477e-01 4.267519e-01 3.934168e-01 3.568727e-01 1.216663e-01
<GCONST> 1.044189e+02
<STATE> 3
<NUMMIXES> 8
<MIXTURE> 1 7.772339e-02
<MEAN> 39
 1.141628e+00 -5.895555e+00 -5.051151e-02 -2.484585e+00 -3.486870e+00 7.743196e-01 5.123906e+00 7.146230e+00 -1.363972e+00 -3.382995e+00 -9.288781e-01 8.015041e-01 9.693235e+00 -1.363760e-01 -2.354857e-01 -3.038938e-01 -3.033271e-01 -2.418042e-01 -3.227324e-01 -4.019891e-01 -3.119305e-01 -2.859985e-01 -3.008774e-01 -2.551500e-01 -1.639078e-01 -6.652390e-02 -3.285176e-02 -4.346465e-02 -6.849102e-02 -8.131436e-02 -9.644095e-02 -1.134273e-01 -9.546782e-02 -9.181552e-02 -6.144869e-02 -6.619258e-02 -6.232437e-02 -6.262446e-02 -2.317763e-02
<VARIANCE> 39
 9.570981e+00 1.523296e+01 2.066575e+01 1.915826e+01 3.795673e+01 3.688585e+01 4.881957e+01 4.588842e+01 5.608775e+01 4.205437e+01 3.859564e+01 3.671062e+01 1.627057e+01 4.603524e-02 1.062227e-01 1.591692e-01 1.966305e-01 3.023374e-01 3.196139e-01 3.686211e-01 3.981882e-01 4.155671e-01 4.321033e-01 3.967129e-01 3.797986e-01 1.923786e-02 8.925471e-03 1.926766e-02 2.970238e-02 3.948407e-02 5.212839e-02 5.953622e-02 6.864760e-02 7.196910e-02 7.663693e-02 7.727358e-02 7.270461e-02 6.622376e-02 3.074033e-03
<GCONST> 5.205752e+01
<MIXTURE> 2 2.587646e-01
<MEAN> 39
 1.795725e+00 -4.201179e+00 8.656027e-01 -2.422765e+00 -6.259175e+00 -1.434250e+00 5.190488e+00 6.131752e+00 -1.890954e+00 -3.191896e+00 -1.058665e+00 -1.739255e-01 7.494133e+00 1.176643e-01 7.999952e-02 9.098710e-02 2.332415e-01 2.579667e-01 2.105942e-01 1.557742e-01 2.781918e-01 2.113538e-01 8.695371e-02 1.340723e-01 1.933483e-01 -7.395122e-03 1.631511e-02 2.552922e-02 -8.426728e-03 1.356176e-02 1.917118e-03 -5.959125e-02 -8.373627e-02 -3.797658e-02 5.456679e-02 2.164853e-02 -2.295924e-02 4.390163e-03 -2.886888e-02
<VARIANCE> 39
 8.660758e+00 1.711154e+01 2.274697e+01 2.316333e+01 3.721527e+01 4.057485e+01 4.192025e+01 4.551359e+01 5.481592e+01 4.448197e+01 4.030491e+01 3.684385e+01 1.252049e+01 1.396176e-01 3.444586e-01 5.091055e-01 6.292278e-01 9.049382e-01 9.978652e-01 1.125032e+00 1.189355e+00 1.237412e+00 1.241939e+00 1.129083e+00 1.017334e+00 8.905116e-02 2.000908e-02 4.685836e-02 6.984784e-02 9.487174e-02 1.323862e-01 1.566798e-01 1.834431e-01 1.942817e-01 1.987194e-01 1.951006e-01 1.788097e-01 1.663104e-01 1.268717e-02
<GCONST> 7.928062e+01
<MIXTURE> 3 1.369805e-01
<MEAN> 39
 1.008549e+00 -5.795002e+00 -2.878527e-01 -2.874606e+00 -4.328203e+00 -4.686286e-01 4.250504e+00 6.760059e+00 -6.993198e-01 -3.660159e+00 -1.373796e+00 2.656594e-01 9.805941e+00 7.579827e-02 8.311137e-02 8.808061e-02 1.491892e-01 1.951976e-01 1.533797e-01 1.145349e-01 1.658636e-01 1.714801e-01 9.161062e-02 9.674814e-02 1.055721e-01 1.755087e-02 1.505819e-02 2.460421e-02 1.740674e-02 2.864968e-02 3.791209e-03 9.483320e-03 9.408962e-03 2.186927e-02 3.616131e-02 2.194049e-02 9.645831e-03 8.667071e-03 -3.466872e-03
<VARIANCE> 39
 1.056121e+01 1.615191e+01 2.112217e+01 1.872758e+01 3.821773e+01 4.135658e+01 5.361562e+01 4.735159e+01 5.745394e+01 4.337773e+01 3.894809e+01 3.503366e+01 1.726846e+01 4.459096e-02 9.706963e-02 1.531789e-01 1.948861e-01 2.788147e-01 3.063919e-01 3.383228e-01 3.744949e-01 3.936995e-01 3.851640e-01 3.505233e-01 3.233439e-01 1.799761e-02 7.226790e-03 1.559662e-02 2.500976e-02 3.262480e-02 4.586687e-02 5.100134e-02 5.849524e-02 6.462712e-02 6.852397e-02 6.536882e-02 6.155283e-02 5.718680e-02 2.571550e-03
<GCONST> 4.947038e+01
<MIXTURE> 4 1.090939e-01
<MEAN> 39
 4.317843e-01 -6.741815e+00 -1.497660e+00 -4.999865e+00 -6.875950e+00 -2.499985e+00 2.518555e+00 3.272833e+00 -4.906627e+00 -5.710148e+00 -3.152635e+00 -1.678871e+00 8.390201e+00 2.893540e-02 -1.013813e-02 -3.351589e-02 5.528564e-02 1.070531e-01 2.760330e-02 -4.709010e-02 4.495771e-02 4.736293e-02 -2.418339e-02 5.176461e-03 5.731423e-02 -1.992782e-02 1.434337e-01 2.165619e-01 2.504765e-01 2.868888e-01 2.910758e-01 2.820624e-01 2.937897e-01 3.215614e-01 3.353651e-01 2.745855e-01 2.147045e-01 1.878574e-01 3.746419e-02
<VARIANCE> 39
 1.006402e+01 1.957367e+01 2.553066e+01 2.340737e+01 4.509800e+01 3.993128e+01 4.625430e+01 4.837916e+01 5.621275e+01 4.687453e+01 4.406315e+01 4.535430e+01 1.686860e+01 9.664522e-02 2.254348e-01 3.477436e-01 4.458506e-01 6.193053e-01 6.767159e-01 7.586318e-01 7.976013e-01 8.470360e-01 8.173815e-01 7.279459e-01 6.780212e-01 4.333491e-02 1.405949e-02 3.321005e-02 5.044289e-02 6.648628e-02 9.369047e-02 1.056556e-01 1.178522e-01 1.257670e-01 1.342719e-01 1.400547e-01 1.355937e-01 1.277588e-01 6.370671e-03
<GCONST> 7.031023e+01
<MIXTURE> 5 1.755593e-01
<MEAN> 39
 2.593906e+00 -1.893410e+00 3.093756e+00 4.751467e-01 -9.637962e+00 -5.064577e+00 3.193670e+00 5.052948e+00 5.635287e-01 -1.813949e+00 3.162904e-01 1.008527e+00 6.866454e+00 1.959220e-02 -2.798324e-02 -5.776948e-02 -7.940947e-03 2.637386e-02 -1.908258e-02 -3.608887e-02 3.892517e-03 8.402281e-03 -4.785402e-02 -6.325085e-02 -2.422060e-02 -3.620844e-02 1.301087e-03 -4.057747e-03 -5.066245e-03 -2.653636e-02 3.780900e-02 -2.828347e-03 -3.870000e-02 -1.034856e-02 -1.903274e-02 1.758361e-03 -1.432104e-02 -4.589228e-03 -5.557762e-03
<VARIANCE> 39
 8.717096e+00 1.530735e+01 2.370129e+01 2.541804e+01 3.202140e+01 4.332738e+01 3.906219e+01 4.097298e+01 4.458864e+01 4.206715e+01 4.180616e+01 4.260654e+01 1.260566e+01 5.299323e-02 1.326550e-01 2.325372e-01 2.929458e-01 4.113187e-01 4.926510e-01 5.754632e-01 6.086916e-01 6.294898e-01 6.482463e-01 6.144477e-01 5.366947e-01 3.453684e-02 9.740709e-03 2.345461e-02 4.111464e-02 5.699341e-02 7.686857e-02 9.459332e-02 1.085935e-01 1.177359e-01 1.208081e-01 1.252223e-01 1.167391e-01 1.055591e-01 5.363991e-03
<GCONST> 6.194098e+01
<MIXTURE> 6 8.999117e-02
<MEAN> 39
 1.724422e+00 -5.033934e+00 9.701490e-01 -1.978825e+00 -3.508598e+00 1.303166e+00 6.409813e+00 7.017322e+00 -1.692840e+00 -2.719393e+00 -5.501243e-01 4.186106e-01 9.033140e+00 1.064025e-01 9.626789e-02 1.180450e-01 1.999823e-01 2.620175e-01 1.915562e-01 1.394878e-01 2.103862e-01 1.976418e-01 1.101088e-01 1.311799e-01 1.367956e-01 9.888824e-03 -1.116407e-01 -1.589017e-01 -2.223309e-01 -2.576013e-01 -2.853844e-01 -3.166081e-01 -3.092182e-01 -2.703774e-01 -2.252795e-01 -2.115845e-01 -2.035865e-01 -1.481685e-01 -6.358670e-02
<VARIANCE> 39
 9.479565e+00 1.725008e+01 2.423629e+01 2.263681e+01 4.265141e+01 3.616958e+01 4.390392e+01 4.724083e+01 5.524006e+01 4.500406e+01 3.940088e+01 4.119001e+01 1.636941e+01 9.090944e-02 2.145204e-01 3.226227e-01 4.055584e-01 5.894784e-01 6.171088e-01 6.874348e-01 7.226921e-01 7.545505e-01 7.395663e-01 6.650439e-01 6.072270e-01 4.010226e-02 1.371554e-02 3.124345e-02 4.728966e-02 6.310468e-02 8.283379e-02 9.448630e-02 1.072938e-01 1.159590e-01 1.261363e-01 1.267956e-01 1.187207e-01 1.197305e-01 5.818532e-03
<GCONST> 6.733549e+01
<MIXTURE> 7 9.864134e-02
<MEAN> 39
 1.437987e+00 -5.266109e+00 3.506988e-01 -3.191956e+00 -5.352222e+00 -4.073983e-01 5.288584e+00 5.584026e+00 -2.874445e+00 -3.734607e+00 -1.413041e+00 -5.265548e-01 8.250573e+00 -2.718298e-01 -4.213090e-01 -5.421671e-01 -5.586976e-01 -4.998438e-01 -6.453568e-01 -7.242459e-01 -6.632688e-01 -6.270455e-01 -5.926799e-01 -4.447501e-01 -3.421577e-01 -1.427024e-01 1.195221e-02 2.486647e-02 -8.585392e-03 4.838624e-03 -2.077712e-02 -5.389595e-02 -5.691043e-02 2.065650e-04 4.636836e-02 1.670843e-02 -2.581970e-02 4.347446e-03 -1.634468e-02
<VARIANCE> 39
 9.375966e+00 1.880692e+01 2.436089e+01 2.324770e+01 4.276528e+01 3.945667e+01 4.481923e+01 4.898359e+01 5.551802e+01 4.765822e+01 4.172292e+01 4.144974e+01 1.486938e+01 9.682597e-02 2.454165e-01 3.578856e-01 4.526173e-01 6.922662e-01 7.327889e-01 8.222374e-01 8.436612e-01 9.207813e-01 9.400334e-01 9.108916e-01 8.686938e-01 5.500679e-02 1.928417e-02 4.393339e-02 6.847493e-02 9.208237e-02 1.256759e-01 1.429164e-01 1.573280e-01 1.723477e-01 1.795523e-01 1.729167e-01 1.561887e-01 1.443982e-01 8.893942e-03
<GCONST> 7.471275e+01
<MIXTURE> 8 5.324579e-02
<MEAN> 39
 9.514253e-01 -3.961048e+00 8.479727e-01 -1.406234e+00 -3.209888e+00 -1.659394e+00 3.010608e+00 3.640940e+00 -5.047403e-01 -9.626250e-01 1.051724e+00 1.931204e+00 6.387084e+00 8.510397e-03 5.000577e-03 4.924156e-02 2.214314e-01 1.658308e-01 2.695406e-02 -8.344195e-02 -1.588039e-01 -2.315681e-01 -6.148739e-02 2.226670e-01 1.088919e-01 -1.206390e-01 9.852188e-02 2.376176e-01 -2.214684e-02 8.750836e-02 7.628960e-02 -9.143382e-02 -2.551242e-01 -2.081089e-01 9.578457e-02 1.107129e-01 -7.912026e-02 -8.673932e-02 -2.392562e-01
<VARIANCE> 39
 2.529788e+01 4.071283e+01 4.464069e+01 4.531924e+01 6.883289e+01 6.268508e+01 7.284764e+01 7.180066e+01 7.049310e+01 7.307666e+01 7.568579e+01 7.730797e+01 5.465165e+01 5.083520e-01 9.919125e-01 1.558578e+00 1.554458e+00 2.336447e+00 2.278106e+00 2.459982e+00 2.557971e+00 2.734890e+00 2.672975e+00 2.673182e+00 2.359157e+00 4.474756e-01 1.468505e-01 2.343054e-01 2.860658e-01 3.321287e-01 4.801300e-01 5.142166e-01 5.887141e-01 6.526385e-01 6.075638e-01 5.704513e-01 5.224653e-01 4.687346e-01 1.324926e-01
<GCONST> 1.185532e+02
<STATE> 4
<NUMMIXES> 8
<MIXTURE> 1 1.952131e-01
<MEAN> 39
 -9.335972e-01 -6.854531e+00 -1.532203e+00 -4.364283e-01 1.500302e+00 3.975256e+00 4.965473e+00 1.712863e+00 -2.175329e+00 3.769799e+00 1.379989e+01 1.540074e+01 9.184222e+00 1.646470e-02 5.237584e-03 -7.491110e-03 2.342539e-02 3.352764e-02 1.763566e-03 -1.563992e-02 2.162300e-02 1.876379e-02 -1.445665e-02 -1.111007e-02 1.371459e-02 -1.291875e-02 -1.224968e-02 -1.150302e-02 -2.288041e-02 -3.172313e-02 -3.095390e-02 -2.669484e-02 -1.798557e-02 5.015590e-04 8.666101e-03 5.604434e-03 -3.383317e-03 -7.503846e-03 -1.051083e-02
<VARIANCE> 39
 1.308875e+01 1.802470e+01 2.693454e+01 3.282347e+01 5.196488e+01 4.880464e+01 5.484414e+01 5.570971e+01 4.797796e+01 7.495307e+01 8.239375e+01 4.665693e+01 2.085270e+01 1.017376e-01 2.207069e-01 3.101605e-01 3.705238e-01 4.301099e-01 4.480968e-01 4.969057e-01 5.308573e-01 5.391747e-01 5.573543e-01 5.938838e-01 5.065894e-01 3.175037e-02 1.842501e-02 3.948032e-02 5.557232e-02 6.892770e-02 7.743040e-02 8.196694e-02 9.130854e-02 9.897126e-02 9.971464e-02 1.033882e-01 1.072370e-01 9.526397e-02 5.095662e-03
<GCONST> 6.748071e+01
<MIXTURE> 2 9.478522e-02
<MEAN> 39
 -3.913083e-01 -4.680229e+00 1.342316e-01 -6.183864e-01 -1.709782e+00 -8.952012e-01 2.782082e+00 2.620148e+00 3.294669e+00 5.347980e+00 7.364177e+00 5.237639e+00 6.255737e+00 1.614321e-01 2.411696e-01 2.034086e-02 8.525595e-02 7.688497e-04 -2.011075e-01 -2.287675e-01 -2.469082e-01 -4.343777e-02 4.695170e-02 -5.515054e-02 1.599431e-03 -3.322932e-01 3.046737e-02 1.038035e-01 -2.953988e-03 5.309992e-02 6.275062e-02 1.163764e-02 -5.687166e-02 -5.179279e-02 -6.548497e-02 -5.313750e-02 -1.047071e-01 -3.938997e-02 -9.422208e-02
<VARIANCE> 39
 2.819835e+01 4.347741e+01 4.558067e+01 5.052024e+01 8.422792e+01 7.619356e+01 8.530545e+01 8.095026e+01 9.795011e+01 1.119740e+02 1.074263e+02 1.464798e+02 6.690235e+01 9.586965e-01 1.564662e+00 1.998413e+00 2.278923e+00 3.076387e+00 3.539090e+00 3.572649e+00 3.903108e+00 3.953940e+00 4.175778e+00 3.840185e+00 4.124762e+00 1.141145e+00 1.642740e-01 2.641017e-01 3.377210e-01 3.907009e-01 5.113605e-01 6.261009e-01 6.223171e-01 6.888988e-01 7.063535e-01 7.092981e-01 6.658211e-01 6.899922e-01 1.760127e-01
<GCONST> 1.295949e+02
<MIXTURE> 3 6.640147e-02
<MEAN> 39
 1.214722e+00 -4.290015e+00 1.536251e+00 -4.758259e+00 -6.643259e+00 -1.530791e+00 5.494312e+00 2.990073e+00 -5.746545e+00 -3.449101e+00 -1.805744e+00 -2.185203e+00 7.403292e+00 2.784672e-01 3.529487e-01 1.558337e-01 1.388034e-01 -3.818682e-01 -6.914163e-01 -6.115024e-01 1.001078e-01 3.108676e-01 8.710133e-02 -2.736828e-02 9.821054e-02 -4.389500e-01 1.750915e-01 2.352543e-01 1.293415e-01 3.021279e-01 8.322922e-02 -1.690856e-01 -3.315510e-01 -2.502028e-02 2.784897e-01 6.123143e-02 -5.273310e-03 1.742851e-01 -2.393871e-01
<VARIANCE> 39
 9.198169e+00 2.147007e+01 2.818632e+01 2.464931e+01 3.644783e+01 3.995195e+01 4.670392e+01 4.998865e+01 4.733309e+01 5.102283e+01 4.391916e+01 4.601645e+01 1.392120e+01 2.038690e-01 4.956973e-01 7.473506e-01 9.184448e-01 1.358082e+00 1.410587e+00 1.593502e+00 1.873379e+00 1.847099e+00 1.837518e+00 1.498093e+00 1.383425e+00 1.036891e-01 4.164470e-02 9.242970e-02 1.366876e-01 1.593920e-01 2.304289e-01 2.829478e-01 3.139865e-01 3.467704e-01 3.271016e-01 3.340614e-01 3.019282e-01 2.512161e-01 3.693005e-02
<GCONST> 9.291393e+01
<MIXTURE> 4 7.667132e-02
<MEAN> 39
 3.652199e+00 -2.989072e+00 6.475260e-01 1.298538e+00 -7.592224e+00 -5.811287e+00 5.378326e-01 6.841526e+00 4.070338e+00 -2.703567e+00 -1.638345e+00 1.068170e+00 7.178477e+00 2.650375e-01 2.125321e-01 -1.960439e-01 2.395888e-01 3.625630e-01 -1.911920e-01 -7.512067e-01 -4.193237e-01 2.470909e-01 2.513926e-01 -1.992714e-01 -1.395470e-01 -3.692369e-01 2.585245e-02 1.182279e-01 2.378810e-02 -6.060319e-03 1.966670e-01 5.538731e-02 -1.671003e-01 -3.197669e-01 -1.795290e-01 1.325993e-01 1.451868e-03 -1.061123e-01 -1.439952e-01
<VARIANCE> 39
 9.552807e+00 1.958009e+01 2.411823e+01 2.239886e+01 3.148959e+01 3.803526e+01 4.286799e+01 4.175723e+01 5.323050e+01 4.511584e+01 4.148151e+01 3.665081e+01 2.187376e+01 1.648313e-01 3.858992e-01 7.217956e-01 6.791954e-01 1.102476e+00 1.213271e+00 1.461871e+00 1.432133e+00 1.520210e+00 1.563854e+00 1.408364e+00 1.217514e+00 1.047705e-01 2.731143e-02 6.357112e-02 1.028699e-01 1.254179e-01 1.608049e-01 2.149681e-01 2.398304e-01 2.498455e-01 2.475573e-01 2.713127e-01 2.404355e-01 2.043898e-01 2.508718e-02
<GCONST> 8.640066e+01
<MIXTURE> 5 2.836445e-01
<MEAN> 39
 -1.403657e+00 -8.133476e+00 -1.083384e+00 -9.830488e-01 1.371629e+00 2.211306e+00 4.435425e+00 2.769708e+00 -1.567980e+00 4.978917e+00 1.352158e+01 1.439207e+01 9.010623e+00 2.333409e-02 2.172705e-03 -3.250074e-02 3.135913e-02 3.269377e-02 -5.428881e-02 -7.025348e-02 5.255103e-02 5.213720e-02 2.134905e-03 5.318502e-02 7.111565e-02 -6.074378e-02 3.877985e-02 5.220341e-02 1.733587e-02 -5.288694e-03 -3.054910e-02 -3.044185e-02 -9.244725e-03 5.248793e-02 6.901484e-02 -2.768470e-02 -1.006181e-01 -7.690919e-02 -1.673155e-02
<VARIANCE> 39
 1.450536e+01 2.254112e+01 3.231151e+01 3.836668e+01 6.613981e+01 5.168361e+01 5.965994e+01 5.940892e+01 6.064812e+01 8.872945e+01 9.069912e+01 6.228759e+01 2.211860e+01 3.053804e-01 6.293309e-01 8.401777e-01 1.037099e+00 1.238491e+00 1.281953e+00 1.467837e+00 1.453826e+00 1.513097e+00 1.662603e+00 1.798871e+00 1.434474e+00 1.242186e-01 5.419210e-02 1.113420e-01 1.530891e-01 1.863523e-01 2.085801e-01 2.275997e-01 2.537743e-01 2.456554e-01 2.603087e-01 2.736717e-01 2.897588e-01 2.389400e-01 1.923669e-02
<GCONST> 9.669131e+01
<MIXTURE> 6 6.912064e-02
<MEAN> 39
 -2.157519e+00 -6.331561e+00 6.634304e-01 2.329124e+00 3.471189e+00 2.641644e+00 3.524999e+00 5.562325e+00 1.222271e+01 1.639807e+01 1.073746e+01 -7.896607e+00 7.318863e+00 1.650620e-03 1.931334e-03 -8.552542e-03 -1.744627e-03 -1.721976e-03 7.224930e-03 -1.192762e-02 5.846694e-03 4.931126e-03 2.550728e-03 1.654312e-03 -9.089101e-03 -1.115809e-02 -1.399471e-03 -5.690597e-03 -2.246939e-02 -2.384244e-02 -1.997104e-02 -5.486408e-03 1.099842e-02 5.996413e-03 -2.783661e-02 -4.715404e-02 -2.062443e-03 5.981922e-02 -3.501770e-03
<VARIANCE> 39
 9.229971e+00 1.730500e+01 2.468163e+01 3.213394e+01 5.147748e+01 3.839175e+01 4.755537e+01 7.849237e+01 4.299112e+01 5.216202e+01 4.119336e+01 7.818003e+01 1.361448e+01 1.904982e-01 3.554020e-01 5.028039e-01 5.258754e-01 4.937100e-01 5.808360e-01 7.152606e-01 6.842174e-01 8.105140e-01 8.871137e-01 6.906151e-01 7.863296e-01 5.002467e-02 3.444233e-02 6.332846e-02 8.905566e-02 9.416538e-02 8.549161e-02 1.073456e-01 1.274394e-01 1.210566e-01 1.495175e-01 1.690057e-01 1.317943e-01 1.365917e-01 8.405345e-03
<GCONST> 7.547603e+01
<MIXTURE> 7 1.084161e-01
<MEAN> 39
 3.484809e+00 -5.244092e+00 -6.285555e+00 -2.674830e+00 3.861879e+00 1.942844e-01 -3.076788e+00 5.402591e+00 4.144128e+00 -4.340317e+00 -4.084725e+00 4.856088e-01 7.920304e+00 1.455176e-01 1.542833e-01 -2.327239e-01 -1.170953e-01 2.937907e-01 1.874284e-01 -4.153304e-01 -3.001198e-01 2.665847e-01 2.922318e-01 -4.109982e-02 -2.856615e-01 -1.521606e-01 6.053058e-03 4.878430e-02 5.682654e-02 -7.757860e-03 -1.108120e-01 -2.318163e-02 5.255859e-02 -5.842774e-02 -5.159676e-02 8.566606e-02 8.919527e-02 -1.800248e-02 -2.918994e-02
<VARIANCE> 39
 1.173032e+01 2.031409e+01 1.972202e+01 2.721556e+01 4.920857e+01 5.024803e+01 4.960238e+01 4.956137e+01 6.414354e+01 4.611968e+01 4.402728e+01 5.390939e+01 1.836448e+01 1.040075e-01 2.698072e-01 4.248765e-01 5.598423e-01 8.753870e-01 9.359037e-01 1.054539e+00 1.106534e+00 1.107516e+00 1.069261e+00 1.051163e+00 9.571514e-01 5.726829e-02 1.680710e-02 4.376058e-02 6.437249e-02 9.359945e-02 1.252646e-01 1.485614e-01 1.710333e-01 1.829809e-01 1.909623e-01 1.849624e-01 1.760116e-01 1.587004e-01 8.399009e-03
<GCONST> 7.851620e+01
<MIXTURE> 8 1.057476e-01
<MEAN> 39
 1.289637e+00 -7.739393e+00 -2.674800e+00 -1.660990e+00 2.085578e+00 7.041973e-01 3.978746e+00 9.146955e+00 -6.860289e-01 -5.526142e+00 -1.561277e+00 4.360096e+00 9.522227e+00 2.858015e-01 1.769515e-01 -2.480562e-01 -5.687063e-02 4.898413e-02 -3.874884e-01 -7.417970e-01 2.922397e-02 7.547549e-01 1.786039e-01 -4.130021e-01 -1.546253e-01 -3.085508e-01 5.463143e-02 1.187180e-01 -3.725274e-04 -8.507833e-02 -2.412490e-01 -2.309147e-01 -3.156191e-01 -3.699917e-01 4.982043e-02 2.499899e-01 3.690609e-02 -1.760871e-01 -1.819670e-01
<VARIANCE> 39
 1.202816e+01 1.738702e+01 2.444149e+01 2.356622e+01 5.135160e+01 4.409348e+01 5.855849e+01 4.013299e+01 5.706456e+01 4.034599e+01 4.750189e+01 5.138812e+01 1.479706e+01 2.993392e-01 6.343389e-01 8.925871e-01 1.094641e+00 2.005658e+00 1.706727e+00 2.208081e+00 2.103616e+00 2.091430e+00 2.073560e+00 1.771472e+00 1.809327e+00 1.491382e-01 4.778136e-02 1.049981e-01 1.374393e-01 1.750569e-01 2.413385e-01 2.884704e-01 3.497413e-01 3.393673e-01 3.384307e-01 3.342988e-01 3.190457e-01 3.048813e-01 3.185882e-02
<GCONST> 9.713660e+01
<STATE> 5
<NUMMIXES> 8
<MIXTURE> 1 1.038607e-01
<MEAN> 39
 1.054887e+00 -7.659414e+00 -1.732603e+00 -3.802676e+00 2.778802e-01 -9.462667e-01 4.354009e+00 7.466626e+00 -6.821399e-01 -1.114666e+00 2.684439e+00 7.179161e+00 8.678419e+00 6.962342e-01 7.426410e-01 8.713526e-02 -1.471468e-01 -1.078608e+00 -1.522221e+00 -1.641122e+00 -3.598651e-01 9.664223e-01 4.782350e-01 -4.035420e-01 -2.597818e-01 -1.043787e+00 2.790508e-02 3.664112e-01 1.389505e-01 3.652267e-01 -1.028814e-01 -1.367732e-01 -4.156547e-01 -6.293598e-01 -1.608769e-01 8.624630e-03 -2.825556e-02 -2.595300e-01 -3.993586e-01
<VARIANCE> 39
 1.423875e+01 2.154326e+01 3.090211e+01 3.095602e+01 5.011106e+01 5.101656e+01 7.166597e+01 5.847832e+01 6.750075e+01 7.917424e+01 9.226115e+01 9.902617e+01 1.888441e+01 5.131803e-01 1.142835e+00 1.500247e+00 1.803926e+00 2.478046e+00 2.687030e+00 3.525967e+00 3.520558e+00 3.335515e+00 3.095042e+00 3.081331e+00 3.126739e+00 3.814360e-01 1.110712e-01 1.968280e-01 2.662327e-01 3.206504e-01 3.855583e-01 4.937469e-01 6.217081e-01 6.132205e-01 6.466341e-01 6.300521e-01 5.461673e-01 5.492040e-01 8.893099e-02
<GCONST> 1.161796e+02
<MIXTURE> 2 7.840801e-02
<MEAN> 39
 1.009566e+00 3.976492e+00 2.047667e+00 3.849985e+00 -2.093234e+00 -3.759755e+00 -9.784989e-01 -2.390231e+00 -2.192164e+00 -3.046614e+00 -2.777830e+00 -1.955071e+00 -1.025186e+00 -9.533048e-01 1.236054e+00 6.017349e-02 1.065124e+00 8.051967e-01 5.969839e-01 5.653887e-02 -7.139474e-01 -3.221571e-01 -7.963033e-02 -1.191448e-01 -4.873625e-01 -1.203166e+00 -2.435381e-01 -3.981541e-01 -1.839915e-01 -3.469742e-01 -7.110563e-02 1.239646e-01 3.388465e-01 5.061070e-01 3.011863e-01 2.720353e-01 2.323486e-01 1.952364e-01 2.812123e-01
<VARIANCE> 39
 3.000175e+01 3.006099e+01 4.596385e+01 3.367060e+01 5.362744e+01 4.863425e+01 5.074801e+01 5.207172e+01 4.877733e+01 4.895270e+01 4.812068e+01 4.514322e+01 4.178917e+01 3.281036e+00 3.078044e+00 2.757227e+00 3.240701e+00 3.793617e+00 4.181893e+00 4.017583e+00 4.607289e+00 4.240394e+00 3.737590e+00 3.668887e+00 3.665985e+00 2.460183e+00 3.392395e-01 3.379080e-01 4.078155e-01 4.425349e-01 5.628439e-01 6.628250e-01 7.148985e-01 7.114280e-01 6.850921e-01 6.401616e-01 6.033394e-01 5.519163e-01 2.521326e-01
<GCONST> 1.283716e+02
<MIXTURE> 3 1.289008e-01
<MEAN> 39
 4.619509e+00 -4.035870e+00 -6.183641e+00 -3.025875e+00 2.497717e+00 -4.107371e-01 -4.991866e+00 2.835811e+00 5.594993e+00 -1.869814e-01 -3.672543e+00 -3.604048e+00 6.466465e+00 3.673931e-01 5.763804e-01 -1.929789e-01 -2.504318e-01 1.663616e-01 3.283041e-01 -5.181590e-01 -1.146428e+00 -2.413128e-01 7.415618e-01 6.007467e-01 -4.279914e-01 -5.661503e-01 -4.451647e-02 1.160996e-01 2.359560e-01 8.517113e-02 -1.755544e-01 -7.536491e-02 2.266214e-01 -5.002358e-02 -3.196361e-01 -1.028624e-01 1.629164e-01 2.074339e-01 -9.145901e-02
<VARIANCE> 39
 1.167115e+01 1.988695e+01 2.803399e+01 3.428651e+01 5.237648e+01 5.638445e+01 5.059679e+01 5.566795e+01 5.643208e+01 5.916145e+01 5.521481e+01 4.792299e+01 1.710207e+01 2.406934e-01 5.671209e-01 9.534838e-01 1.237937e+00 1.621115e+00 1.939006e+00 2.180637e+00 2.155021e+00 2.306735e+00 2.179862e+00 2.266379e+00 2.026697e+00 1.778699e-01 4.051422e-02 8.806392e-02 1.495732e-01 2.084781e-01 2.531225e-01 3.032775e-01 3.383103e-01 3.872950e-01 3.606282e-01 3.778161e-01 3.777056e-01 3.067225e-01 3.361223e-02
<GCONST> 9.979533e+01
<MIXTURE> 4 1.290437e-01
<MEAN> 39
 2.284813e+00 -2.520353e+00 3.222816e+00 -2.882710e+00 -1.000165e+01 -3.982610e+00 2.973145e+00 5.055436e+00 -3.180050e+00 -1.513350e+00 -2.981461e-01 -6.599357e-01 6.196884e+00 4.655114e-01 8.930600e-01 4.584163e-01 8.327366e-01 4.462193e-02 -1.024093e+00 -1.329228e+00 -8.446937e-01 6.785914e-02 -1.260785e-01 -1.913645e-01 3.447022e-01 -1.158149e+00 2.322471e-03 2.166920e-01 4.388329e-02 3.177398e-01 4.658871e-01 7.907216e-02 -9.679502e-02 -4.271768e-01 -1.752221e-02 -1.067264e-01 -1.871801e-01 -6.282701e-02 -3.137702e-01
<VARIANCE> 39
 9.258488e+00 1.908137e+01 2.721749e+01 2.787028e+01 3.084248e+01 4.081618e+01 4.449174e+01 5.138708e+01 4.937074e+01 5.061780e+01 4.751779e+01 4.924851e+01 1.399234e+01 4.110780e-01 8.407477e-01 1.209107e+00 1.375785e+00 2.109928e+00 2.138451e+00 2.474266e+00 2.749811e+00 2.805340e+00 2.530622e+00 2.280048e+00 2.021971e+00 3.729585e-01 8.070111e-02 1.391555e-01 1.908865e-01 2.188065e-01 2.889531e-01 3.933415e-01 4.011049e-01 4.856612e-01 4.298210e-01 4.702903e-01 4.166661e-01 3.865507e-01 7.473616e-02
<GCONST> 1.044547e+02
<MIXTURE> 5 1.015930e-01
<MEAN> 39
 3.654341e+00 -3.848841e+00 7.452862e-01 -3.000634e+00 -4.641432e+00 -6.799452e+00 -8.098705e-01 3.425719e+00 7.548453e-01 6.893246e-01 9.799563e-01 3.660486e+00 5.577413e+00 5.551088e-02 2.013540e+00 1.865581e-01 1.601318e+00 -8.200990e-02 -5.161618e-01 -1.591051e+00 -2.052228e+00 -5.415792e-01 -5.399719e-01 -3.769882e-01 -7.732103e-01 -2.044169e+00 -4.282578e-01 2.876499e-01 -7.938137e-02 3.792521e-01 3.142670e-01 5.934373e-01 4.388382e-01 -1.550057e-01 -2.727391e-01 -2.727208e-01 -1.044805e-01 -3.028627e-01 -2.311478e-01
<VARIANCE> 39
 1.596238e+01 2.790309e+01 4.580776e+01 3.690073e+01 5.812805e+01 5.157690e+01 6.641496e+01 6.214442e+01 7.215720e+01 7.557999e+01 9.003148e+01 8.802294e+01 2.015095e+01 1.477476e+00 2.032733e+00 2.665770e+00 2.928710e+00 3.976183e+00 4.278432e+00 4.873544e+00 4.899413e+00 5.446000e+00 4.599090e+00 4.176264e+00 4.454820e+00 1.134521e+00 2.229531e-01 3.342801e-01 3.737435e-01 4.454138e-01 5.755869e-01 6.226494e-01 7.532924e-01 8.280904e-01 8.370332e-01 7.800329e-01 7.815677e-01 7.248597e-01 1.853880e-01
<GCONST> 1.289896e+02
<MIXTURE> 6 1.534392e-01
<MEAN> 39
 3.978582e+00 2.156636e-01 2.191617e+00 2.163008e+00 -4.554222e+00 -6.275248e+00 -2.442191e+00 1.301547e+00 -7.848774e-01 -2.603156e+00 -2.308603e+00 -1.790949e-01 2.133106e+00 1.404295e-01 1.005897e+00 4.819127e-01 8.640745e-01 7.419301e-01 4.733746e-03 -5.870996e-01 -1.488685e+00 -4.902612e-01 1.488709e-01 -3.144135e-01 -4.158954e-01 -1.295038e+00 -1.670638e-01 -8.885236e-02 -4.560516e-02 -1.702634e-01 2.661608e-02 2.736570e-01 3.383553e-01 1.008002e-01 -5.654838e-02 1.426152e-02 6.211310e-02 -1.589560e-02 1.054245e-01
<VARIANCE> 39
 9.569394e+00 1.869306e+01 2.546928e+01 2.450538e+01 3.479604e+01 3.391490e+01 4.189917e+01 4.251455e+01 4.716310e+01 4.479860e+01 4.410491e+01 4.151776e+01 1.573068e+01 5.709476e-01 9.436857e-01 1.548230e+00 1.582766e+00 2.355480e+00 2.627301e+00 2.966672e+00 3.419567e+00 3.345622e+00 3.086259e+00 2.825405e+00 2.445363e+00 5.147385e-01 6.720073e-02 1.241514e-01 1.847674e-01 2.096439e-01 2.888824e-01 3.357677e-01 3.889934e-01 4.497739e-01 4.375034e-01 4.348078e-01 4.045585e-01 3.637274e-01 6.938569e-02
<GCONST> 1.054462e+02
<MIXTURE> 7 8.941415e-02
<MEAN> 39
 3.957932e+00 -4.904878e+00 -3.293107e+00 -1.626797e+00 -3.204543e+00 -4.579872e+00 -3.022841e+00 6.662641e+00 6.066429e+00 -2.313427e+00 -4.569276e+00 -4.838750e-01 7.719800e+00 5.786692e-01 1.149508e+00 5.252361e-01 8.844174e-01 4.194563e-01 -5.510600e-01 -1.851680e+00 -2.327094e+00 -3.999220e-01 9.750598e-01 2.691479e-02 -8.005216e-01 -1.569855e+00 -1.765979e-01 3.503570e-01 3.686860e-01 3.433404e-01 2.678452e-01 2.334059e-01 3.060404e-01 -5.306368e-01 -7.993445e-01 -1.600859e-01 1.840309e-01 -6.969138e-02 -4.028534e-01
<VARIANCE> 39
 1.098230e+01 1.641937e+01 2.222198e+01 2.388393e+01 3.960521e+01 3.897778e+01 4.679731e+01 4.503352e+01 4.337505e+01 4.885511e+01 3.671143e+01 3.835772e+01 1.824617e+01 4.475718e-01 9.733087e-01 1.494796e+00 1.520205e+00 2.536830e+00 2.626637e+00 2.975454e+00 3.186547e+00 3.711080e+00 2.996397e+00 2.783015e+00 2.305345e+00 5.093758e-01 9.579767e-02 1.473015e-01 2.105110e-01 2.574410e-01 3.587281e-01 4.164900e-01 4.801963e-01 5.800396e-01 4.822074e-01 5.676774e-01 4.443826e-01 4.084687e-01 8.537043e-02
<GCONST> 1.078649e+02
<MIXTURE> 8 2.153406e-01
<MEAN> 39
 3.060342e+00 2.120566e+00 2.871288e+00 9.384413e-01 -5.326134e+00 -3.719135e+00 1.560986e+00 1.814612e-01 -1.680702e+00 -1.929968e+00 -1.536665e+00 -5.499465e-01 8.057721e-01 4.391912e-02 2.076485e-01 4.820961e-02 1.403097e-01 1.576331e-01 -4.461431e-02 -2.276718e-01 -2.165994e-01 -2.533446e-02 4.368237e-02 -5.703049e-02 -2.515883e-02 -2.772299e-01 -2.155311e-02 -3.370804e-02 -7.397405e-03 -1.640908e-03 1.544230e-02 3.579878e-03 -8.633417e-03 2.781458e-02 9.480929e-03 -1.090345e-02 -4.547399e-03 -5.213790e-05 1.141906e-02
<VARIANCE> 39
 1.364092e+01 2.081396e+01 3.084589e+01 3.646793e+01 4.778693e+01 4.704663e+01 4.816776e+01 4.875021e+01 4.768496e+01 5.141939e+01 4.332734e+01 4.911443e+01 2.331009e+01 1.458854e-01 3.799639e-01 5.683214e-01 7.447348e-01 9.911657e-01 1.102380e+00 1.302074e+00 1.398228e+00 1.465317e+00 1.391842e+00 1.342801e+00 1.199968e+00 1.405074e-01 2.394537e-02 5.869726e-02 9.611504e-02 1.336537e-01 1.754350e-01 2.014088e-01 2.353837e-01 2.514654e-01 2.645341e-01 2.576992e-01 2.525861e-01 2.223380e-01 1.645131e-02
<GCONST> 8.784509e+01
<TRANSP> 6
 0.000000e+00 1.000000e+00 0.000000e+00 0.000000e+00 0.000000e+00 0.000000e+00
 0.000000e+00 7.935162e-01 2.064838e-01 0.000000e+00 0.000000e+00 0.000000e+00
 0.000000e+00 0.000000e+00 8.985888e-01 1.014112e-01 0.000000e+00 0.000000e+00
 0.000000e+00 0.000000e+00 0.000000e+00 8.376449e-01 1.623551e-01 0.000000e+00
 0.000000e+00 0.000000e+00 0.000000e+00 0.000000e+00 7.172157e-01 2.827843e-01
 0.000000e+00 0.000000e+00 0.000000e+00 0.000000e+00 0.000000e+00 0.000000e+00
<ENDHMM>
