~o
<STREAMINFO> 1 39
<VECSIZE> 39<NULLD><MFCC_D_A_Z_0><DIAGC>
~h "hh"
<BEGINHMM>
<NUMSTATES> 6
<STATE> 2
<NUMMIXES> 8
<MIXTURE> 1 4.551109e-02
<MEAN> 39
 -3.775896e+00 3.404026e-01 2.376166e+00 4.575192e+00 3.093606e+00 5.558289e-01 1.903257e+00 -3.662512e+00 -3.713803e+00 -6.424141e+00 -6.474501e+00 -5.141073e+00 -2.579921e+00 6.205756e-01 9.190592e-02 -2.034961e-01 -7.778858e-01 -6.658059e-01 -3.567893e-01 -3.326922e-01 -3.775825e-02 1.913298e-01 4.908185e-01 6.428207e-01 7.467009e-01 8.303837e-01 2.207556e-01 -2.417461e-01 -2.876295e-01 -4.800068e-01 -2.769789e-01 -1.104806e-02 5.402515e-02 4.077203e-01 4.442034e-01 5.989736e-01 6.187001e-01 5.117888e-01 2.844627e-01
<VARIANCE> 39
 3.159341e+01 3.903145e+01 4.067990e+01 3.874155e+01 6.328351e+01 4.771606e+01 5.689943e+01 5.385027e+01 5.685664e+01 5.712587e+01 5.287806e+01 4.698636e+01 7.065533e+01 1.962522e+00 2.188164e+00 2.276297e+00 2.703060e+00 3.106566e+00 3.200436e+00 3.196637e+00 3.751099e+00 4.147798e+00 4.411861e+00 4.367452e+00 4.191880e+00 2.206901e+00 3.362429e-01 3.831118e-01 3.851640e-01 4.624916e-01 5.402558e-01 5.789346e-01 5.965598e-01 6.475750e-01 7.128926e-01 6.901002e-01 6.511676e-01 6.728272e-01 3.934551e-01
<GCONST> 1.286646e+02
<MIXTURE> 2 1.669967e-01
<MEAN> 39
 -2.042996e+00 -9.861814e-01 2.183371e+00 2.400939e+00 1.797322e+00 1.045440e-02 2.137259e-01 -3.636603e+00 -4.694624e+00 -6.736989e+00 -4.488516e+00 -3.564528e+00 1.320140e+00 -2.740952e-02 -6.182500e-02 -4.039763e-02 1.586648e-02 1.478564e-01 2.259365e-01 -3.219879e-02 -2.149332e-01 -9.028394e-02 -4.829863e-02 -4.848852e-02 -4.454935e-02 3.674903e-02 1.406422e-01 -3.334436e-02 -1.796033e-01 -1.841678e-01 -1.393052e-01 1.414246e-02 8.285125e-02 2.605366e-01 2.754412e-01 2.678369e-01 1.821352e-01 1.604867e-01 4.855114e-02
<VARIANCE> 39
 2.456473e+01 2.690512e+01 3.980787e+01 3.745582e+01 7.260167e+01 4.560035e+01 5.425705e+01 5.263050e+01 5.174181e+01 5.846178e+01 4.761415e+01 5.084465e+01 4.728875e+01 4.687357e-01 7.566820e-01 1.137041e+00 1.171786e+00 1.828246e+00 1.756884e+00 1.960046e+00 2.077373e+00 2.152589e+00 2.188879e+00 1.909910e+00 1.752576e+00 3.291318e-01 9.558038e-02 1.217098e-01 1.955117e-01 2.379131e-01 3.107027e-01 3.267696e-01 3.599999e-01 3.912908e-01 4.013086e-01 3.916064e-01 3.638836e-01 3.520456e-01 5.230839e-02
<GCONST> 1.060458e+02
<MIXTURE> 3 1.449490e-01
<MEAN> 39
 -6.732772e+00 -6.655173e+00 -1.500724e+00 2.080218e+00 4.486394e+00 1.730732e+00 4.985725e+00 3.844768e+00 1.221994e+00 -2.061011e+00 6.491625e-01 1.781592e+00 -5.524048e+00 -2.513407e-01 -3.111859e-01 -4.145101e-02 3.056177e-02 1.716209e-01 2.050354e-01 2.647258e-01 2.222042e-01 1.614350e-01 7.638790e-03 4.256700e-02 1.015830e-01 3.806035e-01 1.032857e-01 4.028169e-01 2.260543e-01 1.987004e-01 2.886308e-02 -8.961993e-03 -1.128518e-01 -2.241488e-01 -1.000465e-01 1.469657e-02 -8.597930e-02 -1.984960e-01 -8.351003e-02
<VARIANCE> 39
 1.337510e+01 1.692749e+01 2.626039e+01 2.597737e+01 4.067296e+01 3.593486e+01 4.030547e+01 3.375729e+01 4.140306e+01 4.126084e+01 4.081915e+01 3.569887e+01 4.529319e+01 9.535993e-01 1.738798e+00 1.371082e+00 1.615814e+00 2.009717e+00 2.162122e+00 2.260080e+00 2.491783e+00 2.552315e+00 2.566257e+00 2.214008e+00 2.051477e+00 2.439137e+00 1.383808e-01 1.779865e-01 2.040660e-01 2.300486e-01 3.030888e-01 3.321738e-01 3.854933e-01 4.189657e-01 4.600132e-01 4.449040e-01 3.998960e-01 3.603341e-01 1.529284e-01
<GCONST> 1.091685e+02
<MIXTURE> 4 4.012719e-02
<MEAN> 39
 -9.741483e-01 -2.884617e+00 1.469264e-02 -3.757100e+00 -4.065842e+00 -9.461643e-03 4.273977e+00 4.326566e+00 7.921773e+00 7.651207e+00 3.814347e+00 -1.287055e-01 6.068028e+00 2.459017e-01 -5.404977e-01 -2.662020e-01 -3.743778e-01 -1.439763e-01 1.608336e-01 2.888374e-01 9.044290e-01 9.171808e-01 1.117636e+00 5.824794e-01 -1.341689e-01 8.019407e-01 -1.283902e-01 9.955577e-02 1.758806e-01 3.142047e-01 3.029704e-01 1.295255e-01 -3.396279e-02 -2.618415e-01 -3.400914e-01 -3.437589e-01 -3.291163e-01 -2.012876e-01 -2.146715e-01
<VARIANCE> 39
 2.888807e+01 3.450433e+01 4.324936e+01 5.210291e+01 7.796670e+01 6.231046e+01 1.077054e+02 9.032376e+01 1.097096e+02 1.019793e+02 1.022041e+02 1.468129e+02 3.802283e+01 1.729499e+00 2.039441e+00 2.392809e+00 3.087938e+00 4.064670e+00 3.719752e+00 4.889438e+00 6.523759e+00 8.258883e+00 8.376917e+00 7.667616e+00 9.261735e+00 2.233472e+00 2.838597e-01 3.468590e-01 3.778097e-01 5.030659e-01 6.432724e-01 6.517480e-01 8.636920e-01 1.011052e+00 1.100917e+00 1.047656e+00 1.149578e+00 1.422534e+00 2.778618e-01
<GCONST> 1.396628e+02
<MIXTURE> 5 5.207587e-02
<MEAN> 39
 -2.299386e+00 -2.717357e+00 4.580591e+00 -4.339681e+00 -7.118211e+00 3.985696e+00 1.219754e+01 1.145199e+01 1.997729e+01 1.695648e+01 -1.705492e+00 -1.650964e+01 7.848617e+00 8.429740e-03 -6.733814e-02 -1.268269e-02 1.267719e-01 5.675094e-02 -1.402112e-02 1.577817e-01 2.578902e-01 7.383304e-02 -7.635611e-02 -2.227611e-01 -4.176437e-01 -5.260363e-02 -1.097417e-03 -2.682863e-03 -2.615520e-02 -7.205787e-03 7.265573e-03 -1.964529e-02 -3.752199e-02 -5.222612e-02 -7.330242e-02 -7.391959e-02 4.657512e-02 1.068771e-01 -1.036142e-02
<VARIANCE> 39
 1.642174e+01 2.060224e+01 3.002803e+01 3.948964e+01 4.316399e+01 4.014374e+01 7.781889e+01 6.049810e+01 5.933587e+01 7.153236e+01 1.226920e+02 1.114444e+02 2.156206e+01 2.316598e-01 5.065634e-01 7.592536e-01 8.606928e-01 9.168783e-01 1.123107e+00 1.751271e+00 1.413415e+00 1.618703e+00 1.953894e+00 2.691367e+00 2.432879e+00 1.205339e-01 4.110625e-02 8.733324e-02 1.408932e-01 1.511654e-01 1.549159e-01 2.011650e-01 2.897661e-01 2.493731e-01 3.118065e-01 3.350738e-01 3.997600e-01 3.765477e-01 1.922680e-02
<GCONST> 9.704518e+01
<MIXTURE> 6 1.105435e-01
<MEAN> 39
 -5.264543e+00 -6.350663e+00 -7.684199e-01 4.850683e+00 1.001150e+01 6.233450e+00 4.493821e+00 2.465762e+00 2.039880e+00 -3.087866e+00 -1.486849e+00 -1.913200e+00 6.560873e-01 1.604091e-01 1.287428e-01 -6.670112e-02 -3.671923e-02 1.014506e-01 1.046538e-01 -2.287564e-01 -3.667334e-01 -1.511681e-01 -6.796785e-02 -6.787095e-03 -5.463473e-02 5.008617e-02 2.839921e-01 2.644681e-01 -3.429829e-02 -2.410865e-01 -4.858755e-01 -4.340693e-01 -3.378504e-01 -2.621634e-01 -2.061121e-01 -4.940195e-02 8.906948e-03 7.811143e-02 5.115436e-02
<VARIANCE> 39
 2.081406e+01 2.231057e+01 3.206981e+01 3.809482e+01 4.650486e+01 3.577014e+01 5.763339e+01 4.435472e+01 5.002093e+01 5.026535e+01 4.558924e+01 4.239901e+01 3.580081e+01 4.814449e-01 7.158690e-01 8.472722e-01 1.019137e+00 1.500174e+00 1.701413e+00 2.013483e+00 2.058319e+00 1.991735e+00 1.924390e+00 1.912749e+00 1.820868e+00 3.244675e-01 1.006894e-01 1.081795e-01 1.598347e-01 2.000326e-01 2.378878e-01 2.732478e-01 3.567974e-01 3.639949e-01 3.930012e-01 3.857171e-01 3.791086e-01 3.812729e-01 4.814797e-02
<GCONST> 1.021847e+02
<MIXTURE> 7 3.379405e-01
<MEAN> 39
 -9.476307e+00 -5.251173e+00 2.900414e+00 3.780448e+00 2.714867e+00 -7.540260e-02 5.805466e+00 4.119284e+00 9.150790e-01 -1.871690e+00 3.138973e+00 3.609046e-01 -3.564282e+00 9.251588e-04 -5.485030e-02 4.232391e-03 2.005062e-02 4.045807e-02 7.859044e-02 8.422326e-03 1.963173e-03 2.016789e-02 -8.166195e-03 -1.867349e-02 1.419523e-02 -7.826842e-03 4.417992e-02 6.992110e-03 -2.580952e-02 1.251005e-02 3.090633e-02 3.658815e-02 -1.749936e-02 -2.644547e-02 -1.638811e-02 -1.735642e-02 -4.446560e-02 -9.332511e-03 -4.726859e-02
<VARIANCE> 39
 1.149392e+01 1.450574e+01 1.962024e+01 2.216306e+01 3.601106e+01 3.275922e+01 3.628135e+01 3.389431e+01 3.897510e+01 3.955820e+01 3.977419e+01 4.402394e+01 2.366068e+01 1.963414e-01 3.008010e-01 4.952081e-01 6.991775e-01 9.820543e-01 1.147954e+00 1.351816e+00 1.504742e+00 1.588595e+00 1.542978e+00 1.474703e+00 1.349372e+00 1.892831e-01 2.721613e-02 5.494909e-02 9.146643e-02 1.310010e-01 1.800604e-01 2.155968e-01 2.615033e-01 2.890432e-01 3.013276e-01 2.995229e-01 2.873748e-01 2.686144e-01 1.419652e-02
<GCONST> 8.590660e+01
<MIXTURE> 8 1.018563e-01
<MEAN> 39
 -6.399703e+00 -2.197884e-02 1.624412e+00 4.769511e+00 4.376209e+00 3.583897e+00 5.225824e+00 7.973337e-01 1.775587e+00 9.825703e-01 6.673399e-01 -7.530028e-02 -7.931593e+00 9.522836e-01 3.631551e-01 3.670105e-01 -2.973877e-01 -6.060253e-01 -3.832087e-01 -4.841846e-01 -5.105767e-01 -4.196967e-01 -2.908258e-01 -3.240930e-01 -7.284798e-02 9.911296e-01 4.011460e-01 -1.073091e-01 -9.340860e-02 -4.012798e-01 -4.149114e-01 -3.184595e-01 -2.939301e-01 -1.273636e-01 -2.460104e-01 -2.511417e-01 -1.746545e-01 -7.085185e-02 5.796192e-01
<VARIANCE> 39
 2.124428e+01 3.035443e+01 3.986337e+01 3.224948e+01 4.738304e+01 3.772986e+01 4.029713e+01 3.664141e+01 3.549319e+01 3.458361e+01 3.251956e+01 3.404002e+01 6.931118e+01 2.775772e+00 3.412782e+00 2.716417e+00 2.714170e+00 3.385112e+00 3.077710e+00 3.239367e+00 3.164821e+00 3.197068e+00 3.165047e+00 2.869386e+00 2.753976e+00 3.084504e+00 3.570588e-01 4.833248e-01 3.930244e-01 4.051853e-01 5.193188e-01 4.950080e-01 5.188367e-01 5.225070e-01 5.199396e-01 4.731078e-01 4.520683e-01 4.667444e-01 3.698074e-01
<GCONST> 1.226662e+02
<STATE> 3
<NUMMIXES> 8
<MIXTURE> 1 4.829998e-02
<MEAN> 39
 -5.239844e-01 -1.121342e+01 -2.417392e-02 2.193996e+00 6.152296e+00 6.346844e+00 5.812405e+00 1.406153e+00 -2.256090e+00 6.422231e+00 9.655285e+00 1.564606e+01 1.563231e+01 1.143339e-02 1.276259e-03 7.230703e-03 1.118680e-03 1.607370e-02 1.881198e-03 -9.672127e-03 9.866442e-03 1.082446e-02 -1.314659e-02 3.270774e-03 -7.276215e-03 -5.976696e-04 -1.285269e-02 -1.495551e-02 -2.069653e-02 -1.870365e-02 -1.593349e-02 -1.305786e-02 -1.015151e-02 1.570374e-03 2.201993e-04 2.413651e-03 3.772633e-03 6.915492e-03 -4.884564e-03
<VARIANCE> 39
 1.958154e+01 2.293079e+01 9.487058e+00 2.630238e+01 2.503832e+01 2.501881e+01 1.972227e+01 2.665259e+01 4.201243e+01 4.293692e+01 5.723402e+01 1.930618e+01 1.780271e+01 1.185485e-01 1.827971e-01 2.339170e-01 1.906850e-01 1.819662e-01 1.986557e-01 1.936201e-01 2.470302e-01 2.151481e-01 2.819571e-01 3.222493e-01 2.368032e-01 2.016753e-02 2.299006e-02 3.519916e-02 4.540024e-02 3.734010e-02 3.672733e-02 3.640391e-02 3.809931e-02 4.763647e-02 4.222646e-02 5.405840e-02 6.099901e-02 4.291643e-02 3.894978e-03
<GCONST> 4.680788e+01
<MIXTURE> 2 1.453244e-01
<MEAN> 39
 1.203346e-02 4.113474e-02 1.944244e+00 2.102902e+00 2.166931e+00 9.768979e-01 4.647860e-01 -3.835918e+00 -4.005707e+00 -5.582547e+00 -3.566165e+00 -2.696462e+00 3.691589e+00 8.747301e-01 2.179066e-01 -8.040554e-01 -9.910966e-01 -8.985750e-01 -2.017590e-01 -2.235152e-01 1.094649e-02 1.185285e-01 2.071568e-01 7.044464e-02 1.961634e-01 4.566534e-01 1.222338e-01 -2.022457e-01 -2.855605e-01 -2.615924e-01 -1.763444e-01 2.790506e-02 9.315241e-02 2.910253e-01 2.277110e-01 1.944253e-01 9.757422e-02 1.077960e-01 1.138508e-01
<VARIANCE> 39
 1.385707e+01 2.523057e+01 4.039889e+01 3.295367e+01 7.363748e+01 4.625031e+01 5.769728e+01 5.173154e+01 4.928899e+01 5.419190e+01 4.393013e+01 4.316509e+01 1.913845e+01 5.743881e-01 9.196239e-01 1.385518e+00 1.381553e+00 2.105009e+00 2.069852e+00 2.217891e+00 2.288712e+00 2.192561e+00 2.143716e+00 2.100276e+00 2.057339e+00 2.696793e-01 6.099486e-02 1.194335e-01 1.728401e-01 2.150717e-01 2.904907e-01 3.258305e-01 3.493988e-01 3.847182e-01 3.880426e-01 3.773247e-01 3.415473e-01 3.310231e-01 3.699048e-02
<GCONST> 1.040833e+02
<MIXTURE> 3 7.611238e-02
<MEAN> 39
 -3.027728e+00 -5.133208e+00 1.302211e+00 -2.038697e-01 5.168309e-01 2.347578e+00 8.627330e+00 1.452341e+01 1.813929e+01 1.372966e+01 -3.305273e+00 -2.018116e+01 8.491106e+00 2.639019e-02 -2.641220e-02 -4.337010e-02 7.278132e-02 5.388490e-02 -5.173915e-02 -6.570311e-02 3.418935e-02 7.875441e-03 -2.202826e-02 3.087768e-02 5.960866e-02 -1.689748e-02 2.522373e-03 -2.968605e-03 -7.590409e-03 -5.144692e-03 -4.528849e-03 3.914626e-03 -7.387104e-03 -2.824710e-02 -1.831573e-02 2.480668e-03 3.002844e-02 4.439662e-02 -4.927553e-04
<VARIANCE> 39
 8.220276e+00 1.397468e+01 2.652687e+01 2.451963e+01 6.693552e+01 2.572042e+01 4.141439e+01 5.810646e+01 3.544376e+01 4.895546e+01 9.752120e+01 5.641072e+01 2.025107e+01 2.009434e-01 3.864200e-01 5.657247e-01 5.289370e-01 4.723513e-01 6.168878e-01 7.890515e-01 6.946359e-01 8.301968e-01 7.345115e-01 9.173527e-01 8.689620e-01 5.260755e-02 3.683189e-02 7.086414e-02 1.052421e-01 9.453892e-02 8.186666e-02 1.133344e-01 1.427765e-01 1.193562e-01 1.511476e-01 1.349695e-01 1.505213e-01 1.450671e-01 8.748147e-03
<GCONST> 7.618652e+01
<MIXTURE> 4 2.077789e-01
<MEAN> 39
 -7.421739e+00 -6.580921e+00 -2.281042e+00 2.726224e+00 6.412881e+00 1.442506e+00 3.444396e+00 3.762466e+00 5.531186e-01 -2.355054e+00 -1.506883e-01 2.904105e+00 -9.425984e+00 2.097681e-01 2.788311e-01 2.808276e-03 1.376466e-01 8.530194e-02 1.809985e-01 1.320484e-01 -2.113090e-01 -1.381935e-01 1.021626e-01 -3.422476e-02 -1.149225e-01 -5.576750e-01 -3.010829e-02 7.333344e-02 8.136978e-03 -6.177554e-02 -9.607378e-02 -7.570074e-02 -1.021258e-02 1.446754e-02 7.775786e-02 1.538176e-01 1.196391e-01 3.413273e-02 -4.114769e-02
<VARIANCE> 39
 1.320240e+01 1.448972e+01 2.112980e+01 1.976750e+01 3.012945e+01 3.425797e+01 3.489915e+01 2.991408e+01 3.901172e+01 3.181955e+01 3.160203e+01 2.872279e+01 2.592360e+01 3.995815e-01 6.361173e-01 7.358273e-01 9.362802e-01 1.226640e+00 1.493044e+00 1.649515e+00 1.725824e+00 1.839689e+00 1.763902e+00 1.664230e+00 1.580663e+00 7.417996e-01 5.251232e-02 1.041260e-01 1.333637e-01 1.692254e-01 2.252642e-01 2.686637e-01 3.044419e-01 3.107811e-01 3.346164e-01 3.197370e-01 3.077700e-01 3.069348e-01 5.078513e-02
<GCONST> 9.406314e+01
<MIXTURE> 5 1.116836e-01
<MEAN> 39
 -3.365896e+00 -1.037205e+01 -1.738367e+00 1.286668e+00 6.477172e+00 2.899789e+00 3.381919e+00 5.365393e+00 -1.246327e-01 3.265268e+00 8.514694e+00 1.200605e+01 1.292747e+01 -1.437360e-03 -5.931504e-03 3.321187e-03 3.101727e-02 3.634777e-02 -1.207867e-03 3.924458e-03 2.708215e-02 -3.250438e-03 2.176194e-02 3.996905e-02 1.602500e-02 -1.171723e-02 1.315827e-02 1.793602e-02 -6.038202e-03 -2.244886e-02 -4.033310e-02 -2.574020e-02 -8.382679e-03 -3.025519e-03 9.627258e-03 4.966040e-03 -1.917287e-02 -2.876759e-02 -1.595099e-02
<VARIANCE> 39
 1.805390e+01 3.156269e+01 2.355922e+01 4.823954e+01 5.737022e+01 4.454230e+01 6.660750e+01 5.344232e+01 6.830563e+01 8.073000e+01 8.806678e+01 8.291326e+01 2.311473e+01 2.564726e-01 4.533477e-01 5.650644e-01 7.203545e-01 8.838106e-01 9.671919e-01 1.061406e+00 1.068818e+00 1.053216e+00 1.170789e+00 1.261510e+00 1.082937e+00 9.396397e-02 4.693129e-02 8.259130e-02 1.014145e-01 1.336678e-01 1.401168e-01 1.642357e-01 1.847905e-01 1.839989e-01 1.800601e-01 2.007263e-01 2.114299e-01 1.856583e-01 1.481095e-02
<GCONST> 8.903106e+01
<MIXTURE> 6 7.553308e-02
<MEAN> 39
 -9.936041e-01 3.213488e+00 3.002923e+00 2.409285e+00 2.251804e-01 -2.283842e-01 4.199438e-01 -3.062215e+00 -1.403419e+00 -7.618946e-01 -1.223897e+00 -2.625167e-01 -6.627074e-01 2.273167e+00 1.563603e-01 -1.342327e-01 -1.622725e+00 -1.876784e+00 -1.031603e+00 -1.133375e+00 -5.537611e-01 -5.659386e-01 -1.662645e-01 -9.204903e-02 1.544712e-01 2.057792e+00 -1.067487e-01 -5.216512e-01 -2.942616e-01 -3.425561e-01 -7.047997e-02 1.405820e-01 1.666752e-01 3.041932e-01 1.712486e-01 1.421580e-01 1.207112e-01 2.634270e-02 1.990774e-01
<VARIANCE> 39
 2.933600e+01 3.667342e+01 5.809880e+01 3.448253e+01 6.274271e+01 4.946520e+01 5.166975e+01 5.117786e+01 4.565425e+01 4.380842e+01 4.351160e+01 3.670403e+01 3.950934e+01 2.579061e+00 3.479819e+00 3.842709e+00 3.635827e+00 4.401529e+00 4.518486e+00 4.263867e+00 4.644460e+00 5.112725e+00 4.977496e+00 5.447409e+00 5.821400e+00 2.570058e+00 2.999771e-01 3.028490e-01 3.629414e-01 3.479078e-01 4.734365e-01 5.088104e-01 5.623081e-01 5.785361e-01 6.003039e-01 5.701556e-01 5.316672e-01 4.669360e-01 2.227408e-01
<GCONST> 1.282977e+02
<MIXTURE> 7 2.617442e-01
<MEAN> 39
 -9.874882e+00 -7.938755e+00 -2.231256e+00 1.911176e-01 4.261363e+00 -1.302067e+00 1.436944e+00 5.901637e+00 2.987557e+00 -5.924086e-02 1.914065e+00 4.367966e+00 -6.207296e+00 1.372216e-02 -6.070999e-02 -4.193569e-02 -3.091748e-02 -6.246491e-03 4.676437e-02 -9.494468e-03 -1.451058e-03 3.215752e-02 -8.087839e-03 -9.675799e-03 8.531703e-03 -1.552154e-02 3.686304e-02 2.554514e-02 1.879136e-02 5.845176e-02 5.706545e-02 6.417834e-02 2.422378e-02 -4.644860e-02 -7.310780e-02 -7.764035e-02 -7.300603e-02 -5.012020e-02 -3.135204e-02
<VARIANCE> 39
 1.358286e+01 1.131536e+01 1.458398e+01 1.463636e+01 2.223739e+01 2.770560e+01 3.036633e+01 2.717673e+01 3.488470e+01 2.872686e+01 2.744566e+01 2.330580e+01 1.753433e+01 1.598414e-01 2.651004e-01 4.560893e-01 6.716822e-01 9.272896e-01 1.135425e+00 1.228199e+00 1.380979e+00 1.513439e+00 1.480233e+00 1.429354e+00 1.315928e+00 1.432086e-01 2.507238e-02 5.101213e-02 8.929364e-02 1.307470e-01 1.775940e-01 2.218039e-01 2.449874e-01 2.734756e-01 2.989934e-01 2.870493e-01 2.778086e-01 2.622255e-01 1.133888e-02
<GCONST> 8.057655e+01
<MIXTURE> 8 7.352342e-02
<MEAN> 39
 -1.012480e+00 -6.250190e+00 -2.719584e+00 -1.656903e+00 8.578091e-01 -4.269608e-01 7.948193e-01 3.971716e+00 2.384133e+00 3.151826e+00 4.028290e+00 4.895886e+00 7.998730e+00 4.837825e-02 -2.982386e-01 -1.170425e-01 -1.492720e-01 1.955633e-01 2.313205e-01 4.991123e-02 2.214981e-01 8.082947e-02 2.761581e-01 2.186564e-01 2.009382e-01 2.408666e-01 1.004241e-02 1.356784e-01 1.301597e-01 1.126190e-01 8.008862e-02 3.016422e-02 2.092741e-02 -9.332041e-02 -4.867389e-02 -8.371794e-02 -9.469613e-02 -1.519320e-01 -8.751797e-02
<VARIANCE> 39
 3.194158e+01 3.700949e+01 3.853868e+01 3.776925e+01 8.021075e+01 6.122150e+01 7.963794e+01 8.136485e+01 8.624779e+01 8.627730e+01 9.235585e+01 1.236561e+02 4.798516e+01 7.911873e-01 1.377872e+00 1.628636e+00 2.068956e+00 2.994379e+00 2.995239e+00 3.299845e+00 3.705822e+00 3.720938e+00 3.685382e+00 3.884774e+00 3.754878e+00 9.804587e-01 1.276159e-01 1.886393e-01 2.400325e-01 3.258786e-01 4.148512e-01 4.663951e-01 5.493150e-01 6.191525e-01 6.346208e-01 6.201234e-01 5.861554e-01 5.727648e-01 1.070431e-01
<GCONST> 1.234628e+02
<STATE> 4
<NUMMIXES> 8
<MIXTURE> 1 1.372379e-01
<MEAN> 39
 2.020580e-01 -1.220115e+00 -7.051911e-01 5.668681e-01 4.751096e-01 7.710533e-01 1.310491e+00 -6.123208e-01 -2.913664e-01 -2.297202e+00 -8.974527e-01 -1.450998e-01 2.100224e+00 7.413721e-02 -2.415574e-02 -7.418817e-02 -1.356853e-01 -4.693906e-02 3.422747e-02 -5.747298e-03 1.878037e-02 4.581927e-02 9.829191e-02 3.255817e-02 -2.658633e-02 8.470021e-04 1.233532e-02 2.939719e-04 -4.873494e-03 -9.407882e-03 -1.301522e-03 -2.979974e-02 -3.011368e-02 3.116005e-02 4.269458e-02 3.844843e-02 1.948464e-02 -8.239225e-03 -7.170432e-03
<VARIANCE> 39
 2.288892e+01 3.707762e+01 4.359867e+01 4.543776e+01 7.844689e+01 5.554465e+01 6.252320e+01 5.516668e+01 7.335932e+01 6.359572e+01 5.794736e+01 6.088024e+01 5.710271e+01 1.773378e-01 3.601538e-01 5.457516e-01 6.990455e-01 1.053736e+00 1.115552e+00 1.261437e+00 1.412109e+00 1.468144e+00 1.459919e+00 1.269260e+00 1.153460e+00 1.338138e-01 2.716654e-02 6.083491e-02 8.775976e-02 1.227322e-01 1.723949e-01 2.034676e-01 2.346817e-01 2.563790e-01 2.590821e-01 2.666571e-01 2.264445e-01 2.267650e-01 1.636158e-02
<GCONST> 9.250433e+01
<MIXTURE> 2 1.802382e-01
<MEAN> 39
 -6.025590e+00 -2.540832e+00 -8.500929e-01 4.157505e+00 5.457996e+00 2.476025e+00 5.166963e+00 1.972926e+00 8.244833e-01 3.261859e-02 1.027306e+00 1.428868e+00 -1.416830e+01 1.537470e-01 -2.155953e-01 -2.042889e-01 -3.301819e-01 2.075699e-03 2.342709e-01 2.426083e-01 1.400647e-01 2.127762e-01 2.112125e-01 -6.936973e-02 -1.282173e-01 7.269371e-01 6.822161e-02 -3.242974e-01 -8.637667e-02 -1.759429e-01 -1.847408e-02 1.684215e-02 2.677616e-04 1.272479e-01 5.533210e-02 -1.046133e-01 -6.491965e-02 1.722360e-02 7.726622e-01
<VARIANCE> 39
 1.455879e+01 2.605595e+01 2.647266e+01 2.615290e+01 3.088293e+01 3.389174e+01 3.463247e+01 3.478871e+01 3.652262e+01 3.044422e+01 3.063828e+01 3.140952e+01 3.777194e+01 1.280944e+00 3.263047e+00 1.953206e+00 2.094405e+00 2.528253e+00 2.642085e+00 2.647356e+00 2.940779e+00 2.958577e+00 2.674907e+00 2.295810e+00 2.270833e+00 4.475000e+00 2.503174e-01 4.814852e-01 3.503731e-01 3.756670e-01 4.495148e-01 4.724478e-01 5.040668e-01 5.395519e-01 5.648710e-01 4.893281e-01 4.464287e-01 4.190572e-01 4.302384e-01
<GCONST> 1.169259e+02
<MIXTURE> 3 7.579964e-02
<MEAN> 39
 4.818259e-01 -1.879168e+00 -3.588332e+00 -1.068273e+00 9.499344e-02 -1.019326e+00 1.769523e+00 4.540802e+00 9.783618e+00 1.350093e+01 1.531257e+01 7.945987e+00 4.241008e+00 6.562182e-03 9.742647e-04 -2.729863e-02 -1.243742e-03 4.238135e-02 1.112881e-02 1.363742e-02 -1.387804e-02 7.063808e-03 -1.993478e-02 -9.606046e-03 1.663847e-02 -7.447749e-03 -4.316619e-03 -1.049801e-02 -1.043454e-02 -1.077373e-02 -1.096571e-02 -5.310578e-03 -1.668370e-02 -6.779072e-03 6.597583e-03 1.171522e-03 -1.428268e-02 -7.439860e-03 -5.067582e-03
<VARIANCE> 39
 8.554283e+00 1.258067e+01 1.755967e+01 1.476206e+01 2.674437e+01 3.727208e+01 4.322142e+01 3.423117e+01 8.066506e+01 4.910659e+01 4.430020e+01 8.678874e+01 1.211611e+01 6.692189e-02 1.649041e-01 2.859517e-01 3.728425e-01 3.718629e-01 3.835863e-01 4.834119e-01 5.165772e-01 5.025167e-01 5.597087e-01 5.608977e-01 5.026119e-01 2.431663e-02 1.151853e-02 2.617851e-02 4.626791e-02 6.733388e-02 6.324982e-02 7.112789e-02 8.817781e-02 9.622614e-02 9.164107e-02 1.059177e-01 1.003784e-01 9.662156e-02 3.655173e-03
<GCONST> 5.988587e+01
<MIXTURE> 4 1.793066e-01
<MEAN> 39
 3.246040e+00 -1.170042e+00 -4.778226e+00 -1.298681e+00 2.888075e+00 1.456735e+00 -1.137237e-01 -2.369436e+00 -2.419223e+00 -5.584023e+00 -3.467380e+00 -1.815092e+00 5.207237e+00 8.621883e-01 -8.650755e-01 -1.356399e+00 -1.107591e+00 -4.347748e-01 4.394379e-01 8.451162e-02 5.579773e-01 5.835558e-01 4.792295e-01 3.125942e-01 3.094390e-01 8.725551e-01 -2.597032e-01 -2.926162e-01 2.728816e-01 1.620906e-01 1.930933e-01 1.507879e-01 9.188420e-02 2.030980e-01 1.619692e-01 1.473460e-01 9.067070e-02 -6.587614e-04 -8.400000e-03
<VARIANCE> 39
 1.048170e+01 2.155464e+01 2.401575e+01 3.080152e+01 5.149821e+01 4.323439e+01 6.055513e+01 4.509547e+01 4.699051e+01 5.333078e+01 4.702638e+01 4.050615e+01 1.742136e+01 6.265739e-01 1.139974e+00 1.437699e+00 1.875416e+00 2.542418e+00 2.507820e+00 2.676510e+00 2.907943e+00 2.632440e+00 2.657090e+00 2.377922e+00 2.535071e+00 4.433178e-01 7.739099e-02 1.515317e-01 1.989336e-01 2.377509e-01 3.270813e-01 3.356176e-01 4.071886e-01 4.015546e-01 3.933912e-01 3.889252e-01 3.689138e-01 3.139548e-01 4.702468e-02
<GCONST> 1.064411e+02
<MIXTURE> 5 1.414240e-01
<MEAN> 39
 3.293718e-01 -4.215732e+00 -3.571168e+00 4.951856e-01 1.028758e-01 -3.048602e-02 1.372199e+00 8.328338e+00 1.590856e+01 1.708322e+01 1.225015e+01 1.730785e+00 5.667438e+00 2.630011e-02 8.243702e-03 -5.474809e-02 1.810064e-02 1.011714e-02 -1.290994e-02 -5.851050e-02 -4.505444e-02 -1.290798e-02 2.026599e-02 6.545094e-02 7.565388e-02 -6.020945e-02 -7.006512e-03 3.716816e-03 8.499678e-03 -5.364800e-03 -1.966339e-02 -3.584170e-03 2.650336e-02 4.844893e-03 -2.880110e-02 -4.721146e-02 -3.239475e-02 -8.254410e-03 -7.066537e-04
<VARIANCE> 39
 1.453890e+01 2.296469e+01 2.975777e+01 2.919049e+01 4.884435e+01 6.257507e+01 5.604470e+01 6.173397e+01 7.207484e+01 5.370714e+01 7.197333e+01 1.320937e+02 1.513262e+01 2.091298e-01 4.272176e-01 6.372347e-01 8.318943e-01 9.351346e-01 9.664763e-01 1.295469e+00 1.344224e+00 1.381010e+00 1.380437e+00 1.484727e+00 1.971311e+00 8.360408e-02 3.426187e-02 7.577754e-02 1.172638e-01 1.513691e-01 1.629175e-01 1.773344e-01 2.249549e-01 2.352080e-01 2.451614e-01 2.448104e-01 2.556879e-01 2.822662e-01 1.196552e-02
<GCONST> 9.087193e+01
<MIXTURE> 6 9.801780e-02
<MEAN> 39
 6.822355e-01 5.523054e+00 9.376912e+00 -1.420213e+00 -1.052590e+01 -1.243023e+00 8.928913e-01 -6.390140e+00 -5.525182e+00 -5.674044e-01 -3.190064e+00 -1.907629e+00 3.541872e+00 6.309088e-01 -4.956168e-01 -7.149417e-02 -1.009615e+00 -1.641165e+00 -3.306946e-01 -1.975536e-01 4.701115e-01 1.303610e-02 5.912377e-01 1.646205e-01 1.838828e-02 1.004575e+00 -3.162052e-01 -3.844405e-01 -1.370921e-01 1.186042e-01 4.548466e-01 1.965308e-01 2.060144e-01 3.351392e-01 2.408550e-01 1.443929e-01 1.549206e-01 7.001599e-02 -1.026020e-01
<VARIANCE> 39
 1.167918e+01 2.388815e+01 3.073967e+01 3.964731e+01 3.336067e+01 4.454101e+01 4.436394e+01 5.389735e+01 4.304987e+01 4.001110e+01 4.969159e+01 4.575217e+01 1.838505e+01 1.017419e+00 1.644997e+00 1.976987e+00 1.847390e+00 2.528237e+00 2.887248e+00 2.861717e+00 3.274233e+00 3.054076e+00 2.947722e+00 3.061048e+00 2.495758e+00 6.793042e-01 1.558963e-01 2.365625e-01 2.707114e-01 2.663074e-01 3.405177e-01 4.332439e-01 4.569820e-01 4.801759e-01 4.489079e-01 4.416221e-01 4.691677e-01 3.793894e-01 8.981951e-02
<GCONST> 1.123547e+02
<MIXTURE> 7 1.055643e-01
<MEAN> 39
 -6.384627e-01 -5.029816e+00 -2.036350e+00 2.645218e-01 -9.483243e-01 -7.220036e-01 3.258022e+00 8.591897e+00 1.308036e+01 1.203529e+01 6.842073e+00 -2.267637e+00 5.267263e+00 3.357991e-02 3.592924e-02 -2.665528e-02 8.874453e-03 4.009203e-02 -2.821140e-02 -1.302667e-01 -2.397538e-01 -2.009955e-01 2.554733e-02 3.177768e-01 4.570920e-01 -6.512088e-02 3.316908e-02 7.037418e-02 2.220805e-02 2.181137e-02 3.597903e-02 2.355500e-02 -3.603361e-02 -1.508644e-01 -1.972472e-01 -1.875042e-01 -6.641823e-02 6.312965e-02 -5.408711e-02
<VARIANCE> 39
 2.011133e+01 2.737312e+01 3.445761e+01 3.740767e+01 7.157698e+01 6.071632e+01 7.433158e+01 8.515913e+01 1.070205e+02 9.557526e+01 1.215792e+02 1.580331e+02 3.361518e+01 6.745995e-01 9.904458e-01 1.351132e+00 1.595379e+00 2.352151e+00 2.258042e+00 2.731320e+00 3.331015e+00 3.892296e+00 3.570559e+00 4.330674e+00 5.867723e+00 5.762312e-01 1.031990e-01 1.599410e-01 2.185120e-01 2.632439e-01 3.454740e-01 3.821379e-01 4.561284e-01 5.541531e-01 5.942416e-01 5.631951e-01 6.246224e-01 7.468271e-01 7.958603e-02
<GCONST> 1.197016e+02
<MIXTURE> 8 8.241158e-02
<MEAN> 39
 3.490412e+00 -7.294871e-01 -1.591831e+00 -3.240703e+00 -2.052305e+00 -2.533907e+00 -1.257963e+00 -6.524013e-01 8.890342e-01 1.334953e+00 8.563560e-01 2.064469e+00 3.072190e+00 1.512535e+00 -1.213254e+00 -4.687960e-01 -1.886056e+00 -8.659109e-01 -3.384735e-01 -3.268473e-01 3.944607e-01 3.779969e-01 4.032193e-01 3.907114e-01 5.830985e-01 2.518310e+00 -6.643462e-01 -1.542778e-01 1.301931e-01 3.784852e-01 4.739474e-01 4.684475e-01 3.797365e-01 1.689758e-01 4.979950e-02 -6.305447e-02 -8.719306e-02 -2.296830e-01 -3.715120e-01
<VARIANCE> 39
 2.500591e+01 4.243340e+01 5.955170e+01 5.027764e+01 8.057192e+01 6.834062e+01 6.383001e+01 6.884009e+01 7.147842e+01 7.289699e+01 7.403780e+01 7.011599e+01 3.945703e+01 2.835938e+00 3.114089e+00 3.725270e+00 4.160696e+00 5.345768e+00 5.193984e+00 5.510061e+00 6.117806e+00 6.648192e+00 6.258096e+00 6.386803e+00 6.854526e+00 3.911198e+00 3.418570e-01 4.791217e-01 5.123948e-01 5.716351e-01 7.228278e-01 7.665609e-01 7.482292e-01 9.194480e-01 9.225262e-01 9.436285e-01 8.374339e-01 8.125158e-01 3.784736e-01
<GCONST> 1.395738e+02
<STATE> 5
<NUMMIXES> 8
<MIXTURE> 1 1.959589e-01
<MEAN> 39
 9.111301e-01 -4.820561e+00 -4.237699e+00 -4.909075e-02 3.088199e+00 1.090317e+00 -6.771905e-01 3.166701e+00 4.303023e+00 1.047791e+01 1.763884e+01 1.366637e+01 5.946924e+00 1.525225e-02 1.908826e-02 7.879664e-03 -1.631746e-02 -1.585103e-02 4.863864e-03 -2.567889e-03 2.074991e-02 -8.630454e-03 1.693924e-02 1.029960e-02 3.471973e-03 -3.753424e-02 -1.006209e-02 -9.270520e-03 -9.819044e-03 -2.193696e-02 -3.248799e-02 -2.906640e-02 -3.258628e-03 1.925914e-03 -7.794458e-04 -6.457882e-03 -1.552722e-02 -2.250929e-03 -8.226121e-03
<VARIANCE> 39
 1.148631e+01 2.061658e+01 3.815747e+01 4.164914e+01 8.330830e+01 5.873607e+01 4.302628e+01 5.534311e+01 5.840249e+01 7.116590e+01 8.456395e+01 6.362271e+01 1.670694e+01 1.580868e-01 3.576131e-01 5.470765e-01 6.861269e-01 7.604322e-01 7.918713e-01 8.867704e-01 9.446514e-01 1.002973e+00 1.058594e+00 1.079042e+00 9.164900e-01 5.789755e-02 2.858334e-02 6.258144e-02 9.980229e-02 1.293667e-01 1.339496e-01 1.439842e-01 1.612059e-01 1.754368e-01 1.764658e-01 1.858021e-01 1.864190e-01 1.612347e-01 8.825278e-03
<GCONST> 8.334541e+01
<MIXTURE> 2 5.415545e-02
<MEAN> 39
 -1.298088e+00 -1.805423e+00 1.258003e+00 3.527704e+00 5.938455e+00 3.677966e+00 3.179354e+00 -1.122015e+00 -2.089037e+00 -4.119376e+00 -3.062340e+00 -1.229741e+00 3.764832e+00 2.460990e+00 1.527316e+00 -5.286284e-02 -8.894407e-01 -1.494184e+00 -1.103724e+00 -1.386838e+00 -1.306664e+00 -1.128299e+00 -1.007175e+00 -9.779062e-01 -8.541643e-01 2.166196e+00 -1.542121e-01 -5.703819e-01 -5.968437e-01 -5.537454e-01 -2.711962e-01 -5.683880e-02 1.746485e-01 3.696130e-01 3.949383e-01 3.631608e-01 3.088111e-01 2.247043e-01 -2.058004e-01
<VARIANCE> 39
 2.373738e+01 3.419386e+01 3.535811e+01 3.700415e+01 5.703060e+01 4.677627e+01 5.845250e+01 5.458231e+01 4.760715e+01 4.558183e+01 4.076735e+01 3.168158e+01 3.741329e+01 1.218304e+00 1.772906e+00 2.489499e+00 2.372711e+00 2.394746e+00 2.803731e+00 3.130874e+00 2.997113e+00 3.276758e+00 3.182293e+00 2.973879e+00 2.730608e+00 1.850878e+00 2.716520e-01 2.815070e-01 2.481258e-01 2.847545e-01 3.989134e-01 4.467521e-01 5.154676e-01 4.985130e-01 4.766260e-01 5.023881e-01 4.213542e-01 3.968939e-01 2.072615e-01
<GCONST> 1.186259e+02
<MIXTURE> 3 9.366149e-02
<MEAN> 39
 -7.933756e+00 -9.265653e+00 -2.987921e+00 1.320262e+00 7.292100e+00 5.839040e+00 7.532194e+00 4.223541e+00 2.835571e+00 -1.176970e-01 8.668323e-01 1.631966e+00 -2.080343e+00 5.715860e-01 4.588730e-01 4.788822e-01 3.012892e-01 1.888534e-01 2.014495e-01 -2.928984e-01 -5.141404e-01 -5.104930e-01 -5.606672e-01 -5.186040e-01 -2.961746e-01 2.122729e+00 5.747017e-01 6.608515e-01 2.105691e-01 4.434498e-02 -2.975862e-01 -3.432693e-01 -4.366153e-01 -4.210890e-01 -3.405789e-01 -1.985743e-01 -1.611574e-01 -1.834601e-01 5.234668e-03
<VARIANCE> 39
 1.655715e+01 3.441810e+01 3.286180e+01 4.242950e+01 5.239581e+01 4.242732e+01 5.045132e+01 4.595561e+01 4.093844e+01 3.995754e+01 3.672057e+01 3.120612e+01 4.074081e+01 2.290404e+00 3.033800e+00 1.807453e+00 1.993813e+00 2.238113e+00 2.624473e+00 2.865550e+00 2.952340e+00 2.935417e+00 2.720007e+00 2.574559e+00 2.274277e+00 2.716875e+00 2.203266e-01 3.162327e-01 3.179962e-01 4.258667e-01 4.255955e-01 4.433177e-01 4.518667e-01 4.760816e-01 5.048044e-01 5.075759e-01 4.911441e-01 4.364351e-01 2.488558e-01
<GCONST> 1.186796e+02
<MIXTURE> 4 1.686957e-01
<MEAN> 39
 3.497397e+00 -5.417657e+00 -6.456933e+00 -1.724905e+00 3.519047e+00 3.111082e+00 8.516315e-01 5.338126e-01 2.426453e-01 -4.164344e+00 -3.255957e+00 -1.107075e+00 8.090473e+00 4.379419e-02 -9.435450e-01 -2.016790e-01 -4.532683e-01 1.061330e-01 4.902112e-01 4.456034e-02 7.222589e-01 6.664162e-01 3.645371e-01 2.828743e-01 4.928622e-02 6.193716e-01 -2.213319e-01 1.721007e-01 3.547979e-01 1.338144e-01 1.204349e-01 -4.006578e-02 1.941645e-02 -3.271524e-02 -9.766617e-02 -4.314638e-02 3.098941e-02 -3.207655e-02 -2.504657e-01
<VARIANCE> 39
 1.081717e+01 2.233755e+01 2.306898e+01 3.318064e+01 4.904275e+01 4.570129e+01 6.120536e+01 4.678753e+01 5.080994e+01 4.936758e+01 4.501578e+01 4.151443e+01 1.801926e+01 4.482594e-01 9.464532e-01 1.196017e+00 1.375828e+00 1.898808e+00 1.862263e+00 2.141395e+00 2.371610e+00 2.111542e+00 2.026527e+00 2.005263e+00 1.960072e+00 3.814802e-01 7.702256e-02 1.400516e-01 1.806763e-01 2.206999e-01 2.707863e-01 2.938296e-01 3.291796e-01 3.375939e-01 3.332262e-01 3.251854e-01 3.098870e-01 3.011923e-01 6.404437e-02
<GCONST> 1.022975e+02
<MIXTURE> 5 1.846954e-01
<MEAN> 39
 1.764718e-01 -5.558954e+00 -3.767030e+00 -6.261643e-01 2.721745e+00 -7.734751e-01 -6.412264e-01 3.584987e+00 3.952776e+00 9.838103e+00 1.586942e+01 1.406260e+01 6.135454e+00 2.055947e-02 6.032512e-02 1.010384e-02 -1.029078e-02 3.191930e-02 1.046535e-02 -1.432813e-02 -4.772804e-02 -1.089217e-01 -1.505061e-01 -7.716577e-02 2.237329e-02 -8.493079e-02 7.885146e-03 4.801639e-02 3.312897e-02 1.487885e-02 -1.871290e-02 -1.974036e-02 -3.452442e-03 -1.635402e-02 1.665866e-02 -5.422107e-02 -1.548176e-01 -1.732518e-01 -3.359061e-02
<VARIANCE> 39
 1.359449e+01 3.128929e+01 4.205512e+01 4.296059e+01 8.910029e+01 5.675973e+01 6.140419e+01 5.884691e+01 7.240107e+01 8.605003e+01 7.861811e+01 6.180982e+01 1.948255e+01 4.630366e-01 8.943838e-01 1.223631e+00 1.590182e+00 2.072373e+00 2.217553e+00 2.221399e+00 2.379047e+00 2.765526e+00 2.995743e+00 2.795484e+00 2.518605e+00 2.992880e-01 7.624595e-02 1.494279e-01 2.101317e-01 2.758522e-01 3.101427e-01 3.588589e-01 3.754253e-01 4.175229e-01 4.465151e-01 4.980921e-01 4.626103e-01 4.342205e-01 3.957775e-02
<GCONST> 1.102704e+02
<MIXTURE> 6 8.120979e-02
<MEAN> 39
 4.009071e+00 -3.431862e+00 -4.161737e+00 -3.932380e+00 8.987781e-01 1.108517e+00 7.010301e-01 -1.735760e+00 -1.883692e+00 -4.213006e+00 -3.432369e+00 -2.442972e+00 7.854537e+00 6.537097e-01 -1.102374e+00 -7.726192e-01 -1.291170e+00 -5.418762e-01 2.339078e-01 1.014033e-01 6.002939e-01 4.907922e-01 3.026350e-01 1.770130e-01 -5.134909e-02 1.623431e+00 -7.173236e-01 -1.790545e-01 2.592869e-01 4.451143e-01 4.737260e-01 3.677531e-01 3.275853e-01 3.637312e-01 3.168949e-01 3.381499e-01 3.060905e-01 2.523114e-01 -5.659130e-01
<VARIANCE> 39
 1.460870e+01 3.534360e+01 3.943474e+01 4.785176e+01 7.589319e+01 6.105964e+01 6.494643e+01 5.878045e+01 5.761602e+01 5.341491e+01 5.065454e+01 4.302314e+01 2.534668e+01 1.354511e+00 1.745882e+00 2.027817e+00 2.123225e+00 3.022565e+00 3.135080e+00 3.282118e+00 3.370489e+00 3.049841e+00 3.291745e+00 2.856680e+00 3.034463e+00 1.401944e+00 1.545213e-01 4.052806e-01 3.387293e-01 3.665174e-01 4.432587e-01 4.656257e-01 5.414898e-01 5.896297e-01 6.071988e-01 5.429397e-01 4.917919e-01 4.637792e-01 2.235953e-01
<GCONST> 1.212214e+02
<MIXTURE> 7 1.136177e-01
<MEAN> 39
 8.116514e-01 -1.083393e+00 -9.579409e-01 -1.753426e+00 -2.405241e+00 -3.342782e+00 -3.650791e-01 8.748468e-01 4.258139e+00 6.822514e+00 7.162898e+00 5.971189e+00 3.320945e+00 -4.846069e-02 -4.054759e-01 9.018758e-02 -2.055015e-01 5.959087e-02 1.707820e-01 1.782008e-01 2.877316e-01 2.314413e-02 1.964241e-03 1.251139e-02 1.910572e-01 5.683963e-01 -1.902010e-01 4.195134e-02 2.833979e-02 1.802725e-01 2.030933e-01 2.175166e-01 1.186536e-01 -4.288479e-02 -1.490610e-01 -1.903918e-01 -1.628415e-01 -1.769765e-01 -1.251590e-01
<VARIANCE> 39
 4.110713e+01 5.443940e+01 6.012953e+01 6.268216e+01 7.875213e+01 6.889306e+01 7.777654e+01 8.179842e+01 1.043320e+02 1.031589e+02 1.141382e+02 1.013710e+02 5.016362e+01 2.338780e+00 2.965766e+00 2.801914e+00 3.578209e+00 4.419967e+00 4.564891e+00 4.851237e+00 5.686450e+00 6.264624e+00 6.336836e+00 7.049043e+00 6.301843e+00 2.633671e+00 4.049081e-01 4.774171e-01 4.528611e-01 6.434034e-01 7.241695e-01 7.557580e-01 8.575053e-01 9.903179e-01 1.130307e+00 1.035691e+00 1.172515e+00 1.148724e+00 4.209141e-01
<GCONST> 1.424917e+02
<MIXTURE> 8 1.080056e-01
<MEAN> 39
 6.501558e-01 1.530984e+00 5.075257e+00 -1.247713e+00 -7.873571e+00 -1.233255e+00 1.989014e+00 -1.903789e+00 -3.141059e+00 -1.303954e-01 -1.542487e+00 -1.078728e+00 4.257817e+00 6.881807e-02 -3.210363e-01 -3.884450e-02 -4.141355e-01 -3.775434e-01 9.143244e-03 4.535702e-02 3.796336e-01 2.145516e-01 3.586681e-01 1.474188e-01 -1.285205e-03 3.112750e-01 -8.816148e-02 -9.254945e-03 -3.508089e-02 1.519833e-01 3.269771e-01 7.211393e-02 -9.394096e-03 3.613116e-03 3.286878e-02 -6.010620e-02 1.555633e-02 4.356911e-02 -1.458895e-01
<VARIANCE> 39
 2.099147e+01 2.877981e+01 4.327747e+01 4.583350e+01 5.861715e+01 4.974195e+01 5.479235e+01 5.869890e+01 5.093864e+01 4.920985e+01 4.900188e+01 4.635960e+01 3.629725e+01 4.142443e-01 8.291035e-01 1.116024e+00 1.189695e+00 1.598758e+00 1.733269e+00 1.937875e+00 2.144030e+00 2.023638e+00 2.244353e+00 2.029684e+00 1.684723e+00 3.956468e-01 7.434899e-02 1.254233e-01 1.666823e-01 2.151705e-01 2.761513e-01 3.091525e-01 3.299164e-01 3.435700e-01 3.602217e-01 3.491019e-01 3.428029e-01 2.965826e-01 6.334401e-02
<GCONST> 1.045884e+02
<TRANSP> 6
 0.000000e+00 1.000000e+00 0.000000e+00 0.000000e+00 0.000000e+00 0.000000e+00
 0.000000e+00 8.047014e-01 1.952985e-01 0.000000e+00 0.000000e+00 0.000000e+00
 0.000000e+00 0.000000e+00 7.698889e-01 2.301111e-01 0.000000e+00 0.000000e+00
 0.000000e+00 0.000000e+00 0.000000e+00 6.673996e-01 3.326004e-01 0.000000e+00
 0.000000e+00 0.000000e+00 0.000000e+00 0.000000e+00 7.558776e-01 2.441225e-01
 0.000000e+00 0.000000e+00 0.000000e+00 0.000000e+00 0.000000e+00 0.000000e+00
<ENDHMM>
