~o
<STREAMINFO> 1 39
<VECSIZE> 39<NULLD><MFCC_D_A_Z_0><DIAGC>
~h "l"
<BEGINHMM>
<NUMSTATES> 6
<STATE> 2
<NUMMIXES> 8
<MIXTURE> 1 1.180246e-01
<MEAN> 39
 4.517523e+00 -4.871413e+00 -4.672186e+00 -7.566965e+00 5.763882e+00 6.229855e-01 -5.413718e+00 2.730604e+00 3.302336e+00 7.937975e-01 -1.542820e+00 -6.034520e-01 7.903161e+00 4.213844e-02 1.057266e-01 -9.725758e-02 -8.543643e-02 1.166941e-01 2.216228e-02 -2.399285e-01 -4.646837e-03 7.883010e-02 6.987090e-02 3.332334e-02 -7.898951e-02 -7.674143e-02 -6.448055e-04 1.158978e-01 3.086047e-03 9.045043e-02 -1.291408e-01 -3.494641e-03 3.724664e-02 -4.807169e-02 -1.211926e-02 3.766755e-02 5.951990e-02 -6.120415e-03 -3.065019e-02
<VARIANCE> 39
 2.128428e+01 2.248349e+01 3.975745e+01 5.262122e+01 7.465029e+01 1.062017e+02 8.893684e+01 7.756590e+01 7.522250e+01 8.571624e+01 8.969175e+01 1.069960e+02 2.198388e+01 2.544001e-01 5.924367e-01 8.368359e-01 1.089369e+00 1.546512e+00 1.758230e+00 1.854983e+00 1.920492e+00 1.903721e+00 1.859949e+00 1.847885e+00 1.718265e+00 1.438360e-01 4.851056e-02 9.729598e-02 1.482392e-01 2.031563e-01 2.712671e-01 3.110820e-01 3.598085e-01 3.771809e-01 3.576799e-01 3.542259e-01 3.332613e-01 3.022185e-01 2.515965e-02
<GCONST> 1.037365e+02
<MIXTURE> 2 7.682793e-02
<MEAN> 39
 4.014147e+00 5.076282e+00 4.216425e-01 7.485392e-01 -1.108728e+00 -5.449738e+00 -6.125442e+00 -4.338591e+00 8.448534e-01 6.980614e-02 -1.179832e+00 -9.776837e-01 4.240430e-02 1.311250e+00 -9.923573e-01 -6.415749e-01 -1.724972e+00 -4.026879e-01 -7.443801e-01 -9.746470e-01 7.458162e-01 7.859424e-01 2.959744e-01 -6.080539e-02 2.405723e-01 2.061922e+00 -4.809169e-01 -4.672676e-01 -1.574392e-01 -5.025901e-02 2.538419e-01 4.570461e-01 5.983207e-01 5.811869e-01 1.185865e-01 -2.760182e-02 -9.039255e-03 2.120269e-02 1.205056e-02
<VARIANCE> 39
 2.947602e+01 3.370618e+01 4.612334e+01 4.990277e+01 5.481377e+01 6.162816e+01 5.752432e+01 6.137613e+01 5.604626e+01 5.823973e+01 5.782987e+01 5.469973e+01 3.757488e+01 3.628884e+00 3.321315e+00 3.519787e+00 4.508967e+00 5.484946e+00 6.384490e+00 6.823611e+00 7.123114e+00 6.108919e+00 5.700551e+00 5.514222e+00 5.536075e+00 2.851243e+00 5.259328e-01 4.538480e-01 5.048305e-01 7.145822e-01 7.630695e-01 8.689171e-01 1.027139e+00 9.643525e-01 8.848310e-01 8.160149e-01 7.892259e-01 7.092792e-01 3.826065e-01
<GCONST> 1.383614e+02
<MIXTURE> 3 1.715966e-01
<MEAN> 39
 5.438420e+00 -1.185727e+00 -6.785199e+00 -6.149971e+00 4.555542e+00 1.695357e+00 -6.001507e+00 8.522127e-01 5.369710e+00 1.105624e+00 -3.707665e+00 -4.319014e+00 7.050830e+00 5.204591e-02 1.035747e-01 -6.132129e-02 -1.138215e-01 7.832880e-02 8.905644e-02 -1.149743e-01 -1.294746e-01 -3.770278e-02 9.794701e-02 1.247660e-01 -4.192139e-02 -8.441875e-02 -6.037480e-03 3.416522e-03 3.495724e-02 1.443598e-02 -4.836414e-02 -6.127387e-02 4.858701e-03 -3.151340e-03 -2.273092e-02 -2.141165e-02 4.819662e-03 2.936932e-02 -1.282635e-02
<VARIANCE> 39
 1.099960e+01 2.144135e+01 2.714986e+01 3.397342e+01 4.742810e+01 6.816958e+01 6.118990e+01 5.567685e+01 5.074849e+01 5.469753e+01 5.017385e+01 4.599084e+01 1.804877e+01 8.897389e-02 2.461064e-01 3.632506e-01 5.242651e-01 6.771329e-01 8.365273e-01 8.841650e-01 9.591292e-01 9.315395e-01 9.176369e-01 9.299250e-01 8.284972e-01 5.379164e-02 1.423783e-02 3.623233e-02 5.859666e-02 8.221681e-02 1.108586e-01 1.317212e-01 1.499878e-01 1.571691e-01 1.573566e-01 1.552090e-01 1.521742e-01 1.391923e-01 7.045255e-03
<GCONST> 7.579287e+01
<MIXTURE> 4 2.007575e-01
<MEAN> 39
 4.935818e+00 3.590080e+00 2.686048e-03 9.230692e-01 -4.311772e-01 -7.243507e+00 -8.157228e+00 -1.748179e+00 3.652790e+00 -1.030690e+00 -4.224566e+00 -9.716181e-01 2.018044e+00 1.891182e-02 1.264020e-01 5.322377e-03 -9.424828e-03 8.595487e-02 -1.175944e-03 -1.866902e-01 -8.076145e-02 2.225222e-02 1.608146e-02 -8.147681e-03 -1.593692e-02 -6.833085e-02 -3.079996e-02 -7.970108e-02 -2.351643e-02 -7.296864e-02 -5.703834e-03 8.973991e-02 9.871398e-02 5.580110e-02 -7.389008e-02 -4.608396e-03 5.248925e-02 -1.348372e-02 5.548957e-02
<VARIANCE> 39
 1.048716e+01 1.840005e+01 3.033356e+01 2.634234e+01 3.633028e+01 4.347973e+01 5.008139e+01 6.087894e+01 5.440699e+01 6.289602e+01 5.060889e+01 5.688485e+01 1.759962e+01 1.334186e-01 3.441176e-01 6.198434e-01 7.822969e-01 9.642699e-01 1.187661e+00 1.372448e+00 1.522432e+00 1.530107e+00 1.501300e+00 1.409400e+00 1.300531e+00 1.103154e-01 2.271126e-02 5.944360e-02 9.965035e-02 1.289804e-01 1.707044e-01 2.052228e-01 2.471364e-01 2.772034e-01 2.745631e-01 2.698083e-01 2.555708e-01 2.306723e-01 1.827518e-02
<GCONST> 8.785253e+01
<MIXTURE> 5 6.332028e-02
<MEAN> 39
 6.306317e+00 2.259588e+00 -6.855264e+00 -1.075940e+01 2.566971e+00 7.736048e+00 -3.694777e+00 -4.863364e+00 -5.049455e-01 1.826247e+00 5.922311e+00 5.208895e-01 4.305108e+00 9.693480e-02 3.117602e-01 1.189940e-01 -1.365246e-02 -9.070818e-02 -7.364466e-02 -1.166899e-01 -3.302838e-01 -3.288715e-01 -9.610014e-02 2.070112e-01 2.183662e-01 -3.080183e-01 -7.550562e-02 -1.333240e-01 1.287614e-01 3.195020e-01 3.305967e-02 -4.223377e-01 -1.453522e-01 1.612495e-01 2.146368e-01 -6.637518e-03 -4.293298e-01 -1.638410e-01 -1.423092e-02
<VARIANCE> 39
 1.266390e+01 2.303738e+01 2.877515e+01 4.422266e+01 5.138919e+01 5.528017e+01 5.982474e+01 5.523670e+01 6.190989e+01 6.009850e+01 5.523608e+01 6.681529e+01 1.886585e+01 3.257819e-01 9.386205e-01 1.137886e+00 1.971281e+00 2.095769e+00 2.794577e+00 2.845283e+00 2.737748e+00 3.080620e+00 3.046189e+00 2.909158e+00 2.563295e+00 3.508864e-01 4.878924e-02 1.042688e-01 1.700294e-01 2.827981e-01 3.128505e-01 3.598104e-01 3.968540e-01 4.360671e-01 4.641095e-01 4.525266e-01 3.962331e-01 4.096681e-01 4.043226e-02
<GCONST> 1.077325e+02
<MIXTURE> 6 1.288867e-01
<MEAN> 39
 5.604830e+00 2.799246e-01 -7.922601e+00 -6.193103e+00 5.348302e+00 4.527664e-01 -7.755723e+00 -1.640106e-01 5.237116e+00 1.902600e+00 -3.516521e+00 -5.541376e+00 4.888368e+00 2.045772e-01 5.335601e-01 -1.430284e-04 -1.435956e-01 1.082200e-02 1.321650e-01 -2.170689e-01 -6.930849e-01 -4.032895e-01 3.164081e-01 5.008256e-01 -4.880532e-02 -4.160374e-01 -2.671266e-02 1.924798e-02 2.234894e-01 1.368976e-01 -1.567413e-01 -7.237682e-02 1.687781e-01 -6.610572e-03 -1.955699e-01 -1.507502e-01 9.115403e-02 2.318842e-01 -5.665689e-02
<VARIANCE> 39
 9.954491e+00 1.745653e+01 2.486466e+01 2.756165e+01 3.759524e+01 5.424181e+01 4.629389e+01 5.221859e+01 5.108353e+01 5.351482e+01 4.770693e+01 4.037989e+01 1.553616e+01 2.375043e-01 5.890248e-01 1.019310e+00 1.374982e+00 1.688901e+00 2.181241e+00 2.131024e+00 2.319531e+00 2.269853e+00 2.203076e+00 2.081121e+00 1.914692e+00 1.931251e-01 3.706744e-02 8.169068e-02 1.302637e-01 1.781531e-01 2.414970e-01 2.741440e-01 3.181854e-01 3.586964e-01 3.404054e-01 3.390450e-01 2.987078e-01 2.707113e-01 3.133070e-02
<GCONST> 9.702994e+01
<MIXTURE> 7 9.898858e-02
<MEAN> 39
 5.292624e+00 -2.978025e+00 -3.932828e+00 -6.776607e+00 3.431773e+00 -1.063902e+00 -5.159118e+00 4.548516e-01 4.823798e+00 2.507775e+00 -8.465661e-01 -1.541019e+00 6.344225e+00 1.554814e-01 2.905865e-01 1.017108e-01 4.772278e-02 1.563243e-02 -2.500452e-01 -5.070963e-01 -3.630592e-01 -6.445115e-02 1.118804e-01 -1.407888e-02 -1.172682e-02 -2.830941e-01 -1.493816e-01 2.551178e-01 1.075859e-01 3.764046e-01 -8.771373e-02 5.263722e-02 1.230252e-01 -1.123336e-01 -3.094116e-01 -2.013335e-01 -3.875913e-03 7.298616e-02 -2.170182e-01
<VARIANCE> 39
 2.161372e+01 2.877308e+01 4.930622e+01 5.545357e+01 7.884361e+01 9.269624e+01 8.529589e+01 9.391975e+01 8.170403e+01 8.594239e+01 8.572269e+01 8.965070e+01 2.509533e+01 7.870057e-01 1.831573e+00 2.340619e+00 3.221033e+00 3.880621e+00 4.637448e+00 4.274649e+00 5.154726e+00 4.494240e+00 4.165075e+00 4.041771e+00 3.656762e+00 1.170317e+00 1.565216e-01 2.259729e-01 3.829072e-01 4.968972e-01 6.423375e-01 7.094138e-01 8.074610e-01 9.231436e-01 8.021538e-01 7.997493e-01 7.245854e-01 6.746265e-01 1.665933e-01
<GCONST> 1.300511e+02
<MIXTURE> 8 1.415978e-01
<MEAN> 39
 4.289005e+00 4.224774e+00 1.803618e+00 1.849361e+00 5.595245e-01 -6.368795e+00 -8.885829e+00 -4.686289e+00 5.703495e-01 -1.181611e+00 -3.684322e+00 -1.510412e+00 7.663004e-01 -4.251918e-02 -8.676395e-03 -3.422868e-02 -1.723279e-01 1.260532e-02 -8.175560e-03 -1.114304e-01 1.398772e-01 1.285926e-01 7.187850e-02 4.403923e-02 3.593703e-02 1.716561e-01 -6.430715e-02 -3.238289e-01 -2.451259e-01 -2.789381e-01 -1.657846e-01 1.294698e-01 3.928604e-01 5.146109e-01 1.726255e-01 2.305084e-02 8.877464e-02 6.623831e-02 2.921190e-01
<VARIANCE> 39
 1.334412e+01 2.422561e+01 3.657613e+01 3.570635e+01 4.411034e+01 5.590635e+01 5.671751e+01 6.514272e+01 5.846915e+01 6.177949e+01 5.824996e+01 6.204863e+01 1.986942e+01 3.931729e-01 7.949710e-01 1.291143e+00 1.614413e+00 1.806160e+00 2.114553e+00 2.471276e+00 2.872318e+00 2.729912e+00 2.492228e+00 2.378024e+00 2.152368e+00 4.669451e-01 8.226734e-02 1.545221e-01 2.387467e-01 3.124007e-01 4.330028e-01 5.066988e-01 5.832235e-01 6.427664e-01 6.329755e-01 5.742071e-01 5.490536e-01 4.801664e-01 8.583210e-02
<GCONST> 1.114299e+02
<STATE> 3
<NUMMIXES> 8
<MIXTURE> 1 1.180130e-01
<MEAN> 39
 5.374265e+00 3.453430e+00 -1.663311e+00 -5.834343e+00 -1.284842e+00 8.856074e-01 -1.629809e+00 -4.124412e+00 -1.188149e+00 -1.175796e+00 2.002083e+00 2.159182e+00 1.514853e+00 -8.913302e-02 1.296101e-02 3.686078e-02 2.253321e-01 7.824913e-02 -8.735485e-02 -1.845118e-02 -4.712405e-03 -9.810005e-02 9.092667e-02 1.777535e-02 -5.374524e-02 -1.125064e-01 -5.216700e-02 -6.218774e-02 -3.179460e-02 7.763354e-02 7.995807e-02 3.440190e-02 -6.440859e-02 7.402491e-02 5.351050e-02 1.343253e-01 2.387508e-03 -8.451366e-02 4.442827e-02
<VARIANCE> 39
 2.984266e+01 4.373793e+01 4.713821e+01 7.979544e+01 6.346891e+01 7.816992e+01 5.249162e+01 8.940440e+01 7.417677e+01 7.425585e+01 8.344074e+01 8.441573e+01 4.445512e+01 3.957190e-01 7.711188e-01 1.133674e+00 1.527426e+00 1.856755e+00 2.082011e+00 2.144688e+00 2.364039e+00 2.410672e+00 2.510590e+00 2.468013e+00 2.099533e+00 4.113483e-01 7.496017e-02 1.353682e-01 2.054050e-01 2.884289e-01 3.408017e-01 3.776983e-01 3.882761e-01 4.783816e-01 4.629430e-01 4.542333e-01 4.567758e-01 4.042958e-01 5.627176e-02
<GCONST> 1.129342e+02
<MIXTURE> 2 1.385577e-01
<MEAN> 39
 4.462921e+00 3.482473e+00 3.052329e-01 -1.268690e-01 1.075717e+00 -5.728415e+00 -9.992433e+00 -3.377945e+00 2.312016e+00 3.599618e-01 -2.700325e+00 -1.513262e+00 2.723498e+00 -2.335210e-01 -1.205588e+00 -6.774133e-01 -7.284586e-01 -6.996930e-01 -4.837068e-02 1.142449e+00 2.109053e+00 8.173867e-01 -6.251000e-02 -5.392472e-02 2.768458e-01 1.258557e+00 -1.221524e-01 -3.939983e-01 -2.011142e-01 -1.745708e-01 -2.229260e-01 2.366064e-01 7.240699e-01 5.722596e-01 2.230823e-02 -2.138636e-01 -2.954925e-02 7.559619e-02 3.021425e-01
<VARIANCE> 39
 1.048350e+01 2.131608e+01 3.503997e+01 3.297388e+01 3.998491e+01 5.088360e+01 4.803540e+01 6.276675e+01 4.960115e+01 5.588113e+01 5.287234e+01 5.381378e+01 1.777803e+01 4.319064e-01 1.029427e+00 1.883781e+00 2.249255e+00 2.909188e+00 3.581902e+00 3.801130e+00 3.786844e+00 4.222911e+00 3.618919e+00 3.315131e+00 2.950546e+00 4.590093e-01 7.041972e-02 1.632188e-01 2.641278e-01 2.962323e-01 4.663864e-01 5.370276e-01 5.766209e-01 6.425903e-01 6.921231e-01 5.742289e-01 5.613377e-01 4.915549e-01 7.138450e-02
<GCONST> 1.141580e+02
<MIXTURE> 3 1.450439e-01
<MEAN> 39
 6.553156e+00 1.962240e+00 -5.659654e+00 -8.532089e+00 1.121151e+00 6.236556e+00 -4.714746e+00 -5.545864e+00 3.372048e+00 3.044482e+00 4.116772e+00 -6.733072e-01 5.561852e+00 6.684367e-03 3.924249e-02 9.874789e-03 -2.581366e-02 6.134846e-03 2.274933e-02 -2.485904e-02 -1.591653e-02 -2.604366e-02 -2.884516e-02 2.361138e-02 4.604252e-02 -3.325196e-02 -4.169054e-03 -1.438722e-03 8.137438e-03 4.484668e-03 -6.178614e-03 -2.543467e-02 9.496435e-04 7.103644e-03 -1.318717e-02 -1.274350e-02 -4.098921e-03 -1.308146e-04 -4.288885e-03
<VARIANCE> 39
 1.120444e+01 1.784605e+01 2.860921e+01 3.852190e+01 4.419875e+01 5.796610e+01 4.920547e+01 5.609141e+01 5.642459e+01 6.171631e+01 5.116082e+01 4.784867e+01 1.675422e+01 5.062851e-02 1.376642e-01 1.998257e-01 3.201480e-01 3.850896e-01 5.047272e-01 5.261834e-01 5.990820e-01 6.335790e-01 6.235960e-01 6.003118e-01 5.377396e-01 2.934864e-02 9.100658e-03 2.315073e-02 3.533370e-02 5.549371e-02 6.919464e-02 9.144708e-02 9.726552e-02 1.093591e-01 1.159665e-01 1.155376e-01 1.079603e-01 9.701660e-02 4.258270e-03
<GCONST> 6.379700e+01
<MIXTURE> 4 1.840734e-01
<MEAN> 39
 6.474340e+00 2.040908e+00 -6.177981e+00 -1.086975e+01 1.454209e+00 7.061798e+00 -4.028286e+00 -4.420499e+00 1.248529e+00 1.472261e+00 5.703523e+00 1.142313e+00 5.211220e+00 3.180237e-02 1.140870e-01 6.180244e-02 2.300146e-02 -5.411992e-02 -6.231159e-02 2.212385e-02 -3.330591e-02 -1.266773e-01 -5.231549e-02 6.127689e-02 9.406921e-02 -1.107469e-01 -4.012858e-03 1.058437e-03 3.467499e-02 8.472286e-02 -1.235908e-02 -8.707413e-02 -4.795624e-03 1.039372e-02 -1.553986e-03 2.488580e-02 -7.351228e-02 -3.114629e-02 -1.895582e-02
<VARIANCE> 39
 1.372615e+01 2.260827e+01 2.925140e+01 4.196975e+01 5.221310e+01 6.343649e+01 5.815172e+01 6.634676e+01 7.020168e+01 6.705146e+01 5.640548e+01 7.103295e+01 1.724393e+01 1.404929e-01 3.629602e-01 4.874458e-01 7.707250e-01 9.154437e-01 1.133700e+00 1.203079e+00 1.268157e+00 1.335456e+00 1.325519e+00 1.319449e+00 1.204298e+00 9.937327e-02 2.295119e-02 5.667390e-02 8.255287e-02 1.286667e-01 1.596565e-01 1.941267e-01 2.083961e-01 2.238868e-01 2.277008e-01 2.322062e-01 2.280331e-01 2.003953e-01 1.333656e-02
<GCONST> 8.764948e+01
<MIXTURE> 5 9.031994e-02
<MEAN> 39
 6.461174e+00 2.038247e+00 -7.100341e+00 -8.268892e+00 3.704691e+00 2.059046e+00 -7.945786e+00 -2.698246e+00 1.807706e+00 2.008232e+00 1.173016e+00 -2.202564e+00 3.163177e+00 -9.213161e-02 9.558235e-01 1.044847e+00 1.604185e+00 -4.160569e-01 -9.727354e-01 -2.335133e-01 -1.224154e+00 -9.352486e-01 -3.990664e-01 -3.878485e-01 -7.284164e-02 -1.232208e+00 -2.495842e-01 9.811250e-02 3.351286e-01 5.605065e-01 9.515868e-02 8.690792e-03 3.980770e-01 -4.362459e-02 -1.470204e-01 -2.378652e-01 -2.265756e-01 -9.237623e-02 -2.514338e-01
<VARIANCE> 39
 1.073556e+01 2.321648e+01 2.695757e+01 3.876297e+01 4.098753e+01 6.130678e+01 5.062983e+01 5.705399e+01 5.606313e+01 5.477169e+01 6.550505e+01 5.742176e+01 1.739604e+01 6.112737e-01 1.210105e+00 1.633428e+00 2.192837e+00 2.966281e+00 2.960740e+00 3.248232e+00 3.713654e+00 3.500035e+00 3.382468e+00 3.190539e+00 2.998542e+00 7.200819e-01 1.245811e-01 1.706635e-01 2.381072e-01 3.451068e-01 4.156638e-01 5.058897e-01 5.187758e-01 6.015937e-01 5.500557e-01 5.573535e-01 5.504540e-01 4.810498e-01 1.008310e-01
<GCONST> 1.152231e+02
<MIXTURE> 6 1.143121e-01
<MEAN> 39
 6.718705e+00 4.474389e+00 -4.831295e+00 -4.669353e+00 3.597813e+00 6.820018e-01 -8.179561e+00 -6.844783e+00 1.746775e+00 4.966017e+00 1.153965e+00 -4.085684e+00 1.871279e+00 -1.450671e-01 -1.303480e-01 1.521975e-01 2.658893e-01 -5.304122e-02 -3.199888e-01 -8.959124e-02 3.417231e-01 1.790607e-01 -2.151114e-01 -3.693210e-01 7.059572e-03 5.051235e-02 -1.003075e-01 -1.619924e-01 5.148662e-02 3.458241e-02 -1.289892e-01 -9.235410e-02 1.996470e-01 3.497808e-01 5.676924e-02 -3.139562e-01 -1.764408e-01 1.467910e-01 1.069250e-01
<VARIANCE> 39
 8.827066e+00 1.953826e+01 2.796657e+01 3.100690e+01 3.046759e+01 4.035874e+01 4.134978e+01 5.144634e+01 5.671388e+01 4.637246e+01 5.226222e+01 4.162068e+01 1.513560e+01 1.964980e-01 5.757988e-01 8.577269e-01 1.246184e+00 1.247236e+00 1.724477e+00 1.819308e+00 2.150181e+00 2.285577e+00 1.950192e+00 1.941533e+00 1.731625e+00 2.839308e-01 3.510314e-02 9.137624e-02 1.442498e-01 1.838080e-01 2.141271e-01 2.820638e-01 3.002962e-01 3.844505e-01 3.898840e-01 3.225405e-01 3.374490e-01 2.883298e-01 3.946970e-02
<GCONST> 9.613809e+01
<MIXTURE> 7 7.226886e-02
<MEAN> 39
 5.274920e+00 -5.784348e-01 -1.407761e+00 -4.337695e+00 -1.639929e-01 -5.135382e+00 -5.978302e+00 9.506339e-02 4.415812e+00 3.535193e+00 1.240893e+00 1.313664e+00 4.492449e+00 -2.949454e-01 -1.178216e+00 -5.486462e-01 -3.631074e-01 1.558714e-02 1.668527e-01 8.713574e-01 1.756976e+00 4.801219e-01 -1.783614e-01 -1.548206e-01 2.230360e-01 1.396150e+00 -4.862866e-01 9.098888e-02 2.858274e-02 4.226395e-01 7.539792e-02 5.064428e-01 6.163089e-01 5.112509e-02 -3.766531e-01 -4.016352e-01 -9.399071e-02 -7.677655e-02 -1.775605e-01
<VARIANCE> 39
 2.667870e+01 3.494636e+01 5.704420e+01 5.833233e+01 7.468502e+01 8.878714e+01 8.651495e+01 9.297810e+01 9.412081e+01 1.001854e+02 1.052216e+02 1.026517e+02 3.407524e+01 1.745783e+00 3.884151e+00 3.767646e+00 5.427710e+00 5.674963e+00 6.751920e+00 7.322659e+00 7.973111e+00 7.654373e+00 6.930126e+00 6.261227e+00 6.045039e+00 3.034561e+00 3.332800e-01 4.538511e-01 6.232260e-01 7.675962e-01 9.534866e-01 1.150071e+00 1.211573e+00 1.228365e+00 1.256781e+00 1.250639e+00 1.172276e+00 1.070845e+00 3.552702e-01
<GCONST> 1.452529e+02
<MIXTURE> 8 1.374111e-01
<MEAN> 39
 7.767001e+00 9.039820e+00 -2.557297e+00 -4.205437e+00 3.515547e-03 2.064681e+00 -2.665721e+00 -6.199459e+00 -3.659199e+00 1.385439e-01 1.364986e+00 -3.316138e-01 -2.281858e+00 -1.958166e-02 8.030511e-02 1.011502e-01 1.177904e-01 -1.311645e-02 -3.899217e-02 3.062216e-02 -4.551901e-02 -9.746062e-02 -3.661023e-02 -1.178413e-02 8.557702e-03 -1.313665e-01 -1.957585e-02 -4.945153e-02 4.038654e-03 1.112125e-02 3.248055e-02 -4.417690e-03 -4.561162e-02 1.453198e-03 5.314356e-02 1.260378e-02 -7.805298e-03 -3.175503e-02 1.491501e-02
<VARIANCE> 39
 9.386416e+00 1.563347e+01 2.959548e+01 4.150036e+01 3.417031e+01 3.134806e+01 4.241023e+01 4.125290e+01 4.837153e+01 4.502914e+01 4.568939e+01 5.290871e+01 1.840540e+01 9.077496e-02 2.437876e-01 3.949756e-01 5.901045e-01 6.971625e-01 8.403149e-01 9.796014e-01 1.025727e+00 1.120308e+00 1.110426e+00 1.090205e+00 1.005252e+00 8.050624e-02 1.523405e-02 4.220588e-02 6.940460e-02 1.033497e-01 1.277050e-01 1.553086e-01 1.806831e-01 1.915809e-01 2.090101e-01 1.967158e-01 1.998452e-01 1.897711e-01 1.026457e-02
<GCONST> 7.799226e+01
<STATE> 4
<NUMMIXES> 8
<MIXTURE> 1 2.213192e-01
<MEAN> 39
 2.517071e+00 -1.851021e+00 -4.718327e+00 -1.280224e+00 2.560216e+00 -1.737992e+00 -2.150599e+00 4.254958e+00 4.546024e+00 7.230780e+00 1.411244e+01 1.526625e+01 3.538061e+00 2.038629e-02 1.834049e-02 -1.288355e-04 9.335125e-03 -2.509025e-04 -1.868226e-02 -4.562807e-02 -1.795314e-03 3.535422e-02 3.021020e-02 -1.582316e-02 -1.327893e-02 -4.027543e-02 -4.639715e-02 -6.209144e-02 -7.664069e-02 -8.938392e-02 -7.992374e-02 -5.854880e-02 -3.663985e-02 -1.919523e-02 -3.996653e-03 -7.583623e-03 -7.691272e-03 -1.176206e-02 -1.622040e-02
<VARIANCE> 39
 7.889166e+00 1.424350e+01 2.559141e+01 2.274421e+01 5.510812e+01 4.777240e+01 4.709208e+01 5.007587e+01 6.723609e+01 7.947580e+01 6.635126e+01 6.893557e+01 1.102914e+01 1.013532e-01 2.530078e-01 4.097260e-01 5.197971e-01 6.340923e-01 6.631839e-01 7.876638e-01 8.657022e-01 8.649623e-01 8.758731e-01 8.764876e-01 8.425124e-01 4.140621e-02 1.666284e-02 4.092127e-02 6.799179e-02 9.093289e-02 1.078840e-01 1.188646e-01 1.425227e-01 1.649738e-01 1.594246e-01 1.634706e-01 1.661120e-01 1.562351e-01 6.135209e-03
<GCONST> 7.471906e+01
<MIXTURE> 2 1.082420e-01
<MEAN> 39
 5.408717e+00 4.197689e+00 -3.505175e+00 -2.674658e+00 2.862643e+00 -6.023393e-01 -6.908842e+00 -5.394887e+00 -6.109083e-01 4.682353e-01 -4.700234e-01 -1.873691e+00 -4.327893e-01 -7.996967e-01 9.896814e-01 1.167131e+00 2.164713e+00 5.501245e-02 -4.160783e-01 6.167201e-01 -6.877292e-01 -8.261843e-01 -7.319137e-01 -7.820946e-01 -5.687403e-01 -1.464415e+00 -3.341520e-01 -1.626264e-01 -1.814396e-02 1.843206e-04 7.261903e-02 1.913804e-01 4.078563e-01 3.932487e-01 2.054584e-01 3.537630e-02 5.640486e-02 2.554120e-02 4.652413e-02
<VARIANCE> 39
 1.700216e+01 2.472201e+01 3.484983e+01 3.898460e+01 4.303291e+01 5.772892e+01 5.251752e+01 5.217345e+01 5.199261e+01 5.391062e+01 6.037465e+01 5.907882e+01 2.326746e+01 1.603709e+00 1.968762e+00 2.473938e+00 3.208861e+00 3.975394e+00 4.172240e+00 4.066473e+00 5.023289e+00 4.215808e+00 4.184547e+00 3.966158e+00 3.847753e+00 1.581448e+00 1.980098e-01 2.616468e-01 2.874457e-01 4.211662e-01 4.655731e-01 5.774290e-01 6.024027e-01 6.289753e-01 6.299971e-01 6.258934e-01 5.871567e-01 5.689985e-01 1.720880e-01
<GCONST> 1.238891e+02
<MIXTURE> 3 9.360600e-02
<MEAN> 39
 3.374528e+00 1.958713e+00 -1.555707e+00 -9.112760e-01 -8.331186e-02 -1.543386e+00 -2.207614e+00 -1.109915e+00 -1.166574e-01 -1.376594e+00 -2.163617e+00 -1.284836e+00 9.041888e-01 -2.471641e-01 -1.046356e-01 3.262918e-01 3.410121e-01 -1.515744e-01 -1.070089e-01 3.367744e-01 2.891396e-01 -1.484528e-01 -2.310104e-01 -9.071752e-02 8.957577e-02 -7.170081e-02 -3.894294e-02 -3.958425e-02 2.718001e-02 -9.427164e-03 1.519076e-02 2.733191e-02 -3.356135e-04 6.666699e-03 -2.196003e-03 6.055575e-02 9.611940e-02 4.799291e-02 1.240055e-02
<VARIANCE> 39
 2.262495e+01 3.090006e+01 3.923405e+01 4.132095e+01 4.758899e+01 5.060363e+01 5.006119e+01 5.287458e+01 5.233109e+01 5.166027e+01 4.623138e+01 4.990373e+01 4.085347e+01 3.367052e-01 6.102653e-01 1.035012e+00 1.272586e+00 1.716970e+00 1.783529e+00 1.878379e+00 2.142724e+00 2.016869e+00 2.062991e+00 1.871632e+00 1.765273e+00 3.549380e-01 4.570263e-02 8.072054e-02 1.324169e-01 1.670492e-01 2.282090e-01 2.567482e-01 2.856602e-01 3.035094e-01 3.288129e-01 3.001051e-01 2.864442e-01 2.653508e-01 3.244085e-02
<GCONST> 1.004142e+02
<MIXTURE> 4 9.588122e-02
<MEAN> 39
 2.827394e+00 -1.116846e+00 -2.917193e-01 -5.544394e-01 -2.809595e+00 -9.170485e+00 -3.976688e+00 5.666672e+00 2.036286e+00 -3.115530e+00 -1.917250e+00 3.390698e+00 6.252753e+00 -7.277099e-01 -1.093605e+00 2.832057e-01 -3.026531e-01 -1.544108e+00 2.542610e-01 2.532625e+00 1.799153e+00 -1.052974e+00 -5.873884e-01 9.100382e-01 7.854478e-01 1.262177e+00 -6.321613e-02 2.527017e-01 2.213568e-01 -3.395908e-02 3.480825e-02 6.010093e-01 1.570124e-01 -7.868500e-01 -3.648680e-01 3.499441e-01 1.878912e-01 -4.025322e-01 -2.442051e-01
<VARIANCE> 39
 1.275798e+01 2.389203e+01 3.894791e+01 3.323512e+01 5.137474e+01 4.032826e+01 5.619806e+01 5.709774e+01 5.909884e+01 5.677381e+01 6.700388e+01 6.797137e+01 2.086856e+01 7.018019e-01 1.685235e+00 3.007196e+00 2.760106e+00 4.778992e+00 5.785504e+00 5.065399e+00 5.113686e+00 4.912424e+00 5.193584e+00 3.894748e+00 4.055296e+00 7.836212e-01 9.921277e-02 2.009684e-01 2.734834e-01 4.176675e-01 5.370713e-01 5.188900e-01 6.695824e-01 7.080939e-01 7.032809e-01 6.506534e-01 6.804916e-01 5.259617e-01 1.282178e-01
<GCONST> 1.224941e+02
<MIXTURE> 5 9.187720e-02
<MEAN> 39
 4.204623e+00 -2.774926e+00 -5.831755e+00 -5.853753e+00 6.259445e-01 -1.023502e+00 -4.506327e+00 4.494441e+00 9.085108e+00 2.355683e+00 -4.206496e+00 -4.427545e+00 8.837704e+00 -5.629848e-01 -1.705673e+00 -1.122962e+00 -4.837036e-01 3.226334e-01 1.179880e+00 2.120140e+00 2.522944e+00 7.498630e-01 -1.328363e+00 -1.115118e+00 3.419101e-02 1.392682e+00 -7.632842e-02 2.818531e-01 3.676597e-01 4.412099e-01 2.222728e-01 3.491251e-02 -5.910794e-02 -6.840616e-01 -7.790420e-01 -3.446657e-01 2.654381e-01 3.493983e-01 -3.805459e-01
<VARIANCE> 39
 1.118961e+01 1.677313e+01 2.544722e+01 2.689372e+01 4.458756e+01 4.855804e+01 5.553884e+01 5.803036e+01 5.093076e+01 5.832683e+01 4.767393e+01 4.550946e+01 1.976211e+01 5.408889e-01 1.527877e+00 2.106891e+00 2.542236e+00 3.253881e+00 4.412711e+00 4.888340e+00 4.294837e+00 5.209535e+00 4.159186e+00 3.768270e+00 3.689403e+00 6.320170e-01 8.460428e-02 1.575583e-01 2.331092e-01 3.040529e-01 4.766631e-01 4.374096e-01 6.453449e-01 6.248829e-01 5.848395e-01 5.621271e-01 5.169659e-01 4.565335e-01 7.647926e-02
<GCONST> 1.157390e+02
<MIXTURE> 6 8.493297e-02
<MEAN> 39
 4.926356e+00 1.007764e+00 -3.593918e+00 -2.975603e+00 3.645872e-01 -4.835034e+00 -6.880620e+00 1.536761e+00 5.964659e+00 1.944536e+00 -1.913077e+00 -7.129748e-01 4.928697e+00 -3.638675e-01 -1.611127e+00 -1.072089e+00 -8.080645e-01 -5.746851e-02 9.319600e-01 1.764689e+00 2.433194e+00 5.181214e-01 -1.062563e+00 -8.987777e-01 -6.727133e-02 1.350398e+00 -1.117294e-01 -1.554666e-01 5.020355e-02 1.307205e-01 1.444124e-01 2.831313e-01 3.028809e-01 -4.203763e-02 -3.643627e-01 -4.095137e-01 -4.337282e-02 9.928472e-02 1.435260e-02
<VARIANCE> 39
 8.467912e+00 1.478718e+01 2.365860e+01 2.451355e+01 3.463911e+01 4.356469e+01 3.852966e+01 5.137678e+01 4.198579e+01 5.613269e+01 5.409143e+01 6.201441e+01 1.345250e+01 3.515397e-01 9.357589e-01 1.504778e+00 1.858237e+00 2.669657e+00 3.223073e+00 3.570077e+00 3.377266e+00 4.609993e+00 3.350820e+00 2.995701e+00 2.853673e+00 3.559799e-01 3.879024e-02 1.085688e-01 1.518301e-01 1.749774e-01 2.678791e-01 2.949589e-01 3.340049e-01 3.736321e-01 3.854632e-01 3.854244e-01 3.869106e-01 3.454378e-01 4.115543e-02
<GCONST> 1.038441e+02
<MIXTURE> 7 1.600903e-01
<MEAN> 39
 1.469970e+00 -3.391059e+00 -6.484584e+00 -3.027529e+00 2.535256e+00 -2.509359e+00 -3.354017e+00 3.995581e+00 4.279906e+00 7.188685e+00 1.410570e+01 1.523371e+01 3.458245e+00 1.879897e-02 3.906949e-02 3.194207e-02 5.873591e-04 -3.717814e-02 -3.352907e-02 6.453301e-03 -2.835742e-02 1.188283e-03 4.729160e-02 2.087601e-03 -5.184224e-02 -5.549465e-02 8.696970e-02 1.308529e-01 1.697324e-01 1.568268e-01 1.002190e-01 9.665496e-02 7.326986e-02 2.206926e-02 2.540817e-02 2.925103e-04 -5.465215e-02 -6.823527e-02 2.537111e-02
<VARIANCE> 39
 8.908859e+00 1.617570e+01 2.821276e+01 2.653168e+01 5.892888e+01 5.332835e+01 5.508949e+01 5.153582e+01 6.609121e+01 8.192725e+01 6.859527e+01 6.210675e+01 1.214343e+01 2.028056e-01 4.904611e-01 7.552389e-01 9.135123e-01 1.148590e+00 1.183552e+00 1.330848e+00 1.393873e+00 1.446582e+00 1.557052e+00 1.530768e+00 1.367655e+00 9.271780e-02 2.788357e-02 6.798399e-02 1.050881e-01 1.401856e-01 1.789343e-01 1.964553e-01 2.313186e-01 2.434509e-01 2.450204e-01 2.564784e-01 2.459973e-01 2.236516e-01 1.252940e-02
<GCONST> 8.938147e+01
<MIXTURE> 8 1.440511e-01
<MEAN> 39
 2.529216e+00 -1.406712e+00 -4.634984e+00 -1.950648e+00 2.670196e+00 -3.660872e+00 -3.856451e+00 3.600480e+00 6.645943e+00 1.050631e+01 1.463687e+01 1.308319e+01 3.392632e+00 -9.676380e-02 8.092064e-03 6.027450e-02 5.813194e-02 -1.300391e-01 -7.475780e-03 1.226935e-01 -5.148561e-02 -1.660587e-01 -1.739773e-01 -1.257307e-01 -8.094140e-02 -3.530777e-02 -5.986788e-02 -6.049640e-02 -2.372983e-02 -3.524173e-02 -6.097086e-02 6.224575e-02 9.512337e-02 -1.288888e-03 -8.829846e-02 -1.662359e-01 -1.968529e-01 -1.400869e-01 5.899960e-03
<VARIANCE> 39
 1.404410e+01 2.303743e+01 3.832472e+01 3.354973e+01 6.883335e+01 6.770975e+01 6.170913e+01 6.634100e+01 8.162302e+01 8.422104e+01 6.712386e+01 7.352196e+01 2.170727e+01 5.524561e-01 1.018263e+00 1.402561e+00 1.591153e+00 2.370042e+00 2.592924e+00 2.643275e+00 2.864003e+00 3.240991e+00 3.393984e+00 3.307043e+00 3.081936e+00 4.955877e-01 8.993837e-02 1.713103e-01 2.459597e-01 2.992911e-01 3.909540e-01 4.493503e-01 4.722160e-01 5.072399e-01 5.388553e-01 5.526519e-01 5.329012e-01 5.071387e-01 7.549701e-02
<GCONST> 1.148286e+02
<STATE> 5
<NUMMIXES> 8
<MIXTURE> 1 1.976404e-01
<MEAN> 39
 3.570128e+00 -2.077852e+00 -4.647934e+00 -2.851076e+00 4.761320e-01 -3.363053e+00 -2.893024e+00 6.370478e+00 4.571627e+00 -4.001813e+00 -5.398060e+00 -7.553091e-01 7.092473e+00 -3.292246e-01 -6.523756e-01 1.947202e-01 9.907769e-03 -2.408903e-01 3.808147e-01 1.086611e+00 6.847552e-01 -6.739575e-01 -8.430476e-01 1.025981e-01 4.354632e-01 4.262084e-01 6.107358e-02 2.020981e-01 1.924968e-01 8.568178e-02 2.249207e-02 2.970915e-02 -1.695558e-01 -5.685537e-01 -2.091449e-01 2.952341e-01 2.658758e-01 -1.142740e-01 -2.179487e-01
<VARIANCE> 39
 9.189633e+00 1.605551e+01 2.523076e+01 2.492530e+01 4.131842e+01 4.340551e+01 4.492292e+01 4.807254e+01 5.775049e+01 5.672521e+01 3.804622e+01 4.480366e+01 1.448765e+01 2.073625e-01 5.884125e-01 1.063231e+00 1.025402e+00 1.859986e+00 1.883324e+00 1.931195e+00 2.237047e+00 2.165568e+00 2.057007e+00 2.033477e+00 1.828057e+00 1.939779e-01 3.352027e-02 8.128136e-02 1.317363e-01 1.694712e-01 2.348376e-01 2.524088e-01 3.171641e-01 3.353877e-01 3.856379e-01 3.200296e-01 2.945467e-01 2.849114e-01 3.047426e-02
<GCONST> 9.552536e+01
<MIXTURE> 2 9.129275e-02
<MEAN> 39
 -3.528100e+00 4.950487e+00 -8.355681e-01 4.768962e+00 3.694413e+00 1.041074e+00 1.073104e+00 -9.836721e-01 4.136023e-01 -3.375942e-01 -7.405911e-01 -2.426545e+00 -5.363691e+00 -9.471406e-01 -8.921111e-01 -2.655457e-01 -1.263673e-01 -2.701300e-01 -1.726724e-01 5.492105e-01 8.986984e-01 5.955814e-01 4.416502e-01 5.083967e-01 5.492345e-01 1.011267e-01 3.946482e-01 -2.015716e-01 -1.308835e-01 -4.571363e-01 -2.408011e-01 -2.396087e-01 -3.797863e-01 -7.850112e-02 -2.228727e-03 -3.321521e-02 3.574428e-02 1.255187e-01 4.093078e-01
<VARIANCE> 39
 4.088866e+01 5.052493e+01 3.988087e+01 4.260295e+01 5.078549e+01 4.499785e+01 3.861645e+01 4.309412e+01 3.955362e+01 4.285179e+01 3.927657e+01 4.260034e+01 5.466045e+01 3.432044e+00 2.409705e+00 2.185754e+00 3.034191e+00 3.230505e+00 3.642824e+00 3.554097e+00 3.670431e+00 3.319917e+00 3.327138e+00 3.264514e+00 3.012640e+00 3.295273e+00 3.410590e-01 4.535657e-01 4.169755e-01 5.204695e-01 5.809690e-01 5.802613e-01 5.834351e-01 6.554881e-01 6.080766e-01 5.910087e-01 5.729420e-01 5.284656e-01 3.844588e-01
<GCONST> 1.270609e+02
<MIXTURE> 3 1.360784e-01
<MEAN> 39
 1.734510e+00 -6.072833e+00 -5.572003e+00 -3.878969e+00 2.329338e+00 6.503834e-01 2.926942e+00 8.598224e+00 1.963166e+00 -4.475052e+00 -2.675660e+00 2.212195e+00 1.018893e+01 -6.438652e-01 -1.183806e+00 -3.213110e-01 3.506783e-01 1.086267e+00 1.702964e+00 1.570477e+00 6.251195e-02 -1.250687e+00 -1.017236e+00 2.210928e-01 2.996320e-01 7.907755e-01 1.436452e-01 4.595572e-01 3.479417e-01 2.548350e-01 1.884905e-02 -4.610755e-01 -8.311762e-01 -8.111525e-01 -3.300520e-03 4.314941e-01 2.667856e-01 -2.796762e-04 -4.692432e-01
<VARIANCE> 39
 1.448934e+01 1.839125e+01 2.574432e+01 2.820408e+01 5.833342e+01 5.007265e+01 6.322659e+01 4.994230e+01 7.205129e+01 5.887306e+01 7.211594e+01 8.776836e+01 1.993743e+01 4.856250e-01 1.308222e+00 1.502682e+00 1.858912e+00 2.818782e+00 3.341937e+00 4.191076e+00 3.895633e+00 3.600257e+00 3.667525e+00 3.235977e+00 3.287480e+00 5.120726e-01 9.184929e-02 1.942223e-01 2.518801e-01 3.277962e-01 4.670959e-01 5.313558e-01 6.864258e-01 6.530887e-01 7.622977e-01 5.769421e-01 5.532958e-01 5.457183e-01 7.669895e-02
<GCONST> 1.165676e+02
<MIXTURE> 4 1.634251e-01
<MEAN> 39
 3.031208e+00 5.746161e+00 2.173268e-01 2.359288e+00 3.051492e+00 1.219619e-01 -2.717311e+00 -5.500030e+00 -3.231489e+00 -2.122178e+00 -2.430317e+00 -3.694170e+00 -5.101051e+00 -6.666682e-01 -2.556809e-02 5.263158e-01 7.607902e-01 2.758591e-01 8.058070e-02 5.033445e-01 2.041445e-01 7.768105e-02 -1.208301e-02 -1.040224e-01 -4.981943e-02 -6.751487e-01 -3.088539e-02 -1.542251e-01 -1.868871e-01 -2.463223e-01 -7.879007e-02 -4.661957e-03 -1.962766e-03 1.886488e-01 2.121668e-01 1.451732e-01 1.391711e-01 1.155003e-01 1.616230e-01
<VARIANCE> 39
 1.849495e+01 2.513449e+01 3.144001e+01 3.107176e+01 3.831072e+01 3.799006e+01 3.958819e+01 4.021614e+01 4.043225e+01 4.385259e+01 4.188970e+01 4.316826e+01 3.086301e+01 6.609674e-01 8.871483e-01 1.214060e+00 1.532632e+00 1.736820e+00 1.986191e+00 2.187622e+00 2.383243e+00 2.341510e+00 2.245223e+00 2.152235e+00 2.002151e+00 5.057556e-01 8.382792e-02 1.226072e-01 1.805544e-01 2.412677e-01 2.923926e-01 3.273168e-01 3.650324e-01 3.871307e-01 4.053137e-01 3.888510e-01 3.762829e-01 3.489645e-01 6.652457e-02
<GCONST> 1.045821e+02
<MIXTURE> 5 1.097521e-01
<MEAN> 39
 1.369548e+00 -6.449419e-01 2.978436e+00 -5.588333e-01 -7.609690e+00 -7.996904e+00 9.913391e-01 4.280583e+00 -2.955098e+00 -2.018493e+00 1.825677e+00 2.688057e+00 6.519731e+00 -5.581528e-01 -1.131221e-02 1.190037e+00 -5.261962e-01 -1.699592e+00 9.237844e-01 1.566334e+00 -7.461313e-01 -1.245673e+00 9.185438e-01 6.863251e-01 -5.074418e-01 3.236707e-01 9.767280e-02 2.830340e-01 2.880557e-02 -6.848428e-02 4.311117e-01 3.796760e-01 -5.581715e-01 -7.002756e-01 2.936407e-01 3.060761e-01 -4.046589e-01 -3.546735e-01 -2.860239e-01
<VARIANCE> 39
 1.206488e+01 2.164559e+01 3.070512e+01 3.419744e+01 4.128387e+01 4.035479e+01 4.749435e+01 5.849780e+01 5.152094e+01 5.648408e+01 6.070538e+01 6.675337e+01 1.632129e+01 3.870832e-01 8.685985e-01 1.794737e+00 1.726030e+00 2.505213e+00 2.858746e+00 3.220770e+00 3.605137e+00 3.175025e+00 3.217744e+00 2.973704e+00 2.424350e+00 3.810081e-01 5.834532e-02 1.304009e-01 2.181694e-01 2.816895e-01 3.576358e-01 4.646115e-01 4.865442e-01 6.083371e-01 5.580502e-01 5.732909e-01 4.907031e-01 4.679936e-01 5.279605e-02
<GCONST> 1.101856e+02
<MIXTURE> 6 1.280622e-01
<MEAN> 39
 1.188398e+00 -1.839489e-02 -8.486812e-01 -4.336602e-01 -5.872204e-01 -9.439990e-01 -6.975695e-02 4.733280e-02 8.857640e-01 4.192902e-01 5.445249e-01 1.138745e+00 1.244755e+00 -3.987968e-02 -3.244870e-02 8.349266e-02 5.493543e-02 -8.393122e-02 2.228266e-02 5.403911e-02 -1.128107e-02 -1.785246e-02 1.715731e-04 -6.397065e-02 -7.180893e-02 -1.016378e-01 2.663657e-02 2.893890e-02 -1.770347e-02 2.603414e-04 4.134885e-02 -1.947967e-02 -8.693869e-02 -2.998620e-02 -1.586655e-02 -2.051835e-02 -2.533895e-02 -6.812832e-03 -1.871835e-02
<VARIANCE> 39
 2.857484e+01 3.489949e+01 3.957441e+01 4.411275e+01 6.137101e+01 5.197980e+01 5.569727e+01 5.522624e+01 5.746428e+01 6.608971e+01 6.392048e+01 6.952733e+01 6.196300e+01 2.089554e-01 4.402799e-01 6.993001e-01 8.492301e-01 1.136775e+00 1.329581e+00 1.447903e+00 1.556998e+00 1.650238e+00 1.619599e+00 1.531079e+00 1.444508e+00 1.616919e-01 3.632789e-02 7.259678e-02 1.138414e-01 1.557679e-01 2.018112e-01 2.389172e-01 2.615857e-01 2.840725e-01 2.860229e-01 2.894305e-01 2.713645e-01 2.573284e-01 2.222071e-02
<GCONST> 9.662613e+01
<MIXTURE> 7 1.011729e-01
<MEAN> 39
 3.676971e+00 7.001863e+00 -5.984321e-01 2.381566e+00 3.108554e+00 -1.943426e+00 -5.912940e+00 -6.934714e+00 -2.474139e+00 -2.835744e+00 -3.969476e+00 -5.073647e+00 -3.658895e+00 -1.382733e+00 5.281239e-01 7.421680e-01 1.564897e+00 -2.732986e-02 1.146533e-01 1.278042e+00 1.154920e-01 -1.760599e-01 -2.340007e-01 -1.891309e-01 -1.693925e-01 -1.172719e+00 -2.388577e-01 -5.212905e-01 -3.457670e-01 -5.808516e-01 -1.051037e-01 1.309766e-01 1.928148e-01 6.464087e-01 4.788800e-01 4.204360e-01 3.982535e-01 3.757642e-01 4.644815e-01
<VARIANCE> 39
 2.279224e+01 2.922978e+01 3.904060e+01 3.992332e+01 4.854285e+01 5.248057e+01 4.578241e+01 4.471947e+01 4.647011e+01 5.215683e+01 4.873074e+01 5.136654e+01 3.206293e+01 2.480030e+00 2.640000e+00 2.617931e+00 3.536668e+00 3.713220e+00 4.060697e+00 4.252867e+00 4.847440e+00 4.313157e+00 3.994553e+00 3.755523e+00 3.668931e+00 2.191631e+00 2.800197e-01 3.226428e-01 4.170099e-01 5.696081e-01 6.602135e-01 7.180302e-01 7.237216e-01 7.795027e-01 7.419617e-01 7.298104e-01 6.570251e-01 6.215683e-01 2.994797e-01
<GCONST> 1.283068e+02
<MIXTURE> 8 7.257597e-02
<MEAN> 39
 2.536618e+00 -3.794320e-01 -2.244668e+00 -2.121506e+00 -1.174477e+00 -2.831812e+00 -2.701794e+00 3.817326e-01 3.486483e+00 3.355961e+00 2.899615e+00 2.086663e+00 3.597376e+00 -1.380855e-01 -2.022897e-01 7.655399e-02 2.643505e-02 -2.571132e-01 2.673514e-03 1.425866e-01 4.727527e-02 -6.459185e-02 -2.367174e-01 -2.779058e-01 -2.266721e-01 2.709893e-01 -7.579146e-02 1.307725e-01 6.640682e-02 1.152853e-01 2.410806e-01 1.680866e-01 3.513730e-02 -9.690939e-02 -1.928172e-01 -1.582690e-01 -1.009837e-01 -7.406265e-02 -1.434313e-01
<VARIANCE> 39
 2.737690e+01 3.889463e+01 5.908477e+01 5.571471e+01 7.507858e+01 7.060985e+01 7.828846e+01 7.764645e+01 8.478053e+01 9.006789e+01 9.001517e+01 9.941781e+01 4.543653e+01 2.347656e+00 3.420079e+00 3.204840e+00 4.854561e+00 4.684431e+00 5.123502e+00 5.286190e+00 6.280536e+00 5.641195e+00 5.590244e+00 5.212964e+00 5.155151e+00 2.980215e+00 2.803037e-01 4.086698e-01 4.812920e-01 6.117280e-01 7.031192e-01 7.944237e-01 9.332402e-01 9.346533e-01 9.728071e-01 9.189016e-01 8.290947e-01 7.928461e-01 3.208796e-01
<GCONST> 1.394572e+02
<TRANSP> 6
 0.000000e+00 1.000000e+00 0.000000e+00 0.000000e+00 0.000000e+00 0.000000e+00
 0.000000e+00 7.640607e-01 2.359393e-01 0.000000e+00 0.000000e+00 0.000000e+00
 0.000000e+00 0.000000e+00 7.125139e-01 2.874862e-01 0.000000e+00 0.000000e+00
 0.000000e+00 0.000000e+00 0.000000e+00 6.646157e-01 3.353843e-01 0.000000e+00
 0.000000e+00 0.000000e+00 0.000000e+00 0.000000e+00 5.541462e-01 4.458538e-01
 0.000000e+00 0.000000e+00 0.000000e+00 0.000000e+00 0.000000e+00 0.000000e+00
<ENDHMM>
