~o
<STREAMINFO> 1 39
<VECSIZE> 39<NULLD><MFCC_D_A_Z_0><DIAGC>
~h "oy"
<BEGINHMM>
<NUMSTATES> 6
<STATE> 2
<NUMMIXES> 8
<MIXTURE> 1 1.420354e-01
<MEAN> 39
 6.002918e+00 -6.949975e-01 -7.841337e+00 -6.032576e+00 4.116222e+00 3.834143e+00 -5.603546e+00 3.036023e-01 5.777262e+00 2.301336e+00 -2.340089e+00 -4.139930e+00 5.269175e+00 1.540534e-01 1.219394e-01 -6.255869e-01 -4.418056e-01 5.002934e-01 1.040034e+00 -1.383064e-01 -5.312603e-01 -3.694163e-01 1.287980e-01 6.563511e-01 -4.575983e-02 -1.626157e-01 -9.681442e-03 5.950695e-02 1.681779e-01 5.845120e-03 -1.440992e-01 -1.100573e-01 4.084142e-02 -2.859549e-02 -2.160239e-01 -2.110841e-02 1.786672e-01 1.458325e-01 -6.966893e-02
<VARIANCE> 39
 1.089083e+01 1.617568e+01 2.309458e+01 2.573461e+01 4.784332e+01 3.733699e+01 3.717986e+01 3.437714e+01 4.023094e+01 6.167547e+01 4.815060e+01 3.773663e+01 1.314558e+01 2.386264e-01 4.150727e-01 6.199107e-01 7.828401e-01 1.227999e+00 1.636288e+00 1.508341e+00 1.650920e+00 1.812335e+00 1.742606e+00 1.957641e+00 1.595200e+00 1.521569e-01 4.287325e-02 7.320787e-02 9.990276e-02 1.556872e-01 2.060935e-01 2.319012e-01 2.610691e-01 2.795214e-01 2.549777e-01 2.929939e-01 3.074022e-01 2.899779e-01 2.560250e-02
<GCONST> 9.049289e+01
<MIXTURE> 2 8.479351e-02
<MEAN> 39
 8.278388e+00 2.778641e+00 -6.610807e+00 -1.279625e+01 1.926463e+00 7.955537e+00 -4.897695e+00 -3.009979e+00 6.943797e-02 3.384929e+00 5.146692e+00 3.833537e+00 3.785367e+00 6.835552e-01 -4.084619e-01 -8.461814e-01 -2.154778e+00 2.862157e-01 1.744764e+00 6.646147e-02 5.303791e-01 -3.758688e-01 2.237071e-02 4.769888e-01 6.071488e-01 8.204769e-01 -5.107039e-01 1.624442e-02 3.721589e-01 8.194301e-01 1.834580e-01 -3.593401e-01 3.808948e-01 -4.126915e-02 2.987612e-02 -2.438408e-01 -4.263481e-01 -4.379729e-01 -2.950274e-01
<VARIANCE> 39
 1.772665e+01 2.952760e+01 3.248766e+01 4.779406e+01 6.285335e+01 5.888593e+01 5.261401e+01 3.960945e+01 4.960803e+01 6.758070e+01 6.294815e+01 7.180836e+01 2.278414e+01 1.990702e+00 2.257616e+00 2.576339e+00 7.220701e+00 6.373530e+00 5.520514e+00 5.118038e+00 5.392412e+00 5.060364e+00 4.226340e+00 3.818820e+00 3.949450e+00 1.398273e+00 3.029863e-01 3.595757e-01 3.495110e-01 8.870902e-01 7.102643e-01 6.861467e-01 6.867987e-01 7.115529e-01 7.584976e-01 7.868912e-01 5.977271e-01 7.057518e-01 1.989918e-01
<GCONST> 1.304033e+02
<MIXTURE> 3 2.145001e-01
<MEAN> 39
 7.239195e+00 4.613694e+00 -3.283566e+00 -1.764610e+01 -5.006217e+00 1.029120e+01 3.759368e+00 -5.066078e+00 2.391328e+00 -1.729075e+00 3.993150e+00 6.539199e+00 3.501091e+00 -6.351637e-02 -9.180763e-02 -1.154875e-01 -9.454057e-02 1.658076e-01 1.409819e-01 -7.286083e-03 6.292461e-02 3.693531e-02 -2.453820e-02 -2.579636e-02 -4.324810e-03 5.224816e-02 9.367509e-03 -6.386222e-02 -1.559010e-02 1.015207e-01 8.702766e-02 -3.898273e-02 -7.178139e-02 -4.993079e-02 -2.795532e-02 6.333062e-02 1.504355e-02 -8.159015e-02 -3.971976e-03
<VARIANCE> 39
 1.024002e+01 1.586246e+01 2.555540e+01 3.338855e+01 2.720189e+01 3.425815e+01 4.908934e+01 4.615997e+01 4.029766e+01 5.580522e+01 5.128737e+01 4.215722e+01 1.500665e+01 1.046188e-01 3.810361e-01 3.882737e-01 7.377145e-01 9.536193e-01 1.043960e+00 1.110856e+00 1.268675e+00 1.255300e+00 1.444734e+00 1.408230e+00 1.336537e+00 9.367127e-02 1.947512e-02 5.508484e-02 6.292627e-02 1.262762e-01 1.659537e-01 1.657671e-01 2.042888e-01 2.365774e-01 2.279001e-01 2.671760e-01 2.568721e-01 2.489641e-01 1.348241e-02
<GCONST> 8.276068e+01
<MIXTURE> 4 4.059445e-02
<MEAN> 39
 9.686994e+00 9.327563e+00 -4.108562e+00 -6.430972e+00 1.991663e+00 6.911066e+00 -1.462031e+01 -1.428716e+00 -6.005548e-01 -2.008333e+00 -2.626817e+00 -1.610341e+01 2.653585e+00 2.041512e-02 -9.070352e-02 1.328351e-02 -4.373679e-02 1.628681e-01 1.141024e-01 -1.719792e-01 -1.797661e-01 -1.822854e-01 1.147092e-01 8.333565e-02 2.030623e-02 -8.505375e-02 5.319965e-03 -4.499714e-02 2.079352e-02 -2.262593e-02 7.636838e-02 -3.779458e-02 7.405903e-02 -2.780998e-02 4.512157e-02 6.598213e-02 5.312320e-02 7.679189e-02 3.309967e-02
<VARIANCE> 39
 1.216243e+01 1.805393e+01 1.848591e+01 3.569617e+01 1.025116e+02 4.660150e+01 6.764905e+01 4.429227e+01 5.831942e+01 4.132456e+01 4.915974e+01 2.893517e+01 2.897398e+01 1.085406e-01 3.461474e-01 5.071979e-01 9.115977e-01 1.140174e+00 9.361593e-01 1.011446e+00 1.291351e+00 1.799443e+00 1.509527e+00 1.275601e+00 1.448362e+00 1.244062e-01 1.500313e-02 3.913650e-02 6.521247e-02 1.266944e-01 1.479158e-01 1.395787e-01 1.819681e-01 2.248013e-01 2.109309e-01 2.032110e-01 2.360487e-01 2.561446e-01 8.479266e-03
<GCONST> 8.422134e+01
<MIXTURE> 5 1.263524e-01
<MEAN> 39
 7.168380e+00 7.049420e+00 -2.845204e+00 -8.503744e+00 -4.517187e+00 3.409369e+00 1.465550e+00 -1.856743e+00 -2.038840e+00 -2.113659e+00 -9.521068e-01 -6.391587e-01 5.451490e-01 8.077425e-02 1.637790e-01 -3.323257e-02 5.878029e-02 -1.318517e-01 2.529464e-02 2.423039e-01 4.204128e-02 1.728400e-02 -2.508584e-01 -2.856659e-01 -7.593203e-02 -1.684142e-01 -2.019781e-02 -1.409068e-01 -6.335406e-02 -2.266634e-02 2.064143e-01 1.486615e-01 -2.818602e-02 -1.666489e-01 3.094819e-03 1.105280e-01 2.029179e-01 1.017728e-01 5.683530e-02
<VARIANCE> 39
 1.796781e+01 2.248271e+01 2.735013e+01 4.533566e+01 4.025380e+01 3.914399e+01 4.336118e+01 3.290936e+01 4.426309e+01 4.728130e+01 3.594798e+01 4.292529e+01 1.769968e+01 5.343519e-01 6.871906e-01 1.111604e+00 2.303256e+00 2.124892e+00 2.217108e+00 1.907748e+00 2.459523e+00 2.156558e+00 2.293042e+00 2.253888e+00 1.784603e+00 4.285171e-01 8.673764e-02 1.161580e-01 1.890282e-01 3.048384e-01 3.581023e-01 3.316622e-01 3.078024e-01 3.863678e-01 4.168168e-01 4.601600e-01 3.491254e-01 3.216047e-01 5.221144e-02
<GCONST> 1.039636e+02
<MIXTURE> 6 2.135621e-01
<MEAN> 39
 7.502650e+00 1.059205e+00 -8.311129e+00 -1.248617e+01 2.878354e+00 1.106636e+01 -5.254594e+00 -3.647101e+00 -3.794697e-01 3.439819e+00 6.965118e+00 1.501508e+00 4.992796e+00 7.625464e-02 1.181712e-01 -8.814032e-02 -1.896692e-01 -3.967767e-02 3.741493e-01 2.955157e-01 1.561912e-01 -2.719048e-01 -2.730864e-01 1.651166e-01 9.356465e-02 -9.972533e-02 -9.260368e-02 2.247130e-02 1.323370e-01 2.571731e-01 -5.544451e-02 -3.870626e-01 7.871326e-02 2.965797e-02 2.187292e-01 -6.111944e-02 -2.530958e-01 -9.662683e-02 -1.634680e-02
<VARIANCE> 39
 1.184856e+01 2.107235e+01 2.395527e+01 3.880862e+01 5.217775e+01 4.083842e+01 4.158140e+01 4.718134e+01 6.069550e+01 5.473533e+01 6.517097e+01 7.716144e+01 1.485368e+01 3.309436e-01 7.541104e-01 9.271973e-01 1.530504e+00 1.941996e+00 1.916136e+00 2.083421e+00 2.207526e+00 2.485564e+00 2.568739e+00 2.408808e+00 2.257398e+00 2.892783e-01 5.557564e-02 1.088324e-01 1.532497e-01 2.259357e-01 3.209026e-01 3.342734e-01 3.163914e-01 4.066753e-01 4.077254e-01 4.046203e-01 3.994588e-01 3.796358e-01 3.444566e-02
<GCONST> 1.029059e+02
<MIXTURE> 7 9.067653e-02
<MEAN> 39
 8.422700e+00 3.499004e+00 -2.763606e+00 -1.619420e+01 -2.401828e+00 5.125602e+00 4.886583e+00 -6.853339e+00 1.569822e+00 1.472668e-01 5.090130e+00 4.484426e+00 5.101016e+00 -1.894995e-02 2.417020e-02 -1.021974e-01 -1.013659e+00 -1.057320e-01 5.463880e-01 5.334655e-01 2.256527e-01 2.192213e-01 -3.801704e-01 -3.653671e-02 4.491125e-02 1.765997e-01 -1.770160e-01 3.923180e-02 -1.670832e-02 7.161067e-01 1.053113e-01 5.124040e-02 -4.768458e-01 3.181049e-01 -1.558934e-01 1.578673e-01 -2.008980e-01 -2.063710e-01 -1.884763e-01
<VARIANCE> 39
 2.172941e+01 3.233455e+01 3.465554e+01 6.910609e+01 5.233641e+01 5.054853e+01 4.715695e+01 6.355876e+01 4.358589e+01 6.324668e+01 6.370650e+01 4.667854e+01 2.478725e+01 4.768281e-01 9.557024e-01 1.147593e+00 2.699236e+00 2.361439e+00 1.915332e+00 2.247356e+00 3.264846e+00 2.608964e+00 2.742599e+00 2.692249e+00 2.051453e+00 5.255198e-01 1.676993e-01 2.266228e-01 2.706257e-01 5.233714e-01 5.049484e-01 4.155582e-01 3.641055e-01 6.664209e-01 4.851342e-01 4.686577e-01 5.313413e-01 3.943210e-01 1.097948e-01
<GCONST> 1.144537e+02
<MIXTURE> 8 8.748555e-02
<MEAN> 39
 4.525946e+00 -4.336147e+00 -5.413229e+00 -7.510248e+00 5.506796e+00 7.197775e-01 -4.163137e+00 -5.827848e-01 7.686139e+00 5.114253e+00 2.866188e+00 9.420891e-01 8.345425e+00 2.812721e-01 -1.522819e-02 -7.978037e-01 -6.866050e-01 7.899500e-01 1.318784e+00 -3.441963e-02 -5.746730e-01 -2.165226e-01 -1.834132e-01 3.802145e-01 -5.268934e-01 -1.573030e-01 -3.650856e-02 2.836161e-01 1.204365e-01 1.600500e-01 -3.242859e-01 -4.085687e-03 6.290920e-02 -2.049412e-02 -4.364233e-01 -1.253602e-01 1.968469e-01 2.282414e-01 -1.945396e-01
<VARIANCE> 39
 2.369049e+01 1.973578e+01 3.064950e+01 6.536791e+01 8.232955e+01 5.167036e+01 5.920226e+01 8.091756e+01 6.630974e+01 8.118900e+01 1.382654e+02 1.209721e+02 1.897638e+01 5.661006e-01 1.079068e+00 1.492541e+00 2.742762e+00 2.415050e+00 3.625379e+00 3.472607e+00 2.727320e+00 3.034983e+00 3.338259e+00 3.571666e+00 3.411657e+00 3.962301e-01 1.023116e-01 1.513010e-01 2.337552e-01 4.861176e-01 3.452734e-01 4.862909e-01 5.469924e-01 6.603827e-01 5.716693e-01 6.844371e-01 5.937362e-01 5.659775e-01 6.418661e-02
<GCONST> 1.188205e+02
<STATE> 3
<NUMMIXES> 8
<MIXTURE> 1 7.049029e-02
<MEAN> 39
 6.830356e+00 3.465626e+00 -4.710187e+00 -9.109381e+00 -9.989392e-01 5.282164e+00 2.367886e+00 -5.818737e-01 -1.212811e+00 -4.196424e-01 -4.207308e-01 -6.595122e-01 3.208222e+00 -7.449272e-02 -1.587009e-01 -5.239757e-02 3.769020e-01 9.722238e-02 -7.665677e-02 5.845293e-02 -5.691801e-02 -2.540950e-01 1.471373e-01 7.461902e-02 1.932638e-03 4.097920e-02 -6.471376e-02 -1.279878e-01 -1.105704e-02 1.511693e-01 1.826555e-01 -9.174959e-02 -2.405716e-01 -1.710080e-01 1.233419e-01 1.955923e-01 1.556839e-01 -1.140305e-01 4.681806e-02
<VARIANCE> 39
 2.651707e+01 3.823306e+01 4.630564e+01 7.182791e+01 7.802050e+01 7.547962e+01 9.310130e+01 8.225908e+01 6.564182e+01 8.617342e+01 5.500909e+01 7.619023e+01 4.022493e+01 4.154035e-01 1.083268e+00 1.295171e+00 1.533634e+00 2.540610e+00 2.440742e+00 3.273752e+00 2.712533e+00 3.082545e+00 2.672116e+00 2.884260e+00 2.864130e+00 5.106176e-01 7.530867e-02 1.751333e-01 1.855467e-01 3.387732e-01 4.276262e-01 4.184173e-01 6.348389e-01 5.521458e-01 5.519518e-01 5.470343e-01 4.545940e-01 4.348933e-01 7.395785e-02
<GCONST> 1.171656e+02
<MIXTURE> 2 1.074461e-01
<MEAN> 39
 6.506876e+00 1.636162e-01 -1.151135e+01 -1.195440e+01 5.343326e+00 6.170926e+00 -6.266324e+00 -4.309301e+00 -1.479600e+00 -2.748670e+00 -5.546144e+00 -7.401979e+00 3.652873e+00 -4.607836e-02 -7.431885e-02 4.024073e-02 9.103105e-02 5.681132e-02 -1.091250e-01 -1.317267e-03 8.316429e-02 1.917223e-02 -8.060092e-02 -1.457863e-01 -4.815976e-02 5.581210e-03 1.133121e-01 1.654058e-01 2.752566e-01 2.891739e-01 2.013194e-01 2.176530e-01 3.145348e-01 3.331033e-01 3.165376e-01 2.399953e-01 2.032445e-01 2.691630e-01 4.837924e-02
<VARIANCE> 39
 6.083574e+00 1.551516e+01 1.885649e+01 2.894237e+01 3.378733e+01 5.705505e+01 2.715181e+01 3.931423e+01 4.475637e+01 5.939124e+01 5.187069e+01 5.736649e+01 8.316434e+00 1.438177e-01 3.012161e-01 4.837245e-01 7.516533e-01 9.209918e-01 1.088672e+00 1.089664e+00 1.358204e+00 1.199189e+00 1.249492e+00 1.035656e+00 9.537889e-01 5.470864e-02 1.696372e-02 4.061067e-02 6.280906e-02 1.075087e-01 1.316114e-01 1.447766e-01 1.350522e-01 1.844115e-01 1.828085e-01 1.961649e-01 1.624641e-01 1.461382e-01 7.635294e-03
<GCONST> 7.692097e+01
<MIXTURE> 3 1.457317e-01
<MEAN> 39
 7.286228e+00 -2.104529e+00 -7.931839e+00 -8.654093e+00 7.009276e+00 3.790755e+00 -4.124607e+00 3.688797e-01 4.313338e+00 2.237882e+00 -4.325441e+00 -3.582397e+00 6.773582e+00 -3.641322e-02 -1.002081e-01 6.004892e-02 1.366019e-01 -4.180009e-02 -2.128043e-01 9.158435e-03 1.475853e-01 3.898813e-02 -1.172985e-01 -1.537349e-01 3.922659e-02 -2.544196e-03 -1.659801e-02 3.960968e-03 -1.077580e-02 -1.632571e-02 -5.999389e-02 -3.112528e-02 -1.299957e-02 -2.585170e-02 -3.533113e-02 -5.751320e-02 9.200703e-03 -6.620931e-03 -4.494297e-03
<VARIANCE> 39
 7.320564e+00 1.344623e+01 1.758418e+01 3.415688e+01 4.763258e+01 5.004504e+01 3.328760e+01 3.515503e+01 4.929246e+01 6.438152e+01 3.714774e+01 3.340215e+01 1.265043e+01 6.817875e-02 1.636770e-01 2.275030e-01 4.334562e-01 4.971227e-01 6.217466e-01 5.781707e-01 6.531645e-01 7.785094e-01 7.595589e-01 6.864656e-01 5.954710e-01 3.577092e-02 9.330688e-03 2.260583e-02 3.552879e-02 5.829157e-02 7.312725e-02 8.587341e-02 9.250429e-02 9.171577e-02 1.118876e-01 1.080770e-01 1.011431e-01 9.725388e-02 4.099100e-03
<GCONST> 6.250164e+01
<MIXTURE> 4 1.645353e-01
<MEAN> 39
 6.525584e+00 1.026794e+00 -5.159907e+00 -1.404068e+01 -1.033377e+00 1.051280e+01 -3.316591e-01 -6.763207e+00 4.006907e+00 2.349542e+00 6.099756e+00 3.848356e+00 5.218366e+00 -2.821083e-02 -9.400062e-02 -2.596435e-02 1.275218e-01 5.478863e-02 -3.901049e-02 -1.352627e-01 1.127962e-02 6.746100e-02 1.468416e-01 -5.597089e-02 -1.922969e-01 2.042784e-02 2.453474e-03 -1.174781e-02 2.740253e-03 3.146650e-02 8.920200e-03 -3.140297e-02 -1.344740e-02 2.682479e-02 -4.436872e-03 2.842092e-02 -3.341535e-02 -1.985314e-02 7.304347e-04
<VARIANCE> 39
 7.066760e+00 1.682610e+01 1.324846e+01 3.468785e+01 2.056349e+01 2.677081e+01 3.128663e+01 3.011889e+01 2.849671e+01 7.751714e+01 3.052635e+01 3.884544e+01 1.681244e+01 4.620773e-02 1.236513e-01 1.675176e-01 3.353028e-01 3.893090e-01 4.715107e-01 4.896108e-01 5.570620e-01 6.036870e-01 7.442699e-01 4.973203e-01 5.846505e-01 2.577914e-02 8.098854e-03 2.068175e-02 2.936618e-02 5.330639e-02 6.651220e-02 7.219516e-02 8.513169e-02 1.043864e-01 1.095196e-01 1.306357e-01 9.324422e-02 9.709463e-02 3.589422e-03
<GCONST> 5.681588e+01
<MIXTURE> 5 5.299446e-02
<MEAN> 39
 6.724851e+00 -7.115656e-01 1.599394e+00 -1.485793e+00 -7.613508e+00 1.049138e+00 7.925472e+00 5.347739e+00 -4.833807e+00 -6.000871e+00 -1.112411e-01 -2.971165e+00 6.632861e+00 -1.076744e-02 -2.476895e-02 4.751804e-02 -2.952463e-02 -2.601161e-02 4.482998e-02 5.240590e-02 -1.701538e-02 -7.306209e-02 3.304765e-02 -3.509020e-02 -9.331619e-03 -2.118557e-02 1.646720e-03 1.070200e-02 -1.665964e-02 -1.080579e-02 2.046904e-02 1.498826e-03 -5.539713e-02 -2.707124e-02 3.784302e-02 1.414737e-03 -2.389057e-02 -1.157429e-02 -7.026018e-03
<VARIANCE> 39
 1.634073e+00 1.173590e+01 2.041083e+01 2.524624e+01 4.576250e+01 2.972970e+01 2.859447e+01 5.341305e+01 1.649366e+01 5.167503e+01 4.041105e+01 2.121839e+01 3.601770e+00 6.243829e-02 2.445486e-01 4.900611e-01 5.464106e-01 1.012281e+00 7.236478e-01 1.006283e+00 9.841847e-01 7.659976e-01 1.364854e+00 8.781629e-01 7.225696e-01 3.218611e-02 9.123237e-03 2.854317e-02 4.249137e-02 6.830429e-02 8.601616e-02 9.468410e-02 1.383230e-01 1.150267e-01 1.263384e-01 1.381622e-01 1.323853e-01 1.094021e-01 4.067591e-03
<GCONST> 6.370458e+01
<MIXTURE> 6 1.391534e-01
<MEAN> 39
 7.196697e+00 6.583896e-01 -8.504301e+00 -1.091593e+01 4.876561e+00 8.959730e+00 -4.016648e+00 -3.813008e+00 2.979845e+00 3.971726e+00 4.537359e+00 -2.316127e+00 5.432173e+00 -2.445310e-01 -6.061690e-01 6.889918e-02 8.155211e-01 2.738840e-01 -6.919602e-01 -6.059432e-01 3.806317e-01 7.391803e-01 1.874342e-01 -8.645439e-01 -7.000446e-01 2.310562e-01 -5.294042e-02 -8.090057e-02 1.013203e-01 1.468172e-01 -1.487040e-01 -3.036273e-01 -3.085557e-02 2.350342e-01 4.268240e-02 -1.626906e-01 -3.320440e-01 7.079524e-02 3.375467e-03
<VARIANCE> 39
 1.153868e+01 2.070902e+01 2.568317e+01 3.428870e+01 4.181240e+01 4.757591e+01 4.663592e+01 4.380317e+01 5.361097e+01 5.968866e+01 6.408498e+01 7.324635e+01 1.864631e+01 1.456486e-01 4.302761e-01 5.820177e-01 9.279704e-01 9.936895e-01 1.179112e+00 1.275412e+00 1.781865e+00 1.482436e+00 1.925418e+00 1.323889e+00 1.487054e+00 9.520569e-02 2.229168e-02 5.672446e-02 9.499832e-02 1.239336e-01 1.599414e-01 2.064856e-01 2.053403e-01 2.794399e-01 2.584048e-01 2.415704e-01 2.359143e-01 2.287964e-01 1.353267e-02
<GCONST> 8.819105e+01
<MIXTURE> 7 8.462594e-02
<MEAN> 39
 8.704849e+00 5.701851e+00 -1.826030e+00 -9.839104e+00 -7.321730e+00 6.430832e+00 3.829805e+00 -7.117610e+00 -5.890021e+00 4.180710e+00 2.786360e+00 -5.620117e-02 1.853654e+00 3.145050e-02 9.780210e-03 4.704263e-02 9.019394e-02 -3.598620e-02 -1.558363e-02 -2.653251e-02 -1.514775e-02 4.872521e-02 -2.146677e-02 1.608072e-02 7.613244e-03 -7.712624e-02 -6.671663e-03 -3.499714e-02 -2.815155e-02 8.794349e-03 1.043478e-01 -3.633677e-03 -9.825183e-02 2.471924e-02 4.967787e-02 -1.304394e-02 2.755828e-02 -6.060352e-03 2.112119e-02
<VARIANCE> 39
 1.222709e+01 3.338562e+01 5.022264e+01 1.751616e+01 4.363156e+01 3.152533e+01 3.062009e+01 4.289861e+01 6.054864e+01 6.723190e+01 6.809586e+01 2.556873e+01 3.374469e+01 8.015081e-02 2.284017e-01 4.048184e-01 4.308663e-01 6.823090e-01 7.716992e-01 8.655201e-01 8.549139e-01 1.051981e+00 1.110888e+00 1.195061e+00 8.426345e-01 7.321773e-02 1.405869e-02 4.107634e-02 6.905033e-02 8.034247e-02 1.118654e-01 1.565288e-01 1.609426e-01 1.671746e-01 2.035303e-01 1.942725e-01 2.118264e-01 1.704829e-01 8.487425e-03
<GCONST> 7.739513e+01
<MIXTURE> 8 2.350229e-01
<MEAN> 39
 7.891171e+00 3.392144e+00 -9.144868e+00 -1.024687e+01 5.667145e+00 9.103521e+00 -2.758535e+00 -1.616626e+00 -1.899725e-02 3.705184e-01 6.636362e-01 -2.430050e+00 2.867138e+00 -1.560488e-02 -1.158365e-02 4.252083e-03 7.038122e-02 4.205732e-02 7.159660e-02 5.915614e-02 -3.439019e-02 3.974520e-02 -1.015860e-01 1.646935e-03 -2.202286e-02 -8.047687e-03 -4.938342e-02 -8.580425e-02 -3.629086e-02 -5.157886e-02 -1.208417e-01 -1.441324e-01 -9.743120e-02 -1.343304e-01 -6.044409e-02 -4.826444e-02 -9.285807e-02 -8.850949e-02 -1.333951e-02
<VARIANCE> 39
 5.585919e+00 1.444879e+01 1.562875e+01 2.292496e+01 2.861704e+01 3.863807e+01 2.900500e+01 4.561483e+01 4.580897e+01 6.566027e+01 6.515401e+01 6.131726e+01 5.244134e+00 1.327796e-01 3.205773e-01 5.210704e-01 7.353861e-01 8.824278e-01 1.004329e+00 1.177007e+00 1.215338e+00 1.384458e+00 1.216330e+00 9.675976e-01 9.975512e-01 7.019594e-02 2.084943e-02 4.498320e-02 8.138574e-02 1.009866e-01 1.377456e-01 1.706612e-01 2.029265e-01 2.077790e-01 2.261203e-01 2.170636e-01 1.598787e-01 1.598688e-01 1.005120e-02
<GCONST> 7.808396e+01
<STATE> 4
<NUMMIXES> 8
<MIXTURE> 1 1.307806e-01
<MEAN> 39
 5.007865e+00 -2.954555e+00 -4.736069e+00 -1.720826e+00 1.489787e+00 -1.704029e+00 -4.681924e+00 5.085465e+00 6.515832e+00 -2.243260e+00 -7.058702e+00 -2.220379e+00 5.438425e+00 -3.705713e-01 -1.842678e-01 1.065712e+00 7.967095e-01 -1.245982e+00 -1.305630e+00 1.110227e+00 1.243922e+00 -8.886919e-01 -1.116044e+00 6.907595e-03 1.296142e+00 8.068481e-02 -1.172332e-02 1.111676e-01 1.055197e-01 -2.125889e-01 -1.776648e-01 1.877150e-01 2.018810e-01 -3.174453e-01 -4.106356e-01 1.806063e-01 4.681342e-01 -3.897916e-02 -5.050271e-02
<VARIANCE> 39
 8.539392e+00 2.038769e+01 2.747104e+01 2.049159e+01 4.554926e+01 4.659258e+01 3.061917e+01 4.207586e+01 4.396874e+01 6.310780e+01 4.708804e+01 5.321412e+01 1.562891e+01 1.572818e-01 3.910783e-01 5.579646e-01 6.271638e-01 1.072941e+00 1.155879e+00 1.193133e+00 1.343470e+00 1.652125e+00 1.550153e+00 1.449792e+00 1.103404e+00 7.455818e-02 1.860544e-02 5.580391e-02 7.915580e-02 9.913376e-02 1.653912e-01 1.966450e-01 1.802199e-01 2.094301e-01 2.072639e-01 2.437121e-01 2.421136e-01 2.318091e-01 9.304247e-03
<GCONST> 8.319412e+01
<MIXTURE> 2 2.228285e-01
<MEAN> 39
 2.807809e+00 -5.670744e+00 -6.643798e+00 -5.972782e+00 8.462497e+00 3.814449e+00 -4.365354e+00 2.940215e+00 3.540866e+00 1.512272e+00 -9.496175e-04 3.911340e+00 6.897449e+00 -5.830168e-02 -6.321049e-02 2.540157e-01 2.958247e-01 -3.860205e-01 -4.015640e-01 2.105196e-01 3.631096e-01 -5.223520e-02 -2.723984e-01 -2.048112e-01 1.912446e-01 -4.942572e-02 8.341544e-03 6.569977e-02 3.243731e-02 -6.022676e-03 -1.204641e-01 -2.161202e-02 7.076712e-02 -1.405601e-02 -5.874421e-02 -3.103968e-02 2.009334e-02 1.506885e-02 -3.183361e-02
<VARIANCE> 39
 1.325525e+01 2.189682e+01 2.919385e+01 4.894084e+01 5.980210e+01 3.612104e+01 7.427393e+01 6.999636e+01 4.422395e+01 6.395435e+01 1.006714e+02 1.262785e+02 2.469497e+01 2.969586e-01 6.591187e-01 8.390481e-01 1.237200e+00 1.645646e+00 1.484452e+00 1.939820e+00 1.862329e+00 1.766723e+00 2.042465e+00 1.967917e+00 1.795340e+00 1.635291e-01 5.574058e-02 1.053787e-01 1.428391e-01 2.054389e-01 2.694206e-01 2.766415e-01 3.062847e-01 3.152549e-01 2.825224e-01 3.259619e-01 2.990713e-01 3.166059e-01 2.377689e-02
<GCONST> 1.006885e+02
<MIXTURE> 3 1.385560e-01
<MEAN> 39
 1.099023e+00 -2.313641e+00 6.252649e+00 2.019428e+00 -1.008661e+01 -6.619866e+00 2.141219e+00 3.107285e+00 -3.417074e+00 1.694441e-01 7.865151e-01 9.841678e-02 5.802525e+00 -3.635328e-02 9.563603e-02 2.267426e-01 2.239422e-02 -1.146675e-01 2.103416e-02 4.476116e-02 -1.035331e-01 -2.869894e-01 6.630068e-02 2.662494e-02 -3.508513e-03 -6.861504e-02 1.722988e-02 5.739157e-03 -5.884606e-02 -9.766566e-04 6.132552e-02 1.027795e-02 -4.640995e-02 4.743231e-04 3.440267e-02 -1.546225e-02 -5.158706e-02 1.687072e-04 -1.374189e-02
<VARIANCE> 39
 1.041268e+01 1.203692e+01 2.728851e+01 2.298938e+01 2.417574e+01 5.782574e+01 2.935508e+01 7.419300e+01 5.866206e+01 3.644345e+01 2.082359e+01 3.016236e+01 9.362642e+00 5.939811e-02 1.743852e-01 3.925120e-01 3.848974e-01 6.239088e-01 6.343043e-01 6.354952e-01 7.295582e-01 9.661155e-01 6.917032e-01 8.026807e-01 6.767283e-01 4.489899e-02 9.897863e-03 2.507365e-02 4.259010e-02 5.867590e-02 8.289935e-02 1.047085e-01 1.070841e-01 1.188024e-01 1.397950e-01 1.007448e-01 1.258177e-01 1.085778e-01 6.157003e-03
<GCONST> 6.490281e+01
<MIXTURE> 4 1.283366e-01
<MEAN> 39
 4.668677e+00 -4.170709e+00 -9.389381e+00 -5.841064e+00 1.204339e+01 3.553146e+00 -1.400379e+01 6.245624e+00 3.860870e+00 -2.023367e+00 -6.474002e+00 -7.496020e+00 4.275502e+00 -3.632576e-02 -5.628584e-02 2.038609e-02 2.040736e-02 1.866648e-03 -3.964752e-02 1.747404e-02 1.831494e-02 -1.991238e-02 -6.608249e-02 -1.215670e-02 7.921085e-02 2.065625e-02 -4.083196e-03 5.859720e-03 1.037882e-02 2.445098e-03 -3.645831e-02 -1.393284e-02 -2.350865e-03 8.617056e-03 1.840823e-03 2.691696e-03 -1.526808e-02 -1.757861e-02 -5.442681e-03
<VARIANCE> 39
 3.628639e+00 1.540852e+01 1.490412e+01 1.433743e+01 2.719261e+01 2.003507e+01 1.419303e+01 4.163341e+01 1.408952e+01 1.596489e+01 1.771690e+01 2.183164e+01 7.828478e+00 7.530327e-02 1.687500e-01 3.437552e-01 3.206093e-01 8.346179e-01 7.000707e-01 6.863009e-01 7.820160e-01 7.069576e-01 5.767690e-01 6.911796e-01 5.036920e-01 4.107604e-02 1.430444e-02 3.252179e-02 6.655154e-02 6.068027e-02 1.521457e-01 1.384671e-01 1.289843e-01 1.536198e-01 1.306785e-01 1.028586e-01 1.294340e-01 8.355346e-02 6.750491e-03
<GCONST> 5.950314e+01
<MIXTURE> 5 5.534198e-02
<MEAN> 39
 8.170544e+00 4.180291e+00 -6.098768e+00 -1.333106e+01 -2.014223e+00 9.607000e+00 1.581968e+00 -5.819466e+00 -2.703073e+00 9.376672e-01 5.120588e+00 4.005505e+00 2.690208e+00 -2.688218e-01 -1.493564e+00 -5.418413e-01 1.418356e+00 1.723332e+00 -1.875839e-01 -1.839442e+00 -1.194291e+00 8.553964e-01 1.922903e+00 1.110966e+00 -1.402779e+00 6.535598e-01 -1.393706e-01 -1.768683e-01 2.620627e-01 6.420273e-01 4.032148e-02 -7.551814e-01 -4.665986e-01 4.316351e-01 7.789962e-01 8.179396e-02 -5.327833e-01 -6.238195e-01 6.051440e-02
<VARIANCE> 39
 1.120744e+01 2.550299e+01 1.750959e+01 4.073494e+01 4.280053e+01 6.202134e+01 5.346172e+01 4.463106e+01 4.882576e+01 4.713964e+01 4.384009e+01 8.191728e+01 2.044124e+01 3.286431e-01 6.891003e-01 7.803456e-01 1.637872e+00 1.495123e+00 2.612475e+00 2.904048e+00 3.054735e+00 3.497362e+00 2.709678e+00 2.743310e+00 3.054175e+00 1.909264e-01 5.522536e-02 1.010943e-01 1.791204e-01 2.026702e-01 3.281665e-01 3.923004e-01 3.976443e-01 6.512786e-01 4.260728e-01 5.388982e-01 5.758746e-01 4.077242e-01 4.585164e-02
<GCONST> 1.056256e+02
<MIXTURE> 6 9.501818e-02
<MEAN> 39
 6.219023e+00 -2.286429e+00 -7.225701e+00 -5.726373e+00 4.552364e+00 3.342519e+00 -7.837766e+00 5.629647e-02 7.643435e+00 3.265578e+00 -3.278385e+00 -7.526565e+00 5.506650e+00 -4.295040e-01 -7.065699e-01 7.157189e-01 1.521262e+00 -6.968700e-01 -2.070410e+00 -1.940439e-02 1.600093e+00 6.373752e-01 -1.039600e+00 -1.769407e+00 4.762526e-01 2.257475e-01 -4.275772e-02 1.114001e-01 2.468233e-01 -1.793881e-02 -3.754009e-01 -1.538471e-01 4.694267e-01 2.181008e-01 -4.708695e-01 -4.032132e-01 2.367223e-01 6.361655e-01 -3.612070e-02
<VARIANCE> 39
 8.332041e+00 1.935869e+01 2.535185e+01 2.332639e+01 3.967231e+01 4.224946e+01 3.272735e+01 3.853448e+01 5.074994e+01 6.043255e+01 5.324535e+01 4.630030e+01 1.383976e+01 1.255020e-01 4.066212e-01 5.372747e-01 7.511590e-01 9.207196e-01 1.312022e+00 1.354406e+00 1.533030e+00 1.590949e+00 1.486334e+00 1.700800e+00 1.843123e+00 7.341854e-02 2.169296e-02 5.287617e-02 8.571958e-02 1.147232e-01 1.743539e-01 1.668085e-01 1.884348e-01 2.256355e-01 3.118091e-01 2.941959e-01 3.035945e-01 2.253443e-01 1.055520e-02
<GCONST> 8.489135e+01
<MIXTURE> 7 8.063386e-02
<MEAN> 39
 6.993427e+00 -7.465789e-01 -7.237407e+00 -7.998825e+00 4.027495e+00 7.318604e+00 -6.705234e+00 -5.471031e+00 3.953098e+00 6.361220e+00 3.828772e+00 -2.991279e+00 4.999843e+00 -5.772933e-01 -1.283973e+00 6.586273e-01 2.353883e+00 4.467134e-01 -2.523969e+00 -1.442468e+00 1.480720e+00 2.190722e+00 5.546178e-02 -1.965384e+00 -1.248253e+00 5.072685e-01 -9.801904e-02 1.491599e-01 4.871378e-01 9.075085e-02 -6.420184e-01 -6.105866e-01 5.467301e-01 8.341672e-01 -3.066652e-01 -9.111254e-01 -4.123319e-01 6.437430e-01 -7.141154e-02
<VARIANCE> 39
 1.444020e+01 2.539152e+01 2.810519e+01 4.254874e+01 4.998851e+01 5.989238e+01 4.709910e+01 5.174340e+01 4.901436e+01 6.319307e+01 6.886913e+01 7.023912e+01 1.785607e+01 3.564965e-01 7.083545e-01 9.016619e-01 1.624563e+00 2.241949e+00 2.579887e+00 3.240397e+00 3.455083e+00 2.314831e+00 3.796120e+00 3.010863e+00 3.419899e+00 2.565425e-01 7.606088e-02 1.707172e-01 1.900135e-01 2.607383e-01 4.209814e-01 3.813775e-01 4.548357e-01 4.537072e-01 6.604607e-01 5.318391e-01 5.713697e-01 5.145622e-01 4.690193e-02
<GCONST> 1.101105e+02
<MIXTURE> 8 1.485044e-01
<MEAN> 39
 3.460322e+00 -3.680370e+00 -1.850254e+00 -6.807511e-01 -3.355033e+00 -3.141122e+00 1.037808e+00 6.557566e+00 -4.905279e-01 -6.205203e+00 -3.913632e+00 2.317411e-01 5.433389e+00 -2.240099e-01 1.246826e-01 8.538147e-01 1.540952e-02 -1.060450e+00 -2.795295e-01 9.028035e-01 -1.456326e-01 -9.672015e-01 1.372294e-01 7.890638e-01 4.858072e-02 -5.566443e-02 2.778568e-02 7.487806e-02 -3.316995e-02 -8.481498e-02 1.132106e-01 1.246547e-01 -1.455400e-01 -2.323479e-01 1.273627e-01 2.643292e-01 -4.098533e-02 -1.789795e-01 -4.035077e-02
<VARIANCE> 39
 6.518190e+00 1.859608e+01 2.909990e+01 1.666003e+01 4.004895e+01 4.775523e+01 3.705469e+01 4.081170e+01 5.148698e+01 4.453127e+01 5.055960e+01 4.884300e+01 1.232855e+01 1.265035e-01 2.992750e-01 5.624109e-01 5.699826e-01 1.186572e+00 1.147005e+00 1.167270e+00 1.242935e+00 1.664430e+00 1.467787e+00 1.327119e+00 1.260897e+00 5.815417e-02 1.825503e-02 4.596377e-02 7.232396e-02 1.033972e-01 1.441172e-01 1.739826e-01 1.626874e-01 2.335189e-01 2.350307e-01 2.144016e-01 2.185279e-01 2.089697e-01 1.014133e-02
<GCONST> 8.082867e+01
<STATE> 5
<NUMMIXES> 8
<MIXTURE> 1 1.148285e-01
<MEAN> 39
 2.256207e+00 -1.207870e+00 3.401233e+00 -2.013992e+00 -8.215351e+00 -6.421556e+00 1.727937e-01 3.233940e-01 -9.596469e-01 3.388203e+00 1.093127e+00 3.245721e+00 4.925524e+00 -4.655410e-01 1.835525e+00 2.269947e-02 1.324450e+00 -2.742476e-01 -5.959629e-01 -4.231705e-01 -1.491550e+00 -3.412976e-01 -5.807341e-01 -3.701136e-01 -5.608297e-01 -1.070000e+00 -3.355458e-01 3.684379e-01 -4.256814e-01 2.982592e-01 6.170042e-01 5.179019e-01 4.565227e-02 -7.619752e-02 1.233643e-01 -3.286329e-01 -1.644608e-01 -3.026493e-01 -2.338508e-01
<VARIANCE> 39
 1.551759e+01 2.497373e+01 3.927010e+01 3.520425e+01 4.610156e+01 5.260057e+01 4.267621e+01 6.267570e+01 5.820951e+01 7.146415e+01 9.544275e+01 8.519492e+01 2.138429e+01 1.096644e+00 1.559056e+00 3.377612e+00 2.627268e+00 3.924387e+00 3.875033e+00 4.130037e+00 4.879887e+00 4.455509e+00 4.095947e+00 4.145435e+00 3.213751e+00 6.345497e-01 2.586998e-01 2.941797e-01 4.113798e-01 4.670819e-01 5.338808e-01 6.713985e-01 6.001369e-01 8.349507e-01 7.031741e-01 7.368946e-01 7.020898e-01 6.831954e-01 1.059243e-01
<GCONST> 1.248573e+02
<MIXTURE> 2 1.117794e-01
<MEAN> 39
 2.709841e-01 6.338309e+00 3.818001e+00 4.522977e+00 -3.206089e+00 -6.146661e+00 -1.090108e-01 -3.648020e+00 -2.976370e+00 -2.317336e+00 -2.220949e+00 -2.101481e+00 -4.737314e-01 -2.309053e+00 1.553809e+00 -7.723657e-01 1.377061e+00 1.960780e+00 8.899732e-01 6.119576e-01 5.031999e-02 8.658742e-04 -4.818579e-01 2.760970e-01 -3.400108e-01 -9.457640e-01 -4.925370e-01 -2.577141e-01 -3.488726e-01 -2.726299e-01 6.490833e-02 3.889842e-01 2.335109e-01 3.911354e-01 2.928023e-01 2.906631e-01 1.749680e-01 1.531662e-01 1.042853e-01
<VARIANCE> 39
 2.084782e+01 2.948629e+01 2.696969e+01 2.546127e+01 5.287901e+01 4.490053e+01 4.023615e+01 4.425035e+01 4.108551e+01 3.941226e+01 5.283309e+01 4.252016e+01 3.047316e+01 2.274654e+00 3.241862e+00 2.945304e+00 2.950312e+00 3.498028e+00 3.870996e+00 3.280020e+00 3.874369e+00 3.691817e+00 3.308943e+00 3.570962e+00 3.371366e+00 1.299508e+00 2.986797e-01 3.549234e-01 3.010688e-01 3.377613e-01 5.655516e-01 5.574825e-01 5.178893e-01 5.509931e-01 5.840366e-01 5.301054e-01 5.672230e-01 4.729356e-01 1.372240e-01
<GCONST> 1.215592e+02
<MIXTURE> 3 9.312382e-02
<MEAN> 39
 3.647169e+00 -4.716529e+00 -3.454824e-01 -1.343474e+00 -2.765808e+00 -4.448837e+00 -1.097855e+00 8.250747e+00 1.580988e+00 -3.286983e+00 -2.428590e+00 3.585414e+00 6.896517e+00 -6.323439e-01 4.411261e-01 1.850447e+00 3.404983e-01 -2.636557e+00 -6.932288e-01 2.138594e+00 -2.907405e-01 -2.321445e+00 2.009296e-01 1.410978e+00 4.843501e-01 -6.981667e-02 6.212141e-02 3.737383e-01 -1.006113e-01 -3.345289e-01 1.666380e-01 5.986950e-01 -2.446786e-01 -1.013116e+00 8.975993e-03 7.775151e-01 2.119436e-01 -5.815907e-01 -1.797378e-01
<VARIANCE> 39
 1.019006e+01 2.713966e+01 2.739317e+01 2.765495e+01 5.102019e+01 3.758183e+01 4.986456e+01 4.436682e+01 4.804307e+01 4.713546e+01 9.197166e+01 7.157200e+01 1.227668e+01 2.521685e-01 6.641087e-01 1.017403e+00 1.116041e+00 1.752979e+00 2.705803e+00 1.965930e+00 3.169327e+00 2.160909e+00 2.828718e+00 2.051153e+00 2.299169e+00 2.350207e-01 4.885991e-02 1.181122e-01 1.566664e-01 2.058658e-01 3.603777e-01 3.630362e-01 4.156197e-01 4.258516e-01 5.650788e-01 3.588530e-01 5.325555e-01 3.512764e-01 2.953983e-02
<GCONST> 1.027063e+02
<MIXTURE> 4 7.173052e-02
<MEAN> 39
 5.390411e+00 -4.326953e+00 -4.842505e+00 -3.185485e+00 3.465364e+00 -1.038672e+00 -8.542400e+00 3.889005e+00 8.094908e+00 1.287120e+00 -3.737136e+00 -1.157104e+00 6.487071e+00 -6.976493e-01 -5.315889e-01 1.794832e+00 1.706482e+00 -1.962828e+00 -2.662501e+00 1.119018e+00 2.250469e+00 -5.681715e-01 -1.941150e+00 -8.794518e-01 1.564418e+00 1.927861e-01 -1.521115e-02 4.596701e-01 3.286682e-01 -3.754660e-01 -5.960397e-01 4.502999e-01 8.863341e-01 -5.228338e-01 -1.177673e+00 7.827479e-02 9.431544e-01 3.035063e-01 -1.823347e-01
<VARIANCE> 39
 1.278248e+01 2.484270e+01 2.943141e+01 3.380514e+01 4.731290e+01 4.581769e+01 4.128608e+01 4.857930e+01 3.531493e+01 5.785181e+01 7.804081e+01 8.294543e+01 1.285542e+01 3.565433e-01 8.743989e-01 1.186199e+00 1.573863e+00 2.173857e+00 2.770571e+00 3.192565e+00 3.456172e+00 3.437685e+00 2.680414e+00 3.439625e+00 2.708767e+00 3.061396e-01 5.486332e-02 1.308062e-01 1.814835e-01 2.204218e-01 3.644210e-01 3.938646e-01 4.254711e-01 5.660290e-01 3.668014e-01 6.292038e-01 4.690457e-01 6.244252e-01 3.518790e-02
<GCONST> 1.079394e+02
<MIXTURE> 5 1.984574e-01
<MEAN> 39
 2.504810e+00 2.516046e+00 6.088859e+00 -2.310941e+00 -1.224983e+01 -1.554858e+00 5.028243e+00 -2.171566e-01 -2.100853e+00 1.786285e+00 -3.690987e+00 -4.500660e+00 2.703215e+00 -4.836929e-02 2.530690e-01 2.220376e-01 -1.598674e-02 -2.468753e-02 5.504639e-02 -1.061227e-01 -3.245883e-01 4.450035e-02 1.498554e-01 -1.501022e-01 -6.819433e-02 -1.779962e-01 1.352576e-02 -2.110768e-02 -7.748321e-02 8.309876e-02 1.381005e-01 -2.856938e-02 -6.750058e-02 4.653224e-02 -7.621460e-04 -1.566059e-01 1.998326e-03 4.352081e-02 -2.112506e-02
<VARIANCE> 39
 5.955683e+00 1.671732e+01 2.396709e+01 2.973808e+01 4.492820e+01 4.043628e+01 3.870893e+01 3.721301e+01 4.923320e+01 4.670917e+01 5.416038e+01 6.106832e+01 1.370109e+01 1.009489e-01 3.884168e-01 5.707303e-01 5.912923e-01 9.500533e-01 8.735012e-01 1.091616e+00 1.166261e+00 1.278822e+00 1.647798e+00 1.142836e+00 1.047858e+00 8.495656e-02 1.680493e-02 4.977638e-02 8.149476e-02 1.003202e-01 1.478235e-01 1.477570e-01 1.974321e-01 1.880017e-01 2.365156e-01 2.417049e-01 1.999672e-01 1.824172e-01 1.025787e-02
<GCONST> 8.051343e+01
<MIXTURE> 6 8.672385e-02
<MEAN> 39
 2.243798e+00 6.375041e+00 9.773809e+00 -5.922592e-01 -1.120497e+01 -2.026660e-01 1.627875e+00 -8.391403e+00 -4.516847e+00 -3.594869e-01 -6.886611e+00 -6.151359e+00 -1.710441e+00 -1.496398e-01 3.388908e-01 -3.972776e-02 5.578589e-01 5.775324e-01 8.613458e-02 1.441250e-02 -3.973244e-01 -3.643774e-02 -4.999236e-01 5.477133e-02 4.856485e-02 -5.541798e-01 -5.333559e-02 -9.447771e-02 -2.249773e-01 8.949353e-02 2.753552e-01 -1.253931e-01 2.225260e-02 2.622883e-01 7.028721e-02 -7.986740e-02 1.401092e-01 7.916810e-02 2.189291e-02
<VARIANCE> 39
 1.079312e+01 1.968123e+01 2.745465e+01 3.157268e+01 3.373864e+01 3.255666e+01 4.027431e+01 6.649904e+01 5.049567e+01 5.333566e+01 6.886465e+01 4.506839e+01 2.337874e+01 2.925914e-01 9.835368e-01 1.140892e+00 9.658690e-01 2.165040e+00 1.882500e+00 1.948969e+00 2.581791e+00 2.622919e+00 2.265401e+00 2.162482e+00 2.063253e+00 4.623664e-01 8.002745e-02 1.478192e-01 2.077719e-01 1.996704e-01 4.246871e-01 2.981058e-01 3.498081e-01 3.710018e-01 4.496353e-01 3.668043e-01 3.979557e-01 3.340255e-01 5.305407e-02
<GCONST> 1.036795e+02
<MIXTURE> 7 1.964401e-01
<MEAN> 39
 3.735099e+00 -1.134642e-01 1.212925e+00 1.620494e+00 -2.562425e+00 -3.696742e+00 4.471129e-01 2.607763e+00 -2.523168e+00 -2.882124e+00 -2.195271e+00 -1.619957e+00 1.168739e+00 -7.966772e-02 3.648274e-01 2.581356e-01 4.076187e-01 3.081836e-01 -3.417578e-02 -7.457682e-02 -3.549961e-01 -2.223147e-01 -7.869903e-02 -9.324212e-02 1.170358e-02 -6.438131e-01 -6.461536e-02 3.339190e-02 -2.200515e-03 -4.339064e-02 9.082830e-02 1.085118e-01 7.058107e-04 -1.208802e-01 9.001399e-02 1.303551e-01 7.673030e-03 -5.975387e-02 -4.392542e-02
<VARIANCE> 39
 1.039554e+01 2.222917e+01 3.383294e+01 3.541471e+01 4.442132e+01 4.301661e+01 6.776486e+01 4.403386e+01 4.142100e+01 5.488365e+01 4.773832e+01 3.968837e+01 2.545867e+01 3.669392e-01 7.814360e-01 1.147783e+00 1.047537e+00 1.715882e+00 1.572795e+00 1.686915e+00 2.260623e+00 2.077189e+00 1.990820e+00 1.851395e+00 1.608388e+00 4.909098e-01 5.946044e-02 1.111280e-01 1.414188e-01 1.861083e-01 2.834070e-01 2.523878e-01 3.083468e-01 3.223785e-01 3.372138e-01 3.089195e-01 3.215902e-01 2.598873e-01 5.814739e-02
<GCONST> 1.001517e+02
<MIXTURE> 8 1.269164e-01
<MEAN> 39
 1.122168e+00 -4.054590e+00 2.842100e+00 -4.189341e+00 -7.957483e+00 -6.574348e-01 4.192350e+00 3.321703e+00 -2.463797e+00 3.782626e+00 4.203414e+00 5.978248e+00 6.231682e+00 -1.654670e-01 7.779354e-01 9.580582e-01 -2.121083e-01 -1.322639e+00 -3.970145e-02 9.941231e-02 -1.295917e+00 -3.130341e-01 1.206716e+00 4.448875e-01 -3.288796e-01 -3.842642e-01 9.858318e-02 1.527654e-01 -2.219216e-01 1.384263e-01 3.790873e-01 -8.332321e-02 -4.840000e-01 -1.261948e-01 3.661054e-01 -1.428833e-01 -3.666627e-01 -3.859306e-02 -1.307921e-01
<VARIANCE> 39
 1.235207e+01 2.123580e+01 2.685480e+01 2.372168e+01 4.555904e+01 3.012101e+01 4.276649e+01 4.435524e+01 7.317709e+01 7.213945e+01 1.162231e+02 8.603600e+01 1.594218e+01 3.093204e-01 6.910753e-01 1.052075e+00 1.174431e+00 1.809943e+00 2.105334e+00 2.502632e+00 2.544223e+00 2.825039e+00 2.569130e+00 2.395361e+00 2.285330e+00 1.726449e-01 4.617213e-02 1.053644e-01 1.919542e-01 2.267277e-01 2.963053e-01 3.133261e-01 4.322604e-01 4.441460e-01 5.643609e-01 4.402661e-01 4.259039e-01 3.859826e-01 3.745501e-02
<GCONST> 1.038397e+02
<TRANSP> 6
 0.000000e+00 1.000000e+00 0.000000e+00 0.000000e+00 0.000000e+00 0.000000e+00
 0.000000e+00 8.829892e-01 1.170107e-01 0.000000e+00 0.000000e+00 0.000000e+00
 0.000000e+00 0.000000e+00 9.220158e-01 7.798415e-02 0.000000e+00 0.000000e+00
 0.000000e+00 0.000000e+00 0.000000e+00 8.770126e-01 1.229874e-01 0.000000e+00
 0.000000e+00 0.000000e+00 0.000000e+00 0.000000e+00 8.841854e-01 1.158146e-01
 0.000000e+00 0.000000e+00 0.000000e+00 0.000000e+00 0.000000e+00 0.000000e+00
<ENDHMM>
