~o
<STREAMINFO> 1 39
<VECSIZE> 39<NULLD><MFCC_D_A_Z_0><DIAGC>
~h "r"
<BEGINHMM>
<NUMSTATES> 6
<STATE> 2
<NUMMIXES> 8
<MIXTURE> 1 2.575120e-01
<MEAN> 39
 7.416574e+00 -4.563249e+00 -3.604730e+00 5.193074e-01 -1.686673e+00 -1.560640e+00 -5.029827e+00 9.302121e-01 1.625385e+00 8.150600e-01 -1.329526e+00 -7.087364e-01 4.571933e+00 1.238625e-01 -4.587956e-02 -4.535822e-02 2.800519e-01 -3.166218e-02 -2.267026e-01 -1.016338e-01 1.455945e-01 -2.510903e-02 -2.757262e-02 -4.723759e-02 2.435858e-02 -1.244780e-01 -6.677874e-02 8.416682e-02 6.597253e-02 -1.625793e-02 -5.884313e-03 -1.476738e-02 8.941709e-02 -3.354199e-02 -4.693455e-02 -5.195478e-02 3.219359e-02 4.009842e-02 -1.170625e-02
<VARIANCE> 39
 1.827825e+01 2.907429e+01 4.352695e+01 5.653548e+01 6.612321e+01 7.615811e+01 7.990267e+01 6.967557e+01 7.443674e+01 7.892934e+01 8.385426e+01 8.912110e+01 2.024262e+01 2.922877e-01 6.504679e-01 9.771363e-01 1.294780e+00 1.647132e+00 1.992564e+00 2.083828e+00 2.273211e+00 2.215297e+00 2.247124e+00 2.144260e+00 1.971358e+00 1.932627e-01 4.576319e-02 9.252438e-02 1.457368e-01 1.980148e-01 2.626751e-01 3.096438e-01 3.537733e-01 3.667159e-01 3.897468e-01 3.836729e-01 3.661920e-01 3.435948e-01 2.577358e-02
<GCONST> 1.050443e+02
<MIXTURE> 2 5.714521e-02
<MEAN> 39
 6.120102e+00 -1.915393e+00 -1.860216e-01 4.037518e+00 -5.188710e+00 -8.417433e+00 -4.275527e+00 -4.225641e-02 5.576248e-01 -1.326236e+00 -1.850707e+00 -1.725183e+00 3.746154e+00 1.416487e+00 -1.940113e+00 -3.527205e-01 -8.674258e-01 -5.074006e-01 -8.581899e-02 4.628230e-01 1.546021e+00 2.287092e-02 2.159882e-01 -2.014280e-01 1.157563e-01 8.964262e-01 -7.937934e-01 2.615751e-02 2.947463e-01 -9.099855e-02 3.314531e-01 7.473035e-01 4.895390e-01 1.018281e-01 -5.952207e-02 1.153252e-01 9.549984e-02 1.040966e-01 -1.467171e-01
<VARIANCE> 39
 1.547916e+01 2.343874e+01 3.643898e+01 3.339958e+01 3.991730e+01 3.608846e+01 3.947288e+01 3.952597e+01 4.101345e+01 4.119538e+01 4.513672e+01 5.457469e+01 1.928568e+01 1.614940e+00 2.076065e+00 3.085068e+00 2.699608e+00 4.496014e+00 4.260988e+00 4.620354e+00 4.220123e+00 4.552096e+00 4.036322e+00 3.712071e+00 3.578801e+00 8.930442e-01 3.820213e-01 3.389955e-01 3.648298e-01 3.957970e-01 5.112628e-01 5.047315e-01 5.455101e-01 5.747548e-01 5.998622e-01 5.486751e-01 5.572167e-01 5.849827e-01 1.069021e-01
<GCONST> 1.211766e+02
<MIXTURE> 3 1.392064e-01
<MEAN> 39
 6.245302e+00 3.012757e+00 -1.965303e+00 1.698413e+00 3.411521e-01 -1.776297e+00 -4.063959e+00 -6.101159e+00 -3.206970e+00 -2.880393e-01 5.303879e-01 -8.197269e-01 -1.346802e+00 4.142020e-02 1.763856e-01 -2.795310e-03 1.615303e-01 5.249013e-02 -9.175005e-02 -2.452365e-02 -1.283925e-01 -1.412831e-01 -8.545874e-02 4.584741e-02 5.714025e-02 -1.965256e-01 -2.998257e-02 -2.485841e-01 -3.825552e-02 -4.188257e-02 -8.731547e-02 -4.290567e-02 -2.563018e-02 3.076649e-01 2.433532e-01 7.793663e-02 -4.547243e-02 9.268364e-03 1.662270e-01
<VARIANCE> 39
 2.506861e+01 2.507787e+01 3.962901e+01 4.253404e+01 4.200747e+01 4.164191e+01 4.593495e+01 4.534177e+01 5.123986e+01 5.744126e+01 5.911936e+01 6.717451e+01 2.154212e+01 4.790153e-01 8.270418e-01 1.220268e+00 1.365138e+00 1.589114e+00 1.776390e+00 1.947815e+00 2.163638e+00 2.320512e+00 2.288383e+00 2.236666e+00 2.075485e+00 4.621700e-01 8.711857e-02 1.297752e-01 2.200875e-01 2.737406e-01 3.158323e-01 3.402144e-01 4.074268e-01 4.248978e-01 4.373376e-01 4.706138e-01 4.511607e-01 4.120782e-01 5.903418e-02
<GCONST> 1.071277e+02
<MIXTURE> 4 5.229896e-02
<MEAN> 39
 9.452926e+00 -3.537954e+00 -8.634803e+00 4.322559e+00 -3.147811e-01 -2.708783e+00 -1.097808e+01 -8.436155e-01 2.538614e+00 3.744960e+00 3.384877e+00 -1.285917e-01 4.118406e+00 -5.299509e-02 -2.140384e+00 2.224346e-01 6.324838e-01 -1.144815e+00 -9.708945e-01 1.349215e-01 2.966631e+00 1.535201e+00 3.688564e-01 -6.882010e-01 -4.632158e-01 1.425466e+00 -6.601686e-01 1.615071e-01 8.513038e-01 -2.497328e-01 -1.691848e-01 1.598350e-01 1.141829e+00 2.037923e-01 -3.767003e-01 -5.063974e-01 -3.914269e-01 5.911802e-02 -1.062486e-01
<VARIANCE> 39
 1.560765e+01 1.970758e+01 3.746534e+01 4.462820e+01 5.075987e+01 6.344135e+01 6.159919e+01 6.365710e+01 7.337516e+01 8.087167e+01 7.904980e+01 8.155422e+01 1.959132e+01 1.433648e+00 1.821235e+00 2.843394e+00 3.237046e+00 4.319508e+00 5.854753e+00 5.917295e+00 5.300573e+00 6.193399e+00 6.067301e+00 5.653332e+00 5.309932e+00 9.455695e-01 2.787249e-01 2.612070e-01 3.783511e-01 5.125332e-01 7.859657e-01 8.522469e-01 7.798638e-01 9.016772e-01 1.012747e+00 1.085985e+00 9.929519e-01 9.719949e-01 1.346561e-01
<GCONST> 1.314832e+02
<MIXTURE> 5 9.679507e-02
<MEAN> 39
 5.412633e+00 -3.371414e+00 -2.781213e+00 -1.793207e+00 -2.583859e+00 -2.666443e+00 -4.711969e+00 1.507258e+00 2.497470e+00 5.805826e-01 -1.441939e+00 4.461428e-01 4.769892e+00 1.062009e-01 1.304438e+00 6.739478e-01 1.094392e+00 7.490688e-02 -7.923666e-01 -6.511935e-01 -1.395407e+00 -9.147809e-01 -2.990668e-01 -9.917140e-02 -2.158447e-01 -1.400589e+00 -2.122479e-01 2.508685e-01 1.620817e-01 2.512669e-01 3.738436e-01 2.774134e-01 3.161974e-01 -1.923257e-01 -2.511826e-01 -2.073221e-01 -3.085233e-02 -1.756477e-01 -3.179429e-01
<VARIANCE> 39
 1.650813e+01 2.635962e+01 4.078725e+01 4.333313e+01 5.405354e+01 6.241742e+01 6.090502e+01 6.031145e+01 6.378624e+01 6.382444e+01 7.286377e+01 7.394558e+01 1.910017e+01 7.047072e-01 1.367652e+00 2.054793e+00 2.299548e+00 3.302106e+00 3.549212e+00 3.649912e+00 3.980428e+00 3.918753e+00 3.838089e+00 3.702138e+00 3.380514e+00 7.576635e-01 1.332198e-01 1.969406e-01 2.970279e-01 3.813842e-01 4.813984e-01 5.884702e-01 6.010466e-01 6.426606e-01 6.534490e-01 6.425044e-01 6.210232e-01 5.799437e-01 1.148443e-01
<GCONST> 1.209454e+02
<MIXTURE> 6 2.694681e-01
<MEAN> 39
 7.119818e+00 -2.610505e+00 -3.333600e+00 2.339675e+00 -2.555517e+00 -2.531203e+00 -4.377675e+00 9.765612e-01 3.357189e+00 -2.892881e-02 -9.625241e-01 3.975588e-01 3.674565e+00 3.275892e-02 -1.375223e-02 -1.589543e-04 1.172064e-01 -5.855098e-03 -9.559294e-02 -4.795535e-02 6.323911e-02 3.622776e-03 -3.837020e-02 -2.346304e-02 2.109609e-02 -5.211526e-02 -1.232895e-02 1.076197e-03 2.573122e-02 -2.415076e-02 -8.392540e-03 -2.022200e-03 1.173073e-02 -2.614313e-03 -2.304123e-02 -7.162636e-03 -1.009283e-04 -3.147075e-03 -2.455514e-03
<VARIANCE> 39
 1.253660e+01 2.504718e+01 2.976632e+01 3.920114e+01 3.890324e+01 5.753455e+01 5.678513e+01 5.394502e+01 6.049273e+01 6.027888e+01 6.062474e+01 7.456696e+01 1.835056e+01 8.996592e-02 2.274679e-01 3.655910e-01 5.066088e-01 6.564276e-01 7.922933e-01 8.437893e-01 9.509786e-01 9.151779e-01 9.226071e-01 9.115250e-01 8.441889e-01 5.767535e-02 1.442891e-02 3.597996e-02 5.642480e-02 8.225119e-02 1.074522e-01 1.290785e-01 1.412822e-01 1.573868e-01 1.581449e-01 1.569697e-01 1.575301e-01 1.442290e-01 7.365531e-03
<GCONST> 7.661204e+01
<MIXTURE> 7 6.765090e-02
<MEAN> 39
 8.362415e+00 2.064661e+00 -5.673114e+00 1.658063e+00 1.257206e+00 -2.859129e-01 -6.440331e+00 -6.929015e+00 -4.034888e+00 6.822344e-01 3.633809e+00 1.788201e+00 5.340337e-01 5.466542e-01 -1.416897e+00 -8.872263e-01 2.259029e-01 -3.042633e-01 -5.420350e-01 -1.001123e+00 9.465511e-01 1.343187e+00 1.094286e+00 4.006327e-01 -1.454523e-01 1.015067e+00 -2.483143e-01 -4.240795e-01 3.082424e-01 1.319804e-01 -2.597585e-01 -2.641986e-01 1.939145e-01 7.172875e-01 4.675937e-01 4.936459e-02 -3.823612e-01 -2.742204e-01 2.142390e-01
<VARIANCE> 39
 1.503214e+01 2.057122e+01 3.137308e+01 4.352095e+01 3.484217e+01 4.207909e+01 4.298946e+01 4.212246e+01 5.531994e+01 6.271964e+01 5.586494e+01 6.524331e+01 1.743002e+01 1.004128e+00 1.364851e+00 2.039190e+00 2.520674e+00 3.063538e+00 3.515010e+00 3.831904e+00 4.044847e+00 4.127733e+00 4.178309e+00 4.269778e+00 3.600912e+00 5.886683e-01 1.701569e-01 2.142774e-01 2.944498e-01 3.739241e-01 4.809596e-01 5.347387e-01 5.863851e-01 6.099618e-01 6.943462e-01 7.603160e-01 6.383107e-01 6.234611e-01 1.039674e-01
<GCONST> 1.190258e+02
<MIXTURE> 8 5.992329e-02
<MEAN> 39
 7.130421e+00 -3.518597e+00 4.466205e-01 -2.322597e+00 -1.425228e+00 -3.525101e+00 -3.021488e+00 -1.618135e+00 2.543079e-01 2.915444e+00 1.487538e+00 1.818519e+00 3.740740e+00 6.688452e-01 -8.554116e-01 -2.776927e-02 -3.099732e-01 -5.921892e-02 -1.752948e-01 -1.772471e-01 4.191001e-01 -1.096926e-01 2.620840e-01 3.441897e-02 1.434642e-01 7.297776e-01 -5.668126e-01 2.083444e-01 -7.919271e-02 3.357565e-01 1.411895e-01 3.215380e-01 2.122826e-01 1.590862e-01 6.173490e-02 -1.796978e-01 -1.475036e-01 -1.911929e-01 -2.018424e-01
<VARIANCE> 39
 5.040843e+01 6.105164e+01 7.475724e+01 7.894659e+01 8.648577e+01 9.459031e+01 8.936872e+01 1.018736e+02 1.056149e+02 1.053600e+02 1.115900e+02 9.988214e+01 4.817490e+01 3.512945e+00 5.113808e+00 4.496146e+00 5.745699e+00 5.825057e+00 6.551381e+00 7.022637e+00 7.755979e+00 7.651167e+00 7.421720e+00 7.064881e+00 6.343408e+00 4.235445e+00 7.315338e-01 7.587894e-01 7.454302e-01 9.597321e-01 1.025489e+00 1.254352e+00 1.292874e+00 1.428316e+00 1.414376e+00 1.394594e+00 1.255712e+00 1.167138e+00 4.357184e-01
<GCONST> 1.522662e+02
<STATE> 3
<NUMMIXES> 8
<MIXTURE> 1 1.501299e-01
<MEAN> 39
 8.364998e+00 -3.654205e+00 -5.134981e+00 5.453615e+00 -1.791351e+00 -6.129782e+00 -7.543405e+00 1.334110e+00 2.657229e+00 2.053584e+00 -8.142243e-01 -1.615316e+00 3.338033e+00 -3.751765e-01 -1.052045e+00 7.183277e-01 2.474937e-01 -1.129897e+00 -5.539201e-01 9.454550e-01 1.760631e+00 3.088818e-01 -6.143342e-01 -5.777530e-01 1.916968e-01 7.139915e-01 -2.371225e-01 9.252493e-02 3.932860e-01 -3.023869e-01 -1.620763e-01 3.127936e-01 4.580567e-01 -1.117927e-01 -3.767345e-01 -1.716396e-01 1.245459e-01 1.255018e-01 4.071128e-03
<VARIANCE> 39
 1.253644e+01 2.045296e+01 3.694119e+01 3.581957e+01 4.157327e+01 4.551509e+01 5.304292e+01 5.391144e+01 5.537218e+01 5.789546e+01 6.526028e+01 6.846349e+01 1.528270e+01 3.958494e-01 7.208091e-01 1.575578e+00 1.619351e+00 2.189687e+00 3.019594e+00 2.865095e+00 2.662894e+00 3.337646e+00 3.138883e+00 2.777048e+00 2.921179e+00 2.387058e-01 6.400033e-02 1.228260e-01 1.636934e-01 2.386498e-01 3.446776e-01 3.793294e-01 4.039745e-01 4.624607e-01 4.860529e-01 4.730824e-01 4.801717e-01 4.259725e-01 4.559945e-02
<GCONST> 1.077881e+02
<MIXTURE> 2 1.812102e-01
<MEAN> 39
 4.238074e+00 3.647133e+00 4.893349e-01 3.168071e+00 -1.046006e+00 -3.067208e+00 -2.387917e+00 -2.973011e+00 -1.371132e+00 -2.920382e+00 -4.605859e+00 -4.285827e+00 -3.661479e+00 -8.733015e-02 1.269419e-01 2.103894e-01 2.181318e-01 5.485110e-02 -9.132748e-02 4.768065e-02 5.681596e-03 -5.696162e-02 -6.275512e-02 -6.234278e-02 -2.353035e-02 -2.486008e-01 -3.028392e-02 -5.028008e-02 1.386987e-03 -1.280406e-02 2.509665e-02 3.916594e-02 4.675035e-02 8.118767e-02 2.434792e-02 -6.918776e-04 4.253333e-02 7.071775e-02 2.356827e-02
<VARIANCE> 39
 1.764715e+01 2.263991e+01 2.705165e+01 3.137991e+01 4.269956e+01 4.577585e+01 4.530943e+01 4.349709e+01 4.036160e+01 5.393692e+01 4.424176e+01 4.349603e+01 2.463916e+01 2.137485e-01 4.507991e-01 6.474205e-01 8.990610e-01 1.148196e+00 1.266314e+00 1.386335e+00 1.571761e+00 1.541789e+00 1.550916e+00 1.467179e+00 1.281343e+00 2.090919e-01 3.624688e-02 7.081281e-02 1.112113e-01 1.556277e-01 2.092869e-01 2.331874e-01 2.663508e-01 2.840358e-01 2.835026e-01 2.855063e-01 2.772074e-01 2.430954e-01 2.436300e-02
<GCONST> 9.168899e+01
<MIXTURE> 3 1.713259e-01
<MEAN> 39
 5.790289e+00 -5.105492e+00 -1.398193e+00 3.366272e+00 -3.640076e+00 -5.718736e+00 -3.477137e+00 5.760036e+00 2.019978e+00 -2.359614e+00 -2.641765e+00 1.111203e+00 4.727008e+00 -2.326456e-01 -8.408648e-02 6.673845e-01 4.605373e-02 -7.656900e-01 -1.967121e-01 8.089986e-01 3.712934e-01 -5.910282e-01 -3.542769e-01 2.303546e-01 3.262482e-01 3.907928e-02 -6.884296e-02 1.213880e-01 7.816148e-02 -1.615349e-01 1.895530e-02 1.710477e-01 5.980518e-02 -3.040034e-01 -1.468043e-01 1.333454e-01 1.248617e-01 -1.048169e-01 -4.391292e-02
<VARIANCE> 39
 1.267398e+01 2.163411e+01 2.738692e+01 3.854296e+01 4.633039e+01 5.234629e+01 6.224699e+01 4.242699e+01 5.109240e+01 5.609769e+01 5.514449e+01 6.183287e+01 1.762823e+01 2.034088e-01 5.567752e-01 8.230222e-01 9.356691e-01 1.539872e+00 1.603070e+00 1.740524e+00 1.825255e+00 1.770520e+00 1.858971e+00 1.738299e+00 1.591634e+00 1.794202e-01 3.080314e-02 6.757709e-02 9.987279e-02 1.440516e-01 2.029780e-01 2.225054e-01 2.499237e-01 2.473040e-01 2.712649e-01 2.697902e-01 2.673360e-01 2.435536e-01 1.858892e-02
<GCONST> 9.337226e+01
<MIXTURE> 4 1.303977e-01
<MEAN> 39
 7.873215e+00 -8.251801e+00 -2.124893e+00 3.310667e+00 -5.474986e+00 -4.932242e+00 -4.521796e+00 6.658029e+00 1.192852e+00 2.685079e+00 -1.112492e+00 -3.963885e-01 6.405186e+00 -7.671362e-01 -1.318327e+00 1.218870e+00 -8.085896e-01 -6.966460e-01 6.468915e-01 1.974363e+00 1.769135e+00 -2.169868e-01 -3.679822e-01 -5.333426e-01 1.630327e-01 1.157907e+00 -5.482874e-01 6.903870e-01 1.579206e-01 -2.270246e-01 4.353848e-01 4.660647e-01 3.790660e-01 -8.712746e-01 -2.135036e-01 -2.618057e-01 1.948474e-01 9.392488e-03 -2.777403e-01
<VARIANCE> 39
 1.885013e+01 2.280829e+01 5.194124e+01 4.734909e+01 5.888924e+01 7.534162e+01 8.314719e+01 6.810433e+01 8.570148e+01 8.373008e+01 8.573623e+01 8.694121e+01 2.029396e+01 1.284978e+00 1.845857e+00 3.083166e+00 3.196136e+00 5.176272e+00 5.621014e+00 5.378075e+00 5.479353e+00 6.179023e+00 5.843447e+00 5.144342e+00 5.544270e+00 8.354285e-01 2.746828e-01 2.679580e-01 3.806469e-01 6.178796e-01 7.433998e-01 9.300336e-01 9.789467e-01 8.593032e-01 1.131045e+00 1.005722e+00 9.331133e-01 8.741183e-01 1.362644e-01
<GCONST> 1.333895e+02
<MIXTURE> 5 1.367876e-01
<MEAN> 39
 4.979142e+00 5.385810e-01 -4.638709e-01 5.724040e-01 -1.779994e+00 -4.143519e+00 -5.118088e+00 -1.762626e+00 6.730453e-02 -1.089976e+00 -2.243034e+00 -8.885414e-01 1.241802e+00 -5.928445e-01 1.651648e+00 8.696652e-01 1.605483e+00 7.706921e-01 -9.765876e-03 1.344055e-01 -1.265750e+00 -1.026446e+00 -7.243456e-01 -4.059466e-01 -7.373373e-01 -1.885049e+00 -3.685563e-01 -1.292396e-01 -5.819436e-02 -6.880208e-03 2.494149e-01 4.342107e-01 5.062011e-01 2.828158e-01 1.087717e-01 4.169125e-02 5.624352e-02 -3.886827e-02 -6.777421e-02
<VARIANCE> 39
 1.620296e+01 2.612426e+01 4.108093e+01 3.703466e+01 5.171619e+01 5.433759e+01 5.209288e+01 5.354457e+01 5.502597e+01 5.710689e+01 5.875512e+01 5.846577e+01 2.150549e+01 1.496200e+00 1.933517e+00 2.611039e+00 2.786415e+00 3.836323e+00 4.128115e+00 4.095460e+00 4.561240e+00 4.483172e+00 4.099418e+00 3.880040e+00 3.902767e+00 1.357197e+00 1.774507e-01 2.372484e-01 3.188096e-01 3.709666e-01 4.849751e-01 5.646340e-01 5.752321e-01 6.085898e-01 6.359713e-01 6.414191e-01 5.897495e-01 5.444016e-01 1.499307e-01
<GCONST> 1.232830e+02
<MIXTURE> 6 8.718616e-02
<MEAN> 39
 4.737194e+00 -5.113614e+00 4.694932e-01 -2.192173e+00 -1.373882e+00 -4.225197e+00 1.015690e-01 4.401257e-01 1.764214e+00 3.864859e+00 4.668402e+00 5.029546e+00 4.235806e+00 9.741982e-03 -2.071233e-01 1.013457e-01 -6.805281e-02 8.197088e-02 6.668681e-03 2.942702e-01 1.384771e-01 9.211092e-03 1.495697e-01 -5.115964e-02 -1.315302e-01 -4.326234e-02 -2.507654e-01 2.292954e-01 -8.629005e-02 1.800013e-01 -1.964396e-02 2.540898e-01 -7.688622e-02 5.169541e-02 -4.429569e-02 -1.446921e-01 -2.332066e-01 -2.300892e-01 -3.098373e-02
<VARIANCE> 39
 3.678876e+01 3.995713e+01 6.011064e+01 5.446160e+01 7.501349e+01 8.582581e+01 6.872395e+01 7.472546e+01 8.384093e+01 1.072254e+02 1.024530e+02 1.181764e+02 3.739466e+01 7.114931e-01 1.489086e+00 1.723610e+00 2.074901e+00 2.669406e+00 2.985663e+00 3.134165e+00 3.189163e+00 3.409393e+00 3.486730e+00 3.523334e+00 3.178034e+00 7.544574e-01 1.753948e-01 2.328932e-01 3.162987e-01 3.997216e-01 4.907924e-01 5.437068e-01 5.460640e-01 5.645242e-01 6.159109e-01 7.032541e-01 6.448038e-01 6.313174e-01 1.139200e-01
<GCONST> 1.251526e+02
<MIXTURE> 7 1.222246e-01
<MEAN> 39
 4.981330e+00 3.804587e+00 1.304651e+00 4.014036e+00 -7.931678e-01 -3.706524e+00 -2.835520e+00 -7.688845e-01 -4.756281e-02 -1.501260e+00 -2.774928e+00 -1.611886e+00 -3.301171e+00 -2.787627e-02 5.592855e-02 8.149696e-02 5.371891e-02 5.350132e-02 4.462464e-03 2.405018e-02 -3.985983e-02 -8.534859e-02 -2.095371e-03 -2.464688e-03 -1.362820e-02 -1.209202e-01 -2.200815e-02 -1.065562e-02 -7.579761e-03 -1.619183e-02 -5.937284e-04 4.040539e-03 1.130719e-02 -9.847382e-03 -1.374537e-02 -1.662381e-02 -1.467871e-02 -2.047733e-02 2.658533e-03
<VARIANCE> 39
 8.222324e+00 1.762443e+01 2.029961e+01 2.684229e+01 3.238939e+01 3.489751e+01 3.408732e+01 4.450110e+01 3.976116e+01 4.814847e+01 4.488017e+01 4.358510e+01 1.369292e+01 7.867398e-02 2.031629e-01 3.546143e-01 4.978327e-01 6.705859e-01 7.352208e-01 8.730832e-01 9.528408e-01 9.496465e-01 9.867607e-01 9.662545e-01 9.157212e-01 6.071424e-02 1.339680e-02 3.548520e-02 6.342847e-02 9.275626e-02 1.219660e-01 1.352172e-01 1.597988e-01 1.829539e-01 1.780422e-01 1.883903e-01 1.840587e-01 1.692077e-01 8.404234e-03
<GCONST> 7.324345e+01
<MIXTURE> 8 2.073797e-02
<MEAN> 39
 3.949207e+00 -1.795525e-01 -5.091743e+00 4.764455e-01 4.133476e+00 2.436078e+00 4.324120e-01 2.206975e+01 2.159067e+01 1.103839e+01 -8.088802e+00 -2.926605e+01 2.886236e-02 9.293129e-03 1.961375e-02 1.280981e-02 1.342760e-02 -4.062640e-02 -1.473147e-03 1.987522e-02 -6.789742e-06 3.671539e-02 -1.084646e-02 -4.090792e-02 -3.270443e-02 -3.158337e-02 -6.085838e-03 -5.234723e-03 -5.056769e-03 -5.022905e-03 -7.347721e-03 -2.244678e-03 -4.320709e-03 -1.079254e-02 -2.405536e-02 -6.008274e-03 1.900697e-02 3.170234e-02 1.426572e-03
<VARIANCE> 39
 1.081824e+01 9.486934e+00 1.596723e+01 1.726938e+01 2.142476e+01 4.287461e+01 6.454556e+01 9.036355e+01 2.540448e+01 4.433357e+01 8.669403e+01 9.598984e+01 5.203526e+00 2.234606e-01 4.805423e-01 6.550717e-01 6.534647e-01 7.522639e-01 1.009264e+00 9.193882e-01 1.196693e+00 1.146425e+00 1.262588e+00 1.717654e+00 1.330383e+00 6.506256e-02 4.297227e-02 9.463786e-02 1.263260e-01 1.275979e-01 1.463515e-01 1.937723e-01 1.642334e-01 2.120927e-01 2.088036e-01 2.455025e-01 2.485033e-01 2.339994e-01 1.098180e-02
<GCONST> 8.344883e+01
<STATE> 4
<NUMMIXES> 8
<MIXTURE> 1 9.658986e-02
<MEAN> 39
 1.125198e+00 -5.474413e+00 -2.065798e+00 4.378907e-01 -2.613657e+00 -2.308462e+00 -5.055876e-01 2.764091e+00 4.846350e+00 1.107842e+01 1.405592e+01 1.214978e+01 4.525411e+00 -3.093076e-01 2.027727e-01 6.982466e-02 -4.995150e-02 8.356914e-03 1.492831e-01 2.594740e-01 -1.278121e-01 -1.174408e-01 -3.318021e-01 -4.663591e-01 -5.605658e-01 -2.523358e-01 -1.112555e-03 4.223292e-02 4.687624e-02 -3.397616e-02 1.196164e-01 6.855302e-02 4.620915e-02 2.033100e-02 -7.365870e-02 -2.862217e-01 -3.946094e-01 -2.673516e-01 -2.426538e-02
<VARIANCE> 39
 1.912848e+01 3.794271e+01 4.180749e+01 4.414255e+01 7.716384e+01 6.700388e+01 6.335389e+01 6.054027e+01 8.155036e+01 9.286900e+01 6.879147e+01 7.566664e+01 4.473616e+01 1.037823e+00 1.659780e+00 2.044116e+00 2.423800e+00 3.022183e+00 3.619663e+00 3.554706e+00 3.785355e+00 4.694347e+00 5.044580e+00 4.982665e+00 4.913890e+00 1.189315e+00 1.485848e-01 2.495299e-01 3.167206e-01 3.968962e-01 4.702516e-01 5.603299e-01 5.906363e-01 6.097602e-01 7.671127e-01 7.724078e-01 7.017533e-01 6.971751e-01 1.415953e-01
<GCONST> 1.266337e+02
<MIXTURE> 2 1.494535e-01
<MEAN> 39
 3.673351e+00 3.237927e+00 1.374263e+00 3.485698e+00 2.113994e-01 -3.289070e+00 -4.054116e+00 -3.895032e+00 -2.272547e+00 -2.974818e+00 -3.713650e+00 -2.970637e+00 -2.112556e+00 -1.132940e+00 1.139448e+00 5.483756e-01 1.284974e+00 9.408051e-01 6.104447e-01 8.676204e-01 -5.044851e-01 -5.143270e-01 -3.909035e-01 -1.969334e-01 -5.821609e-01 -1.740464e+00 -2.545491e-01 -4.753407e-01 -2.862431e-01 -4.166163e-01 -1.083152e-01 1.985305e-01 3.342813e-01 5.371186e-01 4.287853e-01 3.394696e-01 2.631389e-01 2.686093e-01 2.887626e-01
<VARIANCE> 39
 1.985632e+01 2.861688e+01 3.831676e+01 3.449536e+01 5.004171e+01 4.882417e+01 4.805078e+01 5.184734e+01 4.968720e+01 5.407405e+01 5.278093e+01 5.118762e+01 2.581625e+01 2.027744e+00 2.202838e+00 2.685871e+00 2.919167e+00 3.764631e+00 3.981931e+00 4.078465e+00 4.282776e+00 4.125265e+00 3.930627e+00 3.863815e+00 3.768102e+00 1.739647e+00 1.951238e-01 2.614786e-01 3.348334e-01 3.823938e-01 5.070609e-01 5.471655e-01 5.811329e-01 6.378031e-01 6.625471e-01 6.483307e-01 6.131697e-01 5.653645e-01 1.871864e-01
<GCONST> 1.241328e+02
<MIXTURE> 3 1.615597e-01
<MEAN> 39
 3.896693e+00 9.725511e-01 5.504481e-01 2.192073e+00 -2.337371e+00 -3.369481e+00 -1.551309e+00 -3.072208e-01 -7.016491e-01 -2.436753e+00 -2.856997e+00 -1.554570e+00 -9.124876e-01 -3.254618e-01 3.781820e-01 4.024212e-01 3.254304e-01 3.694746e-01 2.108767e-01 2.813959e-01 -2.743249e-01 -3.327176e-01 -9.680206e-02 9.518087e-03 -7.554603e-02 -5.576335e-01 -1.080667e-01 -3.649822e-02 -2.646470e-02 -2.476237e-02 1.374403e-01 1.429838e-01 2.618296e-02 -2.774906e-02 3.064352e-02 9.152494e-02 6.093751e-02 1.512144e-02 -5.217456e-03
<VARIANCE> 39
 1.800916e+01 2.522789e+01 3.222871e+01 3.892529e+01 5.169080e+01 4.466529e+01 4.816418e+01 4.716093e+01 4.441299e+01 4.793560e+01 4.617068e+01 4.568859e+01 2.969275e+01 3.853487e-01 7.653343e-01 1.030461e+00 1.317317e+00 1.720942e+00 1.813349e+00 1.986511e+00 2.145887e+00 2.142718e+00 2.107874e+00 2.002166e+00 1.882497e+00 4.499498e-01 5.674778e-02 1.119936e-01 1.469788e-01 2.014333e-01 2.652947e-01 2.848430e-01 3.205563e-01 3.523499e-01 3.287687e-01 3.396065e-01 3.221107e-01 2.958362e-01 5.345394e-02
<GCONST> 1.020063e+02
<MIXTURE> 4 1.281642e-01
<MEAN> 39
 5.722663e+00 -6.466725e+00 2.634717e+00 5.656022e+00 -8.465840e+00 -9.360640e+00 -1.955892e+00 7.279952e+00 -2.337919e+00 -2.006156e+00 3.141302e-01 1.566928e+00 5.494970e+00 -8.795725e-01 -7.272433e-02 1.839137e+00 -8.699004e-01 -1.742139e+00 4.770964e-01 1.986063e+00 8.621559e-02 -1.426781e+00 1.481233e-02 7.548010e-01 5.555214e-02 4.295189e-01 -6.850182e-02 3.900997e-01 -9.599307e-02 -4.011286e-01 3.513004e-01 5.221547e-01 -1.743390e-01 -7.950034e-01 3.899959e-02 3.752895e-01 1.007665e-02 -3.226315e-01 -1.422711e-01
<VARIANCE> 39
 1.174844e+01 2.225328e+01 3.760276e+01 3.641938e+01 4.508562e+01 4.764415e+01 6.361635e+01 5.895043e+01 6.252854e+01 5.956301e+01 6.489198e+01 6.700356e+01 1.607800e+01 4.067560e-01 8.553787e-01 1.459756e+00 1.662443e+00 2.154790e+00 2.746596e+00 2.705488e+00 3.097891e+00 2.781275e+00 3.262362e+00 2.585948e+00 2.446929e+00 2.836424e-01 6.789801e-02 1.220672e-01 1.872291e-01 2.360937e-01 3.486195e-01 4.036236e-01 4.809374e-01 4.846429e-01 5.193810e-01 4.731279e-01 4.810031e-01 3.798110e-01 3.417768e-02
<GCONST> 1.084612e+02
<MIXTURE> 5 1.394684e-01
<MEAN> 39
 1.263425e+00 -9.093269e+00 2.208188e-01 2.047794e-01 -1.376304e+00 -1.772296e+00 1.129187e+00 5.305170e+00 -7.458106e-02 7.411983e+00 1.143835e+01 1.488257e+01 7.368328e+00 -7.782599e-02 6.314168e-02 1.054128e-01 -1.032528e-01 -1.259589e-01 5.346156e-02 1.552805e-01 -9.154268e-02 -7.787530e-02 5.802495e-02 -5.482949e-03 -4.017999e-02 -4.508612e-02 6.353612e-03 6.944977e-02 -3.297435e-02 -3.893875e-02 -2.364988e-02 -1.825912e-02 -5.576214e-02 -4.744608e-02 1.018781e-01 -5.904221e-03 -6.977830e-02 -1.413946e-01 -2.394049e-02
<VARIANCE> 39
 1.439433e+01 2.626750e+01 3.784770e+01 4.313177e+01 8.392366e+01 6.286079e+01 5.795777e+01 5.575323e+01 6.708538e+01 1.081571e+02 9.195947e+01 6.282941e+01 2.146653e+01 2.911249e-01 6.350310e-01 9.011602e-01 1.139037e+00 1.537611e+00 1.434405e+00 1.535354e+00 1.594729e+00 1.712013e+00 1.919564e+00 1.907643e+00 1.585110e+00 1.340729e-01 4.833558e-02 1.041091e-01 1.493794e-01 2.039867e-01 2.250212e-01 2.348339e-01 2.518777e-01 2.844550e-01 2.820852e-01 3.179986e-01 3.103256e-01 2.633441e-01 1.897569e-02
<GCONST> 9.935131e+01
<MIXTURE> 6 8.485985e-02
<MEAN> 39
 4.627928e+00 -4.964551e+00 1.785033e+00 3.014217e+00 -6.559623e+00 -6.386835e+00 -1.028633e+00 5.457039e+00 -1.558803e+00 -1.851520e+00 8.902583e-01 3.076037e+00 4.994810e+00 -1.917909e-01 1.588607e-02 3.457269e-01 -2.364643e-01 -3.847272e-01 1.863058e-01 4.529491e-01 -1.390778e-01 -3.749636e-01 1.029665e-02 2.107918e-01 -6.262587e-02 5.312750e-02 -1.313664e-02 4.768382e-02 -2.134681e-02 -6.659304e-02 6.146688e-02 6.335606e-02 -8.723383e-02 -1.180064e-01 5.301343e-02 6.524765e-02 -4.221482e-02 -2.096924e-02 -1.560022e-02
<VARIANCE> 39
 1.253018e+01 2.698036e+01 3.073703e+01 3.400923e+01 4.764201e+01 5.210465e+01 5.858942e+01 5.323073e+01 6.081141e+01 6.290611e+01 5.557093e+01 7.303474e+01 1.888601e+01 1.173958e-01 2.635334e-01 4.694602e-01 5.301300e-01 7.675380e-01 8.025112e-01 1.006824e+00 9.434323e-01 1.051064e+00 9.715273e-01 9.634472e-01 8.692842e-01 6.480525e-02 1.503245e-02 3.680129e-02 5.894525e-02 7.980119e-02 1.110315e-01 1.283722e-01 1.455531e-01 1.634515e-01 1.606894e-01 1.570351e-01 1.492641e-01 1.508609e-01 7.016173e-03
<GCONST> 7.823492e+01
<MIXTURE> 7 1.020860e-01
<MEAN> 39
 6.306431e+00 -1.023909e+01 2.597016e+00 -4.321750e+00 -1.401378e+00 -5.047341e+00 3.223752e+00 5.274812e+00 7.222902e-01 1.045866e+00 -3.461098e+00 6.029313e-01 7.834421e+00 -9.335291e-01 8.809664e-02 2.923211e-01 -4.804769e-01 1.752843e-01 9.561989e-01 1.111002e+00 8.095178e-02 -2.595450e-01 -5.010896e-01 1.335304e-02 7.703305e-02 5.811728e-01 -1.839937e-01 6.410409e-01 -4.080795e-01 4.645730e-01 -4.698251e-03 2.756906e-01 -5.148221e-01 -5.273042e-01 -5.171428e-02 -3.430502e-02 3.157884e-01 -7.490281e-02 -2.650436e-01
<VARIANCE> 39
 2.335779e+01 3.209072e+01 5.641266e+01 3.794908e+01 6.826184e+01 7.849748e+01 7.539510e+01 7.621352e+01 8.342065e+01 7.901330e+01 7.348776e+01 8.708567e+01 2.105189e+01 1.146084e+00 2.032096e+00 2.749000e+00 3.313906e+00 4.484134e+00 4.501461e+00 5.156552e+00 4.578675e+00 4.553134e+00 5.055971e+00 4.350543e+00 4.051738e+00 8.936851e-01 2.011620e-01 2.604851e-01 3.553012e-01 3.757873e-01 6.324052e-01 7.317293e-01 7.702774e-01 8.475143e-01 9.038163e-01 8.304038e-01 6.994429e-01 7.500872e-01 1.358565e-01
<GCONST> 1.298402e+02
<MIXTURE> 8 1.378185e-01
<MEAN> 39
 6.957762e+00 -7.748909e+00 -5.172491e+00 2.772607e+00 -6.164206e+00 1.707559e+00 -2.051658e+00 4.110523e+00 3.332740e+00 1.374424e+00 -1.730608e+00 -4.235487e+00 7.167924e+00 -6.678364e-01 -4.665058e-01 5.239424e-01 -1.233004e+00 4.786793e-01 1.329482e+00 7.200877e-01 1.202957e-01 2.849970e-01 -4.536401e-01 -8.369789e-01 -1.035594e-01 5.711877e-01 -5.102814e-02 3.082639e-01 1.825880e-02 -1.968457e-01 5.187215e-01 -1.991842e-01 -2.084434e-01 -2.946717e-01 -1.481248e-01 -9.232534e-02 9.749234e-02 3.060099e-01 -1.513858e-01
<VARIANCE> 39
 1.206840e+01 2.041352e+01 3.037953e+01 3.226089e+01 4.809503e+01 5.341905e+01 6.517529e+01 7.038917e+01 6.527268e+01 6.626390e+01 7.046865e+01 5.281417e+01 1.600518e+01 3.954785e-01 8.487241e-01 1.351414e+00 1.867151e+00 2.387052e+00 3.302550e+00 3.455344e+00 3.668080e+00 3.338366e+00 3.613276e+00 3.094406e+00 3.672350e+00 2.575706e-01 6.016704e-02 1.124662e-01 1.624409e-01 2.277118e-01 3.198822e-01 4.353372e-01 5.130437e-01 5.465665e-01 5.219827e-01 5.040809e-01 4.923694e-01 4.037344e-01 4.242669e-02
<GCONST> 1.100770e+02
<STATE> 5
<NUMMIXES> 8
<MIXTURE> 1 1.405486e-01
<MEAN> 39
 3.402676e+00 -5.794151e+00 6.940967e+00 -8.820423e-01 -1.019294e+01 -5.262147e+00 2.249192e+00 3.505408e+00 -5.551301e+00 9.937695e-01 8.795937e-01 1.766036e+00 6.050515e+00 -6.115028e-01 6.906034e-01 7.092010e-01 -7.239697e-01 -4.520485e-01 6.486158e-01 4.351239e-01 -8.725760e-01 -3.759037e-01 3.764211e-01 1.109392e-01 -3.798236e-01 -2.089631e-03 6.610995e-02 1.937348e-01 -2.953766e-01 1.307224e-01 3.756520e-01 3.110118e-02 -3.461889e-01 -1.909802e-01 3.285618e-01 -7.045133e-03 -1.580226e-01 -1.022914e-01 -1.313718e-01
<VARIANCE> 39
 1.531072e+01 2.956312e+01 3.681920e+01 4.638191e+01 4.286345e+01 5.493951e+01 6.675169e+01 6.395269e+01 5.617110e+01 7.064594e+01 7.194009e+01 8.340617e+01 1.688404e+01 5.134394e-01 9.424432e-01 1.694190e+00 2.113845e+00 2.239947e+00 2.785784e+00 2.918184e+00 3.025298e+00 2.902568e+00 2.959893e+00 2.643456e+00 2.359125e+00 3.659349e-01 7.282020e-02 1.434277e-01 2.196941e-01 2.766892e-01 3.531395e-01 3.896595e-01 4.925030e-01 5.072160e-01 4.630157e-01 5.106940e-01 4.528374e-01 4.094249e-01 4.569734e-02
<GCONST> 1.117598e+02
<MIXTURE> 2 1.000796e-01
<MEAN> 39
 -7.728399e-02 4.539612e+00 1.718082e+00 5.575613e+00 2.112107e+00 -6.853853e-01 -5.504580e-01 -2.737565e+00 -1.479288e+00 -2.744581e+00 -3.758084e+00 -3.851801e+00 -5.194875e+00 -1.444207e+00 -9.579948e-02 -2.872454e-01 1.460917e-01 4.175869e-01 6.107625e-01 1.025717e+00 5.008942e-01 5.086435e-01 5.539363e-01 5.782855e-01 2.627611e-01 -8.723623e-01 6.883996e-02 -5.419396e-01 -2.656472e-01 -6.041563e-01 -4.263990e-01 -2.164361e-01 -1.161725e-01 3.260353e-01 3.168752e-01 3.198216e-01 2.819853e-01 3.646221e-01 5.923973e-01
<VARIANCE> 39
 3.616063e+01 3.543415e+01 4.236186e+01 3.462504e+01 5.125798e+01 4.646592e+01 4.622200e+01 5.049211e+01 4.449500e+01 4.554116e+01 4.251281e+01 4.386918e+01 3.870540e+01 2.471017e+00 2.371757e+00 2.474543e+00 2.792394e+00 3.338027e+00 3.528459e+00 3.352398e+00 3.634914e+00 3.650421e+00 3.506067e+00 3.368813e+00 3.212178e+00 2.783714e+00 3.807097e-01 4.051864e-01 4.840361e-01 4.754823e-01 6.107454e-01 6.438314e-01 6.823657e-01 7.462351e-01 7.238299e-01 7.020031e-01 6.501582e-01 6.279001e-01 3.539090e-01
<GCONST> 1.275198e+02
<MIXTURE> 3 1.662367e-01
<MEAN> 39
 3.866105e+00 -4.324378e+00 4.055645e+00 6.868817e-02 -7.974204e+00 -3.323555e+00 2.181198e+00 2.438260e+00 -3.783113e+00 -1.530942e+00 -1.567615e+00 -3.114515e-01 4.889570e+00 -2.120186e-01 1.951569e-01 1.674004e-01 -3.360709e-01 -2.674758e-02 2.850844e-01 1.275815e-01 -2.797228e-01 -7.348416e-02 7.463786e-02 5.719701e-02 -5.921213e-02 -2.301004e-03 2.256868e-02 3.582054e-02 -6.974559e-02 3.075068e-02 9.583712e-02 -3.773392e-02 -1.340077e-01 -1.906596e-02 8.045305e-02 1.861476e-02 -3.034608e-02 5.105188e-03 -3.290146e-02
<VARIANCE> 39
 1.460211e+01 3.058563e+01 3.943827e+01 4.247271e+01 4.879111e+01 5.276001e+01 6.157281e+01 5.730929e+01 4.882954e+01 5.236162e+01 5.531664e+01 5.893752e+01 2.101062e+01 1.977309e-01 4.186582e-01 6.660627e-01 8.803760e-01 1.051845e+00 1.255336e+00 1.390546e+00 1.436928e+00 1.369750e+00 1.380392e+00 1.346542e+00 1.188504e+00 1.142361e-01 2.449063e-02 5.824874e-02 9.578114e-02 1.264806e-01 1.659365e-01 1.899894e-01 2.217063e-01 2.338725e-01 2.238419e-01 2.224496e-01 2.164840e-01 1.920926e-01 1.212678e-02
<GCONST> 8.911376e+01
<MIXTURE> 4 1.310504e-01
<MEAN> 39
 4.929406e+00 -8.411543e+00 -2.765074e+00 -2.406410e+00 -1.006268e+00 2.347751e+00 -8.713905e-02 4.053450e+00 2.212774e+00 -9.531326e-01 -4.190870e+00 -1.056765e+00 8.098895e+00 -5.261869e-01 1.177912e-01 -1.527904e-01 -6.797328e-01 1.091073e+00 5.242009e-01 1.588997e-01 -2.344341e-01 -9.997670e-03 -6.589039e-01 -5.085579e-02 2.374301e-01 2.594325e-01 1.004218e-01 1.786616e-01 -9.465206e-02 2.207393e-01 -4.032351e-02 -2.825808e-01 -1.875290e-01 -1.113020e-01 -7.949027e-02 9.747385e-02 2.426305e-01 -8.062352e-03 -1.608739e-01
<VARIANCE> 39
 1.305309e+01 2.386879e+01 3.198235e+01 3.049992e+01 4.908340e+01 5.829417e+01 6.976527e+01 5.877542e+01 6.133327e+01 6.173366e+01 6.276672e+01 6.433042e+01 1.531068e+01 3.715144e-01 8.253859e-01 1.144044e+00 1.697716e+00 2.259149e+00 2.481512e+00 2.924381e+00 2.887058e+00 2.778484e+00 2.726917e+00 2.670530e+00 2.480651e+00 2.161396e-01 5.325389e-02 1.148417e-01 1.686505e-01 2.335175e-01 2.807809e-01 3.720663e-01 4.216981e-01 4.265565e-01 3.987068e-01 4.018210e-01 3.931503e-01 3.880210e-01 3.068547e-02
<GCONST> 1.060726e+02
<MIXTURE> 5 1.377548e-01
<MEAN> 39
 -2.165035e-01 -4.178298e+00 -1.755370e+00 -6.646409e-01 8.542116e-01 1.992977e+00 5.365169e+00 1.213337e+01 1.798097e+01 1.551643e+01 4.743871e+00 -1.160291e+01 5.804674e+00 6.298555e-03 4.749746e-02 -1.079893e-02 -2.259786e-03 -2.223028e-03 1.228006e-02 4.646954e-02 3.841277e-02 4.595214e-02 -2.506803e-02 -1.183854e-01 -9.876256e-02 -5.859112e-02 7.353655e-03 -1.882497e-03 -9.314591e-03 -1.069172e-02 -2.898413e-02 -1.794036e-02 -2.849293e-03 -1.875878e-02 -4.656706e-02 -4.334195e-02 -1.280212e-03 7.022238e-02 -3.166736e-03
<VARIANCE> 39
 2.007538e+01 2.318114e+01 3.474038e+01 3.749957e+01 7.212482e+01 5.069091e+01 7.483695e+01 7.636420e+01 6.369550e+01 9.726516e+01 1.086412e+02 1.397716e+02 2.855270e+01 2.312947e-01 4.538849e-01 6.793231e-01 7.740676e-01 9.641388e-01 1.064294e+00 1.266587e+00 1.330536e+00 1.428668e+00 1.484025e+00 1.690302e+00 1.874563e+00 9.158453e-02 3.979109e-02 7.877200e-02 1.191275e-01 1.350400e-01 1.586726e-01 1.895940e-01 2.188583e-01 2.252855e-01 2.557503e-01 2.634684e-01 2.648625e-01 2.809625e-01 1.401008e-02
<GCONST> 9.475188e+01
<MIXTURE> 6 8.655532e-02
<MEAN> 39
 2.334576e-01 -4.976675e+00 -3.053660e+00 -1.287233e+00 -9.815333e-01 1.465231e+00 6.930154e+00 9.971640e+00 1.230261e+01 6.524529e+00 -3.423579e-01 -6.855567e+00 6.373246e+00 -2.331952e-01 5.999658e-02 -3.006984e-02 -6.089849e-02 2.409831e-01 1.364883e-01 -1.074588e-01 -2.440431e-01 -2.419670e-01 -2.219753e-01 1.202547e-01 2.766511e-01 -2.051306e-01 1.186156e-01 7.647365e-02 3.590591e-02 1.182341e-01 3.067842e-02 -1.081601e-01 -4.018879e-01 -3.802629e-01 -3.944774e-01 -6.354191e-02 1.445094e-01 2.387882e-01 -1.837150e-01
<VARIANCE> 39
 2.330086e+01 2.827057e+01 3.768528e+01 4.476298e+01 7.183475e+01 6.580431e+01 8.841151e+01 8.417554e+01 1.062901e+02 1.415024e+02 1.104332e+02 1.346234e+02 5.597745e+01 1.121573e+00 1.539209e+00 1.826104e+00 2.281733e+00 3.367537e+00 3.623171e+00 4.656659e+00 4.657504e+00 4.868335e+00 4.959418e+00 4.779057e+00 5.496689e+00 1.242177e+00 2.118732e-01 2.655255e-01 3.356477e-01 4.068224e-01 5.076526e-01 5.928984e-01 7.874073e-01 8.637635e-01 8.324009e-01 9.493113e-01 8.603738e-01 8.930508e-01 1.963223e-01
<GCONST> 1.318632e+02
<MIXTURE> 7 1.807073e-01
<MEAN> 39
 1.596606e+00 2.279041e+00 1.710465e+00 4.318162e+00 4.720214e-01 -1.499900e+00 -5.147874e-01 -2.170662e+00 -1.916510e+00 -3.059133e+00 -3.208500e+00 -2.578159e+00 -4.607745e+00 -5.971755e-01 1.327771e-01 8.096574e-02 2.295563e-01 4.983184e-01 3.621286e-01 4.063147e-01 3.093253e-02 8.784720e-02 1.560129e-01 1.644539e-01 1.124056e-02 -7.216917e-01 -5.446922e-05 -1.570395e-01 -1.245313e-01 -2.068987e-01 -1.454028e-01 -4.363112e-02 -1.445839e-02 1.467127e-01 1.460459e-01 1.415498e-01 1.092721e-01 1.118606e-01 1.798796e-01
<VARIANCE> 39
 2.036810e+01 2.741216e+01 3.307389e+01 3.217719e+01 4.956211e+01 4.350050e+01 4.661133e+01 4.578126e+01 4.475770e+01 4.878639e+01 4.756280e+01 4.549195e+01 3.449350e+01 6.383519e-01 9.099261e-01 1.113656e+00 1.360999e+00 1.797306e+00 1.887115e+00 2.130066e+00 2.219785e+00 2.295796e+00 2.336900e+00 2.228338e+00 2.127463e+00 6.079103e-01 8.612039e-02 1.322269e-01 1.897731e-01 2.385777e-01 3.085229e-01 3.454710e-01 3.863628e-01 4.144381e-01 4.259388e-01 4.189004e-01 3.959165e-01 3.772165e-01 7.951050e-02
<GCONST> 1.068110e+02
<MIXTURE> 8 5.706730e-02
<MEAN> 39
 2.114783e+00 -6.865309e-01 8.232043e-01 1.946307e-01 -4.169667e+00 -4.576070e+00 -1.622182e+00 -2.998318e-01 1.411905e+00 2.041551e+00 1.608644e+00 2.017092e+00 1.598991e+00 -5.761638e-01 7.105399e-01 -6.772439e-02 1.532670e-01 4.088563e-02 9.427682e-02 -5.728744e-03 -3.735449e-01 -9.636343e-02 -4.177706e-01 -2.441837e-01 -4.205234e-01 -1.993947e-01 -1.180426e-01 -1.823889e-02 -6.193880e-02 2.971867e-02 2.544864e-01 2.728931e-01 2.048787e-01 1.685664e-01 6.575807e-02 -1.289710e-02 -1.544863e-01 -1.881227e-01 5.746760e-02
<VARIANCE> 39
 3.708856e+01 4.439115e+01 5.867638e+01 4.913882e+01 6.311110e+01 6.879435e+01 7.106323e+01 7.713464e+01 8.103389e+01 8.685324e+01 8.219186e+01 8.483133e+01 4.636378e+01 3.197373e+00 4.188950e+00 3.562653e+00 4.556653e+00 4.588541e+00 5.132838e+00 5.309434e+00 7.070849e+00 6.178287e+00 6.000489e+00 5.482936e+00 5.680808e+00 4.003127e+00 4.118082e-01 5.189085e-01 5.134933e-01 5.990790e-01 6.535223e-01 8.205901e-01 8.261108e-01 1.034841e+00 9.294879e-01 9.304072e-01 8.079384e-01 8.004155e-01 4.613697e-01
<GCONST> 1.413293e+02
<TRANSP> 6
 0.000000e+00 1.000000e+00 0.000000e+00 0.000000e+00 0.000000e+00 0.000000e+00
 0.000000e+00 7.198704e-01 2.801296e-01 0.000000e+00 0.000000e+00 0.000000e+00
 0.000000e+00 0.000000e+00 5.331852e-01 4.668148e-01 0.000000e+00 0.000000e+00
 0.000000e+00 0.000000e+00 0.000000e+00 4.839363e-01 5.160637e-01 0.000000e+00
 0.000000e+00 0.000000e+00 0.000000e+00 0.000000e+00 6.215982e-01 3.784018e-01
 0.000000e+00 0.000000e+00 0.000000e+00 0.000000e+00 0.000000e+00 0.000000e+00
<ENDHMM>
