~o
<STREAMINFO> 1 39
<VECSIZE> 39<NULLD><MFCC_D_A_Z_0><DIAGC>
~h "sh"
<BEGINHMM>
<NUMSTATES> 6
<STATE> 2
<NUMMIXES> 8
<MIXTURE> 1 1.608497e-01
<MEAN> 39
 -1.546606e+01 1.022037e+01 2.446852e+00 -6.203466e-01 1.556103e+00 -2.660098e+00 6.817297e-01 -4.064421e-01 7.027239e-02 1.952536e+00 3.417544e+00 1.072535e+00 2.067766e+00 -1.618308e+00 4.121933e-01 1.608333e-01 3.694814e-02 8.016012e-01 8.473791e-01 3.611359e-01 2.340293e-01 4.249647e-01 3.701870e-01 2.556348e-01 -1.135217e-01 -1.376008e-02 5.036730e-01 -3.035982e-01 1.677703e-01 1.196625e-01 -7.769683e-02 1.038040e-01 5.662410e-02 1.443981e-02 -1.847904e-02 -1.313292e-01 -1.125851e-01 -3.272970e-02 -2.430244e-02
<VARIANCE> 39
 1.900413e+01 2.732829e+01 4.158046e+01 2.956011e+01 4.623318e+01 3.903843e+01 5.105975e+01 4.655662e+01 4.744989e+01 4.462844e+01 5.224445e+01 4.920739e+01 1.675166e+01 9.703467e-01 9.965900e-01 1.113265e+00 1.336690e+00 1.631758e+00 1.794466e+00 2.134221e+00 2.170450e+00 2.433099e+00 2.101519e+00 2.055643e+00 2.121622e+00 3.050765e-01 1.381081e-01 1.633056e-01 1.888447e-01 2.236584e-01 2.947068e-01 2.964095e-01 4.086484e-01 4.111079e-01 4.441785e-01 4.137946e-01 3.862216e-01 3.620784e-01 3.756405e-02
<GCONST> 1.054123e+02
<MIXTURE> 2 1.225561e-01
<MEAN> 39
 -2.036073e+01 8.022443e+00 6.988133e+00 -1.015098e-01 5.392850e+00 3.885137e+00 5.604503e+00 3.177263e+00 4.763219e+00 3.363734e+00 5.497786e+00 3.111092e-01 -3.525734e-01 -2.275403e+00 1.191372e+00 7.549019e-01 -8.063077e-02 8.497230e-01 1.261953e+00 4.044027e-01 4.086487e-01 5.069195e-01 2.496381e-01 4.416074e-01 -3.674550e-02 1.637820e+00 8.181133e-01 -3.891653e-01 -2.297627e-01 2.014031e-01 -1.965115e-01 -1.329081e-01 -9.735350e-02 -2.026688e-01 -1.782671e-01 -9.990064e-02 -1.672159e-01 -6.754773e-02 -4.226864e-01
<VARIANCE> 39
 1.581452e+01 5.504020e+01 3.441428e+01 2.531455e+01 3.698521e+01 3.966154e+01 4.389869e+01 3.785928e+01 3.900308e+01 3.379197e+01 3.676553e+01 3.727981e+01 2.474971e+01 1.999293e+00 2.145451e+00 1.706231e+00 1.392936e+00 1.824691e+00 2.096245e+00 2.005678e+00 2.267947e+00 2.052028e+00 1.772027e+00 1.759622e+00 1.600444e+00 1.487628e+00 2.031984e-01 4.065225e-01 3.622276e-01 2.653525e-01 3.776724e-01 4.203277e-01 4.260792e-01 4.483408e-01 3.948830e-01 3.731802e-01 4.015352e-01 3.198295e-01 1.445866e-01
<GCONST> 1.112074e+02
<MIXTURE> 3 1.277343e-01
<MEAN> 39
 -1.623050e+01 1.293793e+01 6.845206e+00 1.791927e+00 4.418004e+00 -2.192279e-01 7.434205e-01 -1.620260e+00 -2.613531e+00 -2.990230e+00 -7.583895e-01 -3.566382e+00 2.625333e+00 -3.415890e+00 2.948261e-01 -1.560472e-01 3.277370e-01 1.978454e+00 2.180095e+00 1.448387e+00 1.478405e+00 1.530271e+00 1.344191e+00 9.743183e-01 2.836182e-01 -1.943611e-02 8.326416e-01 -7.660010e-01 -2.187257e-01 -2.411237e-01 -6.168567e-01 -1.899384e-01 -1.516809e-02 1.762772e-01 3.187664e-01 3.829860e-01 3.301872e-01 4.180126e-01 -3.074101e-02
<VARIANCE> 39
 1.365586e+01 2.613505e+01 4.335497e+01 3.052810e+01 4.404570e+01 3.926558e+01 4.150269e+01 4.372021e+01 4.172486e+01 3.980487e+01 3.794379e+01 3.684191e+01 1.880089e+01 1.965797e+00 1.905577e+00 1.877016e+00 1.706300e+00 2.369420e+00 2.159877e+00 2.308249e+00 2.453407e+00 2.543722e+00 2.848683e+00 2.872020e+00 2.775430e+00 6.437325e-01 1.973448e-01 2.728242e-01 3.437287e-01 3.574321e-01 4.214429e-01 4.739299e-01 5.014386e-01 5.138327e-01 5.051436e-01 5.229651e-01 4.517890e-01 4.280715e-01 7.976091e-02
<GCONST> 1.132726e+02
<MIXTURE> 4 1.369285e-01
<MEAN> 39
 3.781259e-01 4.036078e+00 6.019361e+00 -2.891964e-01 -5.975746e+00 -6.645697e+00 -3.262665e+00 -1.811231e+00 -3.503095e+00 -3.015542e+00 -1.638355e-01 5.138445e-01 2.755221e+00 -3.100246e+00 2.394385e+00 7.805737e-01 4.334559e-01 1.784850e+00 4.277633e-01 2.478607e-01 -4.132628e-01 -3.065125e-01 -6.209809e-01 1.043394e-01 -4.797500e-01 -8.057674e-02 -1.029338e+00 1.054719e-01 -1.230394e-01 -3.918393e-02 7.007000e-01 6.670983e-01 4.054524e-01 3.367755e-01 3.352921e-01 2.922335e-01 1.118224e-01 -1.011893e-01 1.295924e-01
<VARIANCE> 39
 1.331388e+01 2.166211e+01 3.532556e+01 3.125104e+01 3.749619e+01 3.632334e+01 4.261019e+01 4.182840e+01 4.250159e+01 4.644657e+01 5.052581e+01 4.660008e+01 1.742925e+01 2.283510e+00 2.938636e+00 2.764731e+00 2.805317e+00 4.509001e+00 4.411440e+00 4.739901e+00 4.185374e+00 3.928453e+00 4.037707e+00 3.520400e+00 4.040263e+00 6.543865e-01 1.870055e-01 3.038915e-01 2.750491e-01 3.298710e-01 4.696869e-01 4.820479e-01 5.173129e-01 5.062231e-01 5.019860e-01 5.866326e-01 5.249892e-01 4.682329e-01 7.806527e-02
<GCONST> 1.189166e+02
<MIXTURE> 5 1.309194e-01
<MEAN> 39
 -8.470211e+00 1.385892e+00 2.364057e+00 7.034644e-01 2.408767e+00 -2.541653e-01 3.490273e+00 1.698949e+00 1.844779e+00 1.622623e+00 2.366698e+00 3.746560e-01 -5.867928e+00 -2.532989e+00 9.365895e-01 6.540371e-01 -7.673219e-01 4.873983e-01 4.266410e-01 1.565003e-01 5.351380e-01 6.065828e-01 4.432467e-01 6.532866e-01 2.163774e-01 1.748851e+00 -2.658955e-01 2.695348e-01 1.831118e-01 1.877314e-02 2.507441e-02 2.031564e-01 1.711936e-02 -2.638425e-02 -3.486702e-02 -4.648145e-02 1.027503e-03 -1.982996e-02 3.101134e-01
<VARIANCE> 39
 3.918580e+01 3.315997e+01 3.440176e+01 3.172365e+01 3.969755e+01 3.955762e+01 4.203136e+01 4.437272e+01 4.301573e+01 3.493999e+01 3.550862e+01 3.804127e+01 4.904621e+01 4.033513e+00 2.654209e+00 2.684353e+00 2.120575e+00 3.309989e+00 3.126149e+00 2.623733e+00 3.017074e+00 2.793229e+00 2.596122e+00 2.639078e+00 2.009843e+00 3.024106e+00 3.668573e-01 3.395528e-01 3.884948e-01 3.557588e-01 4.063599e-01 4.695465e-01 4.263393e-01 4.798382e-01 4.338955e-01 4.310135e-01 3.834926e-01 3.554913e-01 3.733688e-01
<GCONST> 1.204607e+02
<MIXTURE> 6 1.438982e-01
<MEAN> 39
 -1.901110e+01 6.812253e+00 9.195160e+00 3.765704e-01 4.587600e+00 4.649825e+00 1.400772e+00 2.382981e+00 6.567649e-01 -6.715561e-01 2.083832e+00 9.169229e-01 3.461943e+00 -2.316432e+00 -6.851304e-01 -6.614209e-01 -7.140085e-01 3.374955e-01 1.163020e+00 9.562706e-01 9.445283e-01 1.345845e+00 1.240074e+00 1.295464e+00 7.585810e-01 1.194501e-01 9.192589e-01 -1.042920e-01 -1.190931e-01 -2.609066e-02 -4.991376e-01 -5.688196e-01 -2.426316e-01 -2.481655e-01 -1.444138e-01 -3.957003e-02 -7.044838e-02 -9.519801e-03 -5.075892e-02
<VARIANCE> 39
 1.530219e+01 2.689805e+01 2.736917e+01 2.977398e+01 4.784124e+01 3.829685e+01 3.571996e+01 3.966235e+01 3.477013e+01 3.167076e+01 2.861537e+01 2.652834e+01 1.675004e+01 1.466637e+00 1.159726e+00 1.335834e+00 1.538191e+00 2.043467e+00 1.927265e+00 2.135720e+00 2.348922e+00 2.333116e+00 2.264386e+00 2.209198e+00 1.853598e+00 3.821940e-01 1.690165e-01 1.955530e-01 2.322754e-01 2.670670e-01 3.763329e-01 3.147634e-01 3.634981e-01 3.947687e-01 3.761714e-01 3.864591e-01 3.598379e-01 3.241053e-01 5.405024e-02
<GCONST> 1.047122e+02
<MIXTURE> 7 9.144032e-02
<MEAN> 39
 -7.598983e+00 8.043800e+00 1.052596e+01 1.024966e+00 1.955014e+00 -2.535481e+00 -3.004070e+00 4.308602e-02 -3.560991e+00 -3.407784e+00 -8.537849e-01 7.603649e-01 2.793624e+00 -4.448903e+00 1.021695e+00 6.959906e-01 -4.728859e-01 2.266867e+00 1.954339e+00 8.169372e-01 7.735479e-01 5.330699e-01 3.484246e-01 5.967877e-01 8.032582e-02 2.225869e-01 -1.125326e-01 -5.461335e-01 -5.385298e-01 -1.505663e-01 -3.690312e-01 2.239973e-01 2.428096e-01 1.670622e-01 3.778188e-01 3.667362e-01 2.373272e-01 8.513022e-03 5.325313e-02
<VARIANCE> 39
 1.527850e+01 1.592559e+01 2.657547e+01 3.205302e+01 4.249246e+01 4.933060e+01 4.576348e+01 3.969360e+01 3.842748e+01 3.350113e+01 3.364966e+01 3.282924e+01 1.663922e+01 1.651723e+00 2.280635e+00 2.086223e+00 1.915883e+00 3.174830e+00 3.366887e+00 2.879987e+00 2.880087e+00 2.860050e+00 2.974422e+00 2.530411e+00 2.547502e+00 6.398544e-01 2.235803e-01 2.308927e-01 2.467581e-01 3.199631e-01 4.163465e-01 5.379931e-01 6.059010e-01 4.936577e-01 4.825799e-01 4.704348e-01 4.432720e-01 4.343504e-01 6.316379e-02
<GCONST> 1.127075e+02
<MIXTURE> 8 8.567341e-02
<MEAN> 39
 -9.015605e+00 1.229276e+01 4.193946e+00 -7.457809e-03 -2.748057e+00 -6.653235e+00 -9.554822e-01 -5.674149e+00 -3.739158e+00 -3.837601e+00 1.211144e+00 -1.700805e+00 2.897761e+00 -4.348184e+00 2.556910e+00 1.102497e-01 9.927455e-01 2.563560e+00 1.518627e+00 9.733135e-01 1.120763e-01 4.930174e-01 -1.230600e-02 -6.412522e-02 -1.142891e+00 -4.657386e-02 9.343694e-03 -8.373104e-01 4.483256e-02 -1.166631e-01 2.592584e-01 6.300508e-01 3.002676e-01 8.061600e-01 5.041340e-01 7.179530e-01 1.563430e-01 3.704974e-01 -5.258435e-03
<VARIANCE> 39
 1.694364e+01 2.127672e+01 3.783241e+01 2.952479e+01 4.457455e+01 3.505653e+01 4.146343e+01 3.574367e+01 4.200903e+01 5.687508e+01 5.476497e+01 5.650646e+01 1.633805e+01 1.675755e+00 2.672397e+00 2.227273e+00 2.269908e+00 3.401932e+00 3.333535e+00 3.210857e+00 3.418527e+00 3.350661e+00 3.814411e+00 3.892309e+00 3.682593e+00 8.655012e-01 2.658865e-01 2.816925e-01 3.289369e-01 3.906637e-01 5.711836e-01 4.990460e-01 6.358535e-01 5.499001e-01 6.068458e-01 6.809348e-01 5.956540e-01 5.501763e-01 6.501690e-02
<GCONST> 1.191762e+02
<STATE> 3
<NUMMIXES> 8
<MIXTURE> 1 1.557631e-01
<MEAN> 39
 -2.358061e+01 1.174750e+01 8.484401e+00 2.476262e+00 9.249543e+00 7.614769e+00 8.622364e+00 3.050367e+00 8.258050e+00 4.722619e+00 6.769349e+00 -1.449227e+00 3.406784e+00 -6.245707e-02 -1.909167e-01 8.833063e-02 -1.398678e-02 -1.950276e-02 1.714973e-01 9.083854e-02 -6.592473e-02 6.205064e-02 -3.960659e-02 3.735912e-02 -1.995728e-02 4.650918e-02 1.034152e-01 -1.541756e-01 -1.151956e-01 -1.604906e-01 -2.739347e-01 -2.397177e-01 -1.381622e-01 -1.084758e-01 -1.790948e-01 -8.583312e-02 -6.697243e-02 3.709718e-02 -9.436384e-02
<VARIANCE> 39
 8.790387e+00 2.240958e+01 2.600459e+01 1.580841e+01 2.417886e+01 2.654802e+01 2.696852e+01 2.385914e+01 3.700811e+01 2.374140e+01 2.602985e+01 2.433015e+01 1.688678e+01 3.209244e-01 7.144394e-01 6.530622e-01 7.095918e-01 9.719931e-01 9.809299e-01 1.074227e+00 1.097995e+00 1.163651e+00 1.062315e+00 1.056952e+00 9.200873e-01 2.605898e-01 7.051118e-02 1.125076e-01 1.173368e-01 1.274922e-01 1.776459e-01 1.918997e-01 2.128221e-01 2.113715e-01 2.287850e-01 2.079830e-01 2.036506e-01 1.750449e-01 3.198741e-02
<GCONST> 8.334000e+01
<MIXTURE> 2 1.011365e-01
<MEAN> 39
 -2.257444e+01 5.536168e+00 6.883289e+00 -1.350495e+00 5.097782e+00 6.226639e+00 4.637808e+00 5.168071e+00 5.629665e+00 4.311084e+00 7.621078e+00 2.942145e+00 3.670631e+00 -1.305192e-01 -5.491498e-01 -2.143128e-01 -1.645399e-01 -3.852893e-01 -4.489534e-03 2.955012e-01 2.259170e-01 3.024500e-01 4.216607e-01 4.763946e-01 3.167481e-01 6.263540e-02 7.363634e-01 1.757067e-01 2.025382e-01 2.178781e-01 -2.736353e-01 -5.286598e-01 -3.942525e-01 -5.161424e-01 -6.541563e-01 -6.040369e-01 -5.709594e-01 -3.167151e-01 -7.773586e-02
<VARIANCE> 39
 1.035464e+01 2.972680e+01 2.744117e+01 2.116088e+01 3.718784e+01 3.381471e+01 3.213311e+01 3.165020e+01 3.297983e+01 2.993435e+01 2.961995e+01 2.810673e+01 1.702124e+01 9.455312e-01 8.162397e-01 1.146841e+00 1.253801e+00 1.685336e+00 1.663104e+00 1.689590e+00 1.698667e+00 1.946401e+00 1.871220e+00 1.920211e+00 1.531394e+00 4.649900e-01 2.215977e-01 1.592793e-01 2.268138e-01 2.056520e-01 2.696136e-01 2.794713e-01 3.100338e-01 3.391590e-01 3.189642e-01 3.348960e-01 3.094891e-01 3.104015e-01 7.300889e-02
<GCONST> 9.963712e+01
<MIXTURE> 3 1.570454e-01
<MEAN> 39
 -2.326338e+01 2.173185e+00 1.126040e+01 6.675264e-01 1.266450e+00 8.630083e+00 4.787132e+00 2.436063e+00 5.493399e+00 5.718774e-01 4.668458e+00 4.514508e+00 4.622531e+00 -8.981708e-02 -2.710861e-01 -5.124635e-03 5.666835e-02 -1.227498e-01 3.844753e-02 2.702660e-01 2.585210e-02 1.446777e-01 1.199359e-01 2.535049e-02 2.604324e-02 -4.310464e-02 1.898114e-01 -5.241256e-03 -1.145915e-01 -4.189339e-02 -8.067842e-02 -2.195419e-01 -1.523732e-01 -3.359749e-02 -1.159377e-01 1.865384e-02 -3.014925e-02 -9.214089e-02 -6.001595e-02
<VARIANCE> 39
 9.526004e+00 2.153961e+01 1.903210e+01 2.443250e+01 3.379675e+01 3.813300e+01 4.280842e+01 3.593922e+01 2.918845e+01 3.017159e+01 2.570946e+01 2.357033e+01 1.290398e+01 3.011419e-01 4.593292e-01 5.980203e-01 7.801248e-01 1.095071e+00 1.280127e+00 1.368251e+00 1.420412e+00 1.375149e+00 1.436318e+00 1.298116e+00 1.174042e+00 1.547088e-01 6.554314e-02 7.805087e-02 1.015860e-01 1.261821e-01 1.802248e-01 2.391276e-01 2.422511e-01 2.661295e-01 2.514867e-01 2.838255e-01 2.397851e-01 2.355116e-01 2.166429e-02
<GCONST> 8.602168e+01
<MIXTURE> 4 1.412191e-01
<MEAN> 39
 -2.177959e+01 8.797884e+00 5.974514e+00 -2.003939e+00 7.695464e+00 3.367853e+00 3.260672e+00 4.918497e+00 2.605737e+00 4.746387e+00 7.140994e+00 1.960309e+00 2.521068e+00 -2.335480e-01 -9.055620e-02 2.323731e-01 1.332783e-01 2.063540e-01 4.556817e-01 2.218457e-01 8.912931e-02 2.825212e-01 6.524461e-02 8.084738e-02 3.781110e-02 -2.563986e-02 1.922148e-01 -3.312748e-02 5.035349e-02 7.156528e-02 -1.350969e-01 -6.771190e-02 -4.934012e-02 -1.651595e-01 -1.580644e-01 -2.564877e-01 -3.116829e-01 -1.507029e-01 -1.125498e-02
<VARIANCE> 39
 1.716559e+01 1.997828e+01 2.186223e+01 1.795432e+01 2.854026e+01 2.841245e+01 2.957936e+01 2.831095e+01 3.044197e+01 2.473735e+01 2.558347e+01 2.667615e+01 2.109912e+01 2.907712e-01 4.702108e-01 7.313254e-01 8.106257e-01 1.146746e+00 1.259131e+00 1.397644e+00 1.490877e+00 1.567377e+00 1.476510e+00 1.429805e+00 1.301701e+00 1.254634e-01 5.498812e-02 7.497045e-02 1.060079e-01 1.246439e-01 1.679363e-01 2.088707e-01 2.356261e-01 2.571007e-01 2.849003e-01 2.549822e-01 2.344956e-01 2.326921e-01 1.742668e-02
<GCONST> 8.553618e+01
<MIXTURE> 5 1.270111e-01
<MEAN> 39
 -2.115524e+01 1.394544e+01 3.564826e+00 3.613098e+00 7.659398e+00 3.633683e+00 7.254823e+00 1.594698e+00 4.702240e+00 3.753273e+00 3.381488e+00 -2.540184e+00 9.963546e-01 -4.781154e-01 -1.314754e-01 3.123740e-01 2.627700e-01 6.167912e-01 8.528019e-01 5.895749e-01 5.114473e-01 5.174224e-01 3.994288e-01 2.953552e-01 -6.061083e-02 2.443431e-02 4.497507e-01 -1.748146e-01 -9.016526e-03 -2.470088e-01 -5.190799e-01 -4.492696e-01 -3.866968e-01 -3.191890e-01 -3.010294e-01 -2.235929e-01 1.639817e-02 1.156046e-01 1.425400e-02
<VARIANCE> 39
 1.269106e+01 2.198959e+01 3.442092e+01 2.637392e+01 3.551112e+01 3.448820e+01 3.577769e+01 3.388470e+01 3.684173e+01 3.508126e+01 3.688696e+01 3.362030e+01 1.769282e+01 5.485398e-01 8.540800e-01 1.042182e+00 1.143129e+00 1.439571e+00 1.523891e+00 1.731523e+00 1.850481e+00 2.041948e+00 2.010989e+00 1.923427e+00 1.771954e+00 3.179233e-01 1.654039e-01 1.734952e-01 1.790635e-01 1.908783e-01 2.698534e-01 2.700678e-01 2.916171e-01 3.300848e-01 3.507615e-01 3.786894e-01 3.405398e-01 3.319599e-01 5.700524e-02
<GCONST> 9.940057e+01
<MIXTURE> 6 1.733620e-01
<MEAN> 39
 -1.900421e+01 1.124927e+01 5.520904e+00 9.206061e-01 5.567212e+00 1.939608e+00 1.620635e+00 -3.475079e-01 -2.492935e-01 -1.594686e-01 1.128514e+00 -2.953797e+00 9.243934e-01 -2.613055e-01 -9.631988e-02 1.222827e-01 2.178497e-02 1.505648e-01 3.219799e-01 1.387528e-01 5.975943e-02 1.780606e-01 5.616366e-02 1.132412e-01 2.742422e-02 -8.165234e-02 1.519064e-01 -9.038986e-02 -2.086150e-02 -4.488729e-02 -1.074083e-01 -1.844571e-02 1.059669e-01 1.407430e-01 1.560186e-01 1.947969e-01 1.860135e-01 1.668879e-01 -9.921618e-03
<VARIANCE> 39
 1.662281e+01 2.526891e+01 3.026134e+01 2.513872e+01 3.711253e+01 3.610706e+01 3.282107e+01 3.732963e+01 3.112169e+01 3.322181e+01 2.898692e+01 3.207158e+01 1.209823e+01 3.025637e-01 4.563392e-01 6.214847e-01 7.954251e-01 1.128409e+00 1.194023e+00 1.442113e+00 1.472615e+00 1.619534e+00 1.572024e+00 1.522369e+00 1.477444e+00 1.183092e-01 5.930623e-02 7.710680e-02 1.052224e-01 1.455069e-01 2.083175e-01 2.186993e-01 2.638425e-01 2.839867e-01 2.916741e-01 2.733407e-01 2.508377e-01 2.560674e-01 1.887095e-02
<GCONST> 8.841820e+01
<MIXTURE> 7 1.090773e-01
<MEAN> 39
 -2.181124e+01 3.790586e+00 5.077886e+00 -3.464808e+00 9.871867e-01 2.290416e+00 1.442226e+00 1.268845e+00 2.613038e+00 1.878640e+00 4.820702e+00 2.831410e+00 3.662373e+00 -2.504614e-01 -2.512607e-01 6.648643e-02 -4.296572e-02 -1.067966e-01 1.092333e-01 1.583152e-01 -4.348351e-02 1.307879e-01 6.395299e-02 2.483498e-02 1.001348e-01 -4.565078e-02 3.696374e-01 2.065591e-01 3.252518e-01 4.414735e-01 3.237999e-01 1.658748e-01 1.854535e-01 1.398976e-01 -1.379289e-02 -7.638421e-02 -1.424346e-01 -1.190856e-01 -1.687360e-02
<VARIANCE> 39
 1.540019e+01 3.626770e+01 2.725670e+01 2.361254e+01 3.935096e+01 4.325190e+01 4.089934e+01 3.690581e+01 3.624530e+01 3.490771e+01 3.071920e+01 3.119913e+01 1.707296e+01 5.885565e-01 5.720119e-01 8.205560e-01 9.793503e-01 1.290859e+00 1.440066e+00 1.562769e+00 1.662676e+00 1.833760e+00 1.857511e+00 1.666179e+00 1.516603e+00 1.975116e-01 1.208540e-01 1.001254e-01 1.268648e-01 1.354597e-01 1.819616e-01 2.449058e-01 2.879185e-01 2.976442e-01 3.026774e-01 3.629180e-01 3.045559e-01 3.033675e-01 3.408930e-02
<GCONST> 9.485751e+01
<MIXTURE> 8 3.538567e-02
<MEAN> 39
 -9.614003e+00 4.907623e+00 1.726309e+00 -4.096102e-02 1.910933e+00 4.472654e-02 1.773847e+00 2.021493e-02 9.207665e-01 1.055946e+00 5.645743e-01 -5.276796e-01 3.955893e-01 1.507115e-01 -1.027221e-01 1.421593e-01 -4.823524e-01 -5.645122e-01 -1.734644e-01 -2.174968e-01 -1.499021e-02 9.395359e-02 1.517059e-01 1.193795e-01 1.015970e-01 4.761743e-01 4.830158e-01 -1.219648e-01 7.152866e-02 5.291322e-02 -2.444104e-01 -2.088664e-01 -1.159593e-01 -5.827245e-02 -1.049375e-01 -2.397744e-02 3.202358e-02 4.683885e-02 -6.552049e-02
<VARIANCE> 39
 1.097112e+02 5.009251e+01 5.400724e+01 4.676355e+01 6.421106e+01 5.633064e+01 6.729768e+01 5.100406e+01 6.104498e+01 5.004451e+01 5.811982e+01 4.654048e+01 4.631824e+01 1.837272e+00 2.074828e+00 2.494163e+00 2.752502e+00 2.806527e+00 2.877819e+00 2.985262e+00 3.535368e+00 3.335877e+00 3.024548e+00 2.832823e+00 2.569276e+00 1.414062e+00 6.594237e-01 3.192518e-01 3.877728e-01 4.465911e-01 5.822560e-01 6.489543e-01 5.902261e-01 5.392739e-01 5.653434e-01 5.385851e-01 5.464399e-01 4.996481e-01 2.030297e-01
<GCONST> 1.270621e+02
<STATE> 4
<NUMMIXES> 8
<MIXTURE> 1 8.981904e-02
<MEAN> 39
 -1.883187e+01 1.057178e+01 6.020626e+00 1.295425e+00 5.333104e+00 3.482342e+00 4.509035e+00 6.635755e-01 2.542394e+00 1.384164e+00 2.111160e+00 -3.623984e+00 1.042206e+00 3.242168e+00 -5.690137e-01 -2.523729e-01 -1.140832e+00 -2.887661e+00 -2.440979e+00 -1.353998e+00 -3.150018e-01 -5.546535e-02 4.302272e-01 1.457845e+00 1.834885e+00 4.466378e-01 1.144744e+00 -5.918672e-01 -2.659861e-01 -4.108371e-01 -9.043470e-01 -7.218269e-01 -3.877130e-01 7.945832e-02 2.766036e-02 1.975026e-01 4.786277e-01 9.028143e-01 4.265512e-01
<VARIANCE> 39
 1.851275e+01 2.951639e+01 3.101417e+01 2.651516e+01 3.545231e+01 3.510899e+01 4.189870e+01 3.411034e+01 4.137430e+01 4.064183e+01 3.602304e+01 3.781541e+01 1.873831e+01 2.392214e+00 1.712065e+00 2.005653e+00 2.155368e+00 2.846918e+00 2.635144e+00 2.814625e+00 2.735666e+00 2.472113e+00 3.084051e+00 3.113198e+00 3.420018e+00 8.011661e-01 2.390724e-01 3.331577e-01 3.707915e-01 3.409768e-01 4.361369e-01 4.839825e-01 5.684612e-01 5.515763e-01 6.238276e-01 7.248319e-01 7.180852e-01 7.245072e-01 1.141753e-01
<GCONST> 1.168337e+02
<MIXTURE> 2 1.260108e-01
<MEAN> 39
 -2.066627e+01 4.988734e-01 7.113780e+00 -1.190749e+00 1.126191e+00 4.161447e+00 4.455453e+00 3.717509e+00 3.167158e+00 2.180149e+00 5.014988e+00 4.048760e+00 2.839656e+00 2.709474e+00 6.003015e-01 7.021693e-01 8.984972e-01 -7.895788e-01 -1.500194e+00 -8.539616e-01 -8.771765e-01 -1.181403e+00 -9.057024e-01 -9.299919e-01 -6.128107e-01 -1.376893e-01 1.299773e+00 5.201165e-01 2.816592e-01 1.778123e-01 -3.911974e-01 -6.949305e-01 -6.054674e-01 -4.795545e-01 -4.489546e-01 -3.968377e-01 -3.591781e-01 -3.264951e-01 2.519671e-01
<VARIANCE> 39
 1.499866e+01 2.389455e+01 2.509917e+01 2.456169e+01 3.717058e+01 4.126245e+01 3.522540e+01 3.657062e+01 3.461062e+01 3.058338e+01 3.045056e+01 2.549077e+01 1.752994e+01 2.178049e+00 1.416053e+00 1.648541e+00 1.226507e+00 1.801716e+00 1.978142e+00 1.966393e+00 2.285490e+00 2.200903e+00 2.157394e+00 1.951641e+00 1.671937e+00 5.792063e-01 1.927582e-01 1.974068e-01 2.999180e-01 2.746521e-01 3.815045e-01 4.441245e-01 3.588406e-01 4.441763e-01 4.506459e-01 4.332235e-01 4.278142e-01 3.749326e-01 9.023077e-02
<GCONST> 1.065146e+02
<MIXTURE> 3 1.610714e-01
<MEAN> 39
 -2.273290e+01 9.770082e+00 7.520860e+00 1.786827e+00 7.281133e+00 6.666780e+00 6.836636e+00 3.079041e+00 4.816114e+00 3.706139e+00 5.300183e+00 -1.048557e+00 2.062597e+00 8.828729e-01 -5.211550e-01 1.743905e-01 -2.049758e-01 -1.021031e+00 -6.207814e-01 -2.907684e-01 -4.231417e-01 -4.734864e-01 -3.296812e-01 -1.036413e-01 -5.777650e-03 -1.706826e-01 1.180746e+00 4.059914e-02 -3.994731e-02 -2.901359e-01 -1.000390e+00 -1.069403e+00 -7.916827e-01 -5.609664e-01 -4.841196e-01 -3.969202e-01 -1.926224e-01 1.085237e-01 1.533385e-01
<VARIANCE> 39
 1.171701e+01 2.752992e+01 3.173980e+01 2.181844e+01 3.333183e+01 3.449669e+01 3.468557e+01 3.040610e+01 3.997679e+01 3.002228e+01 3.428535e+01 3.657076e+01 1.637504e+01 8.062432e-01 8.886722e-01 9.649191e-01 1.060379e+00 1.409436e+00 1.422194e+00 1.512022e+00 1.619342e+00 1.551312e+00 1.621276e+00 1.539493e+00 1.356384e+00 3.909519e-01 1.882111e-01 2.200259e-01 2.625655e-01 2.396397e-01 2.697433e-01 3.056192e-01 3.301654e-01 3.805896e-01 4.232489e-01 4.242993e-01 4.777403e-01 4.924953e-01 7.843577e-02
<GCONST> 1.007924e+02
<MIXTURE> 4 1.414354e-01
<MEAN> 39
 -2.085626e+01 7.412653e+00 7.411883e+00 1.033670e+00 4.534958e+00 5.369963e+00 6.379133e+00 2.777379e+00 4.306552e+00 3.371822e+00 5.881694e+00 4.622687e-01 1.559173e+00 4.018257e+00 4.611618e-01 6.266145e-01 -4.444456e-01 -3.039462e+00 -3.290591e+00 -2.469234e+00 -2.163829e+00 -2.120165e+00 -1.743047e+00 -1.311247e+00 -4.875873e-01 5.334054e-01 1.311405e+00 -1.872977e-01 -5.643848e-02 -2.641310e-01 -9.118806e-01 -8.580046e-01 -6.637169e-01 -3.486116e-01 -4.457352e-01 -4.467409e-01 -4.543247e-01 -1.770464e-01 4.066367e-01
<VARIANCE> 39
 1.450580e+01 3.111264e+01 3.287778e+01 2.341462e+01 3.779341e+01 3.609077e+01 3.415398e+01 3.289806e+01 3.603528e+01 2.896244e+01 3.244406e+01 3.192212e+01 1.865974e+01 2.326262e+00 1.492044e+00 1.922839e+00 1.942787e+00 2.545092e+00 2.254336e+00 1.974559e+00 2.353506e+00 2.355992e+00 2.258272e+00 2.279627e+00 2.487444e+00 5.846671e-01 2.056157e-01 3.116898e-01 3.355089e-01 3.370172e-01 4.138225e-01 4.783854e-01 4.183567e-01 4.860421e-01 4.918813e-01 4.695017e-01 4.556643e-01 4.116992e-01 9.655729e-02
<GCONST> 1.105970e+02
<MIXTURE> 5 1.440982e-01
<MEAN> 39
 -1.335497e+01 8.347055e+00 1.054150e+01 1.930284e+00 1.232436e+00 -3.940426e-01 3.992647e-01 -1.765061e+00 -1.804444e+00 -1.369406e+00 1.820557e+00 5.531356e-01 2.375036e+00 5.079824e+00 2.077890e-01 5.244414e-01 -8.575328e-02 -3.233846e+00 -3.452588e+00 -2.417004e+00 -1.740664e+00 -1.784047e+00 -1.648207e+00 -1.358321e+00 -6.260682e-01 9.629080e-01 3.347307e-01 -5.753965e-01 -3.470829e-01 -2.840814e-01 -3.506894e-01 1.846424e-02 9.877264e-02 3.922531e-01 3.476375e-01 1.850670e-01 2.088380e-02 -2.718712e-02 2.703562e-01
<VARIANCE> 39
 1.999331e+01 3.234888e+01 2.808721e+01 2.345984e+01 3.471651e+01 3.912480e+01 3.958717e+01 3.611053e+01 3.469978e+01 2.797209e+01 2.985744e+01 2.893867e+01 2.050750e+01 1.986184e+00 2.863964e+00 2.980929e+00 3.161366e+00 3.294105e+00 2.872879e+00 2.742271e+00 3.642797e+00 4.001197e+00 3.208759e+00 2.967084e+00 2.993022e+00 6.380709e-01 2.403414e-01 2.955498e-01 2.766681e-01 2.776308e-01 3.676017e-01 4.289608e-01 4.527676e-01 4.711278e-01 4.632285e-01 4.841019e-01 4.981633e-01 4.072588e-01 1.222090e-01
<GCONST> 1.148016e+02
<MIXTURE> 6 7.036702e-02
<MEAN> 39
 -9.381475e+00 1.104570e+01 5.056479e+00 -2.561991e+00 -4.257987e+00 -4.142566e+00 3.966861e-01 -7.482773e-01 4.213418e+00 4.386065e+00 8.630560e+00 3.251448e+00 2.363022e+00 4.893008e+00 -2.273161e+00 -8.010136e-01 -1.919071e+00 -3.702173e+00 -2.879511e+00 -1.673101e+00 -1.237057e-02 -6.944833e-01 2.524976e-01 1.474919e+00 2.952465e+00 1.448974e+00 -1.625755e-01 -8.572212e-01 -1.051868e-01 1.947795e-01 6.691080e-01 6.480920e-01 4.024698e-01 4.037026e-01 -1.995310e-01 -2.218729e-01 -5.021223e-01 -6.873193e-02 2.597810e-01
<VARIANCE> 39
 2.989863e+01 2.844091e+01 2.992437e+01 2.600274e+01 4.366540e+01 3.745233e+01 4.080940e+01 4.048717e+01 3.464499e+01 4.226069e+01 4.609474e+01 4.310919e+01 2.262829e+01 2.381763e+00 2.768396e+00 3.907946e+00 2.614710e+00 3.673097e+00 3.874554e+00 4.622702e+00 5.227403e+00 5.913518e+00 6.983476e+00 7.287731e+00 7.354365e+00 8.728508e-01 3.775650e-01 2.773021e-01 3.689339e-01 4.079119e-01 6.279879e-01 5.074299e-01 5.526540e-01 5.902857e-01 5.119963e-01 5.892577e-01 6.938452e-01 6.252467e-01 1.540977e-01
<GCONST> 1.251909e+02
<MIXTURE> 7 1.178084e-01
<MEAN> 39
 -6.411489e+00 1.088737e+01 8.807789e+00 -2.019200e+00 -7.450576e+00 -6.954399e+00 -4.001668e+00 -6.615633e+00 -4.195863e+00 -3.542513e+00 4.736246e-01 -3.063544e+00 4.434976e+00 4.840706e+00 -1.087149e+00 1.368259e-01 -1.137000e+00 -3.639701e+00 -2.782251e+00 -1.742592e+00 -1.050933e+00 -1.553748e+00 -1.244275e+00 -1.694383e+00 -7.736217e-01 1.121983e+00 -6.296514e-01 -7.819790e-01 -2.867985e-01 9.078913e-02 7.774873e-01 1.040682e+00 8.858005e-01 1.072873e+00 7.634772e-01 6.567385e-01 2.341680e-01 1.999329e-01 -3.218652e-02
<VARIANCE> 39
 1.986243e+01 2.306930e+01 3.087976e+01 2.434539e+01 4.233634e+01 3.026322e+01 3.432294e+01 3.632470e+01 3.211935e+01 3.318898e+01 3.230525e+01 3.228366e+01 1.510613e+01 1.763966e+00 3.239506e+00 3.189661e+00 2.596158e+00 3.161553e+00 3.924711e+00 3.389174e+00 4.043204e+00 3.996512e+00 3.755324e+00 3.135983e+00 3.467878e+00 6.409783e-01 2.723998e-01 1.984058e-01 2.644965e-01 2.911800e-01 5.502359e-01 4.198285e-01 4.338063e-01 4.345163e-01 4.749319e-01 5.042975e-01 5.121623e-01 4.658496e-01 7.365661e-02
<GCONST> 1.149045e+02
<MIXTURE> 8 1.493897e-01
<MEAN> 39
 -1.387749e+01 5.331639e+00 5.265020e+00 -4.071272e-01 2.188668e+00 1.762978e+00 5.943096e-01 5.700628e-01 9.395848e-01 -4.918425e-02 1.406300e+00 -5.236588e-01 1.272734e+00 1.109219e+00 -4.948930e-01 -6.263851e-02 1.964943e-01 -5.368869e-01 -4.240384e-01 -1.320126e-01 -1.700258e-01 -1.389754e-01 -7.924663e-02 -1.335472e-01 -6.133009e-02 -4.233476e-01 4.411679e-01 -2.887250e-02 -4.132117e-02 7.508907e-02 -8.284075e-02 -1.673235e-01 -7.594569e-03 4.550566e-02 8.318002e-04 3.705858e-02 8.400720e-02 7.695492e-02 -6.984054e-02
<VARIANCE> 39
 6.144268e+01 4.145094e+01 4.027542e+01 2.855270e+01 4.429556e+01 4.416702e+01 3.878238e+01 4.400377e+01 4.249918e+01 3.862957e+01 3.154487e+01 3.474894e+01 3.604526e+01 1.224882e+00 1.149637e+00 1.351773e+00 1.510735e+00 1.955925e+00 2.040346e+00 2.094593e+00 2.232113e+00 2.062243e+00 2.119056e+00 1.793405e+00 1.794194e+00 8.897057e-01 2.648104e-01 1.996863e-01 2.631300e-01 2.585803e-01 3.694964e-01 3.665307e-01 3.906493e-01 4.284364e-01 3.832807e-01 4.141874e-01 3.597765e-01 3.555921e-01 1.342123e-01
<GCONST> 1.107662e+02
<STATE> 5
<NUMMIXES> 8
<MIXTURE> 1 1.080238e-01
<MEAN> 39
 -1.982914e+00 6.869358e+00 1.184514e+01 -4.079707e+00 -1.124956e+01 -3.819359e+00 -2.263249e+00 -7.709453e+00 -4.692825e+00 5.414488e-02 -1.666130e+00 -5.622630e+00 4.555474e+00 1.669926e+00 -1.414859e+00 5.438638e-01 -8.023824e-01 -1.026225e+00 4.602113e-01 3.328307e-01 2.587737e-01 -7.621497e-02 7.565594e-01 -9.434847e-01 -3.754662e-01 2.591971e-01 -1.006442e+00 -6.081302e-02 -2.752728e-01 3.808309e-01 1.111057e+00 6.020190e-01 4.793661e-01 6.731270e-01 4.391282e-01 2.806448e-01 3.357286e-01 4.085013e-01 -2.672642e-01
<VARIANCE> 39
 1.172092e+01 2.368710e+01 3.102376e+01 2.800636e+01 2.730461e+01 2.818771e+01 3.537753e+01 3.365921e+01 3.854432e+01 3.207846e+01 3.807003e+01 3.002383e+01 1.291447e+01 1.254484e+00 1.830610e+00 1.637301e+00 1.994760e+00 3.344275e+00 2.424987e+00 2.649601e+00 2.722625e+00 2.420143e+00 2.771832e+00 2.762788e+00 2.650379e+00 5.222561e-01 1.817588e-01 3.121437e-01 2.527022e-01 2.937939e-01 4.118640e-01 4.740509e-01 4.179862e-01 4.200597e-01 4.632839e-01 4.682834e-01 3.836860e-01 3.497079e-01 6.786396e-02
<GCONST> 1.087776e+02
<MIXTURE> 2 9.351307e-02
<MEAN> 39
 -2.076680e+00 1.021025e+00 3.466879e+00 -5.227623e+00 -8.799686e+00 -6.864693e+00 -1.180726e+00 1.549916e+00 2.745510e+00 6.731170e+00 1.375288e+01 1.190490e+01 7.075355e+00 2.089373e+00 -3.043417e+00 -5.022032e-01 -5.306696e-01 -3.564153e-03 -1.401340e-01 1.446344e-01 9.402372e-01 -6.562991e-01 -1.166988e-02 1.417890e-01 2.083997e+00 1.012704e+00 -1.094417e+00 2.477161e-01 -1.876362e-04 5.610866e-01 1.356186e+00 9.876445e-01 5.686239e-01 1.069102e-01 -5.217804e-02 -5.370563e-01 -1.140930e+00 -1.063861e+00 -2.988363e-01
<VARIANCE> 39
 1.264467e+01 2.713853e+01 3.852785e+01 2.860902e+01 3.892747e+01 3.790530e+01 5.086472e+01 5.682483e+01 5.399103e+01 6.803685e+01 4.655681e+01 5.911022e+01 1.718091e+01 2.573840e+00 2.330909e+00 3.656960e+00 3.133676e+00 5.912410e+00 4.498363e+00 4.809628e+00 4.725032e+00 4.841553e+00 5.310603e+00 6.786185e+00 5.773273e+00 7.868907e-01 2.183897e-01 4.121737e-01 4.400365e-01 4.709884e-01 6.296741e-01 5.784292e-01 7.227562e-01 8.151551e-01 7.830647e-01 7.080107e-01 5.842974e-01 6.801007e-01 9.764944e-02
<GCONST> 1.267097e+02
<MIXTURE> 3 9.404454e-02
<MEAN> 39
 -9.217234e+00 3.916223e+00 2.417726e+00 1.813615e+00 1.963795e+00 -1.679710e-01 1.760914e+00 1.730872e-01 2.548879e+00 1.195858e+00 1.381101e+00 -5.219212e-02 -2.653286e+00 2.085150e+00 -6.668400e-01 -4.380971e-01 2.788320e-01 -4.494296e-01 -5.123962e-01 -3.454190e-01 -1.975620e-01 -3.446982e-01 -2.675604e-01 -3.919717e-01 -1.762222e-01 -3.060435e-01 1.358180e-02 -4.361010e-03 6.273253e-02 -1.065702e-01 -5.046419e-02 9.164945e-02 -5.265809e-02 2.853648e-02 7.155289e-04 -5.841891e-02 -7.079122e-02 -2.430802e-02 2.392683e-01
<VARIANCE> 39
 5.339867e+01 4.727391e+01 4.315372e+01 4.385997e+01 4.191805e+01 4.343171e+01 5.187229e+01 5.117909e+01 4.391510e+01 4.296540e+01 4.087915e+01 4.085429e+01 4.339532e+01 3.777046e+00 3.336907e+00 2.658135e+00 2.935915e+00 3.370837e+00 3.223089e+00 3.728888e+00 3.392673e+00 2.726449e+00 3.263788e+00 2.597413e+00 2.306691e+00 3.544678e+00 4.309180e-01 4.729920e-01 4.219494e-01 5.860884e-01 5.494714e-01 5.286477e-01 6.361378e-01 6.414478e-01 4.949579e-01 5.829598e-01 4.736986e-01 4.485484e-01 4.378657e-01
<GCONST> 1.271969e+02
<MIXTURE> 4 1.117121e-01
<MEAN> 39
 2.364373e+00 -2.919496e+00 7.170331e-01 -9.058973e-01 -5.499593e+00 -6.591736e+00 -3.824662e+00 5.913510e+00 7.788932e+00 -3.771900e-01 -2.732565e+00 -4.642965e-01 8.361739e+00 8.692319e-01 -1.101065e+00 -1.832788e+00 -7.397093e-01 1.247378e+00 1.633451e+00 3.861829e-01 7.907367e-01 1.351800e+00 8.992819e-01 -7.735872e-01 -1.083469e+00 2.837173e-01 -6.704944e-01 5.011268e-01 1.908534e-01 -1.037537e-02 5.532904e-01 5.313395e-01 2.164690e-01 -6.186783e-01 -5.965524e-01 -4.596809e-02 2.134434e-01 1.087875e-02 -3.087550e-01
<VARIANCE> 39
 1.224126e+01 1.908785e+01 2.537092e+01 2.522757e+01 3.742538e+01 4.335931e+01 4.521233e+01 4.401065e+01 4.104557e+01 4.729189e+01 3.968628e+01 3.500138e+01 1.860031e+01 6.419377e-01 1.445580e+00 1.489902e+00 1.695080e+00 3.025160e+00 2.619987e+00 3.550906e+00 3.771866e+00 3.362885e+00 3.339750e+00 3.348978e+00 2.502244e+00 4.306861e-01 2.343148e-01 2.170266e-01 2.219979e-01 2.820842e-01 5.145091e-01 5.561782e-01 5.442179e-01 5.924576e-01 5.576154e-01 6.104709e-01 5.318617e-01 4.660579e-01 8.206408e-02
<GCONST> 1.124244e+02
<MIXTURE> 5 1.343715e-01
<MEAN> 39
 -3.370106e+00 5.337349e+00 1.106844e+01 3.558303e+00 -4.773812e+00 -8.303346e+00 -3.136060e+00 -1.662045e+00 -3.857696e+00 -3.033330e+00 9.647062e-01 3.066659e+00 5.384750e+00 3.827650e+00 -1.044793e+00 -1.043282e-01 2.661555e-01 -2.542399e+00 -2.016030e+00 -1.303718e+00 -1.617456e-01 8.573073e-03 -3.326913e-01 1.211359e-01 -1.238533e-01 8.675452e-01 -9.462963e-01 -4.626509e-01 -4.960879e-01 -4.246793e-01 4.229906e-01 9.548575e-01 5.353329e-01 5.131515e-01 6.286674e-01 4.440764e-01 2.047326e-01 -1.088372e-01 -1.512643e-01
<VARIANCE> 39
 1.709228e+01 1.530449e+01 2.895893e+01 2.314793e+01 3.268910e+01 3.198577e+01 3.126753e+01 2.860979e+01 3.937755e+01 2.548236e+01 2.513867e+01 2.185762e+01 1.809604e+01 2.629382e+00 3.160002e+00 2.862512e+00 1.719682e+00 2.908360e+00 3.725358e+00 3.491003e+00 3.734985e+00 4.331857e+00 3.490516e+00 2.942373e+00 2.837259e+00 8.020847e-01 2.364120e-01 2.711944e-01 2.216705e-01 2.206191e-01 3.582879e-01 4.012958e-01 3.959875e-01 4.005431e-01 4.364726e-01 3.977169e-01 4.061970e-01 3.483377e-01 7.451116e-02
<GCONST> 1.110466e+02
<MIXTURE> 6 1.541235e-01
<MEAN> 39
 -7.148407e-02 1.614238e+00 8.775395e+00 -1.325714e-01 -9.784010e+00 -6.517809e+00 -2.357901e+00 -4.811536e-01 -2.814721e+00 -2.430906e+00 1.379228e+00 7.193321e-04 6.101759e+00 7.774821e-01 -1.002700e+00 -3.735718e-01 -1.165668e-01 -3.099234e-01 3.851915e-01 2.415772e-01 9.165787e-01 4.074362e-01 3.190451e-01 -2.348354e-02 -1.702043e-01 1.378218e-01 -6.038774e-01 3.558423e-01 -1.227461e-01 4.310193e-03 6.643717e-01 3.218243e-01 1.394755e-01 -2.678641e-02 5.637345e-02 9.577049e-02 -7.472697e-02 -3.124356e-02 -2.161396e-01
<VARIANCE> 39
 1.289715e+01 2.345603e+01 3.569121e+01 3.432571e+01 3.217303e+01 3.261204e+01 3.453511e+01 3.501873e+01 4.538076e+01 3.718290e+01 3.592028e+01 4.116460e+01 1.772901e+01 4.539911e-01 8.501312e-01 1.208407e+00 1.100918e+00 1.778125e+00 1.636154e+00 1.907920e+00 2.185987e+00 2.169777e+00 2.038500e+00 2.306756e+00 1.932323e+00 2.302917e-01 1.450247e-01 1.889993e-01 1.855786e-01 2.007573e-01 2.936626e-01 4.011467e-01 3.401870e-01 3.295739e-01 3.702444e-01 3.767467e-01 3.515900e-01 3.446906e-01 4.481094e-02
<GCONST> 1.011020e+02
<MIXTURE> 7 1.349470e-01
<MEAN> 39
 1.076066e+00 -3.414764e+00 1.213195e+00 -4.712309e+00 -4.759651e+00 -2.757352e+00 3.235902e+00 5.835094e+00 -1.054223e+00 -3.363468e+00 1.683755e-01 2.473616e+00 7.806029e+00 3.939895e-01 -1.496097e+00 -1.083714e+00 5.125270e-01 1.957017e+00 1.141108e+00 4.477436e-01 6.257765e-01 -1.991546e-01 -5.368124e-01 -9.287424e-01 1.061510e-01 3.392787e-01 -4.330308e-01 5.693554e-01 9.645190e-02 2.878983e-01 3.393100e-01 -3.557973e-02 -4.162816e-01 -5.156203e-01 1.641007e-01 2.086396e-01 2.037515e-01 -1.104413e-01 -2.987021e-01
<VARIANCE> 39
 1.023167e+01 1.935226e+01 2.668117e+01 2.255126e+01 3.621804e+01 3.096443e+01 4.253723e+01 4.120791e+01 4.705049e+01 4.766820e+01 5.955267e+01 8.925103e+01 1.524255e+01 4.095149e-01 1.398538e+00 1.379842e+00 1.644650e+00 2.370221e+00 2.382460e+00 3.160094e+00 2.899828e+00 2.761187e+00 2.843720e+00 2.808545e+00 2.759866e+00 2.810007e-01 1.782069e-01 1.921206e-01 2.581459e-01 2.861517e-01 4.825595e-01 3.965583e-01 4.522064e-01 5.106627e-01 5.305268e-01 5.053579e-01 4.888933e-01 7.043577e-01 5.649775e-02
<GCONST> 1.095671e+02
<MIXTURE> 8 1.692644e-01
<MEAN> 39
 4.337132e-01 1.124484e+00 4.753906e+00 -2.778182e+00 -9.249530e+00 -8.122963e+00 -2.691376e+00 7.327791e-01 -5.003856e-01 -4.422133e+00 -5.204860e-01 -1.790340e-01 6.937948e+00 2.938681e+00 -2.796094e+00 -1.348086e+00 -7.619685e-01 -1.073190e+00 -3.299206e-01 -2.614896e-02 1.499762e+00 3.280900e-01 -4.949748e-01 -1.074533e+00 -3.301252e-01 1.282109e+00 -1.396447e+00 7.767766e-02 -9.434214e-02 2.659778e-01 1.370566e+00 1.290331e+00 7.314305e-01 3.580587e-01 4.594487e-01 6.001455e-01 2.423375e-01 -2.614892e-02 -3.305988e-01
<VARIANCE> 39
 1.194267e+01 2.315985e+01 2.857200e+01 3.562834e+01 3.419456e+01 3.497140e+01 4.123954e+01 4.233675e+01 4.417715e+01 3.742717e+01 3.433134e+01 3.990767e+01 1.880753e+01 2.352882e+00 2.179963e+00 2.945428e+00 2.394432e+00 4.896202e+00 4.073700e+00 4.763742e+00 4.552594e+00 5.606378e+00 4.128682e+00 3.819082e+00 3.341098e+00 9.498521e-01 1.785519e-01 3.733174e-01 3.319395e-01 5.028204e-01 5.295341e-01 5.396370e-01 5.511382e-01 6.824644e-01 6.326151e-01 5.715432e-01 5.069959e-01 5.642244e-01 1.147770e-01
<GCONST> 1.204767e+02
<TRANSP> 6
 0.000000e+00 1.000000e+00 0.000000e+00 0.000000e+00 0.000000e+00 0.000000e+00
 0.000000e+00 7.798043e-01 2.201957e-01 0.000000e+00 0.000000e+00 0.000000e+00
 0.000000e+00 0.000000e+00 8.477419e-01 1.522581e-01 0.000000e+00 0.000000e+00
 0.000000e+00 0.000000e+00 0.000000e+00 7.439384e-01 2.560616e-01 0.000000e+00
 0.000000e+00 0.000000e+00 0.000000e+00 0.000000e+00 7.054828e-01 2.945172e-01
 0.000000e+00 0.000000e+00 0.000000e+00 0.000000e+00 0.000000e+00 0.000000e+00
<ENDHMM>
