~o
<STREAMINFO> 1 39
<VECSIZE> 39<NULLD><MFCC_D_A_Z_0><DIAGC>
~h "t"
<BEGINHMM>
<NUMSTATES> 6
<STATE> 2
<NUMMIXES> 8
<MIXTURE> 1 6.651885e-02
<MEAN> 39
 1.854045e+00 -4.441711e+00 -1.287897e+00 -3.041279e+00 -2.266656e+00 -1.024198e+00 1.260787e+00 3.999627e+00 1.162884e+00 -3.805766e-01 5.239977e-01 1.747371e+00 5.403135e+00 1.411497e-01 1.657956e-01 2.577508e-01 4.180311e-02 -5.114298e-01 -3.520980e-01 -2.940896e-01 -1.328917e-01 9.770398e-02 8.024196e-02 -4.672428e-02 -1.003853e-01 -5.256836e-01 -2.666443e-02 1.831531e-01 8.688837e-02 1.712584e-01 8.987736e-02 -6.162119e-02 -1.632930e-01 -2.514489e-01 -6.768616e-02 5.110239e-02 -8.271694e-03 -1.222577e-02 -1.427666e-01
<VARIANCE> 39
 2.190437e+01 2.870445e+01 4.623796e+01 4.168562e+01 7.205731e+01 6.391141e+01 8.644724e+01 7.621701e+01 8.478850e+01 9.209731e+01 8.816106e+01 9.988605e+01 3.709143e+01 8.411269e-01 1.494443e+00 1.936906e+00 2.297630e+00 3.457106e+00 3.570350e+00 4.672881e+00 4.298966e+00 4.037605e+00 4.039835e+00 3.654973e+00 3.675490e+00 1.239457e+00 1.281109e-01 2.242181e-01 2.655908e-01 3.679480e-01 5.028974e-01 5.641094e-01 7.345781e-01 7.262639e-01 7.245696e-01 7.001256e-01 6.186243e-01 6.487716e-01 1.597092e-01
<GCONST> 1.262221e+02
<MIXTURE> 2 1.340927e-01
<MEAN> 39
 -1.252484e+01 1.110349e+01 -4.986406e+00 7.928667e+00 -3.239731e-01 -1.899987e-01 2.799098e+00 -3.415416e+00 1.417553e+00 4.744662e-02 7.482492e-01 -2.005822e+00 -2.384149e+00 -2.213320e+00 1.151236e+00 -7.135679e-01 6.149991e-01 4.220433e-01 5.811670e-01 1.096314e+00 4.904442e-01 6.385819e-01 6.474859e-01 7.330568e-01 2.091383e-01 9.527262e-01 6.691641e-01 -4.801683e-01 4.908790e-01 -3.689634e-01 -4.978213e-02 -1.886826e-01 -3.179760e-02 1.762311e-01 -8.194728e-02 2.290309e-02 5.033411e-02 1.395908e-01 -8.441054e-02
<VARIANCE> 39
 1.956569e+01 2.806209e+01 3.238594e+01 3.503500e+01 4.821923e+01 4.014215e+01 3.882563e+01 3.954094e+01 3.669692e+01 3.405206e+01 3.649062e+01 3.974350e+01 2.255444e+01 2.453797e+00 2.662483e+00 2.386445e+00 2.195847e+00 2.286773e+00 2.661390e+00 2.495276e+00 2.538299e+00 2.449029e+00 2.510338e+00 2.463479e+00 2.384108e+00 1.664440e+00 2.720417e-01 3.678170e-01 3.759405e-01 3.738374e-01 4.706225e-01 4.800545e-01 4.986149e-01 5.010321e-01 4.778595e-01 4.559613e-01 4.659566e-01 4.515519e-01 2.063767e-01
<GCONST> 1.169319e+02
<MIXTURE> 3 1.826137e-01
<MEAN> 39
 -5.134668e+00 3.330641e+00 9.782100e-01 5.049771e+00 4.060330e+00 2.331973e+00 3.165214e+00 -1.281176e-01 7.559981e-01 1.088879e+00 2.052723e-03 -9.194043e-01 -1.151515e+01 -1.485114e+00 -5.221764e-01 -8.013011e-01 -7.329302e-01 -2.306297e-01 -9.907603e-02 2.452264e-01 2.812153e-01 4.932257e-01 6.816822e-01 6.955860e-01 5.532025e-01 1.597591e+00 -2.359827e-01 1.929461e-01 -1.105914e-01 -2.182193e-01 -4.422905e-01 -4.770554e-01 -1.769711e-01 -3.028394e-02 -4.820779e-02 -4.777780e-03 1.456267e-01 1.677264e-01 1.056381e+00
<VARIANCE> 39
 2.706620e+01 2.691305e+01 2.916313e+01 2.902949e+01 3.348545e+01 3.374016e+01 3.267371e+01 3.157814e+01 3.232215e+01 2.835130e+01 2.752425e+01 2.909437e+01 3.355092e+01 4.401309e+00 3.591010e+00 3.532411e+00 3.266389e+00 3.518739e+00 3.870675e+00 3.614157e+00 3.303586e+00 3.295234e+00 3.046844e+00 2.937140e+00 2.632859e+00 5.730471e+00 4.797254e-01 4.559267e-01 4.180002e-01 4.503554e-01 5.330021e-01 5.349652e-01 5.534775e-01 5.088944e-01 5.030762e-01 4.676033e-01 4.521233e-01 4.251520e-01 4.410523e-01
<GCONST> 1.227659e+02
<MIXTURE> 4 1.199578e-01
<MEAN> 39
 3.548295e+00 -8.500270e-01 1.339043e+00 -8.384733e-01 -6.781955e+00 -6.836698e+00 -2.253650e+00 1.802759e+00 5.775801e-01 -6.689026e-01 -8.004469e-01 1.505808e+00 3.941265e+00 2.051481e-01 1.518847e+00 8.611217e-01 1.464331e+00 5.128631e-01 -3.450739e-01 -1.042006e+00 -1.625834e+00 -5.904884e-01 -5.205476e-01 -4.248354e-01 -5.682963e-01 -2.069048e+00 -2.555902e-01 2.683242e-02 -5.624926e-02 1.197152e-01 5.437939e-01 5.841977e-01 4.149944e-01 -3.098280e-02 -1.330147e-01 -1.160029e-01 -1.109050e-01 -2.342934e-01 -2.752953e-01
<VARIANCE> 39
 1.228844e+01 2.342658e+01 3.676710e+01 3.263802e+01 4.655882e+01 4.515678e+01 4.988503e+01 5.357775e+01 6.071345e+01 5.772481e+01 5.833512e+01 5.742672e+01 2.295332e+01 9.219550e-01 1.443524e+00 1.995530e+00 2.118906e+00 3.587316e+00 3.726971e+00 3.985248e+00 3.977847e+00 4.262306e+00 4.039816e+00 3.536035e+00 3.680770e+00 1.259283e+00 1.431291e-01 2.671253e-01 2.977259e-01 3.437838e-01 4.781411e-01 5.306264e-01 5.644189e-01 6.484604e-01 6.445714e-01 6.265981e-01 5.861306e-01 5.466266e-01 2.050536e-01
<GCONST> 1.205609e+02
<MIXTURE> 5 1.388088e-01
<MEAN> 39
 -5.738879e-01 6.541672e-01 2.626021e-01 1.394504e+00 -7.946539e-01 -1.242982e+00 8.574075e-01 1.759098e-01 3.783514e-01 2.107602e-01 -1.370222e-03 -1.511722e-01 -3.789777e+00 -8.152283e-02 1.675975e-01 8.013511e-02 1.730998e-01 8.772808e-02 3.258148e-02 -8.044773e-02 -1.848696e-01 -3.634604e-02 1.767997e-02 -3.758604e-02 -8.120051e-02 -4.913159e-01 -2.541799e-02 9.095965e-03 2.150624e-02 3.700121e-03 3.093443e-02 2.254766e-02 6.418928e-04 7.430583e-03 -3.637007e-02 -4.119102e-02 -2.248378e-02 -6.076384e-03 7.620398e-02
<VARIANCE> 39
 3.176503e+01 2.813027e+01 3.192590e+01 3.354086e+01 5.009204e+01 4.487283e+01 4.607498e+01 4.449016e+01 4.312325e+01 4.231667e+01 4.374657e+01 4.172410e+01 6.210246e+01 3.635671e-01 5.673297e-01 7.900841e-01 9.534922e-01 1.189089e+00 1.397760e+00 1.628500e+00 1.772876e+00 1.777183e+00 1.734345e+00 1.622457e+00 1.503740e+00 3.912265e-01 5.515330e-02 8.951540e-02 1.241877e-01 1.614920e-01 2.128191e-01 2.536178e-01 2.947068e-01 3.120076e-01 3.243637e-01 3.132009e-01 3.038135e-01 2.778392e-01 4.042182e-02
<GCONST> 9.823167e+01
<MIXTURE> 6 1.071391e-01
<MEAN> 39
 -1.015770e-01 7.478909e+00 4.716874e+00 5.571166e+00 -5.449556e-01 -3.248681e+00 -1.470288e+00 -4.784337e+00 -3.829286e+00 -3.798885e+00 -3.967681e+00 -3.720430e+00 -6.914427e+00 -1.966803e+00 2.618888e-01 -5.731884e-01 4.745724e-01 1.157678e+00 1.114480e+00 8.120348e-01 3.482507e-01 5.697572e-01 4.725978e-01 5.048043e-01 1.887440e-03 -6.531669e-01 -5.048931e-01 -4.438162e-01 -4.990304e-01 -4.411982e-01 -1.737399e-01 9.858274e-02 3.030901e-01 4.924740e-01 4.543529e-01 5.169342e-01 4.710788e-01 3.937915e-01 7.069889e-01
<VARIANCE> 39
 2.957493e+01 3.246672e+01 3.978846e+01 3.504575e+01 5.294498e+01 4.444253e+01 4.143164e+01 4.565940e+01 3.954976e+01 3.945876e+01 3.803129e+01 4.166773e+01 4.408327e+01 3.953138e+00 3.612403e+00 3.466482e+00 3.562650e+00 4.208439e+00 3.929763e+00 3.883986e+00 3.926641e+00 3.920837e+00 3.707467e+00 3.629969e+00 3.442528e+00 5.046303e+00 4.960662e-01 6.439391e-01 4.963412e-01 6.430548e-01 7.585534e-01 7.123924e-01 6.954548e-01 6.816978e-01 6.481441e-01 6.241195e-01 6.182592e-01 5.909280e-01 5.837570e-01
<GCONST> 1.310286e+02
<MIXTURE> 7 1.357777e-01
<MEAN> 39
 -1.206375e+01 1.678407e+00 -2.142957e+00 -3.215582e-02 1.905034e+00 -7.385324e-02 2.222976e+00 2.889888e-01 1.365542e+00 3.466868e+00 3.059771e+00 1.854741e+00 1.908047e-01 -1.725665e+00 6.555129e-01 -4.723518e-01 -5.148258e-01 -4.258550e-01 -4.087217e-01 2.791362e-01 3.843922e-01 1.830722e-01 3.591157e-01 6.776586e-01 5.321581e-01 2.563852e+00 6.657840e-01 4.197173e-01 4.975851e-01 4.268866e-01 -7.387087e-02 -1.379538e-01 -6.292793e-02 -2.568913e-02 -1.725282e-01 -3.526936e-01 -2.812282e-01 -1.855958e-01 -4.364953e-01
<VARIANCE> 39
 2.642262e+01 3.783709e+01 4.324623e+01 3.671507e+01 4.309465e+01 4.455438e+01 4.346273e+01 3.822929e+01 3.889746e+01 3.109202e+01 2.984278e+01 2.993389e+01 3.493050e+01 6.402213e+00 3.294695e+00 3.738259e+00 3.187328e+00 3.598569e+00 4.105413e+00 3.841788e+00 3.551545e+00 3.354084e+00 3.137693e+00 2.989263e+00 2.563573e+00 4.631553e+00 5.511186e-01 5.852853e-01 6.515400e-01 5.588648e-01 7.365222e-01 7.768405e-01 7.793758e-01 6.501936e-01 6.825022e-01 5.961543e-01 5.525243e-01 4.939702e-01 6.532710e-01
<GCONST> 1.291292e+02
<MIXTURE> 8 1.150912e-01
<MEAN> 39
 1.714329e-01 4.894618e+00 4.073339e+00 4.460815e+00 -1.236461e+00 -3.203735e+00 -2.664865e-01 -2.637236e+00 -2.523211e+00 -1.171688e+00 -8.007353e-01 -7.721651e-01 -6.278764e+00 -8.797690e-01 5.703397e-02 -3.354454e-01 4.384700e-01 1.075076e+00 9.523295e-01 5.037557e-01 1.502243e-01 3.069639e-01 1.969875e-01 6.304218e-02 -2.049135e-01 -1.361967e+00 -2.488210e-01 -3.089276e-01 -3.048733e-01 -3.154726e-01 -1.367892e-01 7.775310e-02 1.513414e-01 2.613384e-01 2.298777e-01 1.648377e-01 8.853711e-02 8.620206e-02 3.895737e-01
<VARIANCE> 39
 1.746204e+01 2.168774e+01 2.920936e+01 2.538017e+01 4.160768e+01 3.502561e+01 3.290817e+01 3.684079e+01 3.242839e+01 3.235770e+01 3.177627e+01 3.503572e+01 3.214171e+01 1.385376e+00 1.527421e+00 1.747724e+00 1.826152e+00 2.591029e+00 2.566740e+00 2.490069e+00 2.586387e+00 2.511303e+00 2.494944e+00 2.449786e+00 2.329187e+00 1.744886e+00 1.922427e-01 2.798314e-01 2.842166e-01 3.286587e-01 4.575974e-01 4.328817e-01 4.451475e-01 4.410108e-01 4.176945e-01 4.386752e-01 4.187640e-01 3.995858e-01 1.865833e-01
<GCONST> 1.121448e+02
<STATE> 3
<NUMMIXES> 8
<MIXTURE> 1 9.938756e-02
<MEAN> 39
 -4.109179e-01 -1.178372e+00 3.315240e-01 -3.259969e-01 -2.251429e+00 -2.550155e+00 1.397208e-02 1.168656e+00 2.489888e+00 2.521948e+00 2.284253e+00 1.670323e+00 1.812148e+00 1.038703e-01 3.003929e-02 8.730827e-02 1.126474e-02 -2.089021e-01 -1.872647e-01 -1.675975e-01 -1.300503e-01 -5.138882e-02 -2.309386e-01 -1.630679e-01 -1.539769e-01 2.798202e-01 -8.317631e-02 1.998188e-01 5.883943e-03 1.218681e-01 1.749341e-01 1.374640e-01 5.598984e-02 -1.018843e-01 -1.633034e-01 -1.482386e-01 -1.256828e-01 -8.316714e-02 -9.506595e-02
<VARIANCE> 39
 5.491145e+01 4.995598e+01 6.444141e+01 6.179572e+01 7.793558e+01 7.399196e+01 8.811167e+01 8.608221e+01 8.516093e+01 8.549403e+01 8.818907e+01 8.703278e+01 7.815488e+01 4.395658e+00 4.267916e+00 3.879955e+00 5.031875e+00 5.773553e+00 6.006398e+00 6.080209e+00 6.688629e+00 6.204001e+00 6.048741e+00 5.749947e+00 5.457847e+00 6.103801e+00 5.575286e-01 6.468176e-01 6.752158e-01 8.672232e-01 9.669617e-01 1.108685e+00 1.183892e+00 1.231958e+00 1.172388e+00 1.136537e+00 1.082835e+00 1.008846e+00 7.357029e-01
<GCONST> 1.486704e+02
<MIXTURE> 2 1.006626e-01
<MEAN> 39
 -1.692872e+01 1.121526e+01 -6.023237e+00 9.132034e+00 1.636778e+00 2.299015e+00 8.426726e+00 -1.012105e+00 5.133646e+00 4.002899e+00 4.604486e+00 -8.016330e-01 -7.111052e-02 -7.896283e-02 4.530147e-02 5.820291e-01 -5.268079e-01 -2.137864e-01 -6.817192e-01 5.216154e-01 2.226387e-01 -2.688212e-01 4.984846e-02 4.931050e-01 3.064598e-01 8.878427e-01 1.324684e+00 -4.815884e-01 6.247326e-01 -5.469549e-01 -5.527443e-01 -7.530224e-01 -8.715819e-01 -2.621071e-01 -5.854381e-01 -5.936375e-01 -4.056485e-01 6.832768e-02 -1.863605e-01
<VARIANCE> 39
 1.322209e+01 2.579530e+01 2.560206e+01 3.012202e+01 4.135512e+01 3.573814e+01 3.435352e+01 3.247574e+01 3.079458e+01 2.989231e+01 3.444141e+01 3.737758e+01 2.015214e+01 2.338700e+00 2.529130e+00 2.205423e+00 1.960375e+00 2.386908e+00 2.649035e+00 2.587417e+00 2.682328e+00 2.452506e+00 2.427152e+00 2.228951e+00 2.064355e+00 1.525895e+00 3.745938e-01 4.769613e-01 4.365447e-01 3.851756e-01 5.562005e-01 5.445653e-01 5.206093e-01 5.332652e-01 5.165223e-01 5.541568e-01 6.389609e-01 6.249245e-01 2.878349e-01
<GCONST> 1.168218e+02
<MIXTURE> 3 1.508242e-01
<MEAN> 39
 3.995447e+00 9.396165e-01 2.357638e+00 1.486047e+00 -4.143579e+00 -5.255653e+00 -3.963451e+00 -1.240642e+00 -3.827505e-01 -2.046952e+00 -2.076586e+00 3.248596e-02 7.164435e-01 -8.465528e-02 9.170671e-01 5.384205e-01 9.480180e-01 5.666143e-01 1.371500e-01 -3.004696e-01 -1.044435e+00 -4.972757e-01 -4.083281e-01 -4.160371e-01 -5.879632e-01 -1.456509e+00 -2.542859e-01 -2.597201e-01 -2.316787e-01 -2.947201e-01 1.099926e-01 3.480080e-01 5.263891e-01 4.096805e-01 3.936078e-02 1.129690e-01 7.627198e-02 2.550909e-02 2.787077e-01
<VARIANCE> 39
 1.201432e+01 2.625033e+01 3.247222e+01 3.051466e+01 4.614304e+01 3.920105e+01 4.490755e+01 5.378948e+01 5.568719e+01 5.405725e+01 5.402210e+01 5.476064e+01 2.442733e+01 9.144767e-01 1.683888e+00 1.979359e+00 2.301836e+00 3.310556e+00 3.346045e+00 3.717794e+00 4.222602e+00 4.087127e+00 3.851266e+00 3.507428e+00 3.577744e+00 1.480015e+00 1.203126e-01 2.009958e-01 2.491121e-01 3.179722e-01 4.214311e-01 4.715315e-01 5.640790e-01 6.313521e-01 6.232077e-01 5.927395e-01 5.529039e-01 5.206289e-01 1.212219e-01
<GCONST> 1.183448e+02
<MIXTURE> 4 1.307949e-01
<MEAN> 39
 -3.426744e+00 3.309933e+00 1.107455e+00 4.118404e+00 1.269296e+00 8.023031e-03 1.745412e+00 -7.520085e-01 -6.977718e-01 -4.044716e-01 -7.289028e-01 -1.125005e+00 -6.499972e+00 -8.594813e-01 -5.460069e-01 -6.446369e-01 -2.495942e-01 2.596980e-01 4.403681e-01 4.947435e-01 5.592038e-01 6.200325e-01 5.500839e-01 4.589783e-01 2.431401e-01 -5.934881e-01 9.836444e-02 -5.403873e-02 -2.141520e-02 -1.756753e-01 -2.677345e-01 -2.153909e-01 -1.534422e-01 -9.440082e-03 1.000199e-02 -4.356147e-04 3.575681e-02 8.918586e-02 3.552349e-01
<VARIANCE> 39
 2.808736e+01 2.830904e+01 3.092075e+01 2.714542e+01 3.875878e+01 3.288661e+01 3.132386e+01 3.583859e+01 3.054899e+01 3.029340e+01 2.873738e+01 3.145989e+01 3.262495e+01 1.808475e+00 1.495924e+00 1.734383e+00 1.702609e+00 2.153386e+00 2.259443e+00 2.286427e+00 2.323910e+00 2.346144e+00 2.369265e+00 2.200895e+00 2.145644e+00 1.609255e+00 1.747237e-01 2.216511e-01 2.474703e-01 2.804067e-01 3.662612e-01 3.769527e-01 3.906528e-01 3.886089e-01 3.934274e-01 4.059666e-01 3.879497e-01 3.723690e-01 1.372526e-01
<GCONST> 1.099189e+02
<MIXTURE> 5 9.513824e-02
<MEAN> 39
 1.235781e+00 3.354602e-01 2.540862e-02 -8.846683e-01 -1.834010e+00 -1.755789e+00 -8.043483e-01 3.229401e-02 1.598084e-01 2.898794e-01 5.479892e-01 5.200760e-01 2.394506e+00 -8.566649e-03 9.898197e-02 1.099544e-01 8.752091e-02 5.662912e-02 2.544857e-02 -5.905707e-02 -1.286793e-01 -8.238105e-02 -3.459810e-02 -6.601256e-02 -5.346008e-02 -1.901126e-01 1.461783e-03 -1.134263e-03 7.644917e-04 1.135779e-02 2.911798e-02 2.976482e-02 2.629899e-02 3.194828e-02 1.070764e-02 -1.283427e-02 -1.636082e-02 1.676120e-02 1.231144e-02
<VARIANCE> 39
 3.929246e+01 3.698267e+01 4.892247e+01 5.191689e+01 6.580669e+01 6.043424e+01 5.802035e+01 6.060923e+01 6.070472e+01 6.145816e+01 6.710609e+01 6.957273e+01 6.314499e+01 2.154059e-01 4.394906e-01 6.699883e-01 8.447377e-01 1.139250e+00 1.271076e+00 1.414597e+00 1.573634e+00 1.668455e+00 1.591110e+00 1.515527e+00 1.403635e+00 1.680781e-01 3.353846e-02 7.150174e-02 1.113670e-01 1.506050e-01 1.927898e-01 2.288160e-01 2.722963e-01 2.933878e-01 2.948117e-01 2.901241e-01 2.719885e-01 2.614596e-01 2.194636e-02
<GCONST> 9.757152e+01
<MIXTURE> 6 1.758856e-01
<MEAN> 39
 -1.794913e+01 8.663903e+00 -1.032528e+00 4.941286e+00 3.371032e+00 2.262436e+00 5.433484e+00 1.375256e+00 2.815384e+00 3.084980e+00 3.721205e+00 7.456801e-01 7.777079e-01 -1.130752e-01 -4.115131e-01 2.454306e-01 -6.221538e-02 -4.565117e-02 5.193278e-02 2.772267e-01 1.610881e-01 7.903504e-02 9.408136e-02 1.182817e-01 2.373264e-02 8.316773e-02 4.101928e-01 -1.374231e-01 5.821327e-02 -7.502680e-02 -1.260177e-01 -1.790837e-01 -1.594540e-01 -9.133746e-02 -1.103320e-01 -1.103697e-01 -1.044474e-01 -3.812995e-02 -1.119672e-01
<VARIANCE> 39
 2.086229e+01 3.232867e+01 5.043211e+01 4.715232e+01 4.454239e+01 4.419636e+01 3.968351e+01 3.737891e+01 3.603573e+01 3.163408e+01 3.102437e+01 3.632596e+01 2.292031e+01 8.339111e-01 9.505015e-01 1.039028e+00 1.256826e+00 1.496681e+00 1.651371e+00 1.711148e+00 1.673777e+00 1.709839e+00 1.631579e+00 1.584113e+00 1.450262e+00 5.069906e-01 1.472901e-01 1.878513e-01 1.971074e-01 2.205619e-01 2.705045e-01 3.017630e-01 3.192699e-01 3.188052e-01 3.289048e-01 3.179744e-01 3.069452e-01 2.910573e-01 6.078152e-02
<GCONST> 1.022333e+02
<MIXTURE> 7 1.139815e-01
<MEAN> 39
 -1.097952e+01 9.740209e+00 -1.842577e+00 6.087463e+00 -6.951407e-01 -1.404479e+00 3.637905e+00 -2.648585e+00 1.331353e+00 9.470143e-01 1.948153e+00 -1.300417e+00 -2.035479e-01 2.981125e+00 -6.597582e-01 1.005369e+00 -1.750603e+00 -2.403842e+00 -2.892270e+00 -1.636950e+00 1.488063e-01 -2.569553e-01 -2.651718e-01 6.618909e-01 1.512673e+00 2.145857e+00 8.522799e-01 -7.698163e-01 1.588027e-01 -4.863366e-01 -3.190114e-01 -1.653375e-01 -3.451415e-01 3.947507e-01 6.733556e-03 -4.296553e-02 -3.823748e-02 3.847323e-01 6.687469e-02
<VARIANCE> 39
 2.707537e+01 3.575773e+01 3.514339e+01 3.319897e+01 4.553106e+01 4.374904e+01 4.232372e+01 4.012232e+01 3.730668e+01 3.713888e+01 4.119051e+01 4.467689e+01 2.411751e+01 2.944474e+00 3.306712e+00 3.245823e+00 3.508333e+00 3.863414e+00 3.793581e+00 4.268494e+00 4.778996e+00 4.988153e+00 5.036833e+00 6.264623e+00 5.902147e+00 3.242363e+00 4.608844e-01 5.458958e-01 5.302765e-01 5.194709e-01 7.216792e-01 7.799235e-01 7.774408e-01 7.373670e-01 7.649809e-01 7.654561e-01 9.572570e-01 1.016175e+00 3.649173e-01
<GCONST> 1.316310e+02
<MIXTURE> 8 1.333255e-01
<MEAN> 39
 -1.804992e+01 5.613954e+00 8.060351e-01 -1.316556e+00 4.406474e+00 4.825817e-02 3.595401e+00 3.784884e+00 5.990518e-01 3.210816e+00 4.006692e+00 3.176774e+00 2.413426e+00 -3.492092e-02 -7.984494e-02 9.939081e-01 3.602409e-01 -3.100834e-01 -8.882646e-02 2.172545e-01 5.185391e-01 1.205414e-01 -2.536534e-01 1.035581e-01 1.238151e-01 4.718467e-01 1.319566e+00 -2.147871e-01 2.738513e-01 4.224057e-01 -3.247896e-01 -2.507071e-01 -3.727114e-01 -4.198783e-01 -1.551444e-01 -3.384870e-01 -4.274871e-01 -2.848915e-01 -4.034845e-01
<VARIANCE> 39
 2.017208e+01 3.168557e+01 4.396318e+01 2.434430e+01 4.089962e+01 5.270443e+01 4.229355e+01 3.810294e+01 3.918697e+01 3.439690e+01 3.031880e+01 2.996342e+01 2.061934e+01 3.938717e+00 2.711385e+00 2.172736e+00 2.151516e+00 2.554278e+00 2.921461e+00 2.850802e+00 2.552911e+00 2.546859e+00 2.369046e+00 2.196668e+00 1.841173e+00 1.372764e+00 4.448766e-01 5.069845e-01 5.149697e-01 3.646003e-01 5.453594e-01 6.543889e-01 5.823215e-01 5.437602e-01 5.667268e-01 5.558527e-01 4.967249e-01 4.435795e-01 2.786610e-01
<GCONST> 1.193471e+02
<STATE> 4
<NUMMIXES> 8
<MIXTURE> 1 1.763043e-01
<MEAN> 39
 -7.328511e+00 1.604910e+00 -9.695237e-01 2.947924e+00 1.002733e+00 -5.646102e-02 3.645455e+00 2.003417e+00 2.480016e+00 2.157492e+00 2.190511e+00 6.971794e-01 -5.365608e+00 -7.570040e-02 -4.707060e-01 -2.403702e-01 -7.762648e-02 2.920352e-02 1.157560e-01 -1.720399e-02 1.136418e-01 1.155602e-01 -1.501617e-02 -2.435130e-02 6.377485e-02 -3.931817e-01 2.483184e-01 2.172817e-01 1.845129e-01 6.623970e-02 -4.176895e-02 -1.074564e-01 -2.528822e-01 -2.932709e-01 -2.954051e-01 -2.620431e-01 -2.207738e-01 -9.910479e-02 2.232800e-01
<VARIANCE> 39
 3.989547e+01 4.082064e+01 3.418071e+01 3.276661e+01 4.405103e+01 3.836761e+01 3.780313e+01 3.864085e+01 3.674660e+01 3.580828e+01 3.418050e+01 3.625340e+01 4.534828e+01 2.785103e+00 1.728639e+00 1.911800e+00 1.921836e+00 2.225827e+00 2.421320e+00 2.496803e+00 2.497105e+00 2.581866e+00 2.541926e+00 2.439643e+00 2.254191e+00 1.978370e+00 2.238998e-01 2.981131e-01 2.962871e-01 3.229094e-01 4.039621e-01 4.283902e-01 4.306317e-01 4.320161e-01 4.463255e-01 4.510401e-01 4.083000e-01 3.991064e-01 2.452036e-01
<GCONST> 1.162752e+02
<MIXTURE> 2 1.084426e-01
<MEAN> 39
 -8.797818e+00 7.050252e+00 5.127845e+00 4.980564e+00 1.481772e+00 -2.924669e+00 1.817205e+00 -7.188293e-01 -2.367888e+00 -1.066361e+00 6.251032e-01 8.895678e-01 1.878898e+00 4.360781e+00 3.094404e-01 1.306432e+00 3.902305e-02 -1.980824e+00 -2.235208e+00 -2.317875e+00 -1.372022e+00 -1.226497e+00 -1.688016e+00 -1.590281e+00 -6.966874e-01 1.022382e+00 2.715466e-01 -4.317728e-01 -5.465584e-01 -3.970108e-01 -3.665907e-01 2.520036e-02 -7.847311e-02 1.426867e-01 3.208625e-01 2.024435e-01 2.711800e-02 -1.916543e-02 1.579742e-01
<VARIANCE> 39
 2.401075e+01 3.376122e+01 3.394224e+01 2.662689e+01 3.821759e+01 3.885955e+01 3.943782e+01 4.239520e+01 3.581374e+01 3.074420e+01 2.917025e+01 3.009634e+01 2.275093e+01 1.891752e+00 2.588957e+00 3.177440e+00 3.637676e+00 3.952750e+00 4.068478e+00 3.752173e+00 3.739550e+00 4.165553e+00 3.783068e+00 3.449076e+00 3.264562e+00 8.244890e-01 3.251007e-01 3.770200e-01 3.074031e-01 3.475539e-01 4.365087e-01 4.759694e-01 4.871526e-01 5.514357e-01 5.015838e-01 4.624223e-01 4.764499e-01 4.318513e-01 1.709841e-01
<GCONST> 1.192238e+02
<MIXTURE> 3 9.851837e-02
<MEAN> 39
 3.608922e+00 -3.555312e+00 2.629606e+00 -1.201340e+00 -6.389051e+00 -3.810500e+00 -3.944231e+00 2.523093e+00 1.563520e+00 -5.588797e-02 3.634139e-01 2.629272e+00 4.214859e+00 -1.246755e-01 -2.544211e-01 -1.859138e-01 -4.256282e-01 -9.556840e-02 3.266461e-01 3.274931e-01 4.760214e-01 -8.635359e-02 1.972341e-01 2.163614e-02 8.101661e-04 3.009942e-01 -1.785858e-01 8.790528e-02 -2.238974e-01 -7.418528e-02 3.292916e-01 1.982613e-01 4.461600e-01 1.720003e-02 -1.354076e-01 -3.924052e-03 -5.888746e-02 -1.115619e-01 1.438691e-01
<VARIANCE> 39
 1.789482e+01 2.742160e+01 4.822770e+01 4.920477e+01 6.317835e+01 5.634035e+01 6.993461e+01 8.137482e+01 8.035324e+01 8.121690e+01 8.879455e+01 8.214048e+01 2.516713e+01 8.358229e-01 1.579927e+00 2.312651e+00 2.382811e+00 3.573167e+00 3.553676e+00 4.287526e+00 5.016827e+00 4.599923e+00 4.045377e+00 3.781889e+00 3.540441e+00 1.122964e+00 1.477202e-01 2.749709e-01 3.567452e-01 5.268803e-01 6.272174e-01 6.698473e-01 8.874221e-01 1.028065e+00 8.636189e-01 8.013829e-01 7.270062e-01 6.625684e-01 2.395236e-01
<GCONST> 1.282400e+02
<MIXTURE> 4 1.246648e-01
<MEAN> 39
 2.970570e+00 4.723792e+00 3.418068e+00 3.827114e+00 -1.813924e+00 -4.412130e+00 -2.849361e+00 -4.550566e+00 -3.425004e+00 -4.562461e+00 -4.960965e+00 -3.838151e+00 -3.282880e+00 -6.319742e-01 7.490960e-01 1.472571e-01 6.828847e-01 8.072253e-01 6.223448e-01 4.574466e-01 -4.525323e-01 -3.138925e-01 -2.520448e-01 -2.166229e-01 -5.140896e-01 -1.260602e+00 -2.835489e-01 -4.919135e-01 -3.175150e-01 -4.841322e-01 -2.374607e-01 1.297212e-01 3.215752e-01 6.543848e-01 3.948264e-01 4.686586e-01 4.125803e-01 4.135524e-01 5.468077e-01
<VARIANCE> 39
 1.901032e+01 2.898717e+01 3.361703e+01 3.157204e+01 4.720020e+01 4.089300e+01 4.373455e+01 4.748537e+01 4.817843e+01 5.053961e+01 4.723523e+01 4.693112e+01 2.896703e+01 1.778392e+00 2.175971e+00 2.146537e+00 2.389128e+00 2.871199e+00 3.289398e+00 3.382788e+00 3.918195e+00 3.712529e+00 3.618149e+00 3.517172e+00 3.423396e+00 1.698351e+00 2.544574e-01 3.112039e-01 3.731456e-01 4.606696e-01 5.863205e-01 6.152331e-01 6.970847e-01 7.519719e-01 7.368981e-01 7.303845e-01 6.697852e-01 6.136481e-01 2.253294e-01
<GCONST> 1.235001e+02
<MIXTURE> 5 1.357296e-01
<MEAN> 39
 1.308457e+00 1.279638e+00 9.051353e-01 1.138064e+00 -1.614807e+00 -2.250227e+00 -1.185061e+00 -1.500096e+00 -1.253517e+00 -1.383513e+00 -1.536700e+00 -9.075706e-01 -1.938821e+00 -8.588783e-02 9.314261e-02 3.383432e-02 1.119679e-01 1.684077e-01 1.855260e-01 1.162267e-01 -1.415639e-02 -2.904894e-02 -4.491423e-02 -6.719708e-02 -1.015631e-01 -3.417672e-01 1.716806e-03 -5.753343e-02 -4.094193e-02 -7.490457e-02 -2.467914e-02 3.568152e-02 6.604525e-02 1.470253e-01 8.899052e-02 5.703488e-02 5.855661e-02 7.584104e-02 1.469559e-01
<VARIANCE> 39
 2.271793e+01 2.878169e+01 3.479505e+01 3.602429e+01 4.964726e+01 4.324582e+01 4.490967e+01 4.957765e+01 4.650182e+01 4.723250e+01 4.617604e+01 5.010153e+01 4.884647e+01 3.270048e-01 5.512843e-01 7.834311e-01 9.541203e-01 1.307228e+00 1.449092e+00 1.639940e+00 1.748686e+00 1.760985e+00 1.767822e+00 1.703110e+00 1.579429e+00 3.126370e-01 5.295774e-02 9.372175e-02 1.495289e-01 1.923900e-01 2.454846e-01 2.829223e-01 3.286365e-01 3.479079e-01 3.400660e-01 3.409769e-01 3.172823e-01 3.000978e-01 4.866279e-02
<GCONST> 9.943512e+01
<MIXTURE> 6 1.452778e-01
<MEAN> 39
 -2.112264e+00 8.255841e+00 4.013972e+00 2.877155e+00 -4.705968e+00 -8.865594e+00 -3.219810e+00 -4.426474e+00 -3.752171e+00 -3.526669e+00 -2.143866e+00 -7.054480e-01 4.244192e+00 3.956268e+00 -9.547276e-01 5.256851e-01 -8.678427e-01 -2.342757e+00 -1.930971e+00 -1.875180e+00 -4.467028e-01 -4.380732e-01 -1.103868e+00 -1.204031e+00 -4.448730e-01 1.274013e+00 -6.538413e-01 -6.867101e-01 -5.254707e-01 -1.939535e-01 3.712314e-01 8.872770e-01 6.865910e-01 7.170197e-01 6.302232e-01 5.999730e-01 4.192924e-01 1.501194e-01 -1.595517e-01
<VARIANCE> 39
 1.978569e+01 2.622565e+01 3.657335e+01 2.834265e+01 4.376786e+01 3.481916e+01 4.089420e+01 4.040652e+01 3.736853e+01 3.444891e+01 3.417121e+01 3.639943e+01 2.131902e+01 1.804546e+00 2.956640e+00 3.624504e+00 3.382455e+00 3.873116e+00 4.150149e+00 4.127548e+00 4.497500e+00 4.892626e+00 4.074722e+00 4.007599e+00 3.877881e+00 9.600719e-01 2.991408e-01 2.603741e-01 3.027137e-01 3.691277e-01 4.816124e-01 4.846844e-01 5.336233e-01 5.605999e-01 5.315316e-01 5.259275e-01 5.218896e-01 4.724090e-01 1.258918e-01
<GCONST> 1.203790e+02
<MIXTURE> 7 1.105621e-01
<MEAN> 39
 -1.631504e+01 4.248531e+00 6.308422e-01 2.818390e+00 1.933816e+00 8.008124e-01 6.865395e+00 3.063135e+00 2.507082e+00 3.643035e+00 4.909945e+00 2.555245e+00 1.656479e+00 3.189466e+00 2.973657e-01 1.729770e+00 3.103388e-01 -1.305140e+00 -1.911786e+00 -1.810819e+00 -1.334023e+00 -1.600641e+00 -1.814655e+00 -1.443113e+00 -6.478609e-01 4.301844e-01 1.226192e+00 1.427204e-01 7.371883e-02 -8.983286e-02 -5.350332e-01 -5.742212e-01 -8.562077e-01 -5.475097e-01 -3.869808e-01 -5.052662e-01 -5.854869e-01 -3.083491e-01 1.899116e-01
<VARIANCE> 39
 1.998750e+01 3.250646e+01 3.935011e+01 2.905976e+01 4.183086e+01 4.232324e+01 3.939307e+01 3.729939e+01 3.420115e+01 3.166608e+01 3.055691e+01 3.388991e+01 2.019813e+01 2.143715e+00 1.916290e+00 2.308683e+00 2.657996e+00 3.194467e+00 3.065553e+00 2.952735e+00 2.808690e+00 2.715862e+00 2.635582e+00 2.390391e+00 2.338698e+00 8.522680e-01 2.795228e-01 4.220201e-01 3.742363e-01 3.970771e-01 5.330437e-01 5.573367e-01 5.075502e-01 5.449901e-01 5.377532e-01 5.275081e-01 5.133153e-01 4.741106e-01 1.435673e-01
<GCONST> 1.168998e+02
<MIXTURE> 8 1.005004e-01
<MEAN> 39
 -1.074520e+00 6.196743e+00 -5.335930e-01 6.529238e-01 -8.092299e+00 -9.387197e+00 -2.041287e+00 -6.306285e-01 2.606184e+00 1.410299e+00 5.282019e+00 5.291030e+00 4.505259e+00 3.296165e+00 -2.566445e+00 6.834632e-01 -2.433672e+00 -1.745105e+00 -1.823243e+00 -1.248516e+00 1.329795e+00 3.368269e-02 8.131724e-03 5.191292e-01 1.969661e+00 2.195714e+00 -6.162878e-01 -4.905663e-01 -9.353642e-02 1.796986e-01 9.016743e-01 1.159202e+00 6.134584e-01 2.576048e-01 -1.492302e-01 -6.713644e-02 -5.099049e-01 -5.069143e-01 -4.220768e-01
<VARIANCE> 39
 1.813607e+01 3.109062e+01 3.277923e+01 3.207195e+01 4.587541e+01 3.934400e+01 4.113541e+01 4.208044e+01 4.191923e+01 5.007462e+01 5.558517e+01 4.528727e+01 2.039027e+01 2.365084e+00 3.259315e+00 4.214644e+00 3.802222e+00 5.380540e+00 5.273668e+00 6.158213e+00 6.100599e+00 6.665070e+00 6.571887e+00 8.410580e+00 9.024408e+00 1.919555e+00 3.806075e-01 4.035074e-01 3.958424e-01 4.798172e-01 5.769838e-01 6.585594e-01 6.711822e-01 6.913570e-01 6.546843e-01 6.857474e-01 7.124816e-01 6.624159e-01 3.111487e-01
<GCONST> 1.309799e+02
<STATE> 5
<NUMMIXES> 8
<MIXTURE> 1 1.306361e-01
<MEAN> 39
 -5.799747e+00 1.861495e+00 -1.106864e+00 2.829256e+00 1.372030e+00 2.972944e-01 2.685144e+00 1.193893e+00 1.559023e+00 9.824061e-01 8.944957e-01 1.183185e-01 -5.948263e+00 -2.524071e-01 2.446343e-03 3.972991e-02 1.554790e-01 1.535367e-01 1.438120e-01 -7.154353e-02 -2.647698e-01 -2.619093e-01 -2.377270e-01 -1.921539e-01 -9.431949e-02 -1.838458e-01 1.560611e-01 1.566301e-01 1.857188e-01 4.850681e-02 -9.112705e-02 -1.487713e-01 -1.573377e-01 -1.839648e-01 -1.640221e-01 -9.036387e-02 -5.971727e-02 -2.803717e-02 2.684149e-01
<VARIANCE> 39
 4.690125e+01 3.995998e+01 3.498785e+01 3.434940e+01 4.332505e+01 3.881560e+01 3.858326e+01 3.775320e+01 3.653444e+01 3.618077e+01 3.438889e+01 3.717348e+01 4.916607e+01 2.036933e+00 1.591842e+00 1.665684e+00 1.714937e+00 2.077702e+00 2.270185e+00 2.393862e+00 2.437913e+00 2.443532e+00 2.436961e+00 2.334000e+00 2.056732e+00 1.604279e+00 3.012537e-01 2.985170e-01 3.085519e-01 3.455154e-01 4.325477e-01 4.456793e-01 4.567310e-01 4.621781e-01 4.615011e-01 4.539612e-01 4.278354e-01 4.058591e-01 2.993584e-01
<GCONST> 1.162493e+02
<MIXTURE> 2 5.879137e-02
<MEAN> 39
 2.666951e-02 -9.795467e-01 1.688177e+00 -3.331455e+00 -7.550538e+00 -7.889621e+00 -9.045166e-01 2.794512e+00 1.599616e+00 5.277519e+00 1.040269e+01 1.215508e+01 7.297042e+00 6.134743e-01 -2.209596e+00 5.207265e-01 -1.027974e+00 8.892204e-01 7.535203e-01 4.309298e-01 9.994425e-01 -6.850162e-01 1.926025e-01 -3.867458e-02 1.165022e+00 8.916177e-01 -7.114897e-01 5.239186e-01 -2.380612e-01 6.535257e-01 7.261789e-01 8.083372e-01 4.437434e-01 -3.240715e-01 -1.148036e-01 -4.172484e-01 -8.980324e-01 -1.149873e+00 -5.266695e-01
<VARIANCE> 39
 1.328632e+01 2.354024e+01 4.359318e+01 3.310461e+01 4.673616e+01 4.426532e+01 5.171286e+01 5.619519e+01 7.064785e+01 8.090569e+01 6.964429e+01 5.732205e+01 1.910395e+01 1.488722e+00 2.647290e+00 2.683115e+00 3.216295e+00 4.186853e+00 4.106096e+00 4.475717e+00 4.623905e+00 4.780211e+00 5.381423e+00 5.879568e+00 5.646637e+00 1.054388e+00 2.676846e-01 3.456606e-01 4.973135e-01 4.792780e-01 6.983709e-01 7.395429e-01 7.269704e-01 8.160542e-01 9.187551e-01 9.335696e-01 7.604331e-01 7.381827e-01 1.835113e-01
<GCONST> 1.289799e+02
<MIXTURE> 3 2.030754e-01
<MEAN> 39
 9.017315e-01 4.559990e+00 2.925101e+00 3.603828e+00 -1.735669e+00 -2.319996e+00 -8.699259e-01 -3.356602e+00 -2.702693e+00 -2.990687e+00 -3.260771e+00 -3.266658e+00 -4.766075e+00 -4.480748e-02 7.178193e-03 -5.725341e-02 7.585579e-02 1.928506e-01 1.700445e-01 6.354653e-02 6.116735e-02 1.108310e-01 8.963819e-02 7.392644e-02 2.604820e-02 -2.586174e-01 -1.992223e-02 -4.596616e-02 -1.625548e-02 -4.131447e-02 -2.023860e-02 -2.074078e-02 9.262265e-03 6.591485e-02 4.540364e-02 5.844648e-02 6.762537e-02 6.594186e-02 7.207491e-02
<VARIANCE> 39
 2.630355e+01 2.716803e+01 3.555398e+01 3.284713e+01 4.787193e+01 4.125945e+01 4.259668e+01 4.525489e+01 4.352818e+01 4.823894e+01 4.256009e+01 4.266997e+01 4.929078e+01 3.209297e-01 4.816947e-01 6.964087e-01 9.132386e-01 1.176777e+00 1.333346e+00 1.543086e+00 1.669241e+00 1.577057e+00 1.655605e+00 1.576679e+00 1.437572e+00 2.503337e-01 4.777154e-02 8.038878e-02 1.204957e-01 1.652534e-01 2.101925e-01 2.446075e-01 2.804439e-01 3.124198e-01 3.019836e-01 3.102213e-01 2.960597e-01 2.744474e-01 3.365519e-02
<GCONST> 9.583530e+01
<MIXTURE> 4 1.079979e-01
<MEAN> 39
 3.329587e+00 -1.504735e+00 -1.936242e+00 -2.139512e+00 -3.963401e+00 -6.041539e+00 -2.572817e+00 4.058515e+00 2.706698e+00 -3.234148e+00 -4.383799e+00 -1.101429e+00 7.890672e+00 1.095330e+00 -2.087279e+00 -7.363477e-01 -1.081799e+00 5.837691e-01 1.207058e+00 5.109229e-01 1.288869e+00 5.465073e-01 -1.297494e-01 -5.584575e-01 -6.126711e-01 1.061495e+00 -9.166311e-01 3.116440e-01 1.175095e-02 4.235923e-01 6.131309e-01 6.712404e-01 5.047810e-01 -3.244732e-01 -2.003150e-01 3.109444e-01 5.039648e-01 1.110346e-01 -4.849288e-01
<VARIANCE> 39
 1.264071e+01 2.398390e+01 3.024262e+01 3.028079e+01 4.176342e+01 4.539856e+01 6.308566e+01 4.902571e+01 5.689724e+01 5.113102e+01 3.786253e+01 3.985456e+01 2.216214e+01 1.971890e+00 2.489399e+00 2.425747e+00 2.657122e+00 4.072830e+00 4.149837e+00 4.927627e+00 4.947138e+00 4.811747e+00 3.997939e+00 3.855445e+00 3.511655e+00 1.037755e+00 3.192085e-01 3.953454e-01 3.909625e-01 5.107915e-01 5.768418e-01 7.342559e-01 8.397792e-01 8.188643e-01 8.251420e-01 7.209735e-01 5.802209e-01 5.885133e-01 1.972813e-01
<GCONST> 1.251324e+02
<MIXTURE> 5 9.068843e-02
<MEAN> 39
 3.511932e-01 4.270971e+00 5.517686e+00 1.345337e+00 -9.389014e+00 -9.117904e+00 -2.108444e+00 -2.736867e+00 -3.494187e+00 -2.731630e+00 -6.213242e-01 2.955875e-01 5.529070e+00 1.860341e+00 -1.879738e+00 2.641197e-01 -8.869184e-01 -1.441921e+00 2.317121e-02 -1.790212e-01 8.205268e-01 2.752989e-01 -1.218571e-02 -3.497865e-01 -1.413525e-01 7.743540e-01 -1.031302e+00 -2.994234e-02 -4.371288e-01 8.171643e-02 1.001855e+00 9.291061e-01 6.378001e-01 4.241122e-01 3.912919e-01 4.734651e-01 2.353651e-01 -2.355753e-02 -3.724234e-01
<VARIANCE> 39
 1.129835e+01 2.115408e+01 3.459519e+01 3.412196e+01 3.613584e+01 3.418472e+01 3.762650e+01 3.896537e+01 3.935341e+01 3.797451e+01 3.535297e+01 4.161160e+01 1.821892e+01 1.299200e+00 2.076467e+00 2.322250e+00 2.595467e+00 3.289233e+00 3.221565e+00 3.515106e+00 3.835652e+00 3.637742e+00 3.170201e+00 3.487070e+00 3.068910e+00 7.361796e-01 1.617385e-01 2.893920e-01 3.096047e-01 4.216619e-01 4.158361e-01 4.809427e-01 4.648550e-01 4.993452e-01 5.229260e-01 4.971820e-01 4.826804e-01 4.972907e-01 9.936380e-02
<GCONST> 1.151516e+02
<MIXTURE> 6 1.502975e-01
<MEAN> 39
 1.431372e+00 5.255414e+00 3.326046e+00 3.781871e+00 -1.479778e+00 -3.404886e+00 -2.113867e+00 -4.528649e+00 -2.922436e+00 -3.172236e+00 -3.612652e+00 -3.254221e+00 -3.444182e+00 -5.278612e-01 -2.646367e-02 -3.132483e-01 -5.969983e-02 2.433605e-01 4.103271e-01 3.679111e-01 2.899449e-01 3.069915e-01 4.067148e-01 3.616671e-01 1.554373e-01 -1.906254e-01 -1.761142e-01 -3.284997e-01 -2.059537e-01 -3.068207e-01 -1.806068e-01 1.050897e-02 1.486471e-01 4.076861e-01 2.724589e-01 2.890809e-01 2.533263e-01 2.674165e-01 4.303612e-01
<VARIANCE> 39
 3.088519e+01 3.669049e+01 3.945794e+01 3.917376e+01 5.237720e+01 4.636745e+01 4.762523e+01 5.126551e+01 4.878892e+01 5.127879e+01 4.910217e+01 5.114646e+01 4.441189e+01 2.862168e+00 2.478095e+00 2.416521e+00 2.821239e+00 3.259839e+00 3.356195e+00 3.470219e+00 4.032629e+00 3.677320e+00 3.535101e+00 3.286074e+00 3.147169e+00 1.996694e+00 2.979420e-01 3.774039e-01 4.022619e-01 4.945560e-01 6.122043e-01 6.342078e-01 6.683557e-01 7.136655e-01 6.800157e-01 6.785307e-01 6.206957e-01 5.820225e-01 3.054768e-01
<GCONST> 1.271340e+02
<MIXTURE> 7 1.341614e-01
<MEAN> 39
 1.494423e+00 2.151328e+00 5.555420e+00 4.214237e-01 -8.803370e+00 -6.599977e+00 -1.041953e+00 -4.479938e-01 -2.499560e+00 -1.668381e+00 -5.489925e-01 2.816795e-01 4.934409e+00 4.513806e-01 -8.785939e-01 -1.004826e-01 -3.712157e-01 -5.497571e-02 5.648214e-01 2.177646e-01 7.194818e-01 2.748988e-01 2.371098e-01 -1.449280e-01 -1.277001e-01 1.993413e-01 -3.897856e-01 2.696757e-01 -1.731590e-01 1.601795e-01 5.346093e-01 1.798184e-01 7.867830e-02 -9.619786e-02 3.333108e-02 5.630277e-02 9.468026e-03 -4.702381e-02 -2.257926e-01
<VARIANCE> 39
 1.200278e+01 2.218968e+01 3.739324e+01 3.608509e+01 3.668385e+01 3.766509e+01 4.141687e+01 4.186224e+01 4.524279e+01 4.253246e+01 4.040107e+01 4.473595e+01 1.759528e+01 4.851806e-01 8.981565e-01 1.331789e+00 1.347479e+00 2.038706e+00 2.092286e+00 2.292547e+00 2.294358e+00 2.236849e+00 2.208108e+00 2.189257e+00 1.988783e+00 3.087613e-01 1.383534e-01 1.903614e-01 2.093542e-01 2.734132e-01 3.100345e-01 3.717285e-01 3.850936e-01 3.970966e-01 4.077196e-01 3.894243e-01 3.805760e-01 3.682330e-01 6.248241e-02
<GCONST> 1.047319e+02
<MIXTURE> 8 1.243520e-01
<MEAN> 39
 7.497694e-01 -4.809329e+00 6.206666e-01 -2.311376e+00 -2.474640e+00 -2.169014e+00 4.006984e-01 4.069153e+00 1.100831e+00 3.545127e+00 6.019628e+00 7.038623e+00 7.650608e+00 -8.392272e-02 -1.957478e-01 -2.641729e-01 -5.560109e-02 5.717435e-01 4.225113e-01 3.408742e-01 -7.153095e-02 -1.925575e-01 -1.631611e-01 -2.607138e-01 -1.308035e-01 7.223708e-02 -1.985111e-02 1.957298e-01 -2.682082e-02 7.233842e-02 -4.143364e-02 -9.965099e-02 -7.922295e-02 -1.657534e-01 2.818612e-02 -6.346530e-02 -1.011976e-01 -1.376872e-01 -1.056416e-01
<VARIANCE> 39
 2.364420e+01 2.561115e+01 4.326052e+01 4.085855e+01 6.780076e+01 6.085030e+01 7.033746e+01 6.873364e+01 8.085447e+01 1.038675e+02 1.278845e+02 1.080620e+02 2.580242e+01 5.581875e-01 1.185186e+00 1.563631e+00 1.757572e+00 2.799355e+00 2.877825e+00 3.308354e+00 3.257080e+00 3.467006e+00 3.546667e+00 3.438542e+00 2.965659e+00 4.619479e-01 8.812819e-02 1.749671e-01 2.333129e-01 2.984500e-01 3.691340e-01 4.353297e-01 5.226411e-01 5.862702e-01 6.148443e-01 6.114516e-01 5.775300e-01 5.347232e-01 7.065571e-02
<GCONST> 1.186590e+02
<TRANSP> 6
 0.000000e+00 1.000000e+00 0.000000e+00 0.000000e+00 0.000000e+00 0.000000e+00
 0.000000e+00 6.135739e-01 3.864261e-01 0.000000e+00 0.000000e+00 0.000000e+00
 0.000000e+00 0.000000e+00 5.144601e-01 4.855398e-01 0.000000e+00 0.000000e+00
 0.000000e+00 0.000000e+00 0.000000e+00 4.021035e-01 5.978966e-01 0.000000e+00
 0.000000e+00 0.000000e+00 0.000000e+00 0.000000e+00 5.486693e-01 4.513307e-01
 0.000000e+00 0.000000e+00 0.000000e+00 0.000000e+00 0.000000e+00 0.000000e+00
<ENDHMM>
