~o
<STREAMINFO> 1 39
<VECSIZE> 39<NULLD><MFCC_D_A_Z_0><DIAGC>
~h "uh"
<BEGINHMM>
<NUMSTATES> 6
<STATE> 2
<NUMMIXES> 8
<MIXTURE> 1 1.248971e-01
<MEAN> 39
 6.603237e+00 1.709102e+00 -5.219715e+00 -8.938803e+00 1.021434e+00 5.572474e+00 -3.473764e+00 -5.845099e+00 -9.445797e-01 3.503620e+00 5.971573e+00 2.117947e+00 5.387825e+00 -1.105820e-02 4.121264e-02 -1.267796e-01 -1.127012e-01 9.332696e-03 1.047952e-01 -1.371369e-02 -9.072793e-02 8.010099e-02 8.266972e-02 2.043269e-01 9.551823e-02 -1.455362e-02 -4.711424e-02 -9.398270e-02 4.777347e-02 1.764781e-01 2.292963e-02 -2.045785e-01 -1.500453e-01 1.948980e-01 1.814360e-01 -3.051533e-02 -2.162546e-01 -9.681603e-02 -1.025897e-02
<VARIANCE> 39
 2.073529e+01 2.968551e+01 3.249757e+01 5.450912e+01 5.995089e+01 7.512035e+01 5.828717e+01 6.146549e+01 7.329707e+01 6.438684e+01 8.502285e+01 1.000730e+02 3.149754e+01 4.082192e-01 8.698967e-01 1.146165e+00 1.729787e+00 1.791605e+00 2.032932e+00 2.524675e+00 2.399903e+00 2.546678e+00 2.714401e+00 2.478080e+00 2.428659e+00 3.929972e-01 7.139374e-02 1.301308e-01 2.042444e-01 2.983374e-01 3.228261e-01 3.535605e-01 4.260878e-01 4.167320e-01 3.963367e-01 4.684992e-01 4.147826e-01 4.006144e-01 5.476206e-02
<GCONST> 1.109126e+02
<MIXTURE> 2 1.417691e-01
<MEAN> 39
 6.332512e+00 -3.731083e+00 -7.448864e+00 -1.081718e+01 1.143514e+00 9.635830e+00 -5.430297e+00 -1.800977e+00 6.797670e+00 3.021306e+00 3.225352e+00 -5.707799e+00 1.133717e+01 -9.718245e-03 -8.691321e-03 -3.349544e-02 5.085950e-02 -2.142254e-02 4.082154e-03 -3.183852e-02 -3.627060e-02 6.238188e-02 1.161664e-02 -2.352740e-02 5.505206e-03 -1.804217e-02 3.878291e-03 1.384725e-02 8.756304e-03 1.704662e-02 1.108541e-03 -6.431486e-02 -6.223926e-03 -1.059310e-02 -9.340523e-03 1.222887e-02 -1.751938e-02 2.760697e-03 -1.514743e-02
<VARIANCE> 39
 1.858046e+01 2.591651e+01 2.166273e+01 2.902100e+01 5.922838e+01 5.679848e+01 4.045663e+01 4.436724e+01 4.904372e+01 5.439081e+01 7.118324e+01 5.347227e+01 2.201202e+01 1.224695e-01 2.737446e-01 3.536156e-01 5.661213e-01 6.804803e-01 1.023981e+00 8.827770e-01 1.010394e+00 1.006621e+00 1.081884e+00 1.006585e+00 9.885215e-01 6.213343e-02 2.085478e-02 4.893421e-02 6.294886e-02 9.565244e-02 1.197974e-01 1.747023e-01 1.659661e-01 1.837431e-01 1.749902e-01 1.945011e-01 1.656494e-01 1.717551e-01 9.774900e-03
<GCONST> 8.003410e+01
<MIXTURE> 3 1.682206e-01
<MEAN> 39
 4.917376e+00 -1.493369e+00 -7.016010e+00 -6.280699e+00 2.677370e+00 2.965845e+00 -7.294950e+00 -2.166446e+00 8.086006e+00 3.976355e+00 -2.418472e+00 -5.505984e+00 7.440160e+00 3.029010e-02 -4.555865e-02 -1.454853e-01 -1.505838e-01 1.167006e-01 1.745094e-01 1.898244e-02 8.824796e-02 3.276630e-02 -7.038765e-02 2.939039e-02 -7.617857e-02 -3.492431e-02 -1.282744e-03 7.402554e-02 1.495982e-01 4.709852e-02 -1.146822e-01 -4.325458e-02 1.396150e-01 2.199155e-02 -2.787508e-01 -9.829165e-02 1.374302e-01 2.328312e-01 -5.853084e-02
<VARIANCE> 39
 1.387539e+01 2.162152e+01 2.466940e+01 3.373770e+01 4.857916e+01 6.741673e+01 5.124283e+01 6.602101e+01 5.297936e+01 5.613147e+01 6.571689e+01 4.935284e+01 2.476061e+01 2.672526e-01 5.725682e-01 7.900785e-01 1.184406e+00 1.572161e+00 2.020931e+00 2.070813e+00 2.566857e+00 2.298298e+00 2.272061e+00 2.149413e+00 1.945950e+00 2.121039e-01 4.075158e-02 7.993430e-02 1.317248e-01 1.815743e-01 2.630922e-01 3.067232e-01 3.324662e-01 4.021291e-01 3.974784e-01 3.841394e-01 3.522229e-01 3.079042e-01 3.340102e-02
<GCONST> 1.005440e+02
<MIXTURE> 4 8.412663e-02
<MEAN> 39
 3.454813e+00 -3.219205e+00 -1.561250e+00 -4.882850e+00 -1.059533e+00 -3.680556e+00 -3.031007e+00 7.088556e+00 5.762079e+00 4.277495e-01 -6.384089e+00 -2.331217e+00 8.593047e+00 -8.588973e-02 -2.785168e-01 4.889665e-02 -1.800266e-01 6.203669e-02 4.305720e-01 3.218220e-01 3.500948e-01 1.597929e-01 1.641583e-02 3.125765e-02 -8.458620e-02 1.579965e-01 3.818316e-02 2.938482e-01 9.974291e-02 1.874038e-01 -1.446809e-02 -3.330857e-03 -1.926005e-01 -6.705426e-01 -3.588048e-01 3.107455e-02 3.642792e-01 9.777373e-02 -3.083815e-01
<VARIANCE> 39
 1.469912e+01 2.323460e+01 2.919068e+01 2.753535e+01 4.483676e+01 6.564182e+01 9.532242e+01 6.863564e+01 6.559480e+01 7.669865e+01 5.538128e+01 6.279798e+01 2.387614e+01 4.095247e-01 7.904031e-01 1.938880e+00 1.604768e+00 3.155247e+00 3.159929e+00 3.379117e+00 3.850380e+00 4.175815e+00 3.682806e+00 2.970197e+00 3.070674e+00 3.037304e-01 9.188055e-02 1.693638e-01 2.340311e-01 2.916300e-01 4.135199e-01 5.282163e-01 7.178723e-01 6.689203e-01 7.381581e-01 6.911750e-01 5.141015e-01 5.015365e-01 8.635197e-02
<GCONST> 1.158680e+02
<MIXTURE> 5 1.572513e-01
<MEAN> 39
 3.699402e+00 1.139426e+00 3.474726e+00 1.631667e+00 -6.976982e+00 -6.844829e+00 -4.839487e+00 4.946188e-01 6.537567e-01 2.894650e-01 -8.636273e-01 2.517627e-01 5.568260e+00 3.257492e-01 -2.539922e-01 -5.927035e-01 -3.671069e-01 3.739744e-01 3.387004e-01 -3.335614e-01 2.584111e-01 7.281714e-01 2.366681e-01 -1.852107e-01 -1.489007e-01 -7.813018e-03 -1.262866e-01 1.099455e-01 3.331303e-02 8.161811e-03 2.044216e-01 5.715125e-02 8.853550e-02 -1.183492e-01 -1.341681e-01 -6.333240e-03 -2.572843e-02 -1.406605e-02 -1.255624e-01
<VARIANCE> 39
 1.614111e+01 2.073353e+01 2.735738e+01 3.194128e+01 3.958734e+01 3.576534e+01 4.439943e+01 3.988427e+01 4.478362e+01 4.291080e+01 4.363831e+01 4.556543e+01 2.823227e+01 2.845326e-01 6.059108e-01 8.716013e-01 1.037866e+00 1.291696e+00 1.663616e+00 1.689468e+00 2.037048e+00 1.962191e+00 1.875201e+00 1.664159e+00 1.641011e+00 2.574856e-01 7.265265e-02 1.062815e-01 1.321360e-01 1.778069e-01 2.425473e-01 2.646354e-01 2.915648e-01 3.188933e-01 3.066502e-01 3.218469e-01 2.846378e-01 2.722351e-01 4.651249e-02
<GCONST> 9.691032e+01
<MIXTURE> 6 1.428151e-01
<MEAN> 39
 4.111812e+00 -1.858157e+00 -7.190853e+00 -8.589470e+00 8.750147e+00 2.542427e+00 -8.028656e+00 4.308322e-01 3.766812e+00 8.680573e+00 1.272678e+01 1.265684e+01 5.713894e+00 -1.075671e-02 -2.749999e-02 -1.837225e-02 2.857130e-02 3.195886e-02 1.753250e-02 -3.933819e-03 3.642131e-02 3.197113e-02 9.745826e-03 6.773156e-02 5.104927e-03 4.445156e-03 -1.295843e-02 1.569559e-02 1.959382e-02 1.439110e-02 -1.026999e-01 -2.972213e-02 5.425432e-02 7.854425e-03 5.965951e-04 -6.662674e-02 -6.582050e-02 -1.592930e-02 -6.834448e-04
<VARIANCE> 39
 1.110691e+01 2.955622e+01 2.961931e+01 3.491479e+01 5.090711e+01 5.137799e+01 3.687791e+01 5.525515e+01 4.996495e+01 6.777618e+01 5.107669e+01 4.721486e+01 1.476134e+01 2.056787e-01 4.554121e-01 7.120502e-01 1.079174e+00 1.179299e+00 1.123554e+00 1.180542e+00 1.303562e+00 1.274062e+00 1.522537e+00 1.447264e+00 1.179255e+00 9.277724e-02 3.659124e-02 7.985663e-02 1.370880e-01 1.914209e-01 2.005780e-01 2.005225e-01 2.134972e-01 2.214388e-01 2.238919e-01 2.469179e-01 2.491370e-01 2.066662e-01 1.257165e-02
<GCONST> 8.943044e+01
<MIXTURE> 7 8.675476e-02
<MEAN> 39
 4.091249e+00 -2.249189e+00 2.501180e+00 -3.370728e+00 -3.276090e+00 -4.776361e+00 -4.030916e+00 -4.318260e-01 1.548683e+00 3.374673e+00 4.123680e+00 3.741889e+00 6.698375e+00 1.743924e-01 -6.501337e-01 -1.035961e-01 -2.607220e-01 4.324750e-01 6.263266e-02 -1.981299e-02 5.099874e-01 2.172609e-01 -5.210036e-02 -2.814364e-01 1.664465e-01 3.061029e-01 -3.433901e-01 3.510175e-01 -1.058790e-01 3.138615e-01 2.268077e-01 2.358488e-01 2.450894e-01 -4.998374e-02 -3.688436e-02 -1.628828e-01 -2.513395e-01 -2.305531e-01 -3.347034e-01
<VARIANCE> 39
 5.047677e+01 4.246708e+01 6.071025e+01 6.381279e+01 7.811723e+01 8.957758e+01 7.727482e+01 7.883257e+01 9.735369e+01 8.087530e+01 1.064358e+02 1.238084e+02 3.677208e+01 1.527581e+00 2.322079e+00 2.683202e+00 3.343085e+00 4.733357e+00 4.495610e+00 4.208134e+00 5.285331e+00 5.239269e+00 4.474116e+00 4.517130e+00 4.396756e+00 1.024337e+00 3.573658e-01 4.137045e-01 5.017614e-01 7.194921e-01 8.914220e-01 9.109949e-01 9.124267e-01 1.018243e+00 1.102957e+00 9.301677e-01 9.320486e-01 1.032089e+00 2.649465e-01
<GCONST> 1.384733e+02
<MIXTURE> 8 9.416546e-02
<MEAN> 39
 2.779208e-01 -4.358478e+00 -2.509216e+00 -3.365777e+00 1.552842e+00 -4.396398e+00 -4.572683e+00 6.445528e+00 4.533803e-01 4.595442e-01 4.951349e+00 1.602529e+01 8.072603e+00 1.689639e-01 -4.150278e-01 -4.198479e-01 -1.059361e-01 8.529720e-01 4.731280e-01 -1.591425e-02 4.873516e-01 8.387824e-02 -2.004262e-01 -8.257540e-01 -1.580179e-01 3.178123e-02 2.286396e-02 2.243075e-01 5.916537e-02 4.503097e-03 -8.656763e-02 -2.379128e-02 -2.840783e-02 -3.024139e-01 1.101440e-01 2.073915e-01 9.618499e-02 -3.105552e-01 -1.040180e-01
<VARIANCE> 39
 1.078451e+01 1.348871e+01 4.264421e+01 2.356739e+01 5.760478e+01 4.313157e+01 5.897962e+01 4.209362e+01 4.553788e+01 5.025691e+01 7.042403e+01 4.828598e+01 9.953321e+00 3.952494e-01 9.021302e-01 1.450753e+00 1.260704e+00 2.637942e+00 2.145582e+00 2.484233e+00 2.463672e+00 2.507590e+00 2.606870e+00 3.493076e+00 2.306212e+00 1.984153e-01 6.236547e-02 1.408447e-01 1.820365e-01 2.112470e-01 3.217344e-01 3.406996e-01 3.942212e-01 3.767394e-01 4.030264e-01 3.746150e-01 4.724688e-01 3.652888e-01 3.367244e-02
<GCONST> 1.036847e+02
<STATE> 3
<NUMMIXES> 8
<MIXTURE> 1 6.319621e-02
<MEAN> 39
 3.253796e+00 -1.581523e-01 4.072213e-01 -2.812845e+00 -1.967148e+00 -3.327333e+00 -4.096355e+00 9.033122e-01 2.330022e+00 1.109529e+00 -3.151402e-01 1.117672e+00 4.923794e+00 1.919053e-02 1.841267e-01 3.106990e-01 3.170455e-01 -2.159010e-02 -1.362093e-01 -7.319668e-02 -2.158874e-01 -2.687002e-01 -1.020781e-01 -1.982479e-02 -1.881735e-02 -2.999241e-01 -3.297120e-02 2.648660e-01 4.398425e-02 2.554021e-01 1.071109e-01 1.716295e-02 -9.605519e-03 -2.808017e-01 -1.707056e-01 -4.858955e-02 -2.883257e-02 -7.140200e-02 -3.075110e-01
<VARIANCE> 39
 2.579820e+01 3.871818e+01 5.167998e+01 5.036858e+01 7.379240e+01 6.045871e+01 7.654637e+01 7.576135e+01 6.861373e+01 6.459139e+01 8.237408e+01 8.861713e+01 4.594003e+01 7.556476e-01 1.156713e+00 1.665659e+00 1.811134e+00 2.944492e+00 2.747559e+00 3.195287e+00 3.699580e+00 3.471639e+00 3.170897e+00 3.000012e+00 2.573826e+00 7.207336e-01 1.853675e-01 2.796421e-01 3.098547e-01 4.320278e-01 6.248810e-01 5.572737e-01 7.003644e-01 7.734053e-01 6.988553e-01 6.140267e-01 5.774583e-01 5.511419e-01 2.117206e-01
<GCONST> 1.240998e+02
<MIXTURE> 2 1.268351e-01
<MEAN> 39
 8.323667e+00 3.938096e+00 -3.935291e+00 -7.815368e+00 -2.083951e+00 5.934896e+00 -5.844662e+00 -8.369932e+00 6.504844e-01 4.398995e+00 6.338393e+00 -5.374698e-01 4.523677e+00 3.416270e-03 -1.406725e-02 -2.219564e-02 4.783848e-03 8.459834e-03 -2.870219e-02 9.744887e-03 -2.167163e-02 2.578253e-02 -1.218222e-02 -1.527496e-02 -3.917747e-02 -3.452059e-02 -1.282261e-02 -9.387161e-03 1.386336e-02 3.481614e-02 2.089377e-02 -8.636247e-02 -1.610869e-02 5.699737e-02 1.123873e-02 -1.514971e-02 -7.886706e-02 -7.959059e-03 -2.869518e-03
<VARIANCE> 39
 1.068532e+01 1.551867e+01 2.047352e+01 4.116581e+01 4.039360e+01 3.325797e+01 4.748299e+01 3.263653e+01 4.635566e+01 5.701869e+01 4.679305e+01 4.331785e+01 1.753316e+01 7.155709e-02 2.148914e-01 2.826948e-01 4.216964e-01 5.374935e-01 7.377282e-01 7.578637e-01 8.400871e-01 9.000970e-01 8.782018e-01 9.192315e-01 7.754769e-01 5.759609e-02 1.189169e-02 3.400566e-02 5.097035e-02 7.370502e-02 9.470046e-02 1.255338e-01 1.392709e-01 1.548969e-01 1.601163e-01 1.643267e-01 1.633929e-01 1.456896e-01 7.521970e-03
<GCONST> 7.139412e+01
<MIXTURE> 3 9.633967e-02
<MEAN> 39
 3.567109e+00 -7.035891e-01 -6.860456e+00 -6.408378e+00 -2.432049e-01 -3.356208e+00 -7.819406e+00 -7.461193e-01 1.788536e+00 -2.496743e+00 -7.070755e+00 -4.596911e+00 4.871403e+00 -1.071899e-02 -2.374306e-02 3.410668e-02 3.145735e-03 1.552685e-02 -6.313488e-03 8.682785e-02 1.147349e-01 -6.898238e-03 -4.838604e-02 1.937904e-02 4.321941e-02 3.452131e-03 1.239658e-01 1.930011e-01 2.639761e-01 2.988482e-01 2.387870e-01 2.756488e-01 2.962659e-01 2.772654e-01 2.702073e-01 2.425053e-01 2.269494e-01 2.054904e-01 3.501390e-02
<VARIANCE> 39
 1.097874e+01 1.802411e+01 2.654358e+01 2.835304e+01 4.792883e+01 4.554796e+01 4.659785e+01 6.502692e+01 5.139569e+01 5.859946e+01 4.986758e+01 6.963562e+01 1.507209e+01 1.275636e-01 3.124493e-01 4.913139e-01 6.504668e-01 8.441388e-01 1.059569e+00 1.066222e+00 1.206687e+00 1.114117e+00 1.117895e+00 1.083887e+00 9.026257e-01 6.202707e-02 1.601432e-02 4.150045e-02 6.611561e-02 8.427823e-02 1.335169e-01 1.413222e-01 1.601195e-01 1.700472e-01 1.802862e-01 1.827753e-01 1.648154e-01 1.597524e-01 8.746945e-03
<GCONST> 7.949480e+01
<MIXTURE> 4 2.111793e-01
<MEAN> 39
 5.579627e+00 6.998542e-01 -3.460625e+00 -2.912026e+00 7.518367e-02 -2.009832e+00 -7.053108e+00 1.495169e-01 5.797352e+00 1.376536e+00 -3.536696e+00 -2.039418e+00 5.815041e+00 -7.056022e-04 -3.863219e-02 6.314260e-03 -2.437827e-03 -9.718961e-03 1.774596e-03 -1.139892e-03 4.837145e-02 1.453039e-02 -5.492595e-02 -1.332056e-02 1.030202e-02 -5.587958e-03 -4.170955e-03 2.046888e-03 9.287348e-03 -3.559170e-04 -1.623590e-02 -1.579654e-02 8.100941e-03 -3.371280e-03 -2.706720e-02 -1.206814e-02 1.137515e-02 8.943541e-03 -7.206178e-03
<VARIANCE> 39
 1.187120e+01 1.456081e+01 3.003693e+01 2.413217e+01 3.680492e+01 3.843350e+01 4.869015e+01 5.332547e+01 4.174886e+01 6.171619e+01 4.721727e+01 4.858973e+01 1.541813e+01 4.825025e-02 1.208052e-01 1.996757e-01 2.669107e-01 3.812178e-01 4.462205e-01 4.752879e-01 5.376350e-01 5.528256e-01 5.310381e-01 5.114896e-01 4.859580e-01 2.786824e-02 8.086226e-03 1.958068e-02 3.224186e-02 4.440361e-02 6.596473e-02 7.749578e-02 8.314344e-02 9.266103e-02 9.876658e-02 9.493396e-02 9.033729e-02 8.464218e-02 3.761775e-03
<GCONST> 5.888164e+01
<MIXTURE> 5 1.565997e-01
<MEAN> 39
 5.400033e+00 5.532337e+00 1.170956e+00 7.965785e-01 -1.690408e+00 -4.371120e+00 -5.173164e+00 -2.844687e+00 1.295846e+00 1.724430e+00 -1.323363e+00 -1.793452e-01 6.374590e-01 1.004027e-02 3.052848e-02 1.075465e-02 -2.592827e-02 2.768557e-03 4.918789e-02 -1.441094e-02 -2.661867e-02 2.369509e-02 -8.502170e-03 8.732224e-03 -1.028575e-02 -6.822129e-02 -1.016821e-02 -4.049294e-02 1.598307e-03 -8.549518e-03 -8.314152e-03 2.241154e-03 -1.437622e-02 2.168835e-02 7.179602e-03 -4.647659e-02 -2.081480e-02 3.928905e-03 1.066113e-02
<VARIANCE> 39
 6.166822e+00 1.170412e+01 3.200875e+01 2.503482e+01 3.389208e+01 2.728694e+01 3.670868e+01 3.962635e+01 3.823504e+01 4.553348e+01 4.702939e+01 4.731243e+01 9.721231e+00 9.151297e-02 2.284236e-01 3.687512e-01 5.581026e-01 7.220600e-01 8.233287e-01 9.744705e-01 1.072398e+00 1.070614e+00 1.156053e+00 1.044093e+00 1.028369e+00 7.307053e-02 1.594987e-02 3.914697e-02 6.851441e-02 1.030344e-01 1.353722e-01 1.509606e-01 1.872779e-01 1.974136e-01 2.009726e-01 2.127989e-01 1.900603e-01 1.886560e-01 1.038081e-02
<GCONST> 7.537387e+01
<MIXTURE> 6 1.320613e-01
<MEAN> 39
 5.261558e+00 8.261210e-01 -5.866416e+00 -4.301495e+00 4.062959e+00 3.570653e-01 -5.797934e+00 1.573652e+00 5.873073e+00 1.405728e+00 -5.133500e+00 -3.570526e+00 5.511007e+00 -3.008087e-02 -2.211841e-02 6.740736e-02 3.751422e-02 1.471366e-04 -5.337218e-02 7.357253e-02 1.673363e-01 3.623669e-02 -3.262001e-02 -4.626593e-02 6.982768e-02 9.196630e-03 -7.789554e-02 -1.020916e-01 -5.266543e-02 -1.092287e-01 -2.651467e-01 -2.281122e-01 -1.326226e-01 -1.742751e-01 -1.872304e-01 -1.676530e-01 -6.930152e-02 -5.432197e-02 -3.736125e-02
<VARIANCE> 39
 1.099879e+01 1.741441e+01 2.183145e+01 2.626392e+01 3.924130e+01 3.958262e+01 5.015441e+01 6.207630e+01 5.393327e+01 6.302352e+01 3.866995e+01 5.641742e+01 1.287036e+01 1.396783e-01 3.473085e-01 5.663321e-01 7.448853e-01 1.024533e+00 1.098127e+00 1.213117e+00 1.298771e+00 1.290311e+00 1.268030e+00 1.092799e+00 1.026069e+00 7.628045e-02 1.950960e-02 4.761561e-02 8.803848e-02 1.074087e-01 1.269198e-01 1.603211e-01 1.916654e-01 1.989750e-01 1.930410e-01 1.981988e-01 1.812456e-01 1.710055e-01 1.049046e-02
<GCONST> 8.166785e+01
<MIXTURE> 7 1.555230e-01
<MEAN> 39
 4.131259e+00 -2.061924e-01 -8.360848e-01 -1.311915e+00 -3.161590e+00 -5.035435e+00 -4.353760e+00 4.693968e+00 5.152932e+00 -2.359311e+00 -5.540527e+00 -1.271329e-01 5.207744e+00 8.674686e-03 -5.418738e-02 -6.135915e-02 -5.398998e-02 3.976042e-02 3.741592e-02 3.250781e-02 8.395702e-02 2.238297e-02 -6.374978e-02 -1.200802e-02 -7.876382e-03 -3.125057e-02 -6.850994e-03 4.313768e-02 4.991914e-03 -2.942216e-02 -1.316747e-03 2.733382e-03 -3.196400e-02 -1.609863e-01 -1.227060e-01 7.423902e-02 8.435925e-02 -2.657079e-02 -3.510125e-02
<VARIANCE> 39
 1.015914e+01 1.497052e+01 2.497206e+01 2.229430e+01 3.132759e+01 3.660622e+01 5.430164e+01 4.750164e+01 5.200437e+01 5.731324e+01 6.476147e+01 6.512438e+01 1.091635e+01 1.543112e-01 3.529444e-01 6.075195e-01 7.100843e-01 9.981269e-01 1.071389e+00 1.360519e+00 1.566535e+00 1.652382e+00 1.533225e+00 1.492578e+00 1.375509e+00 9.149479e-02 2.027213e-02 4.855343e-02 8.203620e-02 9.661160e-02 1.327260e-01 1.578493e-01 1.979814e-01 2.332551e-01 2.495776e-01 2.236187e-01 2.456220e-01 2.096388e-01 1.235391e-02
<GCONST> 8.404327e+01
<MIXTURE> 8 5.826568e-02
<MEAN> 39
 1.391834e+00 -2.091494e+00 -6.313706e+00 -3.172888e+00 1.555612e+00 -1.374184e-01 -4.300401e+00 2.999189e+00 3.135918e+00 2.259461e+00 8.695378e+00 1.934725e+01 6.563885e+00 -1.000705e-02 -6.354792e-02 6.316910e-03 -2.189778e-04 -9.128680e-03 1.715717e-02 6.301867e-02 5.171280e-02 -2.723404e-02 -5.261091e-02 -9.927143e-03 3.572021e-02 1.003112e-02 -4.153817e-03 -8.828489e-03 1.495828e-02 -1.713501e-02 -2.729193e-02 -2.415265e-02 -1.019473e-02 -1.977731e-03 -6.028228e-03 4.481881e-03 -1.582797e-02 -3.764537e-02 -6.432767e-03
<VARIANCE> 39
 5.170557e+00 1.088978e+01 2.584656e+01 2.778553e+01 5.377089e+01 3.074571e+01 2.430735e+01 3.718427e+01 2.592143e+01 4.971861e+01 2.981433e+01 2.896441e+01 1.159527e+01 9.954131e-02 2.517098e-01 4.031995e-01 4.898379e-01 6.248247e-01 6.183363e-01 7.160609e-01 7.353556e-01 6.273702e-01 6.338999e-01 7.212950e-01 7.088811e-01 3.409482e-02 1.548074e-02 4.164343e-02 6.756680e-02 8.574476e-02 1.061436e-01 1.017187e-01 1.191035e-01 1.305395e-01 1.082011e-01 1.174794e-01 1.273829e-01 1.218364e-01 5.207719e-03
<GCONST> 6.602377e+01
<STATE> 4
<NUMMIXES> 8
<MIXTURE> 1 8.199707e-02
<MEAN> 39
 -4.265377e-01 -5.657170e+00 -5.824299e+00 1.187657e+00 8.932948e-01 -3.496241e+00 2.808143e+00 5.275894e+00 3.975553e+00 5.978311e+00 1.195368e+01 1.997191e+01 1.222348e+01 1.346959e-02 -3.163508e-02 3.095748e-02 2.698727e-02 -7.839447e-02 -1.119844e-01 5.058309e-02 6.724944e-02 4.898407e-02 -2.306357e-02 -2.995504e-02 2.134986e-03 -4.901570e-02 6.889613e-03 -5.023803e-03 9.089366e-03 -1.016802e-01 -3.746864e-02 -6.109972e-02 -7.770519e-02 -2.534705e-02 2.213725e-02 3.350520e-02 -8.750434e-02 -6.726181e-02 -2.756559e-02
<VARIANCE> 39
 1.291790e+01 2.030107e+01 4.105223e+01 2.472434e+01 5.304982e+01 6.245978e+01 4.990922e+01 5.536174e+01 7.011349e+01 8.495641e+01 7.483086e+01 6.943566e+01 3.598724e+01 1.711817e-01 3.641773e-01 5.659536e-01 7.082581e-01 1.028898e+00 1.121470e+00 1.034400e+00 1.319194e+00 1.063074e+00 1.190632e+00 1.318086e+00 1.059347e+00 7.309297e-02 2.970565e-02 6.336805e-02 9.329940e-02 1.163514e-01 1.531429e-01 1.938208e-01 1.803883e-01 2.216938e-01 1.842841e-01 2.068459e-01 2.179389e-01 1.813398e-01 1.125464e-02
<GCONST> 8.722857e+01
<MIXTURE> 2 1.910046e-01
<MEAN> 39
 2.772937e+00 -2.847452e+00 -5.006090e-02 -3.322882e+00 -3.793166e+00 -4.801661e+00 -2.815964e-01 7.210773e+00 1.675972e+00 -3.949276e+00 -3.539659e+00 1.906817e+00 7.331383e+00 -2.258765e-02 8.790923e-02 4.270770e-01 9.441108e-02 -5.210090e-01 -1.946432e-01 9.290230e-02 -1.956419e-01 -3.461274e-01 6.711447e-02 2.979314e-01 1.222174e-01 -1.831368e-01 4.688323e-02 8.845800e-02 7.079865e-02 4.687489e-02 7.819070e-03 -3.469012e-02 -2.149011e-01 -3.120325e-01 -3.622526e-02 1.205304e-01 4.073574e-02 -1.979640e-02 -1.351900e-01
<VARIANCE> 39
 1.059670e+01 1.695009e+01 2.412868e+01 2.790899e+01 4.720793e+01 3.556569e+01 5.829005e+01 4.139047e+01 5.453680e+01 4.450747e+01 4.638301e+01 5.849907e+01 1.897688e+01 2.430324e-01 4.815281e-01 9.253926e-01 9.552807e-01 1.635239e+00 1.531183e+00 2.144885e+00 1.982177e+00 1.912955e+00 2.049704e+00 1.767145e+00 1.630199e+00 1.346195e-01 4.291530e-02 9.074864e-02 1.331621e-01 1.871404e-01 2.443372e-01 2.636098e-01 3.533008e-01 3.394256e-01 3.398504e-01 3.159081e-01 2.902605e-01 2.754228e-01 3.124741e-02
<GCONST> 9.542660e+01
<MIXTURE> 3 9.478155e-02
<MEAN> 39
 3.205779e+00 -1.576175e+00 1.330707e+00 -2.305205e+00 -3.483899e+00 -5.114790e+00 -4.721060e+00 1.745596e+00 2.066067e+00 1.247339e+00 1.595535e+00 3.992460e+00 6.702063e+00 1.537969e-02 6.321067e-01 4.177560e-01 7.026339e-01 1.366160e-01 -8.408283e-02 -1.567069e-01 -7.226930e-01 -5.794435e-01 -2.098283e-01 -7.105411e-02 -1.816650e-01 -8.481046e-01 -9.840661e-02 1.795414e-01 -5.588161e-02 1.021281e-01 2.668817e-01 1.101782e-01 2.006748e-01 -1.058534e-01 -9.468950e-02 2.853129e-02 -7.656664e-02 -7.873801e-02 -2.549433e-01
<VARIANCE> 39
 2.618464e+01 3.714996e+01 5.224763e+01 6.085842e+01 7.598656e+01 5.951280e+01 7.507858e+01 7.923547e+01 6.937382e+01 7.819808e+01 9.336211e+01 1.032731e+02 4.290797e+01 1.566145e+00 2.166904e+00 2.768787e+00 3.906307e+00 4.321625e+00 4.260106e+00 5.101612e+00 5.314248e+00 4.733616e+00 4.324311e+00 4.083088e+00 4.202073e+00 1.964084e+00 2.517359e-01 3.900786e-01 4.457899e-01 6.795254e-01 7.326241e-01 6.902798e-01 9.015889e-01 8.874393e-01 8.343726e-01 8.091534e-01 7.598255e-01 7.254212e-01 3.206597e-01
<GCONST> 1.350677e+02
<MIXTURE> 4 9.740742e-02
<MEAN> 39
 5.672131e+00 1.816258e+00 -2.894794e+00 -3.729640e+00 9.112596e-02 3.781985e-01 -8.337321e+00 -4.849158e+00 4.147532e+00 4.520293e+00 1.750680e-01 -2.929234e+00 4.488627e+00 -4.608322e-02 9.154377e-02 4.889133e-01 4.413780e-01 -1.239649e-01 -5.741280e-01 1.006818e-02 1.336384e-01 -2.660068e-01 -2.765328e-01 -2.132991e-01 2.675397e-02 -2.762994e-01 -4.381251e-02 6.014990e-02 1.803425e-01 1.724523e-01 2.992906e-03 -1.255954e-01 1.408582e-01 5.512320e-02 -2.362941e-01 -2.384509e-01 -8.348684e-02 1.063575e-01 -1.315093e-01
<VARIANCE> 39
 1.434420e+01 1.796051e+01 2.910815e+01 4.159779e+01 3.645524e+01 4.860894e+01 5.222656e+01 4.729116e+01 5.930624e+01 5.620007e+01 5.985150e+01 5.081412e+01 3.417358e+01 2.371479e-01 5.861637e-01 8.111470e-01 1.118286e+00 1.276216e+00 1.820953e+00 1.647370e+00 2.150392e+00 2.412047e+00 2.177957e+00 1.909176e+00 1.679459e+00 2.812562e-01 3.794976e-02 8.146232e-02 1.302947e-01 1.780971e-01 2.131012e-01 2.824910e-01 2.880565e-01 3.161792e-01 3.472134e-01 3.177431e-01 3.096875e-01 3.040848e-01 4.847387e-02
<GCONST> 9.853328e+01
<MIXTURE> 5 1.645991e-01
<MEAN> 39
 3.232417e+00 -2.260865e+00 9.400663e-01 -2.877975e+00 -7.700400e+00 -7.172379e+00 3.749072e-01 6.104849e+00 1.765244e+00 -3.420096e+00 -1.263851e+00 3.201156e+00 7.967425e+00 -1.762751e-02 8.015432e-03 4.932964e-02 -1.481290e-02 -3.950688e-02 3.898843e-02 3.698466e-02 -2.838244e-02 -5.604979e-02 9.371704e-03 4.024888e-02 -4.336372e-02 -2.672062e-02 -5.997779e-03 5.119927e-03 1.515192e-02 -1.273043e-02 -3.743477e-03 -1.874523e-02 -4.083984e-02 -4.263844e-02 -9.739999e-03 1.756698e-02 -1.516840e-02 -1.531541e-03 -1.119522e-02
<VARIANCE> 39
 6.321340e+00 1.405977e+01 1.197345e+01 2.607686e+01 4.782748e+01 3.955202e+01 2.596764e+01 4.045222e+01 4.152243e+01 3.731398e+01 2.622675e+01 3.184322e+01 1.846632e+01 5.849696e-02 1.564500e-01 2.509809e-01 3.392761e-01 4.443358e-01 5.290937e-01 5.632678e-01 6.112872e-01 6.060529e-01 6.464626e-01 6.538106e-01 5.869584e-01 3.284556e-02 1.053708e-02 2.496072e-02 4.154553e-02 5.835420e-02 7.559369e-02 9.538139e-02 1.031000e-01 1.088674e-01 1.104561e-01 1.110421e-01 1.201779e-01 1.039955e-01 4.828174e-03
<GCONST> 6.061388e+01
<MIXTURE> 6 1.118433e-01
<MEAN> 39
 1.059852e+00 -8.294092e+00 -3.862767e+00 -5.484371e+00 5.359406e+00 -4.067783e+00 -2.472531e+00 4.909124e+00 5.998272e+00 6.322282e+00 7.972727e+00 1.717263e+01 1.141756e+01 -2.003295e-02 -5.778331e-02 3.310314e-02 7.223267e-02 -1.426318e-01 -6.084022e-02 7.920228e-02 3.415802e-02 -9.757821e-02 3.513232e-02 7.915767e-02 8.475759e-02 -3.570298e-02 2.785692e-02 9.229610e-02 3.693447e-02 6.661163e-02 -1.233193e-01 -1.849005e-02 -8.136502e-03 -1.530056e-02 -2.120723e-02 -1.557086e-02 -7.051989e-03 -1.149968e-01 -3.706248e-02
<VARIANCE> 39
 2.166827e+01 2.947225e+01 4.990988e+01 6.164101e+01 7.339585e+01 7.806238e+01 8.277074e+01 7.811754e+01 8.484471e+01 7.181234e+01 9.214158e+01 7.913395e+01 2.136742e+01 4.145798e-01 7.670163e-01 1.203203e+00 1.682742e+00 2.167062e+00 2.172055e+00 2.344940e+00 2.272054e+00 2.395243e+00 2.297396e+00 2.312949e+00 2.211669e+00 2.205160e-01 8.117110e-02 1.296220e-01 2.178866e-01 3.090351e-01 3.306480e-01 3.796330e-01 4.027337e-01 4.223235e-01 4.245608e-01 4.071138e-01 3.755698e-01 3.632335e-01 3.654595e-02
<GCONST> 1.107187e+02
<MIXTURE> 7 1.008435e-01
<MEAN> 39
 5.066940e-01 -1.590782e+00 6.991210e+00 -7.047019e+00 -1.140524e+01 -6.069847e-01 2.343124e+00 -1.336116e+00 -1.955735e+00 5.173559e+00 1.532605e+00 8.056355e+00 8.247776e+00 2.231327e-02 -2.192895e-02 -1.138436e-02 -2.033799e-02 4.981032e-02 5.963191e-03 5.985939e-02 -3.548374e-02 6.434821e-02 8.858063e-02 -4.131150e-02 5.511720e-02 -7.736898e-02 2.559395e-02 8.762516e-03 -5.699799e-02 7.060048e-02 7.892700e-02 -9.841174e-02 -8.516731e-02 3.458499e-02 6.519521e-02 -9.047305e-02 -5.265973e-04 -1.101210e-02 -2.756856e-02
<VARIANCE> 39
 9.006267e+00 2.200947e+01 3.085846e+01 4.331329e+01 4.308555e+01 7.183125e+01 5.735275e+01 5.728291e+01 8.003564e+01 7.899017e+01 5.949881e+01 1.010293e+02 2.511131e+01 2.044834e-01 4.955004e-01 6.747221e-01 8.700328e-01 1.108444e+00 1.250881e+00 1.331240e+00 1.415908e+00 1.422976e+00 1.862158e+00 1.490945e+00 1.621183e+00 1.144143e-01 3.177917e-02 7.455958e-02 1.113498e-01 1.547890e-01 1.869992e-01 2.310935e-01 2.478379e-01 2.434219e-01 2.793812e-01 3.086985e-01 2.527199e-01 2.796128e-01 1.887484e-02
<GCONST> 9.367766e+01
<MIXTURE> 8 1.575233e-01
<MEAN> 39
 2.630325e+00 -7.205388e+00 -9.209747e-01 -8.753465e+00 5.940271e+00 -5.799255e+00 -2.237886e+00 6.105397e+00 1.280268e-01 -3.085091e-01 -6.387193e-01 1.238756e+01 1.034572e+01 -1.499042e-03 -2.347597e-02 5.839701e-02 5.357277e-03 -4.235820e-02 8.933713e-03 1.178544e-01 4.977103e-02 -7.031141e-03 -1.525930e-02 6.877709e-02 8.180038e-02 1.852091e-03 -4.768827e-03 5.547106e-02 1.312667e-02 4.678763e-02 -7.295648e-02 8.174743e-03 2.874563e-02 -3.019938e-02 9.062251e-03 1.305381e-02 4.766703e-02 -1.458417e-02 -9.269121e-03
<VARIANCE> 39
 1.077585e+01 1.473612e+01 2.978998e+01 2.797169e+01 6.910890e+01 8.627480e+01 6.440638e+01 5.292780e+01 4.887143e+01 4.418592e+01 6.375135e+01 8.522321e+01 1.434971e+01 1.286100e-01 3.087514e-01 4.748925e-01 5.646273e-01 7.925330e-01 8.088980e-01 8.755306e-01 9.570628e-01 9.874287e-01 8.957518e-01 8.699366e-01 8.144323e-01 4.740557e-02 2.276921e-02 5.150596e-02 8.128423e-02 1.003707e-01 1.243618e-01 1.396565e-01 1.445701e-01 1.636004e-01 1.710380e-01 1.666817e-01 1.516640e-01 1.459057e-01 6.557657e-03
<GCONST> 7.880883e+01
<STATE> 5
<NUMMIXES> 8
<MIXTURE> 1 8.960568e-02
<MEAN> 39
 2.379812e+00 -2.533139e+00 2.073202e+00 -5.178818e+00 -2.820134e+00 -9.242238e+00 -3.540122e+00 8.498936e-01 5.669010e-01 3.589468e+00 1.033793e+00 1.061665e+01 5.580310e+00 5.484887e-01 1.462272e+00 3.108133e-01 1.296136e+00 -4.390408e-01 -5.339615e-01 -1.183644e+00 -1.696530e+00 -5.409310e-01 -9.434131e-01 -6.248372e-01 -1.531213e+00 -1.945686e+00 -1.197091e-01 2.640707e-01 -1.914557e-01 4.850947e-01 1.850808e-01 5.455971e-01 2.225407e-01 9.524149e-02 1.435075e-02 -5.058616e-01 -1.606494e-01 -6.809646e-01 -4.833213e-01
<VARIANCE> 39
 1.266889e+01 1.990654e+01 4.728609e+01 3.652872e+01 6.810261e+01 5.074575e+01 7.735674e+01 5.328247e+01 7.747276e+01 8.277364e+01 1.145863e+02 9.543423e+01 1.561631e+01 7.961729e-01 1.254385e+00 1.951554e+00 2.589360e+00 2.874622e+00 3.991636e+00 3.761712e+00 3.811916e+00 3.814314e+00 4.415890e+00 3.767008e+00 3.971725e+00 9.860672e-01 1.773152e-01 2.522928e-01 3.807942e-01 4.292179e-01 5.516549e-01 5.794699e-01 7.124161e-01 6.497530e-01 8.088956e-01 8.001166e-01 7.616463e-01 6.807947e-01 1.820744e-01
<GCONST> 1.245608e+02
<MIXTURE> 2 1.578463e-01
<MEAN> 39
 2.768192e+00 5.818199e+00 3.289346e+00 4.165648e+00 1.552734e+00 -3.578629e+00 -4.372076e+00 -3.365756e+00 -5.110888e-01 -2.005436e+00 -4.103076e+00 -3.496390e+00 -5.329755e+00 -1.301303e+00 7.884108e-02 -1.896129e-01 6.453497e-01 4.409033e-01 7.116088e-01 1.369492e+00 2.440511e-01 9.566469e-02 9.519669e-02 4.707896e-01 -1.158872e-01 -1.696898e+00 -2.463979e-01 -6.178384e-01 -3.672738e-01 -5.914398e-01 -3.148961e-01 -8.928362e-02 7.780860e-02 3.502063e-01 3.191080e-01 4.080814e-01 3.499826e-01 4.591711e-01 6.669300e-01
<VARIANCE> 39
 2.083356e+01 2.660756e+01 3.634462e+01 3.412755e+01 4.706622e+01 4.455335e+01 4.684497e+01 4.910609e+01 4.399390e+01 4.836697e+01 4.986786e+01 5.127930e+01 3.176323e+01 2.070247e+00 2.640934e+00 2.442888e+00 3.414990e+00 3.518655e+00 3.634857e+00 4.182724e+00 4.066786e+00 4.039351e+00 3.788000e+00 3.983873e+00 4.305655e+00 3.162152e+00 3.017678e-01 3.775361e-01 4.281995e-01 5.446344e-01 6.465291e-01 7.009566e-01 8.920923e-01 8.498706e-01 7.817673e-01 7.335219e-01 6.467437e-01 6.821583e-01 3.128838e-01
<GCONST> 1.281664e+02
<MIXTURE> 3 2.224828e-01
<MEAN> 39
 4.219815e+00 4.947047e+00 2.272953e+00 1.899889e+00 -7.471006e-01 -3.400809e+00 -4.133334e+00 -3.625188e+00 -5.435162e-01 -1.714007e+00 -3.238012e+00 -2.559353e+00 -3.340888e+00 -2.332252e-01 2.818856e-01 2.372202e-01 4.474397e-01 2.744952e-01 1.286421e-01 3.697794e-01 -2.389810e-01 -1.966560e-01 -1.338031e-01 -1.164848e-01 -8.935260e-02 -7.745268e-01 -7.346992e-02 -1.660157e-01 -9.665820e-02 -1.249909e-01 -7.186718e-02 6.002588e-03 6.920680e-03 1.373285e-01 8.598912e-02 9.862487e-02 1.054135e-01 7.199267e-02 1.525556e-01
<VARIANCE> 39
 1.662004e+01 2.089702e+01 2.806540e+01 3.286742e+01 4.411786e+01 4.147680e+01 3.884414e+01 4.374670e+01 4.487649e+01 5.272227e+01 5.551440e+01 4.667671e+01 2.489729e+01 4.264375e-01 7.408643e-01 9.643853e-01 1.335554e+00 1.685091e+00 1.782673e+00 2.060118e+00 2.090621e+00 2.245423e+00 2.109276e+00 2.184909e+00 1.919560e+00 5.995020e-01 5.589817e-02 1.050643e-01 1.498416e-01 2.147232e-01 2.758672e-01 2.919838e-01 3.689364e-01 3.840059e-01 4.068941e-01 3.742004e-01 3.914678e-01 3.293324e-01 5.294454e-02
<GCONST> 1.023700e+02
<MIXTURE> 4 1.038656e-01
<MEAN> 39
 3.821536e+00 1.989182e+00 3.593077e+00 -8.434950e-01 -7.719789e+00 -6.684885e+00 -1.976183e+00 7.458851e-01 -1.157936e-01 -9.893546e-02 -3.195699e-03 9.722760e-01 2.550015e+00 7.488786e-02 3.274949e-01 4.745066e-01 4.729697e-01 4.492550e-02 -1.022679e-01 -3.458261e-01 -6.456795e-01 -3.236999e-01 -1.291007e-01 1.523212e-01 -7.408705e-02 -5.952129e-01 -2.707965e-02 1.165833e-01 -4.846660e-03 2.019663e-01 3.707204e-01 1.812230e-01 -5.531486e-02 -1.229556e-01 4.917124e-02 -9.931362e-02 -2.108097e-01 -1.404353e-01 -2.092467e-01
<VARIANCE> 39
 7.262971e+00 1.436703e+01 2.531537e+01 3.372119e+01 2.774842e+01 3.333749e+01 3.639886e+01 4.125961e+01 4.096881e+01 4.297611e+01 4.460716e+01 4.372828e+01 1.508682e+01 2.182246e-01 5.342526e-01 9.330551e-01 1.004165e+00 1.569625e+00 1.335362e+00 1.725767e+00 1.961782e+00 2.032198e+00 1.805257e+00 1.828639e+00 1.869343e+00 2.501063e-01 4.439540e-02 8.877489e-02 1.295574e-01 1.933115e-01 2.327973e-01 2.585330e-01 2.869639e-01 3.467398e-01 3.296999e-01 3.407345e-01 3.328570e-01 3.097409e-01 5.805707e-02
<GCONST> 9.422448e+01
<MIXTURE> 5 7.915872e-02
<MEAN> 39
 6.042023e+00 3.192438e+00 -2.939138e+00 -4.106746e+00 3.826623e+00 2.501518e-01 -1.020779e+01 -7.207996e+00 -8.857360e-01 5.333056e+00 5.736845e-01 -3.490116e+00 1.810412e+00 -2.365648e-01 8.703419e-01 7.827927e-01 1.443695e+00 5.541637e-01 -3.170411e-02 5.979792e-01 -1.154108e-01 -1.142529e+00 -8.600209e-01 -6.318970e-01 -3.548220e-01 -2.052398e+00 -3.129246e-01 -1.837354e-01 9.706526e-02 2.083554e-01 -9.135674e-02 -3.198166e-02 4.939506e-01 5.101251e-01 3.877032e-01 -2.738550e-01 -1.114158e-01 1.686120e-01 -1.799417e-01
<VARIANCE> 39
 1.241429e+01 1.567813e+01 2.816881e+01 3.429153e+01 3.418658e+01 4.362888e+01 4.794062e+01 3.864085e+01 6.003419e+01 5.366049e+01 7.425101e+01 6.313986e+01 2.192951e+01 9.373243e-01 1.675053e+00 1.754175e+00 3.009841e+00 3.420841e+00 3.736527e+00 4.048169e+00 4.120997e+00 4.199681e+00 3.915744e+00 4.133463e+00 3.639115e+00 1.785683e+00 1.262683e-01 2.246664e-01 2.578864e-01 3.896056e-01 3.912143e-01 4.815492e-01 6.159357e-01 6.051486e-01 6.768610e-01 6.837478e-01 6.900219e-01 5.750376e-01 2.045595e-01
<GCONST> 1.200414e+02
<MIXTURE> 6 1.293626e-01
<MEAN> 39
 4.503736e+00 3.564644e+00 3.244217e+00 2.707181e+00 -2.771762e+00 -8.473264e+00 -6.635260e+00 -1.582295e+00 3.315445e-01 -2.468024e+00 -4.136185e+00 5.195988e-01 -6.402171e-02 -3.664651e-01 1.433341e+00 6.268180e-01 1.460088e+00 9.194817e-01 5.547280e-01 8.093334e-01 -8.961400e-01 -6.480209e-01 -6.046969e-01 -4.158402e-01 -1.195937e+00 -2.391213e+00 -3.605920e-01 -1.836117e-01 -2.618882e-01 -2.527556e-01 1.983108e-01 4.819429e-01 4.187739e-01 3.069496e-01 1.703800e-01 2.011952e-01 2.418993e-01 -4.611547e-02 -5.297616e-02
<VARIANCE> 39
 1.000682e+01 1.800223e+01 3.078762e+01 2.803222e+01 3.488889e+01 2.672005e+01 3.910073e+01 3.640748e+01 4.263591e+01 4.820987e+01 5.400483e+01 5.631249e+01 1.784158e+01 1.446257e+00 1.650100e+00 2.063687e+00 2.486966e+00 4.038384e+00 3.898235e+00 4.131004e+00 4.127852e+00 3.882466e+00 4.118739e+00 3.649897e+00 4.122447e+00 1.454588e+00 1.620257e-01 2.918037e-01 2.763793e-01 3.414356e-01 4.217904e-01 4.386175e-01 5.498024e-01 5.537184e-01 6.172111e-01 5.458143e-01 5.750126e-01 6.303582e-01 1.808362e-01
<GCONST> 1.181137e+02
<MIXTURE> 7 1.205166e-01
<MEAN> 39
 4.492347e+00 -8.096936e-01 -1.380412e-02 -1.427349e+00 -4.639941e+00 -5.451928e+00 -8.566275e+00 2.416352e+00 4.964896e+00 -1.325412e+00 -3.497427e+00 -1.932783e+00 5.244723e+00 2.133106e-01 7.822053e-01 9.034227e-01 1.098230e+00 3.436826e-01 -4.872701e-01 -2.823497e-01 -1.246638e+00 -9.656972e-01 -2.633955e-01 -3.259003e-01 3.540855e-02 -1.278669e+00 -7.236163e-02 3.252124e-01 1.152227e-01 2.560341e-01 4.605082e-01 2.426212e-01 4.075061e-01 -3.191421e-01 -2.781273e-01 6.083141e-02 -5.518257e-02 -9.738547e-02 -4.206295e-01
<VARIANCE> 39
 1.153427e+01 1.443989e+01 3.341838e+01 2.714077e+01 4.659087e+01 4.049221e+01 4.759230e+01 5.288964e+01 4.859743e+01 5.079575e+01 5.910546e+01 4.483158e+01 1.709145e+01 4.416725e-01 8.708919e-01 1.284628e+00 1.416275e+00 2.277606e+00 2.617257e+00 2.960912e+00 3.165532e+00 3.184052e+00 3.154689e+00 2.952143e+00 2.287388e+00 4.782486e-01 9.152235e-02 1.550866e-01 2.130246e-01 2.437457e-01 3.786952e-01 4.645326e-01 4.552951e-01 5.460597e-01 5.299777e-01 5.331044e-01 5.313804e-01 3.856906e-01 9.934641e-02
<GCONST> 1.091532e+02
<MIXTURE> 8 9.716163e-02
<MEAN> 39
 1.005216e+00 -4.691868e+00 -9.949726e-01 -4.562412e+00 -3.010509e-01 -4.048092e+00 -4.900801e-01 5.731189e+00 9.479478e-01 2.012546e+00 2.489821e+00 1.060534e+01 7.865974e+00 2.629930e-01 3.840260e-01 3.646551e-01 6.743677e-02 -7.578093e-01 -9.825627e-01 -8.161373e-01 -9.232187e-01 -9.397790e-02 2.610466e-01 6.737222e-02 -2.969810e-03 -6.082193e-01 1.433519e-01 2.468109e-01 3.579303e-02 2.085724e-01 -5.366307e-03 -1.079175e-01 -3.473612e-01 -4.064574e-01 8.312104e-03 -2.239570e-01 -2.308699e-01 -3.861044e-01 -3.306845e-01
<VARIANCE> 39
 1.274510e+01 1.975651e+01 3.967339e+01 3.656830e+01 6.760522e+01 5.642707e+01 6.882482e+01 5.139343e+01 6.324926e+01 6.885708e+01 9.502115e+01 1.080614e+02 1.476003e+01 3.692374e-01 7.785826e-01 1.352348e+00 1.541028e+00 2.003123e+00 2.391251e+00 2.746297e+00 2.679815e+00 2.578816e+00 2.836534e+00 2.530401e+00 2.353139e+00 2.437218e-01 7.294051e-02 1.314247e-01 1.798664e-01 2.821271e-01 3.070978e-01 4.014965e-01 4.664141e-01 4.875024e-01 4.830919e-01 5.052189e-01 4.164710e-01 4.263180e-01 8.083696e-02
<GCONST> 1.097670e+02
<TRANSP> 6
 0.000000e+00 1.000000e+00 0.000000e+00 0.000000e+00 0.000000e+00 0.000000e+00
 0.000000e+00 8.069168e-01 1.930832e-01 0.000000e+00 0.000000e+00 0.000000e+00
 0.000000e+00 0.000000e+00 9.009991e-01 9.900093e-02 0.000000e+00 0.000000e+00
 0.000000e+00 0.000000e+00 0.000000e+00 8.193101e-01 1.806899e-01 0.000000e+00
 0.000000e+00 0.000000e+00 0.000000e+00 0.000000e+00 7.466423e-01 2.533577e-01
 0.000000e+00 0.000000e+00 0.000000e+00 0.000000e+00 0.000000e+00 0.000000e+00
<ENDHMM>
