~o
<STREAMINFO> 1 39
<VECSIZE> 39<NULLD><MFCC_D_A_Z_0><DIAGC>
~h "ah"
<BEGINHMM>
<NUMSTATES> 6
<STATE> 2
<NUMMIXES> 4
<MIXTURE> 1 4.636522e-01
<MEAN> 39
 9.569861e-01 -8.707981e+00 -4.709510e+00 6.270537e+00 2.083987e+00 2.776913e+00 4.807865e+00 -4.516395e+00 -3.839362e+00 7.068263e-01 3.236204e-01 1.014226e+00 1.315259e+01 4.227358e-02 5.280631e-03 -3.232248e-02 4.992131e-02 -1.068932e-02 -2.052623e-02 -6.634761e-02 2.862426e-02 3.241733e-02 -5.968755e-02 1.436750e-02 -1.278942e-02 -5.859737e-02 1.385792e-02 3.002690e-02 3.523541e-03 -8.469102e-02 -3.743537e-02 -1.040864e-02 6.700967e-03 2.308878e-02 6.058884e-03 -3.891683e-02 -3.319055e-02 8.851987e-04 -2.160173e-02
<VARIANCE> 39
 1.314793e+01 1.313626e+01 3.000722e+01 4.429206e+01 5.112195e+01 5.484622e+01 6.542958e+01 6.114462e+01 4.728327e+01 5.974482e+01 5.307937e+01 6.173899e+01 1.573290e+01 1.549705e-01 2.949725e-01 4.754221e-01 7.506849e-01 7.665149e-01 9.238642e-01 9.796242e-01 1.062443e+00 1.044504e+00 1.087922e+00 1.009225e+00 9.427364e-01 7.381084e-02 2.482977e-02 4.979984e-02 7.675029e-02 1.163282e-01 1.301816e-01 1.516210e-01 1.725976e-01 1.869098e-01 1.793564e-01 1.863178e-01 1.757662e-01 1.605442e-01 1.089212e-02
<GCONST> 8.184242e+01
<MIXTURE> 2 3.544483e-01
<MEAN> 39
 1.376886e+00 -5.802736e+00 -3.053770e+00 2.065131e-01 1.013561e-01 3.246894e+00 3.513418e+00 -2.223220e+00 -2.185227e+00 -1.395981e+00 -1.327847e+00 1.265813e+00 1.179927e+01 -6.394988e-02 -1.917395e-01 -1.528715e-01 2.673692e-01 3.096378e-01 5.703545e-02 -2.233372e-01 -6.681800e-02 -1.447885e-02 -1.607266e-01 1.219075e-01 1.124880e-01 4.427575e-02 6.060672e-02 1.670571e-01 7.811884e-02 -3.017665e-02 -1.075326e-01 -1.570349e-01 -7.429124e-02 6.227632e-02 7.267357e-02 4.519951e-02 2.411597e-03 -5.654963e-02 -1.587392e-01
<VARIANCE> 39
 1.698019e+01 3.418929e+01 3.657502e+01 7.643480e+01 5.242612e+01 7.341369e+01 7.311259e+01 8.220028e+01 6.272241e+01 6.908447e+01 6.738811e+01 8.299977e+01 2.531095e+01 4.246532e-01 8.631521e-01 1.103772e+00 2.182159e+00 1.955401e+00 2.429783e+00 2.684640e+00 2.836385e+00 2.761235e+00 2.879583e+00 2.671621e+00 2.552869e+00 3.289539e-01 6.931443e-02 1.307255e-01 1.811626e-01 2.949498e-01 3.234408e-01 4.580013e-01 4.512803e-01 4.759277e-01 4.600490e-01 4.745346e-01 4.411779e-01 4.424020e-01 7.327584e-02
<GCONST> 1.126635e+02
<MIXTURE> 3 4.893638e-02
<MEAN> 39
 4.953566e+00 4.080673e-01 -5.291831e+00 -6.863583e-01 2.356868e+00 7.560911e+00 1.909229e+01 2.900028e+01 1.335468e+01 -1.089141e+01 -3.283211e+01 -1.474472e+01 6.104118e+00 -2.264583e-02 -4.946094e-03 2.499601e-02 -1.848466e-02 2.889517e-02 -1.661435e-02 -2.852858e-02 -8.866756e-03 8.426528e-02 8.246195e-04 -4.969022e-02 -6.905813e-02 -9.947218e-03 7.108264e-04 -8.097372e-03 6.151553e-05 -1.457322e-02 -2.867980e-02 9.871706e-03 -2.671051e-02 -3.257063e-02 1.872939e-02 2.786365e-02 5.892491e-02 -1.662058e-02 -4.169296e-03
<VARIANCE> 39
 2.886790e+01 1.930880e+01 1.756459e+01 2.859133e+01 3.459107e+01 6.550037e+01 6.142406e+01 3.288488e+01 9.125507e+01 1.762964e+02 6.785777e+01 2.569305e+02 1.993718e+01 1.570657e-01 3.181386e-01 5.565584e-01 4.715458e-01 6.617503e-01 8.166008e-01 8.916390e-01 8.884245e-01 1.315091e+00 1.821181e+00 1.144556e+00 1.942319e+00 6.485323e-02 2.590483e-02 5.380387e-02 1.066771e-01 9.285784e-02 1.326293e-01 1.494035e-01 1.557861e-01 1.796543e-01 2.163676e-01 2.414284e-01 2.164209e-01 2.453222e-01 1.041524e-02
<GCONST> 8.661487e+01
<MIXTURE> 4 1.329631e-01
<MEAN> 39
 2.964088e+00 -2.206568e+00 -1.917894e+00 -4.582555e+00 -4.223433e+00 1.087284e+00 4.639268e+00 2.803823e+00 3.114325e+00 7.683170e-01 -3.372906e+00 -2.714915e+00 9.813126e+00 -1.995145e-01 -1.087612e+00 -5.390201e-01 2.978244e-02 6.746834e-01 1.066500e+00 7.566140e-01 -1.987143e-01 -8.166546e-02 -1.101249e-01 1.561118e-02 1.336933e-01 1.211358e+00 -3.098637e-01 1.997418e-01 1.464974e-01 4.881712e-01 3.936210e-01 -1.691271e-02 -3.459684e-01 -1.725303e-01 -2.292697e-01 -2.032381e-02 2.892947e-01 2.005033e-01 -5.120900e-01
<VARIANCE> 39
 1.945533e+01 3.623084e+01 4.198617e+01 6.009750e+01 5.692327e+01 7.056299e+01 8.652624e+01 1.088678e+02 1.118792e+02 9.774738e+01 1.231399e+02 1.421156e+02 3.153526e+01 1.656371e+00 2.302858e+00 2.668088e+00 4.510695e+00 4.145486e+00 5.335083e+00 5.482210e+00 5.881581e+00 6.019211e+00 5.770977e+00 6.502427e+00 6.952085e+00 1.887278e+00 3.731715e-01 3.314935e-01 4.884781e-01 6.353955e-01 7.031557e-01 1.017836e+00 1.065091e+00 1.037546e+00 1.052996e+00 1.067643e+00 1.179153e+00 1.103158e+00 3.234541e-01
<GCONST> 1.401856e+02
<STATE> 3
<NUMMIXES> 4
<MIXTURE> 1 4.809309e-01
<MEAN> 39
 4.309707e+00 -8.633268e-01 -5.170305e+00 -2.425587e+00 9.730571e-01 9.395976e-03 7.573895e-01 2.338798e+00 9.435581e-01 -5.017785e+00 -3.573775e+00 -2.368103e+00 8.564734e+00 4.666095e-02 6.443646e-02 9.568730e-03 -3.808381e-02 6.104247e-03 -4.105274e-02 -7.410255e-02 -3.004406e-02 1.645472e-02 1.849467e-02 -2.761712e-02 -4.767305e-02 -1.006098e-01 7.697128e-03 2.236250e-02 4.790351e-02 2.049559e-03 -3.206910e-02 -2.005486e-02 2.281190e-02 -1.080049e-02 -1.455904e-02 4.646058e-02 2.704330e-03 7.328078e-03 -2.481510e-02
<VARIANCE> 39
 2.269023e+01 2.822927e+01 5.104281e+01 9.985777e+01 5.044812e+01 8.692426e+01 6.621191e+01 7.464635e+01 5.708392e+01 5.635376e+01 4.923933e+01 6.372689e+01 2.158646e+01 1.716789e-01 3.808437e-01 5.924215e-01 8.453767e-01 1.024439e+00 1.213991e+00 1.360651e+00 1.469598e+00 1.458340e+00 1.392441e+00 1.350344e+00 1.289200e+00 1.249155e-01 2.718437e-02 5.840322e-02 9.695419e-02 1.362905e-01 1.741914e-01 2.158571e-01 2.360772e-01 2.466405e-01 2.470735e-01 2.411656e-01 2.357882e-01 2.211131e-01 1.845728e-02
<GCONST> 9.277898e+01
<MIXTURE> 2 3.370751e-01
<MEAN> 39
 3.146594e+00 2.057578e-01 -4.190765e+00 -4.634800e+00 1.457588e+00 1.274402e+00 1.214422e+00 3.569423e+00 1.308354e+00 -3.952243e+00 -3.214504e+00 -1.568962e+00 9.941087e+00 1.041434e-02 9.576028e-03 -3.761345e-03 1.446453e-02 -1.141320e-02 -2.538143e-02 -1.100691e-02 -1.163777e-02 1.848056e-03 6.814481e-03 -2.119210e-02 -7.280158e-03 -2.424662e-02 -3.045063e-05 -5.507591e-03 1.534373e-03 -1.509304e-02 -2.430910e-02 -1.956810e-02 -7.609178e-03 -2.036789e-02 -1.398580e-03 -6.635889e-03 -1.551412e-02 -1.698235e-02 -8.642654e-03
<VARIANCE> 39
 2.187116e+01 3.556673e+01 4.277873e+01 1.087340e+02 4.427799e+01 8.354501e+01 6.549357e+01 6.362788e+01 5.073771e+01 4.780746e+01 5.390942e+01 5.812329e+01 2.078688e+01 6.244874e-02 1.540297e-01 2.136640e-01 3.172862e-01 3.990396e-01 4.765279e-01 5.268648e-01 5.595996e-01 5.708883e-01 5.521290e-01 5.300357e-01 4.946402e-01 3.294308e-02 1.028143e-02 2.379631e-02 3.739839e-02 5.228759e-02 6.909607e-02 8.304767e-02 9.046084e-02 9.328364e-02 9.962511e-02 9.576584e-02 9.469386e-02 8.996741e-02 4.037227e-03
<GCONST> 6.666671e+01
<MIXTURE> 3 1.161780e-01
<MEAN> 39
 3.328767e+00 -2.241583e+00 -3.435478e+00 -2.257757e+00 -3.985585e-01 -4.100548e-01 2.057093e+00 2.400500e+00 2.878164e+00 -5.685334e-01 -2.477808e+00 -2.651220e+00 9.281096e+00 -6.921126e-03 8.657855e-02 6.070895e-02 1.213676e-02 -4.831935e-02 -5.422112e-02 -5.415171e-03 -3.353456e-02 -2.429705e-02 5.748644e-02 1.137806e-02 1.608051e-02 -8.314043e-02 1.569128e-03 1.372190e-01 7.099063e-02 7.698085e-02 -3.013724e-02 -9.712853e-02 -5.478686e-02 -5.833909e-02 -8.849509e-02 2.895646e-02 6.471547e-02 2.623666e-02 -1.547651e-01
<VARIANCE> 39
 2.638625e+01 3.861762e+01 5.481498e+01 8.295067e+01 5.734822e+01 8.517340e+01 7.755594e+01 1.033521e+02 1.165265e+02 1.116333e+02 1.268617e+02 1.280375e+02 3.526359e+01 8.454707e-01 1.532182e+00 1.880418e+00 3.038502e+00 2.919214e+00 4.338064e+00 3.780019e+00 3.764993e+00 3.984735e+00 3.847266e+00 3.899560e+00 3.738760e+00 1.025405e+00 1.340484e-01 2.512836e-01 3.338965e-01 4.725984e-01 4.983622e-01 7.671326e-01 6.748883e-01 6.724929e-01 7.318419e-01 7.504550e-01 7.076811e-01 6.613064e-01 1.955505e-01
<GCONST> 1.298918e+02
<MIXTURE> 4 6.581599e-02
<MEAN> 39
 3.641668e-01 -5.992979e+00 -2.580402e+00 6.649357e+00 1.148954e+00 4.452784e+00 1.382550e+00 7.135881e+00 2.451278e+01 2.028268e+01 8.268687e-01 -2.312363e+01 1.023764e+01 5.587309e-03 5.610008e-03 6.901084e-03 6.506870e-03 5.201095e-02 -2.105766e-03 -2.968051e-02 1.708976e-02 3.451341e-02 2.216765e-03 2.846013e-04 -8.127763e-02 -1.223091e-02 1.838546e-03 5.450335e-03 -1.237295e-02 -3.558991e-02 -7.267645e-03 -1.497012e-02 1.660765e-02 2.286516e-02 -2.212262e-02 -2.054537e-02 5.458079e-04 2.195071e-02 -1.441146e-02
<VARIANCE> 39
 2.014855e+01 2.225702e+01 2.195132e+01 5.621263e+01 5.135151e+01 2.719930e+01 4.303456e+01 5.834089e+01 4.082661e+01 6.759351e+01 1.467576e+02 5.776476e+01 2.538345e+01 2.781952e-01 5.330768e-01 7.002994e-01 7.753342e-01 8.023456e-01 8.374751e-01 8.549360e-01 1.192211e+00 1.066528e+00 1.050810e+00 1.412388e+00 1.279309e+00 7.940022e-02 5.124490e-02 9.499470e-02 1.257692e-01 1.272741e-01 1.449483e-01 1.567349e-01 1.487921e-01 1.995001e-01 1.920509e-01 1.895815e-01 2.047007e-01 2.051180e-01 1.258651e-02
<GCONST> 8.782793e+01
<STATE> 4
<NUMMIXES> 4
<MIXTURE> 1 3.704271e-01
<MEAN> 39
 -5.865207e-01 -4.657572e+00 -2.325835e+00 1.119962e+00 4.687246e+00 4.663241e+00 -1.043116e+00 -1.863392e+00 4.796946e+00 9.078254e+00 1.533452e+01 1.671664e+01 1.163428e+01 1.502554e-02 1.629924e-02 -1.890176e-02 3.736697e-04 -1.066124e-02 -3.303852e-02 -6.013575e-03 1.927626e-02 9.386720e-03 4.643913e-02 1.444224e-02 -1.178484e-02 -4.169222e-02 2.283676e-03 1.483042e-03 -6.585343e-03 -2.560766e-02 -1.930292e-02 -1.082241e-02 1.658754e-02 -9.821605e-03 -9.511770e-04 -7.911109e-04 -1.717404e-02 -2.306380e-02 -6.502025e-03
<VARIANCE> 39
 1.386488e+01 3.017580e+01 3.084735e+01 7.737692e+01 5.646555e+01 9.060381e+01 5.733258e+01 5.308948e+01 8.166812e+01 1.196836e+02 8.661780e+01 1.478924e+02 2.330163e+01 1.373654e-01 3.018602e-01 4.113224e-01 5.902114e-01 5.819758e-01 7.187890e-01 8.068345e-01 7.728831e-01 8.159424e-01 9.823533e-01 9.691816e-01 8.914980e-01 4.911679e-02 2.471318e-02 5.196768e-02 7.457598e-02 1.001549e-01 1.076129e-01 1.260775e-01 1.442609e-01 1.322878e-01 1.432558e-01 1.682300e-01 1.765055e-01 1.621820e-01 7.483735e-03
<GCONST> 8.253555e+01
<MIXTURE> 2 2.198261e-01
<MEAN> 39
 3.605978e+00 -1.731522e+00 -3.178257e+00 -2.406403e+00 -2.286796e+00 -2.978892e-01 2.665987e+00 -7.936989e-01 -8.322016e-01 -3.085557e+00 -3.844718e+00 -1.480244e+00 8.024780e+00 3.714725e-01 9.228554e-01 7.784083e-01 -4.920641e-02 -4.827501e-01 -1.043780e+00 -6.256213e-01 -1.426998e-01 -2.135471e-01 2.813241e-01 -1.915315e-01 -3.548619e-01 -1.111151e+00 -4.136683e-02 2.243038e-01 2.771415e-01 2.285346e-01 1.007986e-01 -1.292303e-01 -2.310399e-01 -1.017517e-01 -1.734162e-01 5.628116e-02 8.242294e-02 -1.239617e-02 -3.108056e-01
<VARIANCE> 39
 1.807205e+01 3.248407e+01 4.318487e+01 8.186524e+01 5.006802e+01 6.694492e+01 7.773499e+01 7.994827e+01 6.023237e+01 5.662502e+01 5.247041e+01 5.775014e+01 2.919580e+01 5.488356e-01 1.107322e+00 1.656976e+00 2.524858e+00 2.425643e+00 3.313846e+00 3.477411e+00 3.384186e+00 3.293251e+00 2.890659e+00 2.564452e+00 2.450123e+00 7.949578e-01 9.930836e-02 1.572275e-01 2.492440e-01 3.677533e-01 3.858049e-01 5.686606e-01 5.817844e-01 5.951629e-01 5.879772e-01 5.301796e-01 4.513571e-01 4.146524e-01 1.069691e-01
<GCONST> 1.177411e+02
<MIXTURE> 3 2.217641e-01
<MEAN> 39
 -1.044048e+00 -4.222830e+00 -1.575470e+00 -2.003943e+00 3.318192e+00 3.416411e+00 1.214982e+00 5.212524e+00 1.413624e+01 1.468195e+01 8.075358e+00 -4.541005e+00 1.013155e+01 -6.903154e-03 2.937741e-03 4.083092e-02 -1.229370e-02 -9.505848e-03 -7.590648e-02 5.078283e-02 -1.119364e-01 -9.012096e-02 6.855489e-02 1.231575e-01 2.249068e-01 -6.610079e-02 3.810695e-02 4.453832e-02 1.077413e-03 1.983337e-03 -8.150305e-02 -5.579713e-02 3.999324e-02 3.397234e-03 -5.742285e-02 -7.470870e-02 -7.596824e-02 3.936150e-02 -4.210284e-02
<VARIANCE> 39
 1.655704e+01 3.261401e+01 2.928844e+01 9.963165e+01 6.169313e+01 6.776142e+01 6.838222e+01 1.241377e+02 1.715254e+02 1.471680e+02 2.373088e+02 3.860352e+02 3.496313e+01 5.110332e-01 9.574676e-01 1.194588e+00 2.098541e+00 2.196594e+00 2.519109e+00 2.669986e+00 3.219520e+00 3.291794e+00 3.733454e+00 4.462630e+00 5.023567e+00 3.019917e-01 7.874683e-02 1.489336e-01 2.021475e-01 3.038287e-01 3.448088e-01 4.311661e-01 4.491590e-01 5.283608e-01 5.732610e-01 6.101109e-01 6.388494e-01 7.539725e-01 5.034181e-02
<GCONST> 1.215855e+02
<MIXTURE> 4 1.879827e-01
<MEAN> 39
 2.718468e+00 -2.461105e+00 -2.803956e+00 -1.055978e-01 4.957491e-01 3.595249e+00 6.794813e+00 1.917306e+01 2.703001e+01 1.233944e+01 -1.266847e+01 -3.178809e+01 5.045911e+00 2.117019e-02 -1.203201e-02 4.021739e-04 1.760527e-02 -2.870691e-02 -5.640802e-03 5.830375e-02 2.075138e-02 1.170336e-02 -5.691095e-02 -1.455179e-02 -1.604498e-02 -3.041615e-02 -4.886092e-03 -9.890765e-03 -5.336449e-03 -1.818351e-02 -1.057921e-02 6.173241e-03 -1.224524e-02 -2.574177e-02 -2.534092e-02 -1.004598e-02 4.570437e-02 5.312862e-02 -2.321359e-03
<VARIANCE> 39
 2.520028e+01 1.808831e+01 2.103863e+01 4.270679e+01 4.212787e+01 4.425290e+01 1.061778e+02 6.311633e+01 6.489838e+01 1.227058e+02 1.361902e+02 4.886669e+01 1.724139e+01 2.118679e-01 4.378754e-01 6.086322e-01 7.230318e-01 8.050735e-01 9.913491e-01 1.165341e+00 1.291442e+00 1.269332e+00 1.297124e+00 1.873027e+00 1.211803e+00 7.061241e-02 3.775973e-02 7.358031e-02 1.077485e-01 1.302020e-01 1.448591e-01 1.793961e-01 2.036864e-01 2.164801e-01 2.247680e-01 2.121693e-01 2.798501e-01 2.220548e-01 1.056467e-02
<GCONST> 8.993069e+01
<STATE> 5
<NUMMIXES> 4
<MIXTURE> 1 3.461568e-01
<MEAN> 39
 2.372862e+00 2.060261e-01 -2.246208e+00 -3.123888e+00 8.623753e-01 -1.284049e+00 -6.777571e-01 4.445752e-01 4.909552e+00 5.741276e+00 5.795326e+00 6.171532e-01 5.919595e+00 4.271659e-02 2.451248e-01 2.287275e-01 9.848633e-02 -1.130530e-01 -3.477409e-01 1.014505e-01 -1.265555e-01 -2.418283e-01 1.058026e-01 4.905672e-02 1.986160e-02 -3.339417e-01 -5.853984e-03 -2.188545e-02 3.489098e-02 -1.327150e-02 -9.567130e-02 1.222248e-02 1.461578e-02 1.748442e-02 -3.363672e-02 -4.429664e-02 -9.479667e-02 -2.731943e-02 -2.228227e-02
<VARIANCE> 39
 2.527925e+01 4.142382e+01 4.256094e+01 8.509842e+01 5.475610e+01 7.025603e+01 8.114263e+01 7.947901e+01 1.182455e+02 1.554092e+02 1.454149e+02 1.927105e+02 2.648841e+01 3.028032e-01 5.762089e-01 9.662575e-01 1.318298e+00 1.570292e+00 2.028778e+00 2.171828e+00 2.271937e+00 2.146134e+00 2.503053e+00 2.442890e+00 2.320079e+00 2.275641e-01 4.702233e-02 8.662324e-02 1.460285e-01 2.091212e-01 2.479308e-01 3.017302e-01 3.567326e-01 3.537548e-01 3.771288e-01 4.063445e-01 4.202868e-01 3.868713e-01 2.731473e-02
<GCONST> 1.094281e+02
<MIXTURE> 2 3.132065e-01
<MEAN> 39
 3.749712e+00 3.319241e+00 1.753753e+00 -1.540057e+00 -3.306869e+00 -3.326447e+00 -2.294660e+00 -1.736504e+00 -2.259359e+00 -2.316405e+00 -4.064351e+00 -3.094721e+00 1.724057e+00 -6.026455e-01 1.088897e+00 8.151121e-01 1.041776e+00 4.619665e-01 -1.894819e-01 -7.074841e-01 -2.587061e-01 -6.788746e-01 -3.011274e-01 9.074450e-02 -1.668017e-01 -1.654987e+00 -3.227547e-01 -2.842528e-01 -2.514143e-01 -1.059441e-02 1.733240e-01 3.719833e-01 3.136552e-01 1.801795e-01 1.912264e-01 5.647326e-02 1.437633e-01 1.521482e-01 1.849978e-01
<VARIANCE> 39
 2.299200e+01 3.102533e+01 3.002002e+01 6.438009e+01 4.834747e+01 5.357343e+01 5.994373e+01 6.381619e+01 6.026454e+01 5.603363e+01 5.347055e+01 5.278006e+01 3.101605e+01 2.131796e+00 2.081948e+00 2.539977e+00 3.207138e+00 3.039546e+00 4.585382e+00 4.594152e+00 4.769766e+00 4.558673e+00 4.144401e+00 3.829803e+00 3.590739e+00 1.614062e+00 2.151817e-01 2.773038e-01 3.183870e-01 4.935628e-01 5.295002e-01 6.479576e-01 6.665791e-01 7.508449e-01 7.349298e-01 6.659259e-01 6.121507e-01 5.682611e-01 2.091704e-01
<GCONST> 1.270089e+02
<MIXTURE> 3 2.301772e-01
<MEAN> 39
 1.859797e+00 -3.951296e+00 -1.354335e+00 -2.200758e+00 -3.033572e+00 1.095786e+00 4.674786e+00 4.710902e+00 7.693295e+00 7.614015e+00 3.031688e+00 -7.350576e-01 7.610586e+00 1.826552e-02 5.035002e-01 2.682212e-01 -1.150925e-01 -4.885637e-01 -7.082779e-01 -5.263815e-01 -6.086311e-01 -7.687197e-01 -3.649941e-01 2.168202e-02 4.148385e-01 -7.593981e-01 -7.850233e-02 1.445892e-01 3.791224e-02 1.003976e-01 1.855324e-01 -1.050213e-02 -2.086002e-01 -6.274936e-02 -8.263513e-02 -2.156874e-01 -1.977215e-01 -1.497867e-01 -1.449979e-01
<VARIANCE> 39
 1.847599e+01 3.352600e+01 3.368017e+01 7.586572e+01 6.078883e+01 9.626381e+01 1.189266e+02 1.450293e+02 1.564509e+02 1.921056e+02 2.665298e+02 2.622670e+02 3.205783e+01 1.371833e+00 2.029058e+00 2.328554e+00 3.850955e+00 3.801524e+00 6.068036e+00 6.496658e+00 6.320200e+00 6.859565e+00 8.746737e+00 9.866453e+00 1.010397e+01 2.077722e+00 1.985993e-01 3.011081e-01 3.695348e-01 5.767485e-01 6.209194e-01 9.709604e-01 9.892685e-01 1.070494e+00 1.049153e+00 1.160765e+00 1.363143e+00 1.429338e+00 2.486976e-01
<GCONST> 1.434747e+02
<MIXTURE> 4 1.104596e-01
<MEAN> 39
 6.626532e-01 -5.489987e+00 1.188690e+00 3.531030e+00 -7.639657e-01 1.229580e+01 1.600120e+01 2.574724e+01 1.290501e+01 -2.280458e+01 -3.203817e+01 -6.285329e+00 5.873590e+00 1.845769e-02 -6.670217e-03 1.182458e-02 -1.400829e-02 -3.700534e-02 3.207180e-02 8.000271e-02 -2.712380e-02 -6.800854e-02 -3.374529e-02 -4.941770e-02 9.818522e-02 -2.193007e-02 1.001343e-02 -5.289102e-03 -1.632526e-02 -8.149239e-03 -9.482517e-03 -9.422545e-04 2.407566e-02 -2.681331e-02 -8.310897e-03 5.286928e-02 3.565969e-02 -4.335617e-02 -4.345879e-03
<VARIANCE> 39
 9.753843e+00 1.645598e+01 1.695417e+01 3.049703e+01 2.050958e+01 2.059855e+01 5.317534e+01 3.025948e+01 1.101488e+02 1.049801e+02 6.478613e+01 2.176248e+02 9.424985e+00 2.557023e-01 5.309827e-01 6.572576e-01 5.893953e-01 8.620749e-01 9.861613e-01 9.147938e-01 1.059827e+00 1.382623e+00 1.421152e+00 8.667776e-01 1.524029e+00 7.294770e-02 5.166011e-02 1.046694e-01 1.341383e-01 1.129586e-01 1.638129e-01 1.920796e-01 1.645952e-01 2.186961e-01 2.297679e-01 2.358483e-01 1.611172e-01 1.970508e-01 1.143645e-02
<GCONST> 8.575451e+01
<TRANSP> 6
 0.000000e+00 1.000000e+00 0.000000e+00 0.000000e+00 0.000000e+00 0.000000e+00
 0.000000e+00 8.625031e-01 1.374969e-01 0.000000e+00 0.000000e+00 0.000000e+00
 0.000000e+00 0.000000e+00 9.086929e-01 9.130714e-02 0.000000e+00 0.000000e+00
 0.000000e+00 0.000000e+00 0.000000e+00 8.370311e-01 1.629689e-01 0.000000e+00
 0.000000e+00 0.000000e+00 0.000000e+00 0.000000e+00 6.816391e-01 3.183609e-01
 0.000000e+00 0.000000e+00 0.000000e+00 0.000000e+00 0.000000e+00 0.000000e+00
<ENDHMM>
