~o
<STREAMINFO> 1 39
<VECSIZE> 39<NULLD><MFCC_D_A_Z_0><DIAGC>
~h "ay"
<BEGINHMM>
<NUMSTATES> 6
<STATE> 2
<NUMMIXES> 4
<MIXTURE> 1 3.939559e-01
<MEAN> 39
 -1.469190e+00 -1.052474e+01 -2.823375e-01 7.061969e+00 3.190669e+00 5.408078e+00 8.485259e-01 -1.008327e+01 1.609967e+00 4.137360e+00 -1.154714e+00 1.319408e+00 1.339509e+01 5.868040e-03 1.204679e-02 1.668904e-02 -2.161365e-03 5.473610e-03 1.602746e-02 -3.699608e-02 -1.757838e-02 3.597013e-02 -2.126277e-02 1.692048e-03 2.148152e-02 -2.605175e-02 5.649429e-03 1.829697e-02 -2.441796e-02 -5.678465e-02 -1.280451e-02 4.129393e-03 1.126412e-02 7.864459e-03 -2.837618e-02 -3.663018e-02 7.621062e-03 1.554083e-02 -1.273565e-02
<VARIANCE> 39
 1.181180e+01 1.017476e+01 1.389488e+01 3.590128e+01 2.992748e+01 3.412913e+01 3.899032e+01 3.468842e+01 5.097657e+01 4.216562e+01 3.755700e+01 5.531659e+01 1.416951e+01 1.298992e-01 2.513716e-01 3.542834e-01 6.068832e-01 5.969633e-01 7.080476e-01 7.677846e-01 7.734215e-01 8.248472e-01 8.410158e-01 7.341735e-01 7.329284e-01 5.263650e-02 2.108169e-02 4.128271e-02 6.204790e-02 9.002826e-02 1.031055e-01 1.222769e-01 1.373678e-01 1.373003e-01 1.450752e-01 1.495466e-01 1.293405e-01 1.303417e-01 7.751707e-03
<GCONST> 7.115752e+01
<MIXTURE> 2 4.053344e-01
<MEAN> 39
 -7.981180e-01 -9.061872e+00 -1.209863e+00 3.389550e+00 2.692707e+00 4.727420e+00 2.471064e+00 -7.797263e+00 1.462807e-01 3.078516e+00 7.527138e-01 3.236271e+00 1.290624e+01 -3.514818e-02 -1.257777e-01 3.235897e-02 2.697811e-01 4.974196e-02 -9.077151e-02 -1.344301e-01 -7.589874e-02 4.842928e-02 1.988626e-02 6.974208e-02 -1.723594e-02 -1.084045e-02 4.842065e-02 8.301541e-02 6.994671e-03 -6.201897e-02 -8.077755e-02 -6.670447e-02 3.048361e-02 1.037664e-01 -7.945702e-03 -5.939202e-02 -5.951795e-03 -5.396929e-03 -6.343450e-02
<VARIANCE> 39
 1.344268e+01 2.845302e+01 2.147517e+01 6.237860e+01 4.605956e+01 5.542724e+01 5.726562e+01 5.876120e+01 6.254804e+01 6.871590e+01 8.676385e+01 1.022265e+02 1.943978e+01 3.382576e-01 6.766142e-01 8.482921e-01 1.606756e+00 1.550553e+00 1.877334e+00 2.011405e+00 2.016434e+00 2.006717e+00 2.255127e+00 2.081357e+00 1.998700e+00 2.132005e-01 5.790742e-02 1.130700e-01 1.464387e-01 2.313749e-01 2.796406e-01 3.460904e-01 3.474842e-01 3.624900e-01 3.424950e-01 3.839735e-01 3.463073e-01 3.436539e-01 4.207364e-02
<GCONST> 1.037610e+02
<MIXTURE> 3 1.541727e-01
<MEAN> 39
 2.378255e+00 -4.521171e+00 -2.906924e+00 -2.043658e+00 -7.893282e-01 2.810790e+00 4.637175e+00 -7.432163e-01 6.068904e-01 -6.152114e-01 -2.873316e+00 -1.283673e+00 1.063787e+01 -4.033246e-01 -9.718427e-01 -4.070840e-01 5.905318e-01 7.591302e-01 7.422753e-01 4.100667e-01 -2.963076e-01 -1.489818e-01 -7.045057e-02 -2.702696e-02 3.186316e-03 1.069928e+00 -1.703957e-01 2.862101e-01 3.167966e-01 3.176488e-01 4.615303e-02 -2.878432e-01 -3.558886e-01 -7.902089e-03 -4.861475e-02 1.168359e-01 1.822870e-01 8.558732e-02 -5.269442e-01
<VARIANCE> 39
 2.091075e+01 4.471944e+01 3.895107e+01 7.525466e+01 5.298029e+01 6.900890e+01 7.540163e+01 1.020438e+02 9.502776e+01 8.997347e+01 9.676913e+01 1.018914e+02 3.649338e+01 1.134555e+00 2.135853e+00 2.342829e+00 3.408952e+00 3.450260e+00 4.736182e+00 4.587128e+00 4.877320e+00 4.702151e+00 4.671457e+00 4.722607e+00 5.102728e+00 1.708468e+00 2.898975e-01 3.063296e-01 3.915115e-01 5.714920e-01 6.255534e-01 8.254654e-01 8.566329e-01 8.680131e-01 9.070631e-01 8.520349e-01 8.694739e-01 8.054339e-01 3.129968e-01
<GCONST> 1.345209e+02
<MIXTURE> 4 4.653697e-02
<MEAN> 39
 -5.061929e+00 -5.722064e+00 6.189603e+00 1.021715e+01 -1.412103e-01 8.013575e+00 4.529443e+00 1.574775e+01 2.266702e+01 -3.241135e-01 -1.926479e+01 -2.381294e+01 1.058893e+01 8.537109e-03 -3.679522e-03 5.196687e-02 8.088120e-02 -2.098619e-03 -1.121076e-02 3.404955e-03 4.508004e-02 3.992743e-02 -1.198389e-01 -1.471100e-01 7.162048e-03 -4.979470e-02 1.899520e-02 1.031705e-03 -2.329394e-02 -3.370549e-02 -6.283455e-04 7.679518e-03 2.620124e-02 -2.792954e-02 -7.379247e-02 1.693677e-05 6.121447e-02 8.305841e-02 -1.069331e-02
<VARIANCE> 39
 1.147218e+01 1.337041e+01 2.370782e+01 2.270628e+01 3.183741e+01 2.331417e+01 4.543682e+01 8.358562e+01 4.448524e+01 1.402430e+02 1.599026e+02 5.606669e+01 5.964607e+00 5.461280e-01 7.626058e-01 7.424965e-01 9.376993e-01 1.127476e+00 1.055814e+00 1.831966e+00 2.144360e+00 1.879267e+00 2.354577e+00 2.644006e+00 2.377309e+00 1.847304e-01 1.085931e-01 1.476568e-01 1.353868e-01 1.625187e-01 2.019425e-01 2.035972e-01 3.351959e-01 3.860886e-01 3.322393e-01 3.462841e-01 3.624066e-01 3.823962e-01 3.365421e-02
<GCONST> 9.870119e+01
<STATE> 3
<NUMMIXES> 4
<MIXTURE> 1 3.070512e-01
<MEAN> 39
 9.353259e-01 -8.293777e+00 -5.460398e+00 7.864486e+00 2.389923e+00 2.563009e+00 6.543897e+00 -4.385229e+00 -3.551424e+00 3.820701e-01 2.826562e+00 4.001726e+00 1.283479e+01 6.413251e-03 1.717272e-02 2.131417e-02 -1.917182e-02 -2.277614e-03 2.549720e-02 1.610066e-03 1.203707e-03 1.756090e-02 -1.895266e-03 -9.720494e-03 5.474528e-03 -1.278142e-02 4.230869e-03 7.536459e-03 4.885084e-03 -7.506007e-03 3.017413e-03 6.717036e-03 9.280592e-03 6.055968e-03 7.601100e-03 3.514980e-03 1.019543e-03 6.825178e-03 -2.625441e-03
<VARIANCE> 39
 1.306929e+01 1.257207e+01 2.621917e+01 3.490607e+01 3.662043e+01 5.971757e+01 5.310162e+01 6.058102e+01 5.026743e+01 6.946861e+01 5.514462e+01 1.037921e+02 1.447766e+01 5.610698e-02 1.080565e-01 1.718078e-01 2.456036e-01 2.760317e-01 3.329473e-01 3.670742e-01 4.099385e-01 4.114707e-01 4.060471e-01 3.977090e-01 3.725007e-01 1.994742e-02 9.518794e-03 1.898822e-02 2.974442e-02 4.081244e-02 5.011798e-02 5.985142e-02 6.527974e-02 7.357662e-02 7.130753e-02 7.448617e-02 7.275182e-02 6.782001e-02 2.929236e-03
<GCONST> 5.581966e+01
<MIXTURE> 2 4.346124e-01
<MEAN> 39
 2.161852e+00 -8.038679e+00 -6.767367e+00 8.209542e+00 1.642480e+00 5.073204e-01 7.045706e+00 -3.435467e+00 -4.027437e+00 -1.429973e+00 2.776352e+00 2.891431e+00 1.184978e+01 3.426197e-02 2.909791e-02 -7.080554e-03 -5.050065e-02 -2.608710e-02 -2.517715e-03 -4.326739e-02 3.455136e-03 2.707618e-02 -6.466416e-02 -2.734794e-02 2.185671e-02 -5.337700e-02 -5.049605e-03 7.096401e-03 -5.144340e-03 -6.805465e-02 -2.836807e-02 -1.762137e-02 -3.121399e-02 -4.591602e-03 -6.440924e-03 -2.650690e-02 -3.552375e-02 -1.186860e-02 -1.477963e-02
<VARIANCE> 39
 1.455754e+01 1.551252e+01 2.990678e+01 4.209218e+01 4.517845e+01 5.021631e+01 6.262497e+01 8.046104e+01 5.629628e+01 6.970707e+01 6.924898e+01 9.987141e+01 1.725159e+01 1.579915e-01 3.004892e-01 4.977352e-01 7.452871e-01 7.828774e-01 9.413849e-01 1.026744e+00 1.158555e+00 1.060979e+00 1.112145e+00 1.065477e+00 9.914398e-01 6.757383e-02 2.467788e-02 5.009457e-02 8.117155e-02 1.150557e-01 1.370425e-01 1.596169e-01 1.814068e-01 1.937694e-01 1.847217e-01 1.877372e-01 1.823813e-01 1.684327e-01 9.123139e-03
<GCONST> 8.372495e+01
<MIXTURE> 3 2.111240e-01
<MEAN> 39
 3.197845e+00 -5.812699e+00 -7.571297e+00 5.049631e+00 3.872060e-01 -1.839099e+00 4.113812e+00 -1.555802e-01 -3.076369e+00 -3.694730e+00 -4.435952e-01 -2.453658e-01 9.957653e+00 4.729663e-03 4.989068e-02 3.012759e-02 -2.683441e-02 -3.554639e-02 -8.823665e-02 -8.313379e-02 3.205633e-02 -4.250784e-02 -8.091774e-02 3.644968e-02 4.453089e-02 -7.214529e-02 1.032774e-02 8.206937e-02 1.032438e-01 -1.672980e-02 8.150381e-04 4.333397e-02 -1.348322e-02 -2.020909e-02 3.581232e-02 9.444574e-02 3.051005e-02 2.432122e-02 -5.749261e-02
<VARIANCE> 39
 2.097313e+01 3.415971e+01 5.055710e+01 6.714956e+01 5.636831e+01 6.112073e+01 7.870334e+01 8.897289e+01 7.503262e+01 7.201607e+01 6.869144e+01 9.222902e+01 2.991119e+01 4.748410e-01 8.265142e-01 1.366683e+00 1.852912e+00 1.963863e+00 2.456802e+00 2.815524e+00 3.005880e+00 2.773106e+00 2.726915e+00 2.656706e+00 2.646148e+00 4.369587e-01 6.750026e-02 1.316004e-01 2.083884e-01 3.015612e-01 3.322847e-01 4.057389e-01 4.778186e-01 4.972532e-01 4.922399e-01 4.529949e-01 4.344882e-01 4.523236e-01 7.394445e-02
<GCONST> 1.143122e+02
<MIXTURE> 4 4.721231e-02
<MEAN> 39
 4.648584e-02 -5.619771e+00 -5.453861e-01 4.197260e+00 -2.936204e+00 1.297562e+01 2.329802e+01 1.933125e+01 1.208257e+01 -1.668731e+01 -3.131816e+01 -6.700699e+00 8.033444e+00 6.727173e-03 2.854243e-02 -7.229066e-03 -1.961507e-02 2.371933e-02 -2.493603e-02 3.562040e-02 4.916819e-02 -3.392265e-02 -5.222558e-02 -1.852261e-02 2.552619e-02 -2.038381e-02 6.507205e-03 3.296387e-03 -1.036652e-02 -1.315186e-02 9.972196e-03 -1.634551e-02 -1.647903e-02 -2.066016e-02 1.889797e-04 4.340534e-02 4.468703e-02 -2.689346e-02 -1.759078e-03
<VARIANCE> 39
 1.232505e+01 2.328065e+01 2.810890e+01 3.487919e+01 4.067902e+01 4.460932e+01 1.074341e+02 5.381585e+01 1.475435e+02 1.392397e+02 7.410586e+01 3.138470e+02 1.203760e+01 2.889320e-01 5.482307e-01 6.837830e-01 6.084222e-01 8.500550e-01 1.132042e+00 1.297044e+00 1.315964e+00 1.781686e+00 2.348983e+00 1.437381e+00 2.645456e+00 7.750850e-02 4.857099e-02 9.799726e-02 1.241830e-01 1.115876e-01 1.502895e-01 2.048594e-01 2.294155e-01 2.457737e-01 2.870353e-01 3.386246e-01 2.476847e-01 2.930299e-01 1.200034e-02
<GCONST> 9.549015e+01
<STATE> 4
<NUMMIXES> 4
<MIXTURE> 1 2.548751e-01
<MEAN> 39
 -3.035317e-01 -1.165491e+00 -1.294070e+00 -7.177086e+00 3.692003e+00 7.423044e+00 -6.940252e-01 -2.889839e+00 1.566403e+00 -4.530147e+00 -2.098524e+00 2.792555e+00 1.146965e+01 1.834224e-02 7.839647e-02 2.184458e-02 -7.050737e-02 -1.482543e-03 -2.374603e-02 -2.923867e-02 7.904845e-02 4.258996e-02 -4.055154e-02 7.396465e-03 3.798421e-03 -5.437123e-02 2.875432e-03 -3.454087e-03 -8.329317e-03 -1.029747e-02 -4.070132e-02 -3.654426e-02 2.638218e-03 -1.195187e-02 -1.946643e-02 -1.736020e-03 -1.504267e-02 -2.361761e-02 -1.437146e-02
<VARIANCE> 39
 1.328029e+01 2.424438e+01 1.635558e+01 3.958428e+01 4.038677e+01 4.956759e+01 5.427440e+01 6.613380e+01 3.720998e+01 4.662785e+01 5.834236e+01 8.310841e+01 1.713889e+01 7.329722e-02 2.118597e-01 2.335521e-01 4.435130e-01 4.690281e-01 5.390595e-01 5.891586e-01 6.675074e-01 6.501034e-01 6.093154e-01 5.768253e-01 5.532188e-01 3.662843e-02 1.165175e-02 2.729068e-02 4.071176e-02 5.811543e-02 7.557666e-02 8.813776e-02 9.646548e-02 1.008092e-01 1.100836e-01 9.859032e-02 9.956491e-02 9.555802e-02 4.511045e-03
<GCONST> 6.605878e+01
<MIXTURE> 2 1.813760e-01
<MEAN> 39
 2.604819e-01 -3.432378e+00 -1.574777e+00 -1.681502e-01 -5.795489e-01 9.352675e-01 5.851735e+00 1.047241e+01 1.302273e+01 6.125625e+00 -4.204597e+00 -1.129949e+01 8.215454e+00 3.867483e-02 1.692024e-01 6.933585e-02 -1.922375e-01 -1.143834e-01 -1.221589e-01 -9.697514e-02 -1.913597e-02 -7.530402e-02 9.446397e-02 2.047137e-01 8.723313e-02 -2.313765e-01 7.526453e-03 5.358842e-02 8.417090e-03 -1.622936e-02 1.094117e-03 -3.793575e-03 -6.052480e-02 -1.007375e-01 -7.329156e-02 -1.607971e-02 1.477389e-02 4.537829e-02 -6.831516e-02
<VARIANCE> 39
 2.628339e+01 4.475914e+01 4.449594e+01 8.606704e+01 6.809760e+01 7.011518e+01 1.179602e+02 1.580562e+02 1.822534e+02 1.912910e+02 2.538593e+02 2.539837e+02 4.121057e+01 6.130259e-01 1.152495e+00 1.553933e+00 2.204165e+00 2.307792e+00 2.594363e+00 3.133905e+00 3.151120e+00 3.392424e+00 3.794233e+00 4.090726e+00 3.936788e+00 5.897447e-01 9.986500e-02 2.013845e-01 2.764353e-01 3.355407e-01 3.845452e-01 4.315097e-01 5.250046e-01 5.500847e-01 5.874597e-01 6.050183e-01 6.355176e-01 6.430680e-01 8.275633e-02
<GCONST> 1.265801e+02
<MIXTURE> 3 3.702845e-01
<MEAN> 39
 8.480697e-01 1.048948e-01 -6.898024e-01 -7.379817e+00 1.692207e+00 2.691589e+00 -7.238591e-01 -1.991168e+00 -8.631748e-01 -3.702768e+00 -3.312373e+00 -1.253671e+00 9.210681e+00 6.233345e-02 2.620490e-01 6.084966e-02 -1.787630e-01 -5.379462e-02 -1.961352e-01 -9.497653e-02 1.374587e-01 -4.596459e-02 -5.344912e-02 -3.518550e-02 -7.995303e-03 -1.958315e-01 2.915964e-02 1.496672e-02 2.341614e-02 4.842502e-02 -2.842180e-02 -1.773398e-02 3.826449e-02 -2.998818e-03 1.725491e-02 4.539940e-02 1.783178e-02 6.997358e-03 -3.427017e-02
<VARIANCE> 39
 1.542886e+01 4.854120e+01 2.816341e+01 6.283909e+01 5.313652e+01 8.392522e+01 6.407928e+01 8.526012e+01 5.438398e+01 6.333695e+01 5.417861e+01 6.944246e+01 2.425571e+01 1.879763e-01 5.895724e-01 6.306461e-01 1.148529e+00 1.261518e+00 1.527937e+00 1.597467e+00 1.875196e+00 1.702698e+00 1.713061e+00 1.423066e+00 1.508726e+00 1.333602e-01 3.079182e-02 7.436176e-02 1.107909e-01 1.591516e-01 2.149623e-01 2.437920e-01 2.619380e-01 2.976015e-01 2.943770e-01 2.819090e-01 2.478013e-01 2.493585e-01 1.960149e-02
<GCONST> 9.657705e+01
<MIXTURE> 4 1.934644e-01
<MEAN> 39
 5.744148e-01 -4.228158e+00 -2.047761e+00 3.050480e+00 1.918047e+00 3.445059e+00 6.335179e+00 1.846832e+01 2.546989e+01 8.555880e+00 -1.211845e+01 -2.617799e+01 9.249346e+00 7.040361e-03 -3.456344e-03 7.844552e-03 2.182647e-03 -1.909810e-02 -8.833293e-03 2.322912e-02 2.638569e-02 2.600766e-02 -3.800373e-02 -5.890417e-02 -9.711243e-03 -2.578145e-02 7.827981e-04 -3.708529e-03 -1.407790e-02 -1.893917e-02 -7.076860e-03 -2.283060e-03 1.452008e-03 -2.610419e-03 -1.410717e-02 -3.231200e-03 1.812144e-02 2.287881e-02 -5.045898e-03
<VARIANCE> 39
 2.459638e+01 2.939397e+01 2.961067e+01 5.647339e+01 7.875320e+01 4.337851e+01 1.324469e+02 1.145600e+02 7.165523e+01 1.368643e+02 1.993046e+02 6.699332e+01 3.592323e+01 2.206220e-01 4.221442e-01 5.271201e-01 5.230138e-01 6.275916e-01 6.735576e-01 7.636206e-01 8.486658e-01 9.052575e-01 1.012305e+00 1.082114e+00 9.450064e-01 5.589919e-02 4.027190e-02 7.369353e-02 9.710906e-02 9.165531e-02 1.131888e-01 1.230958e-01 1.344153e-01 1.485038e-01 1.614477e-01 1.676914e-01 1.733743e-01 1.696040e-01 9.333011e-03
<GCONST> 8.727253e+01
<STATE> 5
<NUMMIXES> 4
<MIXTURE> 1 2.076605e-01
<MEAN> 39
 9.060509e-01 -4.614469e+00 -7.632764e-01 -1.609835e+00 -2.606225e-01 5.204979e+00 1.981225e+00 -5.939771e+00 -7.417685e-01 -9.028420e-01 -6.924736e-01 2.890051e+00 9.825556e+00 2.825384e-01 5.906772e-01 1.964079e-01 -5.758007e-01 -3.594289e-01 -4.462475e-01 -8.380374e-02 2.911648e-01 -5.525479e-02 -3.998145e-02 -9.977208e-02 -1.457973e-01 -5.712945e-01 9.027771e-02 1.440068e-01 8.037851e-02 4.732852e-02 -7.522362e-02 -3.537909e-01 -1.040118e-01 1.152816e-01 -5.164602e-02 2.807008e-02 -3.385978e-02 -1.524897e-01 -2.134130e-01
<VARIANCE> 39
 1.869424e+01 2.871586e+01 2.353494e+01 6.410407e+01 5.010866e+01 4.642334e+01 6.443317e+01 5.764779e+01 5.342227e+01 6.931231e+01 8.177458e+01 9.328586e+01 2.602901e+01 3.646569e-01 8.914048e-01 1.032494e+00 2.255310e+00 1.910830e+00 2.373362e+00 2.328154e+00 2.734922e+00 2.388986e+00 2.674889e+00 2.179219e+00 2.096197e+00 3.155498e-01 5.372448e-02 1.233946e-01 1.637344e-01 2.854564e-01 3.039124e-01 3.565606e-01 3.941208e-01 3.964081e-01 3.882345e-01 4.497668e-01 3.692287e-01 3.710110e-01 5.760489e-02
<GCONST> 1.082292e+02
<MIXTURE> 2 3.978255e-01
<MEAN> 39
 7.459569e+00 -1.691796e+00 -1.066562e+01 4.328346e+00 1.646743e+00 -5.008598e+00 7.376581e-01 4.013388e+00 1.961671e+00 -5.169511e+00 -4.051268e+00 -4.585240e+00 6.603823e+00 3.725101e-02 6.406018e-02 5.589860e-02 -2.987010e-02 -2.193622e-02 -4.008105e-02 -6.970594e-02 -3.651568e-02 2.221952e-02 -3.390418e-03 -2.183631e-03 -3.595507e-02 -1.126309e-01 -1.127824e-02 2.892906e-04 3.462148e-02 -1.809280e-02 -1.921614e-02 1.028095e-02 5.052280e-03 -2.681446e-02 -1.934819e-02 1.077842e-02 3.612851e-03 3.557966e-03 -5.799732e-03
<VARIANCE> 39
 1.276776e+01 1.949137e+01 5.250677e+01 3.426235e+01 4.928846e+01 4.730510e+01 6.895189e+01 6.401871e+01 6.816576e+01 5.365055e+01 5.311970e+01 4.784343e+01 2.023649e+01 1.348459e-01 2.818767e-01 5.027201e-01 6.142369e-01 8.162295e-01 1.004750e+00 1.149114e+00 1.244262e+00 1.251220e+00 1.180062e+00 1.110396e+00 1.036533e+00 1.092865e-01 2.057024e-02 4.810514e-02 8.092055e-02 1.082856e-01 1.426813e-01 1.803709e-01 2.001379e-01 2.203528e-01 2.124732e-01 2.116287e-01 2.000920e-01 1.819137e-01 1.165168e-02
<GCONST> 8.461501e+01
<MIXTURE> 3 2.276840e-01
<MEAN> 39
 4.449702e+00 2.883968e+00 2.835640e+00 -2.729428e+00 -3.404727e+00 -4.754632e+00 -2.161924e+00 -1.241173e+00 -2.545603e+00 -2.438532e+00 -4.048256e+00 -3.299516e+00 2.030673e+00 -1.700308e-01 6.981412e-01 4.960189e-01 6.192632e-01 3.566890e-01 -6.514861e-02 -6.302533e-01 -3.147115e-01 -3.514410e-01 -4.620154e-02 9.313891e-02 -1.098512e-01 -1.155526e+00 -2.087149e-01 -2.425687e-01 -2.710132e-01 7.959684e-02 1.976791e-01 3.949011e-01 2.500584e-01 4.477615e-02 1.298216e-01 1.226433e-03 8.485750e-02 9.486175e-02 1.248219e-01
<VARIANCE> 39
 1.959024e+01 3.073492e+01 3.484119e+01 6.065745e+01 4.508420e+01 5.929142e+01 5.537382e+01 6.901791e+01 5.815912e+01 5.925018e+01 5.166960e+01 5.820208e+01 3.076512e+01 1.192993e+00 1.652450e+00 1.920271e+00 2.473431e+00 2.511831e+00 3.577685e+00 3.662944e+00 3.639247e+00 3.501293e+00 3.155734e+00 3.010250e+00 2.758201e+00 1.730427e+00 1.477185e-01 2.313604e-01 2.989057e-01 4.216407e-01 4.372236e-01 5.619887e-01 6.216261e-01 6.822304e-01 6.339141e-01 5.947264e-01 5.414724e-01 4.907330e-01 1.590706e-01
<GCONST> 1.216951e+02
<MIXTURE> 4 1.668299e-01
<MEAN> 39
 3.778061e+00 -4.039146e+00 -3.902417e+00 -3.940151e-01 -2.661570e+00 -2.049526e+00 4.434342e+00 1.340635e+00 -2.133189e-01 -1.776729e+00 -1.132255e+00 -2.022400e-01 8.524525e+00 2.885231e-01 9.112874e-01 7.736443e-01 -4.447584e-01 -6.483273e-01 -9.088175e-01 -8.776305e-01 -4.162613e-01 -2.503067e-01 2.093623e-01 -1.143461e-01 -2.085677e-01 -1.084842e+00 -5.045841e-02 2.094035e-01 2.056373e-01 2.211910e-01 1.995027e-01 1.966484e-02 -3.697022e-01 -2.426357e-01 -8.042383e-02 1.245096e-02 -5.168225e-02 -4.756911e-02 -2.857339e-01
<VARIANCE> 39
 2.069192e+01 3.031620e+01 5.116257e+01 6.865373e+01 6.042103e+01 7.808843e+01 7.764030e+01 9.362886e+01 9.742267e+01 9.382629e+01 9.948164e+01 1.170672e+02 2.778435e+01 9.342579e-01 2.025291e+00 2.722479e+00 3.248952e+00 3.454760e+00 5.226938e+00 5.483152e+00 5.292170e+00 4.806473e+00 4.916931e+00 4.465751e+00 4.454554e+00 1.744544e+00 1.392441e-01 2.239019e-01 3.592632e-01 5.456241e-01 5.575725e-01 8.074316e-01 8.500839e-01 8.625811e-01 8.799508e-01 8.572634e-01 7.925736e-01 7.179098e-01 1.745623e-01
<GCONST> 1.324324e+02
<TRANSP> 6
 0.000000e+00 1.000000e+00 0.000000e+00 0.000000e+00 0.000000e+00 0.000000e+00
 0.000000e+00 8.899837e-01 1.100163e-01 0.000000e+00 0.000000e+00 0.000000e+00
 0.000000e+00 0.000000e+00 9.199343e-01 8.006571e-02 0.000000e+00 0.000000e+00
 0.000000e+00 0.000000e+00 0.000000e+00 8.776702e-01 1.223298e-01 0.000000e+00
 0.000000e+00 0.000000e+00 0.000000e+00 0.000000e+00 8.553998e-01 1.446002e-01
 0.000000e+00 0.000000e+00 0.000000e+00 0.000000e+00 0.000000e+00 0.000000e+00
<ENDHMM>
