~o
<STREAMINFO> 1 39
<VECSIZE> 39<NULLD><MFCC_D_A_Z_0><DIAGC>
~h "b"
<BEGINHMM>
<NUMSTATES> 6
<STATE> 2
<NUMMIXES> 4
<MIXTURE> 1 2.303996e-01
<MEAN> 39
 4.715890e+00 6.301344e+00 6.293235e+00 4.545120e+00 9.863484e-02 -2.802180e+00 -4.051422e+00 -1.217668e+00 -3.789125e+00 -3.920413e+00 -3.198463e+00 -3.865994e+00 -7.169266e+00 -9.207795e-01 -1.882863e+00 -1.231440e+00 -1.358269e+00 -8.276672e-01 3.642597e-01 1.447938e+00 1.274206e+00 1.097334e+00 1.396175e+00 6.696617e-01 5.897353e-01 3.459911e+00 -1.784926e-01 -6.023487e-01 -5.936620e-01 -8.231980e-01 -4.331698e-01 8.702983e-02 5.472975e-01 2.940299e-01 8.076762e-02 4.368319e-01 -3.014673e-02 2.133283e-01 1.229296e+00
<VARIANCE> 39
 2.865916e+01 2.090337e+01 2.312667e+01 2.378023e+01 2.627863e+01 3.293800e+01 3.750645e+01 3.926456e+01 4.067708e+01 3.874101e+01 3.610468e+01 3.814288e+01 3.894552e+01 2.982105e+00 3.300756e+00 4.402280e+00 4.482583e+00 4.137357e+00 4.501267e+00 6.209637e+00 4.482355e+00 5.353542e+00 4.898335e+00 4.924380e+00 4.343051e+00 5.166123e+00 3.982296e-01 4.526353e-01 4.454338e-01 7.034554e-01 5.901727e-01 8.484592e-01 9.164602e-01 9.677107e-01 9.150283e-01 8.336931e-01 7.726125e-01 7.622783e-01 5.201997e-01
<GCONST> 1.310452e+02
<MIXTURE> 2 2.350171e-01
<MEAN> 39
 1.925671e-01 5.520669e-01 -9.269335e-01 -1.300483e+00 1.508618e+00 6.846404e-02 1.070371e+00 -1.445359e+00 -1.180404e-01 2.813891e-01 1.521559e+00 2.576754e+00 5.282373e+00 1.918069e-02 -8.169776e-02 -1.807895e-02 -1.917954e-01 -2.228454e-01 -1.443264e-01 -2.944871e-01 -3.526818e-03 6.357368e-02 -3.321696e-02 1.187137e-01 4.799343e-02 3.227843e-04 4.870951e-02 -9.186259e-02 -1.671045e-02 -1.744324e-01 -2.360522e-01 -8.059047e-02 -1.951342e-01 9.345111e-03 -2.175485e-02 3.536729e-02 -5.548492e-02 -9.126206e-02 -2.027302e-02
<VARIANCE> 39
 2.907152e+01 5.781003e+01 3.886035e+01 9.691962e+01 4.721143e+01 7.592698e+01 6.478043e+01 6.644508e+01 6.598252e+01 9.041690e+01 9.972638e+01 9.773361e+01 5.377716e+01 3.798780e-01 8.136384e-01 1.101345e+00 1.864825e+00 1.809829e+00 2.502853e+00 2.500788e+00 2.906103e+00 2.582817e+00 3.073898e+00 2.580929e+00 2.611424e+00 3.810278e-01 6.555912e-02 1.244963e-01 1.952042e-01 2.846825e-01 3.413583e-01 4.779932e-01 4.850662e-01 4.653583e-01 4.642029e-01 5.168393e-01 5.049525e-01 4.322612e-01 5.986824e-02
<GCONST> 1.150429e+02
<MIXTURE> 3 2.860139e-01
<MEAN> 39
 -4.774305e+00 -3.156067e-02 2.245500e+00 2.843829e+00 9.902130e-01 1.771730e+00 7.675511e-01 2.262594e+00 2.277211e+00 1.288685e+00 1.604263e+00 4.808631e-01 -3.154586e+00 1.235007e+00 9.998335e-03 -2.607985e-01 -1.965849e+00 -1.447705e+00 -5.715576e-01 7.144219e-02 -5.781937e-02 5.271545e-01 5.788240e-01 -9.433885e-02 1.782069e-01 3.839264e+00 6.879883e-01 2.287949e-01 -1.086109e-01 -5.742507e-01 -3.655075e-01 -3.501785e-01 -2.341557e-01 -1.992778e-01 -2.886469e-01 -1.592723e-01 -3.131851e-01 -8.301952e-02 2.661940e-01
<VARIANCE> 39
 2.555845e+01 3.606614e+01 3.028186e+01 3.873277e+01 3.989077e+01 3.859583e+01 3.997181e+01 3.804570e+01 4.227130e+01 4.176908e+01 3.361538e+01 3.347241e+01 5.268564e+01 3.956217e+00 4.318323e+00 3.612189e+00 5.246154e+00 4.489789e+00 4.730438e+00 5.130190e+00 5.349913e+00 5.990011e+00 4.996323e+00 5.424753e+00 4.797207e+00 5.482086e+00 4.818930e-01 6.875507e-01 5.940577e-01 6.718060e-01 6.947441e-01 7.355145e-01 8.658046e-01 9.016154e-01 1.084150e+00 9.510549e-01 8.996899e-01 1.012864e+00 6.776685e-01
<GCONST> 1.358170e+02
<MIXTURE> 4 2.485695e-01
<MEAN> 39
 2.636547e+00 4.227261e+00 2.403367e+00 -2.482737e+00 -3.787009e+00 -4.324988e+00 -2.097158e+00 -8.307639e-01 -1.969875e+00 -9.026105e-01 -1.867242e+00 -4.177228e-01 1.220610e+00 2.251420e-02 -9.309894e-01 -7.323672e-01 -1.398399e+00 -5.249956e-01 7.233016e-01 7.442541e-01 1.220133e-01 7.535382e-01 6.260489e-01 6.042541e-01 8.517086e-01 2.395955e+00 -1.965295e-01 -4.025377e-01 -2.201474e-01 -1.253029e-01 2.302985e-01 5.019245e-01 2.329023e-01 1.027841e-01 1.188696e-01 9.202506e-02 1.597521e-01 1.633493e-01 2.612052e-01
<VARIANCE> 39
 2.108624e+01 3.517551e+01 2.978099e+01 4.124630e+01 3.674784e+01 5.286256e+01 6.567353e+01 5.482858e+01 5.183689e+01 6.104517e+01 6.674918e+01 6.807915e+01 2.797641e+01 3.217333e+00 3.308069e+00 3.164044e+00 4.899166e+00 4.191496e+00 6.410960e+00 6.513112e+00 6.060662e+00 6.607757e+00 6.555133e+00 7.200197e+00 7.050097e+00 3.324077e+00 2.537424e-01 3.190705e-01 3.466932e-01 6.091318e-01 5.675228e-01 8.897722e-01 1.004224e+00 1.020510e+00 8.247986e-01 9.081452e-01 1.093061e+00 9.537399e-01 2.426660e-01
<GCONST> 1.355514e+02
<STATE> 3
<NUMMIXES> 4
<MIXTURE> 1 1.763827e-01
<MEAN> 39
 1.193988e+00 -1.682851e+00 -1.702564e+00 -4.976348e+00 -2.950989e+00 5.809035e-01 1.485545e+00 1.237420e+00 6.427482e+00 6.246582e+00 6.356325e+00 2.951944e+00 6.155185e+00 4.236797e-01 -1.297365e+00 -1.009256e+00 -1.242375e+00 -2.844782e-01 5.530486e-01 -1.976352e-02 1.970997e-02 1.105517e+00 1.144037e+00 1.462909e+00 1.035151e+00 2.998358e+00 -2.697959e-01 9.019954e-02 2.324018e-01 5.331556e-01 3.510426e-01 6.269641e-02 -1.155469e-01 -1.199133e-01 -6.576397e-01 -5.362457e-01 -3.631868e-01 -8.962232e-02 -5.498424e-01
<VARIANCE> 39
 2.800900e+01 4.513758e+01 3.824271e+01 7.638908e+01 7.146848e+01 7.357310e+01 7.304783e+01 9.624039e+01 9.302537e+01 1.111303e+02 1.118567e+02 1.205620e+02 4.072206e+01 3.142619e+00 3.238885e+00 4.408093e+00 7.159539e+00 6.316295e+00 8.251144e+00 8.499890e+00 8.784832e+00 1.043109e+01 1.101093e+01 1.180804e+01 1.515686e+01 6.383634e+00 5.171036e-01 5.019183e-01 4.869392e-01 9.350737e-01 1.044829e+00 1.142310e+00 1.178656e+00 1.287211e+00 1.301705e+00 1.384275e+00 1.424110e+00 1.265180e+00 5.465400e-01
<GCONST> 1.515395e+02
<MIXTURE> 2 3.496905e-01
<MEAN> 39
 1.672326e+00 4.611757e+00 4.222924e+00 -4.251111e+00 -4.589524e+00 -1.918207e+00 -2.610916e+00 1.477548e-01 1.295721e+00 8.745831e-01 -2.015185e+00 -1.256086e+00 2.238208e+00 8.488203e-01 -4.967927e-02 -3.655415e-01 -2.951120e+00 -1.123977e+00 -2.298328e-01 7.219079e-02 2.961794e-01 6.610543e-01 2.117721e-01 -5.229427e-01 9.050699e-02 3.189637e+00 -1.367444e-01 -1.243174e-01 -2.570477e-01 1.438621e-01 4.786898e-01 1.476987e-01 1.587196e-01 2.212872e-01 -2.397627e-01 -2.643909e-01 2.713978e-02 6.474398e-03 -3.422893e-01
<VARIANCE> 39
 1.830518e+01 3.001952e+01 2.828455e+01 3.870522e+01 3.876085e+01 3.737614e+01 3.662658e+01 3.316582e+01 3.877109e+01 4.326807e+01 4.116053e+01 4.521502e+01 2.944469e+01 4.733694e+00 3.885935e+00 3.265183e+00 5.172312e+00 4.156843e+00 6.066184e+00 6.264421e+00 5.493234e+00 6.411890e+00 5.785520e+00 5.697388e+00 5.859768e+00 3.199994e+00 3.761973e-01 4.198517e-01 3.691670e-01 4.913355e-01 5.933029e-01 7.057367e-01 6.422468e-01 6.558219e-01 7.517631e-01 6.899141e-01 7.146530e-01 6.766160e-01 3.454427e-01
<GCONST> 1.307573e+02
<MIXTURE> 3 1.784992e-01
<MEAN> 39
 4.496870e+00 -2.172875e+00 -1.869778e+00 -3.174981e-02 -5.377232e+00 -3.796513e+00 6.413127e+00 4.402410e+00 -4.223496e+00 1.549365e+00 -1.540637e+00 -1.734553e+00 7.689392e+00 -5.800534e-01 -2.843406e+00 -2.607060e+00 -1.091228e+00 -6.558015e-01 1.473541e+00 3.566688e+00 1.365398e-01 -8.399914e-01 1.246062e+00 -4.788915e-01 7.271119e-01 4.634292e+00 -1.404929e-01 2.347264e-01 3.268066e-01 1.913141e-01 5.646410e-01 4.583863e-01 -5.590171e-01 -7.439021e-01 -6.807819e-03 -2.312619e-01 -2.508638e-01 1.512411e-01 -6.760511e-01
<VARIANCE> 39
 9.745948e+00 1.578621e+01 2.696715e+01 2.661234e+01 3.347881e+01 4.386663e+01 4.877515e+01 4.793012e+01 3.956445e+01 4.525466e+01 4.248513e+01 4.834462e+01 2.703071e+01 2.928585e+00 2.760131e+00 3.625797e+00 4.832881e+00 4.365136e+00 7.217937e+00 5.603615e+00 7.609960e+00 6.485063e+00 6.383474e+00 5.727474e+00 4.744420e+00 3.886884e+00 2.759512e-01 3.338838e-01 3.931833e-01 5.158274e-01 6.194158e-01 7.147837e-01 8.576604e-01 8.893814e-01 7.228121e-01 7.823707e-01 7.073821e-01 7.636030e-01 4.643931e-01
<GCONST> 1.302739e+02
<MIXTURE> 4 2.954276e-01
<MEAN> 39
 5.840233e-01 8.212880e-01 -7.793827e-01 -2.137533e+00 4.863837e-01 -6.101633e-01 -4.675184e-01 -1.608582e+00 -7.630458e-01 -4.556334e-01 7.640846e-01 1.955431e+00 4.424513e+00 3.743536e-02 -3.128168e-01 -1.177182e-01 -4.596871e-01 -4.647048e-01 -8.895947e-02 -3.866249e-01 -1.062474e-02 5.564305e-03 1.135419e-01 8.255608e-02 6.998342e-02 1.393346e-01 5.176844e-02 -8.924417e-03 6.804930e-02 -3.151868e-03 -7.587180e-02 -1.452080e-02 -1.512983e-02 4.877835e-02 -2.205797e-02 2.339732e-02 -1.247627e-01 -1.198601e-01 -4.297590e-02
<VARIANCE> 39
 3.135298e+01 5.437939e+01 3.840533e+01 9.213911e+01 4.383658e+01 6.709866e+01 5.958277e+01 6.519498e+01 6.061539e+01 6.632513e+01 7.683838e+01 8.409231e+01 5.324308e+01 5.768926e-01 1.111192e+00 1.594516e+00 2.009764e+00 2.226273e+00 3.077612e+00 3.195854e+00 3.210841e+00 3.128222e+00 3.210822e+00 3.233585e+00 3.331765e+00 6.782730e-01 6.697736e-02 1.137252e-01 1.766895e-01 2.963507e-01 2.898557e-01 3.985150e-01 3.913805e-01 4.688520e-01 4.407324e-01 4.523805e-01 4.488444e-01 3.876199e-01 6.272376e-02
<GCONST> 1.160464e+02
<STATE> 4
<NUMMIXES> 4
<MIXTURE> 1 3.315618e-01
<MEAN> 39
 3.284153e-01 3.378997e-01 -4.127256e-01 -3.069233e+00 -8.737594e-01 -6.121468e-01 -1.389686e+00 -1.898748e+00 -3.404084e-01 6.088659e-01 1.229890e+00 1.978011e+00 4.473184e+00 1.183555e-01 -2.115350e-01 1.253159e-01 -2.307649e-01 -4.001067e-01 -2.023629e-02 -3.266128e-01 6.824443e-02 -1.013641e-01 1.031316e-01 -1.460978e-01 -1.086240e-01 8.030611e-02 4.581084e-02 7.836697e-02 9.678308e-02 1.962375e-01 1.032556e-01 2.924374e-02 1.394815e-01 1.050311e-01 -1.177675e-02 -6.745534e-02 -1.193114e-01 -1.221058e-01 -1.076153e-01
<VARIANCE> 39
 3.128809e+01 5.746540e+01 3.579895e+01 8.350694e+01 5.076171e+01 6.642258e+01 6.494214e+01 7.609323e+01 7.550211e+01 8.029723e+01 9.504451e+01 9.426981e+01 5.273371e+01 5.505331e-01 1.122687e+00 1.391326e+00 1.962211e+00 2.198455e+00 2.908545e+00 2.917170e+00 2.758001e+00 2.833445e+00 3.033018e+00 3.083326e+00 3.106767e+00 6.723451e-01 8.976038e-02 1.552572e-01 2.228566e-01 3.150392e-01 3.546906e-01 4.861969e-01 4.913376e-01 5.782366e-01 5.298317e-01 5.180404e-01 5.145879e-01 5.168823e-01 8.202937e-02
<GCONST> 1.189926e+02
<MIXTURE> 2 3.154974e-01
<MEAN> 39
 1.062122e+00 3.889793e+00 3.669587e+00 -1.235886e+01 -5.701090e+00 5.618596e-01 -1.937170e+00 1.157133e+00 3.556018e+00 1.018476e+00 -2.314214e+00 7.860317e-01 7.874818e+00 -7.501850e-02 -1.307893e-01 -4.106398e-01 -2.378086e+00 3.660642e-01 7.469663e-01 1.867701e-01 5.542879e-01 2.460851e-01 -6.171747e-01 -1.974160e-01 5.245094e-01 2.076772e+00 -1.811426e-01 4.397453e-02 -1.599562e-01 1.094492e+00 8.026893e-01 -6.932792e-02 3.195444e-02 2.860625e-02 -5.902193e-01 -3.227234e-01 1.936781e-01 -1.550487e-01 -9.005422e-01
<VARIANCE> 39
 1.109717e+01 3.338456e+01 2.482967e+01 3.190112e+01 3.865084e+01 4.051023e+01 5.643801e+01 4.916095e+01 5.397968e+01 7.060204e+01 8.713280e+01 8.942124e+01 2.070873e+01 1.966766e+00 3.023502e+00 2.126572e+00 4.484709e+00 4.066657e+00 5.270289e+00 5.905287e+00 5.501481e+00 5.152892e+00 5.197612e+00 6.327193e+00 6.186910e+00 1.907087e+00 4.268101e-01 4.300118e-01 3.479803e-01 5.237959e-01 6.160308e-01 7.940943e-01 8.211677e-01 7.025821e-01 8.484941e-01 1.055474e+00 1.118683e+00 1.020851e+00 3.247257e-01
<GCONST> 1.322075e+02
<MIXTURE> 3 1.796401e-01
<MEAN> 39
 7.278559e+00 -1.734619e+00 -6.638146e+00 1.527357e+00 -1.830521e+00 -8.234694e+00 9.073347e-01 3.843189e+00 8.859376e-01 -7.792352e-01 -1.867435e+00 -2.719679e+00 4.872840e+00 5.304814e-01 -8.798857e-01 -1.496371e+00 -3.377038e-02 -2.589740e-01 -6.163910e-01 1.126409e+00 9.665518e-01 3.698268e-02 -2.882182e-01 -4.255969e-01 -2.772792e-01 2.141614e+00 -5.860196e-01 2.159416e-01 7.135418e-01 1.866921e-01 1.758650e-01 7.451980e-01 4.972823e-02 -2.707651e-01 -2.232145e-01 -2.482009e-02 9.820349e-02 1.480022e-01 -6.893431e-01
<VARIANCE> 39
 1.531521e+01 2.932486e+01 7.907038e+01 2.942749e+01 6.373561e+01 5.187817e+01 6.795139e+01 6.706773e+01 7.379192e+01 6.548364e+01 5.901011e+01 6.634599e+01 3.323679e+01 2.418080e+00 1.876676e+00 4.082429e+00 3.014723e+00 4.142135e+00 3.995136e+00 5.841590e+00 5.162292e+00 5.729920e+00 4.901366e+00 4.471520e+00 4.869244e+00 2.127638e+00 3.562835e-01 4.259107e-01 6.252345e-01 4.514208e-01 7.948570e-01 6.814068e-01 1.017835e+00 1.053589e+00 9.506907e-01 8.650230e-01 7.991592e-01 7.711381e-01 3.738697e-01
<GCONST> 1.343731e+02
<MIXTURE> 4 1.733006e-01
<MEAN> 39
 1.120748e+00 -6.597262e+00 -4.347854e+00 -1.995734e+00 -3.807977e+00 3.503568e+00 9.859948e+00 -3.633305e-01 -5.346961e+00 3.361382e+00 -1.674754e+00 2.411404e+00 1.286153e+01 -9.773335e-01 -1.805249e+00 -9.525842e-01 1.073531e-01 1.197862e+00 2.486435e+00 1.111970e+00 -1.642168e+00 -5.335810e-01 4.666882e-01 -1.860282e-01 1.231520e+00 2.414613e+00 3.978649e-02 7.509770e-01 7.967414e-01 5.310532e-01 5.233862e-01 -4.139765e-01 -1.254659e+00 -2.868751e-01 3.902415e-01 -4.302652e-01 7.068801e-02 -1.891294e-01 -1.394827e+00
<VARIANCE> 39
 1.244176e+01 2.275770e+01 2.265516e+01 4.915038e+01 4.075379e+01 4.812202e+01 5.613380e+01 8.113521e+01 7.975224e+01 6.854160e+01 9.315437e+01 8.213972e+01 2.031855e+01 1.298123e+00 2.026444e+00 2.256763e+00 4.609441e+00 3.861508e+00 5.098505e+00 4.912262e+00 4.964610e+00 5.440027e+00 5.535673e+00 5.785737e+00 5.559062e+00 2.238848e+00 3.056569e-01 3.745513e-01 3.398481e-01 6.509319e-01 7.118884e-01 8.270231e-01 9.178689e-01 1.247162e+00 1.058933e+00 1.156065e+00 1.187229e+00 9.620530e-01 4.631474e-01
<GCONST> 1.335643e+02
<STATE> 5
<NUMMIXES> 4
<MIXTURE> 1 3.030016e-01
<MEAN> 39
 1.930484e-01 4.444891e-01 -7.643721e-01 -3.133736e+00 5.969217e-01 2.616481e-01 -8.009217e-01 -7.183790e-01 8.579146e-01 1.237507e+00 1.417893e+00 9.323166e-01 5.850261e+00 1.031864e-01 1.214448e-02 1.308323e-01 5.495599e-02 1.106302e-01 6.602804e-02 5.500793e-03 1.470860e-01 6.861733e-04 -6.004418e-02 -1.257990e-01 -1.988768e-01 -2.528481e-02 2.437409e-02 3.062103e-02 5.759712e-02 1.194152e-01 8.091936e-03 -1.452824e-02 9.585175e-02 6.475201e-03 -2.303924e-02 -2.631487e-02 -3.831029e-02 5.591005e-02 -9.230512e-02
<VARIANCE> 39
 3.051160e+01 5.850506e+01 3.751748e+01 9.609609e+01 5.389298e+01 7.684206e+01 6.188160e+01 6.708000e+01 8.691974e+01 1.033973e+02 9.289518e+01 1.103794e+02 5.865960e+01 3.105536e-01 6.098220e-01 9.340271e-01 1.279840e+00 1.404750e+00 1.767111e+00 1.865062e+00 1.951845e+00 2.146972e+00 1.936297e+00 2.057839e+00 2.134741e+00 2.230135e-01 6.749772e-02 1.119795e-01 1.681634e-01 2.150467e-01 2.884187e-01 3.474547e-01 3.572765e-01 3.741314e-01 4.144014e-01 4.103057e-01 4.256930e-01 4.411981e-01 4.431606e-02
<GCONST> 1.094671e+02
<MIXTURE> 2 1.789406e-01
<MEAN> 39
 -7.474514e-01 8.379014e+00 3.328802e+00 -1.549169e+01 -1.929774e-01 -1.825663e+00 -6.044380e+00 5.840853e+00 1.020344e+00 5.718812e-01 9.368284e-01 2.005998e+00 8.338841e+00 -2.328502e-01 4.788946e-01 -4.224346e-01 -6.246547e-01 1.298598e+00 -3.214503e-01 -3.029042e-02 6.646703e-01 -5.437980e-01 -2.771133e-01 4.907297e-01 4.799720e-02 3.910603e-01 9.643007e-02 -1.405647e-01 -2.500730e-02 9.711463e-01 1.210282e-02 -4.892653e-02 3.395880e-01 -4.360731e-01 -2.871990e-01 -1.113927e-02 -1.877770e-01 -2.792009e-01 -6.284538e-01
<VARIANCE> 39
 1.114740e+01 2.888931e+01 2.248106e+01 1.914311e+01 2.967218e+01 4.521267e+01 3.836025e+01 3.738131e+01 5.178303e+01 5.729891e+01 7.865337e+01 8.191051e+01 1.549798e+01 5.337251e-01 1.758327e+00 1.320702e+00 1.957563e+00 2.832945e+00 3.425853e+00 2.580988e+00 2.777147e+00 2.925438e+00 3.264292e+00 3.385102e+00 3.831277e+00 6.239027e-01 2.172598e-01 2.171672e-01 2.312552e-01 3.762981e-01 4.631164e-01 5.627449e-01 5.063973e-01 5.504061e-01 6.377681e-01 6.068313e-01 7.557650e-01 6.450413e-01 1.693577e-01
<GCONST> 1.154078e+02
<MIXTURE> 3 2.824894e-01
<MEAN> 39
 3.526870e+00 -7.308484e-01 -4.543149e-01 -3.362086e+00 -5.084143e+00 -2.205649e+00 2.290614e+00 2.806077e+00 6.336128e-01 1.860167e-01 -2.213908e+00 -2.471000e+00 6.806419e+00 -4.015135e-02 -2.784566e-01 1.248984e-01 9.671123e-02 1.046161e-02 4.255338e-01 4.804206e-01 7.564517e-02 -3.325025e-01 -2.757818e-01 -2.438453e-01 -4.012247e-02 5.036105e-01 -2.574204e-01 1.980343e-01 1.524380e-01 3.312185e-01 4.708366e-01 1.510338e-01 -2.066678e-01 -2.491507e-01 -1.191931e-01 -8.315061e-02 1.738700e-01 2.116483e-01 -4.832889e-01
<VARIANCE> 39
 2.048524e+01 3.674123e+01 6.650900e+01 6.319081e+01 6.866111e+01 8.453867e+01 8.112297e+01 8.823324e+01 9.255642e+01 9.600829e+01 9.619727e+01 1.075922e+02 3.380272e+01 1.253248e+00 2.047973e+00 2.695945e+00 3.818990e+00 3.822841e+00 4.976852e+00 5.637736e+00 5.237137e+00 5.063711e+00 4.698659e+00 5.239118e+00 5.044348e+00 1.899636e+00 2.623338e-01 3.430339e-01 5.229262e-01 6.293319e-01 8.016071e-01 1.028908e+00 1.090464e+00 1.061858e+00 1.017332e+00 9.828002e-01 9.647384e-01 9.718223e-01 3.039546e-01
<GCONST> 1.379140e+02
<MIXTURE> 4 2.355684e-01
<MEAN> 39
 -4.847536e-01 -5.779621e+00 -2.966636e+00 -2.124988e+00 4.000481e-01 6.698715e+00 6.079742e+00 -4.115520e+00 -2.837721e+00 1.026368e+00 -2.697333e-01 5.988379e+00 1.303638e+01 -5.094838e-01 -5.874307e-01 1.175277e-01 1.039574e+00 1.418032e+00 8.152581e-01 -4.629688e-01 -6.783643e-01 1.171632e-01 -1.138774e-01 1.918781e-01 3.274234e-01 4.818200e-01 1.851527e-01 4.660118e-01 4.138477e-01 2.696888e-01 -1.747714e-01 -7.707358e-01 -5.543105e-01 3.054205e-01 2.282588e-01 1.376847e-02 6.684544e-02 -5.131618e-01 -8.162214e-01
<VARIANCE> 39
 1.191085e+01 2.701354e+01 2.046552e+01 7.144206e+01 3.983086e+01 5.169350e+01 5.891929e+01 5.654487e+01 6.250925e+01 8.190202e+01 1.004932e+02 8.456369e+01 1.844522e+01 6.409402e-01 1.267013e+00 1.328205e+00 2.687223e+00 2.833253e+00 3.939170e+00 3.575022e+00 4.078151e+00 3.701644e+00 4.191328e+00 3.756197e+00 4.130919e+00 7.661642e-01 1.461836e-01 2.085035e-01 2.576095e-01 5.473019e-01 4.884049e-01 6.469921e-01 7.415963e-01 6.295597e-01 7.205479e-01 8.622442e-01 9.121085e-01 6.338734e-01 2.489657e-01
<GCONST> 1.225788e+02
<TRANSP> 6
 0.000000e+00 1.000000e+00 0.000000e+00 0.000000e+00 0.000000e+00 0.000000e+00
 0.000000e+00 2.875591e-01 7.124409e-01 0.000000e+00 0.000000e+00 0.000000e+00
 0.000000e+00 0.000000e+00 1.574204e-01 8.425796e-01 0.000000e+00 0.000000e+00
 0.000000e+00 0.000000e+00 0.000000e+00 2.175658e-01 7.824342e-01 0.000000e+00
 0.000000e+00 0.000000e+00 0.000000e+00 0.000000e+00 3.621469e-01 6.378531e-01
 0.000000e+00 0.000000e+00 0.000000e+00 0.000000e+00 0.000000e+00 0.000000e+00
<ENDHMM>
