~o
<STREAMINFO> 1 39
<VECSIZE> 39<NULLD><MFCC_D_A_Z_0><DIAGC>
~h "d"
<BEGINHMM>
<NUMSTATES> 6
<STATE> 2
<NUMMIXES> 4
<MIXTURE> 1 1.947189e-01
<MEAN> 39
 -2.382166e+00 -4.504491e+00 -8.763272e-01 -1.130077e+00 2.561707e+00 6.388361e+00 2.760226e+00 -3.645864e+00 1.575919e+00 1.943713e+00 4.962582e+00 7.369534e+00 1.063197e+01 1.796234e-02 2.314532e-01 9.238305e-02 -5.907011e-01 -6.719142e-02 -4.605375e-01 -1.022888e-01 3.077207e-01 2.344044e-02 -8.085138e-02 2.065858e-02 -1.468774e-02 -3.077108e-01 1.978474e-01 1.987049e-01 1.337701e-01 -1.747411e-02 -3.059809e-01 -5.374861e-01 -1.253853e-01 1.653764e-01 -9.060208e-02 1.027139e-02 -2.068165e-01 -2.674120e-01 -2.938169e-01
<VARIANCE> 39
 2.048065e+01 3.230805e+01 2.665261e+01 8.889652e+01 5.583713e+01 6.873201e+01 7.052719e+01 7.910018e+01 9.697984e+01 1.164805e+02 1.408854e+02 1.258844e+02 2.362274e+01 7.253162e-01 1.412772e+00 1.570543e+00 3.797704e+00 3.464979e+00 3.900398e+00 3.564059e+00 3.902662e+00 3.787271e+00 4.539370e+00 4.079087e+00 4.351466e+00 5.553540e-01 9.036408e-02 1.985150e-01 2.538448e-01 4.612084e-01 4.900095e-01 6.651812e-01 6.803833e-01 6.268277e-01 6.901806e-01 8.367079e-01 7.181978e-01 7.528029e-01 1.109766e-01
<GCONST> 1.257773e+02
<MIXTURE> 2 3.085786e-01
<MEAN> 39
 -1.469424e+00 4.093459e+00 4.334199e+00 2.403337e+00 2.820928e-01 -4.258918e-01 -2.534904e+00 -1.262402e+00 -1.489287e+00 -2.788591e+00 -1.926184e+00 -2.356813e+00 -5.654353e+00 -1.239914e+00 -9.339284e-01 -5.505404e-01 -6.337295e-01 -9.972050e-02 5.416490e-01 5.965551e-01 7.003765e-01 1.255270e+00 6.124517e-01 7.447380e-01 7.013761e-01 1.528638e+00 2.782049e-01 -1.577221e-01 -2.765029e-01 -5.426586e-01 -3.597986e-01 -1.004121e-01 1.816155e-01 3.234848e-02 1.542440e-01 2.600628e-01 -5.360768e-02 1.295053e-01 5.939499e-01
<VARIANCE> 39
 3.422565e+01 3.829829e+01 2.890237e+01 4.411353e+01 3.917026e+01 4.906211e+01 4.256440e+01 5.089134e+01 4.651440e+01 4.366142e+01 4.452176e+01 3.919807e+01 5.421644e+01 3.356827e+00 3.848446e+00 3.067268e+00 4.592517e+00 3.682375e+00 4.421143e+00 4.787551e+00 4.854318e+00 5.239346e+00 4.239253e+00 4.388469e+00 3.865862e+00 7.117189e+00 4.866934e-01 5.790372e-01 4.836525e-01 6.930498e-01 6.645269e-01 8.507540e-01 8.346177e-01 8.629839e-01 9.438428e-01 8.248295e-01 7.779177e-01 7.103863e-01 5.986246e-01
<GCONST> 1.347412e+02
<MIXTURE> 3 1.923457e-01
<MEAN> 39
 -1.115038e+00 -3.866262e+00 -1.574408e+00 -3.429729e+00 -1.618667e+00 2.976206e+00 4.856926e+00 2.377002e-01 1.369286e+00 6.175289e-01 1.294172e+00 3.362985e+00 8.409174e+00 -9.961747e-01 -1.115917e+00 -5.665318e-01 -1.328038e-01 1.032863e+00 1.478239e+00 6.402926e-01 -5.247701e-01 1.927137e-01 2.547342e-01 5.592501e-01 1.069027e+00 2.333763e+00 1.621287e-01 4.611406e-01 3.225275e-01 4.266317e-01 1.492812e-01 -3.713383e-01 -6.185701e-01 -1.610752e-01 -1.904361e-01 9.229678e-02 -1.203303e-01 -2.752598e-01 -6.772001e-01
<VARIANCE> 39
 2.851637e+01 4.646690e+01 3.963908e+01 8.163153e+01 5.464808e+01 7.224094e+01 6.759436e+01 8.089632e+01 9.195374e+01 8.146078e+01 9.607791e+01 9.047263e+01 4.810044e+01 1.787644e+00 3.403186e+00 3.495408e+00 5.759310e+00 5.916948e+00 5.878440e+00 6.202396e+00 6.272355e+00 7.291251e+00 6.449408e+00 6.311529e+00 6.488264e+00 4.774653e+00 4.148335e-01 5.488327e-01 5.703667e-01 9.209010e-01 9.073080e-01 1.207897e+00 1.107142e+00 1.145809e+00 1.437759e+00 1.214904e+00 1.181992e+00 1.106936e+00 5.229039e-01
<GCONST> 1.452294e+02
<MIXTURE> 4 3.043569e-01
<MEAN> 39
 2.230037e+00 3.166205e+00 1.637088e+00 -3.058992e+00 -7.699503e-01 -2.792381e+00 -2.749521e+00 -1.398435e+00 -2.011577e+00 -2.251248e+00 -2.016686e+00 -1.225120e+00 1.346962e+00 -2.234708e-01 1.051094e-01 2.529431e-01 2.171246e-02 9.541828e-02 -3.008134e-02 -7.325442e-02 1.651952e-01 1.524053e-01 1.984109e-01 2.672135e-01 2.644559e-01 -3.958401e-01 -2.130016e-03 -6.649556e-02 -4.845872e-02 1.066563e-01 -2.852025e-02 7.501679e-02 1.160518e-01 2.258635e-02 3.963315e-02 1.207856e-01 -4.709165e-02 1.641131e-02 2.061268e-02
<VARIANCE> 39
 2.568176e+01 4.386740e+01 4.324362e+01 7.183928e+01 4.752156e+01 6.299677e+01 5.992928e+01 7.207142e+01 5.960527e+01 5.632937e+01 6.296865e+01 6.471675e+01 4.725649e+01 6.837955e-01 1.081289e+00 1.397126e+00 1.889827e+00 2.068976e+00 2.613520e+00 2.827302e+00 3.072691e+00 3.252136e+00 2.745334e+00 2.664391e+00 2.649869e+00 9.351940e-01 8.113270e-02 1.461234e-01 2.199171e-01 3.121023e-01 3.545693e-01 4.604239e-01 4.810040e-01 5.210871e-01 5.296440e-01 4.733625e-01 4.916507e-01 4.834832e-01 8.652398e-02
<GCONST> 1.164255e+02
<STATE> 3
<NUMMIXES> 4
<MIXTURE> 1 2.595100e-01
<MEAN> 39
 -5.118042e-01 1.180905e+00 -4.447967e-01 -3.109029e+00 1.349406e+00 -1.030081e+00 -5.556155e-01 -3.634644e-01 9.871250e-01 3.053932e-01 2.589470e+00 3.434126e+00 6.034455e+00 2.258367e-02 1.291895e-01 1.477201e-01 1.033261e-01 3.775533e-02 -2.058710e-01 -7.063051e-02 1.225858e-01 -7.865377e-03 1.398838e-01 -5.652848e-02 1.350316e-01 -1.589219e-01 7.211706e-02 -3.387593e-02 -2.016644e-03 7.739478e-02 -9.404310e-02 5.024770e-02 5.034013e-02 -2.061483e-02 -5.717929e-02 -1.595368e-02 -1.502217e-01 -1.467287e-01 -4.310989e-02
<VARIANCE> 39
 4.141246e+01 5.262446e+01 4.697425e+01 9.132188e+01 5.990443e+01 8.362656e+01 7.009999e+01 8.492319e+01 9.037333e+01 8.657109e+01 1.210422e+02 1.144159e+02 3.912909e+01 3.368892e-01 6.983562e-01 1.040253e+00 1.562789e+00 1.735928e+00 2.128535e+00 2.129794e+00 2.433304e+00 2.525683e+00 2.705029e+00 2.549848e+00 2.608644e+00 2.624906e-01 5.742712e-02 1.056336e-01 1.831970e-01 2.490069e-01 3.224893e-01 3.891106e-01 3.903528e-01 3.897555e-01 4.386622e-01 4.350314e-01 4.714671e-01 4.382385e-01 3.377241e-02
<GCONST> 1.128043e+02
<MIXTURE> 2 2.497619e-01
<MEAN> 39
 -3.488509e+00 2.556456e+00 2.080997e+00 1.441702e+00 -3.880953e-01 6.184888e-01 -1.812104e+00 3.648656e-01 2.779163e-01 -9.725422e-01 -4.460723e-01 -1.079413e+00 -5.177654e+00 -8.108876e-01 -3.811048e-01 -3.776762e-01 3.240326e-02 8.378238e-03 3.225727e-01 4.604648e-01 6.653514e-01 6.628767e-01 5.111536e-01 3.059606e-01 3.068067e-01 -2.751746e-01 2.719525e-01 7.119115e-02 3.342025e-02 -3.495656e-02 -1.051636e-01 -1.433799e-01 -4.957681e-02 -2.442927e-01 -2.042174e-01 -1.058826e-01 -2.508744e-01 -1.527120e-01 1.439916e-01
<VARIANCE> 39
 4.427500e+01 3.182807e+01 2.636978e+01 3.450421e+01 2.989978e+01 3.944067e+01 3.914695e+01 4.643453e+01 4.648843e+01 3.745676e+01 3.772544e+01 3.582527e+01 3.548560e+01 1.149000e+00 1.451461e+00 1.618636e+00 2.092092e+00 2.169475e+00 2.764388e+00 2.898665e+00 3.126223e+00 3.046837e+00 2.873400e+00 2.674483e+00 2.548767e+00 1.515421e+00 2.032115e-01 2.485028e-01 3.033108e-01 3.601178e-01 3.998185e-01 5.106338e-01 5.554868e-01 6.152205e-01 6.198338e-01 5.332162e-01 4.708684e-01 4.713280e-01 1.462525e-01
<GCONST> 1.163934e+02
<MIXTURE> 3 2.485030e-01
<MEAN> 39
 3.200870e-01 -3.011348e+00 -6.835656e-01 -3.976859e+00 -2.056700e+00 2.466282e+00 3.966744e+00 -2.235489e+00 5.319023e-01 6.314415e-01 5.372450e-01 3.393430e+00 8.941362e+00 8.129628e-02 3.870592e-01 4.275916e-01 1.709372e-01 -8.452062e-02 -6.303994e-01 -5.980021e-01 -7.231037e-02 -4.687043e-02 2.263055e-01 -1.329109e-01 -2.046059e-01 -4.178959e-01 1.466693e-01 2.803395e-01 1.627072e-01 4.056756e-01 6.178177e-02 -3.376554e-01 -4.622248e-01 3.434262e-02 -1.663677e-01 -4.695967e-03 -6.604095e-02 -2.041566e-01 -5.293232e-01
<VARIANCE> 39
 1.916440e+01 4.405408e+01 3.491959e+01 8.113647e+01 5.498410e+01 7.837550e+01 7.362762e+01 8.994884e+01 9.180911e+01 9.073479e+01 1.108153e+02 1.039961e+02 3.094309e+01 1.283218e+00 2.507913e+00 2.608569e+00 4.482591e+00 4.540454e+00 5.945739e+00 4.631844e+00 5.004490e+00 5.447183e+00 5.497240e+00 5.215357e+00 5.797808e+00 2.594304e+00 1.597417e-01 2.642814e-01 3.673469e-01 5.865196e-01 6.556621e-01 9.033852e-01 8.177184e-01 9.769171e-01 9.567079e-01 8.594310e-01 8.105542e-01 8.002132e-01 2.447660e-01
<GCONST> 1.356879e+02
<MIXTURE> 4 2.422251e-01
<MEAN> 39
 -4.880715e+00 3.378866e+00 2.343437e+00 -1.022494e+00 -9.781083e-01 -2.724491e-02 -1.519118e+00 1.695788e+00 3.270773e+00 4.206838e-01 6.398188e-01 4.670742e-01 8.972310e-01 1.137438e+00 5.860836e-01 -3.216826e-02 -1.852928e+00 -1.332164e+00 -5.861753e-01 -1.132948e-01 -1.095099e-01 6.896440e-01 5.133533e-01 -4.302817e-01 1.824064e-01 2.246228e+00 6.499802e-01 6.718056e-02 6.109181e-03 -1.730122e-01 -1.433994e-01 -9.920178e-02 1.180794e-01 -2.016494e-01 -3.757307e-01 -6.279861e-02 -2.514298e-01 -1.640490e-01 -1.827589e-01
<VARIANCE> 39
 3.955660e+01 5.564634e+01 3.424220e+01 4.945890e+01 4.619621e+01 4.449219e+01 4.550319e+01 4.543010e+01 4.418594e+01 4.232471e+01 4.367422e+01 3.513981e+01 3.025372e+01 4.173160e+00 4.240690e+00 3.481937e+00 5.084773e+00 4.057609e+00 4.985355e+00 5.281164e+00 5.535748e+00 6.011517e+00 5.537053e+00 5.738774e+00 5.008465e+00 3.955511e+00 6.024182e-01 8.189164e-01 6.989475e-01 7.604804e-01 7.879283e-01 9.470859e-01 9.853812e-01 8.781781e-01 9.960449e-01 9.095136e-01 1.001126e+00 8.273850e-01 5.688498e-01
<GCONST> 1.380913e+02
<STATE> 4
<NUMMIXES> 4
<MIXTURE> 1 1.951462e-01
<MEAN> 39
 -1.364616e+00 6.235013e+00 -1.209801e+00 -9.496952e+00 3.833854e+00 -1.758594e+00 -1.000851e+00 2.493681e+00 -8.282579e-01 8.037419e-01 1.284876e+00 4.124762e+00 8.720133e+00 2.440010e-02 -6.052540e-02 1.646463e-02 1.361656e-01 9.204733e-03 1.526798e-02 -3.920194e-02 -2.268249e-02 6.228758e-03 4.559249e-02 -4.453826e-02 5.964930e-02 -4.793591e-02 3.005510e-02 -6.278539e-02 4.215461e-02 -6.193908e-04 -1.155607e-01 2.855250e-02 -2.420023e-02 -6.562838e-02 6.910725e-04 -2.988457e-02 -6.222211e-03 -5.636493e-02 -2.801011e-02
<VARIANCE> 39
 2.152917e+01 6.875158e+01 3.330083e+01 7.263190e+01 4.723853e+01 9.081413e+01 4.789642e+01 6.435067e+01 6.529250e+01 6.490257e+01 8.893884e+01 8.432998e+01 3.456561e+01 1.662507e-01 4.394818e-01 5.281491e-01 7.770953e-01 9.487904e-01 1.158401e+00 1.271444e+00 1.200548e+00 1.157749e+00 1.179077e+00 1.315655e+00 1.207473e+00 1.216277e-01 2.630330e-02 6.321074e-02 9.225503e-02 1.239349e-01 1.659681e-01 1.900030e-01 2.067434e-01 2.206012e-01 2.067466e-01 1.943901e-01 2.157894e-01 2.157967e-01 1.681359e-02
<GCONST> 9.187906e+01
<MIXTURE> 2 3.893665e-01
<MEAN> 39
 -8.308433e-01 -8.938834e-01 7.385675e-01 1.293220e+00 -8.128753e-01 6.939549e-01 3.073694e-01 -1.717122e+00 -4.040256e-02 2.717651e-01 -6.405287e-01 6.245446e-01 1.619665e+00 -1.245803e-01 6.490157e-02 3.814628e-02 4.651603e-01 6.115466e-02 -9.068216e-02 -1.232111e-01 4.591345e-02 -9.934449e-02 8.739789e-02 -2.078673e-01 -1.533847e-01 -3.783500e-01 1.193711e-01 1.128217e-01 1.711612e-02 -6.571293e-02 2.308688e-04 -6.145466e-02 -8.134552e-02 -8.061816e-03 -9.479711e-02 -1.426006e-01 -5.576627e-02 -1.033511e-01 -6.184481e-02
<VARIANCE> 39
 3.717127e+01 4.478130e+01 3.865501e+01 4.925780e+01 4.648801e+01 6.164980e+01 6.367348e+01 7.152666e+01 6.571214e+01 6.491113e+01 6.853330e+01 7.474152e+01 8.373886e+01 9.602634e-01 1.299826e+00 1.636271e+00 2.468779e+00 2.478657e+00 3.198487e+00 3.162745e+00 3.172422e+00 3.399534e+00 3.492410e+00 3.118381e+00 3.050428e+00 1.268350e+00 1.510651e-01 2.074041e-01 2.733735e-01 3.504432e-01 4.420171e-01 5.589371e-01 5.746638e-01 6.442924e-01 6.293784e-01 5.745463e-01 5.735340e-01 5.240628e-01 1.757371e-01
<GCONST> 1.231585e+02
<MIXTURE> 3 2.321334e-01
<MEAN> 39
 2.462131e+00 3.138346e+00 2.917558e+00 -6.519503e+00 -6.897477e+00 -2.277260e+00 -2.402886e-01 -6.018720e-01 2.840725e+00 1.868157e+00 -1.461048e+00 1.124672e+00 5.394558e+00 1.117925e+00 -1.358087e-01 -1.406565e-01 -1.040526e+00 -7.658246e-01 -3.514401e-01 3.116246e-01 -1.610235e-01 -1.544467e-01 1.758197e-01 -4.450507e-01 -1.671901e-01 9.068499e-01 -3.440113e-01 -2.687663e-01 -2.559488e-01 6.000220e-01 7.214882e-01 3.769373e-01 1.185420e-01 8.494646e-02 -3.551045e-01 -2.488591e-01 1.884549e-01 -9.050098e-02 -3.667347e-01
<VARIANCE> 39
 1.826198e+01 3.679759e+01 3.593133e+01 5.248542e+01 4.200237e+01 5.916617e+01 6.529622e+01 7.209141e+01 8.406814e+01 7.946170e+01 9.613379e+01 9.146612e+01 2.728825e+01 2.877038e+00 3.797564e+00 3.852756e+00 5.984959e+00 4.649836e+00 7.437085e+00 8.259274e+00 6.568889e+00 7.456733e+00 7.557628e+00 8.169131e+00 8.682599e+00 5.778633e+00 3.457898e-01 4.587565e-01 4.716335e-01 7.395858e-01 6.179032e-01 9.814304e-01 9.458719e-01 9.851281e-01 1.100990e+00 9.882944e-01 1.013579e+00 9.014701e-01 4.234674e-01
<GCONST> 1.419830e+02
<MIXTURE> 4 1.833539e-01
<MEAN> 39
 -7.076377e-01 9.162902e+00 1.859472e+00 -1.443691e+01 1.175836e+00 -3.703152e+00 -4.758696e+00 4.103724e+00 3.348805e-02 -5.017712e-01 -1.987413e-02 1.463381e+00 6.995133e+00 2.307245e-01 -6.220777e-02 -5.063787e-02 -1.203848e-01 1.571308e-01 -6.439852e-02 -6.530225e-02 -6.285300e-02 -2.340701e-01 2.421239e-02 -2.478303e-01 -1.329370e-01 -3.400062e-02 8.989142e-02 -2.252538e-01 6.053914e-02 6.797119e-01 -1.165491e-01 1.329221e-01 1.624611e-01 -2.900382e-01 -1.394430e-01 1.474687e-02 -1.150591e-01 -8.883890e-02 -3.611175e-01
<VARIANCE> 39
 1.201097e+01 2.895543e+01 2.838820e+01 2.516630e+01 4.110050e+01 5.446099e+01 4.740780e+01 4.371225e+01 6.281570e+01 5.517196e+01 6.328122e+01 6.954154e+01 2.647841e+01 7.595432e-01 2.084174e+00 1.934539e+00 3.116539e+00 3.228696e+00 3.903769e+00 3.035459e+00 3.413698e+00 3.129306e+00 3.021721e+00 3.083986e+00 2.932533e+00 1.733661e+00 1.611531e-01 2.202454e-01 2.839512e-01 3.852346e-01 4.836174e-01 5.750304e-01 5.145783e-01 5.010365e-01 6.489193e-01 5.245044e-01 5.325826e-01 5.433911e-01 1.615221e-01
<GCONST> 1.190664e+02
<STATE> 5
<NUMMIXES> 4
<MIXTURE> 1 2.722636e-01
<MEAN> 39
 -4.595269e+00 -8.993255e+00 2.853743e-02 7.020773e+00 3.644747e+00 4.852488e+00 2.421298e+00 -4.441240e+00 1.961454e+00 3.369224e+00 6.305355e+00 9.212192e+00 1.432094e+01 5.497666e-02 -1.030197e-01 -7.178804e-02 1.912480e-01 -1.060105e-01 -1.608796e-01 -6.108507e-02 2.858710e-02 -9.002978e-02 3.315501e-02 1.867310e-01 -3.924082e-03 -1.089944e-01 6.230938e-02 5.925016e-02 -5.444724e-02 -1.795164e-01 -8.714828e-02 -3.933967e-02 3.464706e-02 1.190035e-02 -5.367193e-02 -9.048268e-02 -1.088783e-02 -5.843969e-02 -5.530011e-02
<VARIANCE> 39
 1.506087e+01 2.655392e+01 2.612699e+01 7.549736e+01 5.323913e+01 4.851620e+01 5.109811e+01 6.332483e+01 7.877166e+01 8.835042e+01 1.213731e+02 9.858928e+01 1.810751e+01 3.591575e-01 6.730098e-01 9.022768e-01 1.660442e+00 1.621096e+00 1.667853e+00 1.872505e+00 1.844550e+00 2.089367e+00 2.475580e+00 2.257667e+00 2.388072e+00 1.498326e-01 6.362232e-02 1.257257e-01 1.632506e-01 2.374691e-01 2.994835e-01 3.147352e-01 3.290142e-01 3.279360e-01 3.676335e-01 4.074819e-01 3.683086e-01 3.855976e-01 2.971545e-02
<GCONST> 1.049433e+02
<MIXTURE> 2 2.352389e-01
<MEAN> 39
 2.819780e+00 4.419569e+00 4.322909e+00 -1.815132e+00 -3.377708e+00 -4.033829e+00 -4.010598e+00 -2.836944e+00 -2.554275e+00 -1.955260e+00 -2.763044e+00 -1.588720e+00 -1.034277e+00 5.299607e-02 2.909190e-01 2.080327e-01 7.780134e-01 2.884304e-01 -1.237987e-01 -5.338911e-01 -9.659385e-02 -4.127143e-01 -2.743120e-01 -2.400733e-01 -4.657556e-01 -1.086630e+00 -2.922521e-01 -3.169877e-01 -3.312980e-01 -8.755089e-02 2.158774e-01 4.349607e-01 3.748634e-01 2.239794e-01 2.452543e-01 4.266025e-02 1.903936e-01 1.856694e-01 2.718637e-01
<VARIANCE> 39
 2.589955e+01 3.565186e+01 2.933856e+01 5.220934e+01 4.572829e+01 5.458295e+01 4.986081e+01 6.062977e+01 5.780989e+01 5.969340e+01 5.715152e+01 6.395836e+01 4.596519e+01 2.219589e+00 2.327340e+00 2.444768e+00 3.666718e+00 3.228056e+00 4.531233e+00 4.533874e+00 4.265003e+00 4.315399e+00 3.942886e+00 3.512557e+00 3.565242e+00 3.283347e+00 2.691935e-01 3.207305e-01 3.512338e-01 5.237430e-01 5.844643e-01 7.307248e-01 7.669700e-01 7.473190e-01 6.754124e-01 7.748750e-01 7.005188e-01 6.543729e-01 3.073837e-01
<GCONST> 1.297278e+02
<MIXTURE> 3 3.051807e-01
<MEAN> 39
 -1.274487e-01 2.178000e+00 6.646701e-01 -2.045240e+00 -9.479856e-01 -7.433692e-01 -6.544929e-01 1.193950e-01 -1.927384e-02 -1.669959e+00 -2.640004e+00 -9.301479e-01 1.794787e+00 -2.156538e-02 -5.196230e-02 -1.047289e-01 1.101084e-01 1.603488e-01 1.518479e-01 9.349658e-02 9.496738e-03 -1.606655e-01 -1.291326e-01 -9.979700e-02 -1.604043e-01 -2.036767e-01 3.111878e-02 1.042651e-02 6.612207e-02 4.183620e-02 1.551665e-02 1.701880e-02 -5.442546e-02 -8.307778e-02 -5.268124e-02 -1.402766e-03 9.487498e-02 1.193384e-02 -5.454467e-02
<VARIANCE> 39
 3.891289e+01 3.865440e+01 4.009540e+01 7.258352e+01 4.625915e+01 6.270039e+01 5.591470e+01 6.159122e+01 6.002150e+01 5.049379e+01 4.779337e+01 5.260067e+01 6.313388e+01 4.472136e-01 7.305809e-01 1.028676e+00 1.397262e+00 1.622624e+00 2.007696e+00 2.224609e+00 2.425602e+00 2.429030e+00 2.225773e+00 2.320899e+00 1.980607e+00 5.000775e-01 7.834850e-02 1.268385e-01 1.842537e-01 2.821345e-01 3.100691e-01 4.151715e-01 4.188391e-01 4.569654e-01 4.712164e-01 4.413591e-01 4.132083e-01 3.870467e-01 7.310759e-02
<GCONST> 1.104175e+02
<MIXTURE> 4 1.873169e-01
<MEAN> 39
 3.725775e-01 -3.187413e+00 -1.812258e+00 -2.970203e+00 -2.325316e+00 2.045355e+00 5.212438e+00 1.107331e+00 2.279496e+00 2.285083e+00 1.384815e+00 2.915138e+00 9.936199e+00 8.007270e-02 -7.238470e-01 -6.429348e-01 5.171797e-01 4.558006e-01 5.788018e-01 4.604369e-01 5.230881e-03 -3.993315e-01 -1.532952e-01 3.782760e-01 2.334298e-02 4.677494e-01 -1.283846e-01 1.910501e-01 2.108407e-01 3.455049e-01 1.870034e-01 -1.220296e-01 -4.525038e-01 -1.008508e-01 -9.342033e-02 -1.112191e-01 7.855527e-02 -4.516978e-02 -3.875509e-01
<VARIANCE> 39
 2.273669e+01 3.694873e+01 3.757536e+01 7.935128e+01 6.724786e+01 7.939813e+01 8.209608e+01 1.176926e+02 1.266140e+02 1.332638e+02 1.596714e+02 1.621168e+02 3.397513e+01 1.352683e+00 2.523339e+00 2.589140e+00 4.766437e+00 4.167931e+00 6.460703e+00 6.719191e+00 6.118808e+00 6.213321e+00 6.422772e+00 7.263462e+00 6.716622e+00 2.268233e+00 2.921114e-01 3.007619e-01 4.130235e-01 7.666297e-01 7.935998e-01 1.028758e+00 1.092629e+00 1.116416e+00 1.230314e+00 1.332810e+00 1.412413e+00 1.282089e+00 2.656831e-01
<GCONST> 1.429101e+02
<TRANSP> 6
 0.000000e+00 1.000000e+00 0.000000e+00 0.000000e+00 0.000000e+00 0.000000e+00
 0.000000e+00 3.546020e-01 6.453980e-01 0.000000e+00 0.000000e+00 0.000000e+00
 0.000000e+00 0.000000e+00 3.173184e-01 6.826817e-01 0.000000e+00 0.000000e+00
 0.000000e+00 0.000000e+00 0.000000e+00 4.118527e-01 5.881473e-01 0.000000e+00
 0.000000e+00 0.000000e+00 0.000000e+00 0.000000e+00 5.477611e-01 4.522390e-01
 0.000000e+00 0.000000e+00 0.000000e+00 0.000000e+00 0.000000e+00 0.000000e+00
<ENDHMM>
