~o
<STREAMINFO> 1 39
<VECSIZE> 39<NULLD><MFCC_D_A_Z_0><DIAGC>
~h "iy"
<BEGINHMM>
<NUMSTATES> 6
<STATE> 2
<NUMMIXES> 4
<MIXTURE> 1 4.013944e-01
<MEAN> 39
 2.627633e-01 4.792804e-01 3.662331e+00 -3.756249e+00 -3.841467e+00 -1.282053e-01 -1.702869e+00 -2.967858e+00 -1.041500e+00 -2.872714e-01 -3.170072e-01 4.213482e-01 4.796994e+00 -5.419230e-02 6.373361e-02 4.375690e-01 -2.010096e-01 -1.977886e-01 2.508934e-01 -1.963474e-01 -2.631543e-01 -1.298510e-01 7.527190e-02 -8.061833e-02 6.502757e-02 -1.022875e-01 1.749651e-02 4.278452e-02 -7.458480e-02 4.765281e-02 1.073318e-01 -9.811999e-03 2.066617e-02 6.922296e-02 4.608412e-02 -4.566976e-02 -5.044080e-03 2.786254e-02 -4.747627e-02
<VARIANCE> 39
 2.773286e+01 5.060350e+01 3.736831e+01 7.832224e+01 4.699854e+01 7.089202e+01 6.263643e+01 8.166183e+01 8.492870e+01 8.568038e+01 9.173299e+01 1.010902e+02 4.895631e+01 3.472826e-01 6.433718e-01 8.456496e-01 1.390009e+00 1.496833e+00 2.028206e+00 2.209401e+00 2.276614e+00 2.326738e+00 2.477283e+00 2.373028e+00 2.266539e+00 2.825868e-01 5.422340e-02 1.020249e-01 1.515410e-01 2.198563e-01 2.610956e-01 3.775205e-01 4.028467e-01 4.175416e-01 4.001066e-01 4.692125e-01 4.293513e-01 3.905680e-01 3.955112e-02
<GCONST> 1.096472e+02
<MIXTURE> 2 2.173099e-01
<MEAN> 39
 -6.896698e-01 6.820497e+00 5.937834e+00 -1.562380e+01 -2.664669e+00 9.990544e-01 -5.655227e+00 2.485173e+00 1.673014e+00 -3.543017e+00 -1.892140e+00 -1.222799e+00 9.645839e+00 -3.473916e-01 8.647534e-01 -4.325013e-01 -5.817263e-01 1.102127e+00 -5.270541e-01 -4.388540e-01 6.227251e-01 -5.759900e-01 -2.332014e-01 1.504031e-01 -1.126928e-01 7.110568e-03 1.611171e-01 -1.412661e-01 -1.656314e-02 5.098929e-01 -2.126685e-01 -1.976010e-01 2.223748e-01 -1.623172e-01 -1.796678e-01 2.171165e-01 -1.850901e-02 -1.064950e-01 -2.314513e-01
<VARIANCE> 39
 1.060130e+01 2.963758e+01 2.349120e+01 1.988044e+01 3.911777e+01 5.185977e+01 4.867929e+01 6.408844e+01 6.032581e+01 6.134371e+01 4.485804e+01 6.080160e+01 1.909910e+01 2.471474e-01 7.476124e-01 8.147237e-01 1.177065e+00 1.532330e+00 1.703119e+00 2.146831e+00 2.079964e+00 2.082838e+00 2.240309e+00 2.114592e+00 1.893026e+00 2.609748e-01 5.516613e-02 1.127556e-01 1.369929e-01 2.301452e-01 2.694770e-01 3.722609e-01 3.739002e-01 4.097996e-01 4.193080e-01 3.812175e-01 3.568973e-01 3.580483e-01 6.965149e-02
<GCONST> 1.013531e+02
<MIXTURE> 3 2.351389e-01
<MEAN> 39
 7.383176e-01 4.692070e+00 5.506608e+00 -1.155974e+01 -5.496143e+00 -6.034490e-01 -4.296667e+00 1.814982e-01 1.088699e-01 -1.955259e-02 -2.603499e+00 7.168877e-01 6.717461e+00 -2.415890e-01 3.476662e-01 3.737646e-01 -1.336532e+00 3.702809e-01 4.446391e-01 -6.073627e-01 9.218144e-02 -4.214985e-02 -3.037691e-01 -2.500678e-01 3.261503e-01 5.618548e-01 -1.222418e-01 2.052334e-02 -3.874096e-01 7.305630e-01 4.933889e-01 -1.723721e-01 2.226222e-01 1.682115e-01 -1.528079e-01 -6.339405e-02 2.626252e-01 -9.145606e-02 -4.350765e-01
<VARIANCE> 39
 1.655252e+01 4.137918e+01 3.031147e+01 4.184052e+01 4.503330e+01 6.033258e+01 6.227240e+01 6.781551e+01 6.752449e+01 6.641295e+01 7.418624e+01 9.171273e+01 3.197654e+01 1.690313e+00 3.073350e+00 2.012868e+00 5.135811e+00 4.787175e+00 4.705223e+00 4.615068e+00 4.159351e+00 4.685892e+00 4.380615e+00 4.580739e+00 4.697854e+00 2.085589e+00 3.663941e-01 3.551753e-01 3.487012e-01 5.473050e-01 6.371210e-01 1.055049e+00 8.547192e-01 8.736942e-01 8.300805e-01 8.139739e-01 7.424361e-01 7.888880e-01 2.910942e-01
<GCONST> 1.326388e+02
<MIXTURE> 4 1.461568e-01
<MEAN> 39
 3.340541e+00 -3.163892e+00 1.553391e+00 -4.411313e-01 -8.396408e+00 -3.002833e+00 4.214260e+00 9.653913e-01 -4.892621e+00 1.282513e+00 1.652385e+00 -4.473963e-01 7.234563e+00 -9.318751e-01 4.375520e-01 1.297247e+00 -1.581690e+00 -7.164392e-01 1.921781e+00 1.976292e-01 -1.372788e+00 2.085007e-02 7.380012e-01 -4.010506e-01 -1.279024e-01 4.657157e-01 -2.447315e-02 4.089930e-01 -2.063133e-01 -2.668063e-01 7.250557e-01 1.312073e-01 -7.807276e-01 -2.385881e-02 6.030897e-01 -2.072583e-01 -2.768760e-01 1.715720e-01 -2.474209e-01
<VARIANCE> 39
 1.871606e+01 2.738236e+01 4.022398e+01 4.255798e+01 4.551205e+01 7.222357e+01 6.510730e+01 8.820348e+01 7.692494e+01 8.655752e+01 9.484212e+01 1.005397e+02 3.831337e+01 1.017697e+00 1.571568e+00 2.166665e+00 4.285543e+00 3.611525e+00 5.258796e+00 5.516056e+00 4.781557e+00 5.584563e+00 4.030340e+00 4.434308e+00 3.599493e+00 1.248173e+00 1.581041e-01 2.286667e-01 3.339709e-01 5.239465e-01 6.510579e-01 9.587910e-01 9.086493e-01 1.086001e+00 8.063749e-01 9.744209e-01 8.067394e-01 7.543012e-01 1.849679e-01
<GCONST> 1.307746e+02
<STATE> 3
<NUMMIXES> 4
<MIXTURE> 1 3.123874e-01
<MEAN> 39
 -2.097483e+00 1.036917e+01 4.488334e+00 -1.653692e+01 8.544419e-01 -4.682441e+00 -8.429696e+00 4.129374e+00 -4.668290e+00 -2.502200e+00 -2.140053e+00 -7.817577e-01 7.582075e+00 7.385500e-02 -2.656835e-02 2.767656e-02 4.548625e-02 -2.147316e-02 -4.726598e-02 5.867996e-02 -7.592261e-02 -5.116725e-02 4.704100e-02 -1.013349e-01 2.148483e-02 -9.513800e-02 5.287383e-02 -7.630259e-02 5.091948e-02 9.305895e-02 -1.079080e-01 7.525597e-02 7.237258e-02 -7.307445e-02 7.617350e-02 2.194959e-02 -1.632250e-02 3.133595e-02 -2.287750e-02
<VARIANCE> 39
 1.164746e+01 2.310633e+01 2.224472e+01 2.315698e+01 2.880131e+01 5.301326e+01 3.762876e+01 4.528592e+01 5.291652e+01 5.095815e+01 6.065051e+01 1.005683e+02 1.474898e+01 1.743703e-01 5.265308e-01 6.456780e-01 8.434368e-01 1.145593e+00 1.501157e+00 1.476336e+00 1.678735e+00 1.501469e+00 1.541401e+00 1.540591e+00 1.401608e+00 1.226063e-01 3.291928e-02 8.299563e-02 1.123680e-01 1.685307e-01 2.015080e-01 2.406138e-01 2.662259e-01 3.061761e-01 2.561310e-01 2.741700e-01 2.769410e-01 2.451930e-01 1.944502e-02
<GCONST> 9.087089e+01
<MIXTURE> 2 2.647869e-01
<MEAN> 39
 -1.968277e+00 1.174620e+01 4.887380e+00 -1.681144e+01 1.417353e+00 -4.688355e+00 -7.227435e+00 5.306406e+00 -3.377418e+00 -2.220305e+00 -6.140969e-01 -3.900126e+00 8.042455e+00 4.287204e-03 1.487999e-02 -7.102033e-03 -1.614856e-02 2.493668e-02 -1.644993e-02 -2.907687e-02 1.731203e-02 -4.832738e-02 1.093936e-02 -9.626066e-03 -3.534511e-03 -2.100136e-02 -1.236259e-04 -3.122278e-02 8.055971e-03 -5.085552e-03 -3.743015e-02 1.161584e-02 -1.809292e-02 -3.183899e-02 1.836289e-02 -1.856570e-02 -1.432475e-02 4.783381e-03 -3.449616e-03
<VARIANCE> 39
 9.678452e+00 2.098386e+01 2.188887e+01 2.534876e+01 2.258334e+01 4.693849e+01 3.544812e+01 4.614389e+01 5.244041e+01 5.321321e+01 5.716090e+01 7.518073e+01 1.354988e+01 5.790155e-02 1.646204e-01 2.275435e-01 3.131382e-01 3.953464e-01 5.206947e-01 5.032597e-01 5.943010e-01 5.785951e-01 5.882340e-01 5.270243e-01 5.019564e-01 3.140718e-02 9.947440e-03 2.710977e-02 4.105290e-02 5.805093e-02 7.089248e-02 9.064038e-02 9.479425e-02 1.089182e-01 1.044694e-01 1.020967e-01 9.885975e-02 9.364189e-02 3.835939e-03
<GCONST> 6.196642e+01
<MIXTURE> 3 2.408631e-01
<MEAN> 39
 2.741558e+00 3.769166e+00 6.085966e+00 -7.485443e+00 -5.721261e+00 5.296553e-02 -2.842990e+00 -1.987481e+00 -1.019915e+00 -1.833034e+00 -3.630918e+00 -2.464987e+00 5.440313e+00 2.156683e-02 1.528731e-02 2.779052e-02 5.789499e-02 -3.754460e-02 -2.594469e-02 3.790462e-02 -2.304929e-02 -5.318693e-02 -1.952166e-02 -1.609595e-02 -2.622677e-02 -6.625687e-02 -1.147320e-03 7.690108e-03 -2.530087e-02 6.388733e-03 2.951988e-02 -4.262599e-02 -1.706407e-03 2.158554e-02 -1.011300e-02 2.578191e-03 4.760987e-03 -4.591404e-03 -1.298787e-02
<VARIANCE> 39
 1.378791e+01 2.661079e+01 2.513917e+01 5.399645e+01 4.244782e+01 5.501877e+01 6.183313e+01 6.622643e+01 7.432229e+01 7.684045e+01 6.206070e+01 5.824305e+01 2.496762e+01 1.018546e-01 2.548245e-01 3.388859e-01 5.414316e-01 6.645807e-01 8.618926e-01 9.511617e-01 1.025395e+00 1.133748e+00 1.141064e+00 9.524647e-01 9.925915e-01 6.743772e-02 1.796049e-02 3.992759e-02 6.145555e-02 8.760550e-02 1.143810e-01 1.574808e-01 1.634624e-01 1.800478e-01 2.020214e-01 2.098810e-01 1.714431e-01 1.802450e-01 1.007684e-02
<GCONST> 8.126308e+01
<MIXTURE> 4 1.819624e-01
<MEAN> 39
 4.801083e-01 2.811615e+00 4.393708e+00 -7.751545e+00 -3.621355e+00 -4.566981e-01 -3.335919e+00 -8.175907e-01 -1.579689e+00 1.522190e-01 -1.024634e+00 1.094358e+00 5.009493e+00 6.295817e-02 -1.048804e-02 2.228777e-01 4.044136e-01 -7.807955e-02 8.810367e-02 8.255970e-02 -2.818841e-01 -6.332966e-02 6.645460e-02 -1.661481e-01 -8.932543e-02 -3.465844e-01 3.709983e-02 4.291081e-02 -2.802190e-01 3.389515e-01 2.539608e-01 -2.036793e-01 1.345948e-01 1.730734e-01 1.365573e-02 -4.064335e-02 7.333092e-02 -8.734541e-02 -1.721472e-01
<VARIANCE> 39
 2.396854e+01 4.848350e+01 3.585989e+01 9.054931e+01 4.347075e+01 7.507426e+01 6.801170e+01 7.735613e+01 8.339940e+01 8.918846e+01 9.931222e+01 1.122157e+02 4.817712e+01 1.015982e+00 1.929793e+00 1.504811e+00 3.012560e+00 3.209699e+00 3.346042e+00 3.698200e+00 3.628696e+00 3.605801e+00 3.469456e+00 3.469912e+00 3.212366e+00 1.138280e+00 1.688926e-01 2.311354e-01 2.787754e-01 5.065739e-01 4.724839e-01 7.703001e-01 6.569175e-01 6.783131e-01 7.587423e-01 7.264832e-01 6.909827e-01 6.432473e-01 1.748317e-01
<GCONST> 1.276398e+02
<STATE> 4
<NUMMIXES> 4
<MIXTURE> 1 1.807504e-01
<MEAN> 39
 -2.136832e+00 -2.687463e+00 3.136826e+00 -3.271145e+00 -4.429820e+00 4.659410e+00 -1.326657e+00 -2.346660e+00 -1.589123e+00 4.045819e+00 7.347795e+00 1.086252e+01 1.118038e+01 4.189023e-02 -1.042843e-01 -1.308075e-01 2.000714e-01 5.761468e-02 -1.336198e-01 1.438672e-01 1.851590e-02 -1.819922e-02 1.505829e-01 1.186228e-01 -1.381353e-02 -3.508079e-02 4.015132e-02 1.270753e-03 -6.951326e-02 -1.174636e-02 3.042709e-03 -1.125428e-01 3.000217e-02 1.337781e-02 4.772644e-03 -2.559770e-02 -4.755573e-02 -5.577606e-02 -3.199773e-02
<VARIANCE> 39
 1.087194e+01 3.928777e+01 2.848304e+01 1.042078e+02 5.747529e+01 6.096448e+01 7.960255e+01 7.318034e+01 8.823593e+01 1.315257e+02 1.297901e+02 1.243552e+02 1.488016e+01 1.820630e-01 4.805435e-01 6.316238e-01 1.009024e+00 1.118572e+00 1.193231e+00 1.472085e+00 1.301584e+00 1.431154e+00 1.541157e+00 1.445701e+00 1.476856e+00 7.542032e-02 3.228251e-02 7.234153e-02 1.167679e-01 1.464601e-01 1.721736e-01 2.087715e-01 2.366450e-01 2.192042e-01 2.362389e-01 2.603647e-01 2.412884e-01 2.574672e-01 1.309221e-02
<GCONST> 9.501121e+01
<MIXTURE> 2 2.578083e-01
<MEAN> 39
 2.247236e+00 1.509982e+01 6.606540e+00 -1.282034e+01 2.923629e+00 -9.071149e+00 -6.853508e+00 4.688849e+00 -1.957708e+00 2.550139e+00 8.469667e-01 -2.681818e+00 1.446546e+00 3.088536e-02 2.178453e-02 -1.602813e-02 5.393513e-02 2.843709e-02 -9.011411e-04 3.453407e-02 -2.654448e-02 -3.078556e-02 1.148577e-02 -3.813594e-02 3.286873e-03 -8.691263e-02 9.137519e-03 -4.840591e-02 1.762101e-02 1.365352e-02 -3.058257e-02 6.305438e-02 -3.617410e-02 -1.185938e-02 3.506498e-02 -4.101427e-02 -1.902460e-02 -1.271385e-03 -8.307213e-03
<VARIANCE> 39
 1.072469e+01 1.678504e+01 2.736555e+01 2.150938e+01 1.785273e+01 3.076728e+01 4.035184e+01 3.622635e+01 3.594647e+01 3.503765e+01 4.483206e+01 3.968376e+01 1.423280e+01 1.128793e-01 2.614609e-01 3.845246e-01 5.108467e-01 6.309094e-01 8.827102e-01 9.549047e-01 1.017966e+00 1.140848e+00 1.170670e+00 1.163160e+00 9.716920e-01 1.102829e-01 2.034548e-02 4.743828e-02 7.317661e-02 9.445129e-02 1.188625e-01 1.648933e-01 1.847983e-01 1.928040e-01 2.122272e-01 2.161617e-01 2.056157e-01 1.860893e-01 1.602538e-02
<GCONST> 7.690170e+01
<MIXTURE> 3 2.274648e-01
<MEAN> 39
 2.038156e+00 2.116904e+00 4.877157e+00 -6.590880e+00 -6.293016e+00 -1.162431e+00 -1.214952e+00 -2.148038e+00 -2.016366e+00 1.359350e+00 -1.889446e+00 1.300847e-01 4.867462e+00 2.502043e-01 1.552633e-01 -3.733265e-01 1.309219e+00 3.619443e-01 -7.097329e-01 1.830948e-01 2.470500e-01 -5.116496e-01 -2.297886e-01 1.359340e-01 -4.908256e-01 -8.232688e-01 -9.314436e-02 9.515288e-02 -2.779671e-01 1.378766e-01 4.280703e-01 -2.835432e-02 -1.296625e-01 2.790429e-01 9.865863e-02 -2.409815e-01 1.267369e-01 8.005785e-02 -1.232584e-01
<VARIANCE> 39
 1.943025e+01 3.856703e+01 3.370457e+01 5.862434e+01 5.201251e+01 6.195423e+01 6.945090e+01 7.762815e+01 7.490437e+01 7.807181e+01 9.102355e+01 1.121662e+02 3.565741e+01 1.402881e+00 2.228665e+00 2.154403e+00 3.805363e+00 3.288834e+00 5.225057e+00 5.141911e+00 4.475979e+00 4.723457e+00 4.629035e+00 4.145760e+00 4.501051e+00 1.970730e+00 1.763565e-01 3.010848e-01 2.966128e-01 4.755130e-01 5.893537e-01 7.437177e-01 8.793719e-01 7.448133e-01 8.530063e-01 7.437381e-01 7.421422e-01 7.084258e-01 1.863431e-01
<GCONST> 1.310278e+02
<MIXTURE> 4 3.339765e-01
<MEAN> 39
 2.620423e+00 6.287343e+00 6.766440e+00 -7.458984e+00 -4.207360e+00 -2.107893e+00 -5.362707e+00 -2.701078e+00 -2.085763e+00 -2.299537e+00 -4.794250e+00 -2.619212e+00 5.100764e-01 9.967957e-02 -7.618778e-03 -5.805590e-02 6.000422e-01 1.398408e-02 -1.368528e-01 2.036746e-01 -7.762528e-02 -4.643577e-02 7.708333e-02 -6.445158e-02 -1.009814e-01 -4.254130e-01 -3.714285e-02 -1.285936e-02 -1.107592e-01 8.746841e-02 9.765399e-02 -2.068518e-02 7.899905e-02 1.237389e-01 -5.090458e-03 3.374323e-02 9.199338e-02 2.369523e-02 -1.007834e-02
<VARIANCE> 39
 2.057631e+01 2.882837e+01 2.656395e+01 5.273483e+01 4.037934e+01 4.538806e+01 5.006649e+01 6.499261e+01 6.006236e+01 5.366676e+01 4.781744e+01 5.204228e+01 3.370554e+01 3.906454e-01 7.178611e-01 8.137099e-01 1.352322e+00 1.682570e+00 1.912373e+00 2.243555e+00 2.328191e+00 2.165940e+00 2.245586e+00 2.053009e+00 1.905757e+00 3.620047e-01 5.470911e-02 1.016048e-01 1.508253e-01 2.264432e-01 2.682875e-01 3.443313e-01 3.805188e-01 4.162911e-01 4.216735e-01 4.058152e-01 3.820756e-01 3.526762e-01 5.019223e-02
<GCONST> 1.043447e+02
<STATE> 5
<NUMMIXES> 4
<MIXTURE> 1 1.718288e-01
<MEAN> 39
 2.713555e+00 -7.792469e-01 -2.966387e-01 -2.276572e+00 -4.015708e+00 -3.667008e+00 -4.223433e-01 2.189131e+00 -9.519939e-01 1.003381e-01 4.142194e-01 1.701154e+00 5.804862e+00 -2.956635e-02 -1.452609e-01 -1.251237e+00 4.484125e-01 1.373839e+00 3.800821e-01 -3.415956e-01 -2.266896e-02 6.415802e-01 -3.976595e-01 -1.446865e-01 3.363330e-01 -5.076924e-02 -8.882716e-02 1.606233e-01 2.337812e-01 -1.093153e-01 4.515878e-02 2.502371e-01 -9.372021e-02 -3.139402e-01 -7.786729e-02 1.767791e-01 -3.135899e-02 -8.648034e-02 -9.360046e-02
<VARIANCE> 39
 3.115344e+01 2.927869e+01 3.371040e+01 6.245016e+01 5.357637e+01 9.938988e+01 9.067365e+01 1.022121e+02 8.645409e+01 9.439784e+01 1.006798e+02 1.205229e+02 3.547800e+01 1.855565e+00 2.424497e+00 2.651256e+00 3.816039e+00 3.753998e+00 7.011693e+00 6.443045e+00 6.162025e+00 5.601896e+00 6.111268e+00 5.633670e+00 5.395648e+00 2.683473e+00 1.835933e-01 2.765079e-01 3.159933e-01 5.702652e-01 6.491850e-01 1.039009e+00 1.061180e+00 8.939131e-01 9.041443e-01 9.393290e-01 8.207346e-01 7.921612e-01 1.936548e-01
<GCONST> 1.371677e+02
<MIXTURE> 2 1.299137e-01
<MEAN> 39
 7.374771e-01 1.351351e+01 2.782487e+00 -1.394923e+01 3.251468e+00 -8.652577e+00 -5.686573e+00 5.516870e+00 -4.605272e+00 1.130803e+00 -3.424826e+00 -3.361978e+00 4.071147e+00 3.385573e-01 -6.590951e-02 1.270447e-01 6.555942e-01 2.150714e-01 7.574841e-02 -1.939313e-02 -4.524612e-02 1.021574e-01 -1.363115e-01 -1.407308e-01 -4.356489e-02 -7.243781e-01 3.968351e-02 -2.381714e-01 1.517010e-01 4.063150e-01 -2.291079e-01 2.320309e-01 5.405634e-02 -2.741579e-01 1.466638e-01 -1.049178e-01 5.796375e-03 6.086895e-03 -2.213398e-01
<VARIANCE> 39
 1.039250e+01 2.077207e+01 2.320772e+01 2.167423e+01 2.857766e+01 4.059401e+01 4.944803e+01 4.288494e+01 4.712623e+01 5.518100e+01 5.369304e+01 4.706245e+01 1.887762e+01 4.526493e-01 1.286237e+00 1.671008e+00 2.010566e+00 2.217709e+00 3.007391e+00 2.258565e+00 2.493434e+00 2.712187e+00 2.525601e+00 2.272991e+00 2.051248e+00 9.538815e-01 9.537645e-02 1.534161e-01 1.602862e-01 3.398179e-01 3.245636e-01 3.647794e-01 3.849444e-01 4.263253e-01 4.433239e-01 4.288679e-01 3.822515e-01 3.229291e-01 1.177294e-01
<GCONST> 1.073708e+02
<MIXTURE> 3 3.164020e-01
<MEAN> 39
 2.261563e+00 7.291538e+00 6.126837e+00 -1.700977e+00 -2.487264e+00 -2.890960e+00 -5.432231e+00 -1.683284e+00 -3.934372e+00 -2.945188e+00 -4.192757e+00 -3.696383e+00 -3.612701e+00 -9.038045e-01 -1.828256e-01 -4.881679e-01 1.292060e+00 7.588264e-01 6.264656e-01 4.409308e-01 3.514474e-01 4.452395e-01 -9.984326e-02 5.380371e-01 1.091387e-01 -1.133220e+00 -2.818430e-01 -3.496576e-01 -3.041168e-01 -3.445540e-01 -4.184611e-03 1.289743e-01 2.458049e-01 1.859013e-01 2.544892e-01 2.266530e-01 2.137348e-01 2.463207e-01 3.515076e-01
<VARIANCE> 39
 2.830289e+01 3.263663e+01 2.639394e+01 4.731308e+01 4.157933e+01 4.388852e+01 4.276561e+01 5.605028e+01 5.079758e+01 4.979661e+01 4.709327e+01 4.632741e+01 3.119315e+01 2.043836e+00 2.277420e+00 1.969887e+00 3.554916e+00 2.762993e+00 3.251477e+00 3.374609e+00 4.124031e+00 4.082100e+00 3.747425e+00 3.364125e+00 3.094770e+00 2.659089e+00 2.654414e-01 3.018876e-01 3.428544e-01 5.055180e-01 5.081056e-01 5.977778e-01 6.256351e-01 6.928186e-01 7.027493e-01 6.354828e-01 6.270722e-01 5.531174e-01 2.483667e-01
<GCONST> 1.246898e+02
<MIXTURE> 4 3.818555e-01
<MEAN> 39
 1.210594e+00 -1.183120e+00 7.608529e-01 -3.182512e-01 -3.053493e+00 -2.181689e+00 1.347292e+00 -3.814718e-01 -1.931016e+00 2.164151e+00 3.119731e+00 2.156632e+00 5.532285e+00 1.150343e-01 -7.751355e-03 -4.919332e-01 2.964475e-01 5.024671e-01 -2.453390e-01 -4.116742e-03 3.070783e-01 1.918637e-01 -2.295070e-01 4.708578e-02 1.699306e-01 -2.340629e-01 -5.091324e-03 4.830013e-02 3.341322e-02 -1.592500e-01 -5.108926e-02 5.966857e-02 -8.167226e-02 -2.869519e-02 6.410917e-02 -4.025908e-02 -1.260254e-01 -1.858361e-02 -2.311769e-02
<VARIANCE> 39
 2.988602e+01 3.859626e+01 3.530016e+01 6.919876e+01 5.279081e+01 8.301839e+01 7.170811e+01 7.806976e+01 8.890173e+01 1.220601e+02 1.098096e+02 1.212483e+02 4.833830e+01 3.402008e-01 6.648460e-01 8.371044e-01 1.550013e+00 1.463623e+00 2.213067e+00 2.501039e+00 2.572914e+00 2.497910e+00 2.624080e+00 2.499980e+00 2.587374e+00 2.185880e-01 5.135504e-02 1.016239e-01 1.410280e-01 2.315004e-01 2.795284e-01 3.630933e-01 4.266294e-01 4.215296e-01 4.092667e-01 4.504653e-01 3.926919e-01 4.207562e-01 3.046427e-02
<GCONST> 1.105854e+02
<TRANSP> 6
 0.000000e+00 1.000000e+00 0.000000e+00 0.000000e+00 0.000000e+00 0.000000e+00
 0.000000e+00 5.530159e-01 4.469841e-01 0.000000e+00 0.000000e+00 0.000000e+00
 0.000000e+00 0.000000e+00 8.064296e-01 1.935704e-01 0.000000e+00 0.000000e+00
 0.000000e+00 0.000000e+00 0.000000e+00 6.979811e-01 3.020189e-01 0.000000e+00
 0.000000e+00 0.000000e+00 0.000000e+00 0.000000e+00 5.409253e-01 4.590747e-01
 0.000000e+00 0.000000e+00 0.000000e+00 0.000000e+00 0.000000e+00 0.000000e+00
<ENDHMM>
