~o
<STREAMINFO> 1 39
<VECSIZE> 39<NULLD><MFCC_D_A_Z_0><DIAGC>
~h "sh"
<BEGINHMM>
<NUMSTATES> 6
<STATE> 2
<NUMMIXES> 4
<MIXTURE> 1 2.629035e-01
<MEAN> 39
 -2.889446e+00 1.572195e+00 -6.810107e-01 -4.339719e+00 1.320687e+00 6.948790e-01 -1.520257e+00 8.733006e-01 -2.254900e-01 2.885082e-01 8.952191e-01 2.333655e+00 5.963727e+00 -6.837690e-02 5.613828e-02 8.239342e-02 -1.273144e-01 -7.891862e-02 -7.554072e-02 -1.004250e-02 1.795814e-02 2.360552e-01 -1.177575e-01 -1.136360e-03 3.490195e-02 -3.853267e-02 5.792178e-02 -1.423588e-02 -1.428201e-03 4.700589e-02 -1.661270e-02 -1.071029e-01 -4.887767e-02 -1.052406e-02 -4.797613e-02 -1.557935e-02 -3.783472e-02 1.371508e-02 -5.724998e-02
<VARIANCE> 39
 3.946516e+01 5.388041e+01 3.558392e+01 9.596125e+01 3.598344e+01 5.530968e+01 5.795581e+01 6.573740e+01 6.509666e+01 5.588697e+01 8.237208e+01 8.102015e+01 2.430690e+01 1.778320e-01 4.160980e-01 8.299351e-01 1.022867e+00 1.134370e+00 1.478911e+00 1.732994e+00 1.530754e+00 1.430496e+00 1.635449e+00 2.227149e+00 2.250226e+00 1.735706e-01 3.798056e-02 9.672322e-02 1.259423e-01 1.964107e-01 2.400985e-01 2.895049e-01 3.332916e-01 2.944382e-01 2.477405e-01 4.230104e-01 3.814940e-01 3.107157e-01 1.847665e-02
<GCONST> 1.002752e+02
<MIXTURE> 2 3.298699e-01
<MEAN> 39
 -1.518873e+01 7.598466e+00 2.005678e-01 1.493770e+00 4.291183e+00 5.064205e+00 1.485631e+00 3.975980e+00 5.008236e+00 4.659404e-01 1.807143e+00 2.049715e+00 -1.625800e+00 -9.883075e-01 8.558517e-03 -4.180104e-01 1.554301e-01 6.336795e-01 3.707615e-01 4.461773e-01 3.066720e-01 5.597102e-01 3.612141e-01 2.794029e-01 4.184361e-01 5.354472e-01 4.755749e-01 -2.498222e-02 1.775913e-01 -1.585462e-03 -1.112934e-01 -1.699217e-01 -1.321335e-01 -1.538575e-01 -1.515432e-01 4.627645e-02 -7.284889e-02 -1.321350e-01 -3.864320e-02
<VARIANCE> 39
 1.421622e+01 3.548398e+01 2.265098e+01 4.041956e+01 3.552876e+01 3.337870e+01 3.549723e+01 3.378214e+01 3.958486e+01 4.091140e+01 2.358055e+01 3.101119e+01 2.147859e+01 9.879116e-01 1.252527e+00 1.423604e+00 1.894378e+00 1.995363e+00 1.962160e+00 2.526347e+00 2.425049e+00 2.427685e+00 2.666732e+00 1.695706e+00 1.815314e+00 1.046867e+00 1.462249e-01 2.311160e-01 2.461010e-01 3.734569e-01 4.224479e-01 3.318457e-01 4.283806e-01 4.701155e-01 5.340682e-01 5.027431e-01 4.218037e-01 3.454427e-01 1.172375e-01
<GCONST> 1.086338e+02
<MIXTURE> 3 1.802774e-01
<MEAN> 39
 -8.815381e+00 1.122925e+01 2.775224e+00 1.100060e+00 1.853714e+00 1.543225e+00 -3.408920e+00 -1.753569e+00 -2.500393e-01 -3.013552e-01 -3.519844e-01 -6.516505e-01 1.207233e+00 -2.750585e+00 -1.669813e-01 -1.006632e+00 9.263819e-01 1.074544e+00 5.397897e-01 1.060678e+00 1.060020e+00 6.352808e-01 3.936718e-01 7.822570e-01 8.032823e-01 -6.589807e-01 4.042159e-01 -5.348912e-01 -3.347537e-01 -5.739840e-01 -1.867400e-01 -2.263998e-02 1.644017e-01 6.273195e-02 2.783875e-01 3.148784e-02 -2.273489e-03 2.236866e-01 2.325256e-01
<VARIANCE> 39
 3.180846e+01 2.462676e+01 2.497500e+01 2.835241e+01 2.988565e+01 3.907330e+01 3.810633e+01 4.152914e+01 3.844812e+01 5.292701e+01 3.183898e+01 3.414747e+01 1.693117e+01 2.280775e+00 1.593002e+00 2.613124e+00 2.796913e+00 2.884138e+00 3.450671e+00 3.091568e+00 3.758940e+00 4.498982e+00 4.169266e+00 3.723177e+00 3.535513e+00 7.052691e-01 2.816311e-01 2.637963e-01 4.001616e-01 3.508569e-01 4.504855e-01 4.804641e-01 5.686775e-01 5.233027e-01 6.730297e-01 6.866620e-01 6.925250e-01 5.693178e-01 5.093442e-02
<GCONST> 1.179761e+02
<MIXTURE> 4 2.269492e-01
<MEAN> 39
 -2.278236e+00 -2.042868e+00 6.031616e-01 6.645508e-02 -1.408816e+00 1.695171e+00 4.617240e+00 -1.975248e+00 1.285093e+00 1.311279e+00 1.668092e+00 1.645318e+00 5.842227e+00 -7.445807e-01 -3.934667e-01 -1.611547e-01 9.472892e-04 7.067698e-02 4.250201e-01 3.954055e-01 -1.273045e-01 1.133729e-01 -6.078942e-02 2.287985e-01 2.255692e-01 7.553323e-01 2.626895e-01 1.881619e-01 -6.623619e-02 2.820073e-02 5.160240e-02 -2.965745e-01 -2.870658e-01 2.460638e-01 9.447782e-02 1.322073e-01 -3.681963e-03 -3.145307e-02 -3.317269e-01
<VARIANCE> 39
 2.469936e+01 4.519942e+01 3.127208e+01 6.579517e+01 6.364999e+01 8.952329e+01 9.335294e+01 7.815117e+01 9.535992e+01 1.264500e+02 9.969371e+01 8.095620e+01 5.115887e+01 1.503299e+00 2.082504e+00 2.228012e+00 3.033174e+00 3.138366e+00 3.686743e+00 4.267526e+00 3.072604e+00 4.675871e+00 4.806565e+00 4.048827e+00 4.209648e+00 1.646511e+00 2.180893e-01 3.776948e-01 3.484278e-01 5.152867e-01 7.682596e-01 7.755447e-01 8.196933e-01 7.832909e-01 9.467790e-01 1.037336e+00 7.358206e-01 7.048715e-01 3.774518e-01
<GCONST> 1.338929e+02
<STATE> 3
<NUMMIXES> 4
<MIXTURE> 1 5.075995e-02
<MEAN> 39
 -1.601277e+01 -1.135170e+01 1.108887e+01 7.844884e+00 9.748052e+00 1.757066e+01 8.220221e+00 -9.090366e-01 5.599597e+00 5.361785e+00 1.003517e-01 4.184906e+00 5.254995e+00 6.177762e-02 1.234566e-02 -1.108370e-01 -5.004701e-02 7.796759e-02 1.768457e-01 4.826752e-03 2.033504e-01 -2.184131e-02 6.362579e-03 1.504217e-01 8.401659e-02 -1.805697e-01 9.975587e-03 1.719434e-02 2.512196e-02 -1.300227e-02 -3.726094e-02 -9.077216e-03 -1.895645e-02 -1.448564e-02 1.312021e-02 9.482292e-03 -2.485002e-02 -2.954474e-02 1.999792e-03
<VARIANCE> 39
 3.346596e+00 5.695426e+00 1.554063e+01 1.238896e+01 1.306173e+01 2.650374e+01 1.375204e+01 1.688996e+01 2.334834e+01 1.235298e+01 1.824057e+01 1.803192e+01 9.484700e+00 2.131599e-01 5.776486e-01 1.188086e+00 8.789473e-01 1.828092e+00 1.396572e+00 1.679571e+00 1.958888e+00 1.736966e+00 1.411485e+00 2.362907e+00 2.391183e+00 1.011350e-01 3.623588e-02 1.102164e-01 2.382711e-01 1.660080e-01 3.597414e-01 2.770554e-01 3.442753e-01 3.766210e-01 3.157838e-01 2.890988e-01 4.756504e-01 5.537989e-01 1.643525e-02
<GCONST> 8.436618e+01
<MIXTURE> 2 5.206354e-01
<MEAN> 39
 -1.884649e+01 1.063614e+01 -9.959481e-01 3.231500e+00 5.680080e+00 5.978518e+00 3.173489e+00 3.905297e+00 6.469437e+00 2.232657e+00 2.956099e+00 3.844486e+00 1.033732e+00 -4.840723e-02 -1.158664e-01 1.225117e-01 -1.122578e-01 1.464235e-01 -2.627113e-02 8.944660e-02 8.187952e-02 2.503827e-02 1.310805e-01 7.369036e-02 9.572447e-02 -3.719778e-03 2.459119e-01 -1.783025e-02 8.198486e-02 -1.338565e-01 -1.488302e-01 -1.035959e-01 -1.372863e-01 -1.208057e-01 -1.108352e-01 -5.001627e-02 -1.301958e-01 -7.399170e-02 -2.019218e-02
<VARIANCE> 39
 7.609457e+00 1.849035e+01 1.834929e+01 2.760259e+01 2.529475e+01 3.756291e+01 3.948037e+01 3.613449e+01 4.070013e+01 3.071718e+01 2.638408e+01 3.141518e+01 1.186486e+01 3.560553e-01 5.687324e-01 8.218549e-01 1.553841e+00 1.498255e+00 1.787114e+00 1.925817e+00 1.896061e+00 2.087470e+00 2.103356e+00 2.003156e+00 1.750441e+00 1.789398e-01 1.101820e-01 1.096978e-01 1.646278e-01 3.056585e-01 3.105637e-01 3.812509e-01 3.981587e-01 3.839307e-01 4.023339e-01 4.287903e-01 3.928110e-01 3.819761e-01 2.861061e-02
<GCONST> 9.661171e+01
<MIXTURE> 3 2.737627e-01
<MEAN> 39
 -4.343771e+00 1.884369e+00 -6.904141e-01 -1.802967e+00 -6.486660e-01 -5.786449e-01 8.696767e-01 1.031773e+00 1.222479e+00 1.457310e-01 -1.870127e-01 8.164594e-01 2.568722e+00 1.177535e-01 -1.086253e-01 -1.701131e-01 -4.539695e-02 2.064119e-01 -1.228268e-01 7.182486e-02 3.604215e-01 3.906121e-01 1.318860e-01 2.435129e-01 1.910473e-01 1.637039e-01 4.672548e-01 1.093193e-01 5.191846e-02 -3.950404e-02 -2.149706e-02 -1.428141e-01 -1.761465e-01 -6.951896e-02 -1.003813e-01 8.006371e-02 4.499844e-02 -4.237418e-02 -6.311586e-02
<VARIANCE> 39
 5.190107e+01 5.040795e+01 4.599146e+01 6.636736e+01 4.083877e+01 6.143048e+01 7.187861e+01 6.868867e+01 7.643920e+01 7.287322e+01 7.854749e+01 6.662261e+01 4.229379e+01 9.144526e-01 1.123551e+00 1.570088e+00 2.206733e+00 2.223620e+00 2.579321e+00 2.886463e+00 2.769344e+00 2.717081e+00 3.474030e+00 3.428267e+00 2.749241e+00 1.005785e+00 2.814165e-01 2.492113e-01 3.360109e-01 4.211133e-01 4.851036e-01 5.613049e-01 6.316074e-01 5.602947e-01 6.787851e-01 6.336067e-01 5.934859e-01 6.143559e-01 1.795436e-01
<GCONST> 1.239016e+02
<MIXTURE> 4 1.548419e-01
<MEAN> 39
 -5.974422e+00 -7.124480e+00 1.771414e+00 5.789514e+00 4.002991e-02 7.635074e+00 -5.491663e-01 -9.019680e+00 2.865118e+00 1.843054e+00 4.382478e+00 5.018642e+00 1.074631e+01 4.135507e-02 -4.295520e-02 -2.452730e-03 -9.279541e-03 -2.368728e-02 -2.189100e-01 1.407691e-02 -6.856221e-02 9.198222e-02 -6.682694e-02 1.394305e-01 4.132156e-02 -1.003735e-01 1.381487e-01 3.838165e-02 -1.044135e-01 -6.463869e-02 7.058249e-02 -7.926135e-02 -2.960489e-02 1.003698e-01 -9.214140e-02 -3.443905e-02 -1.060466e-01 -1.474955e-01 -7.250724e-02
<VARIANCE> 39
 1.417167e+01 1.359672e+01 2.478789e+01 4.778863e+01 6.438670e+01 4.085988e+01 7.613515e+01 3.444710e+01 3.210655e+01 4.750721e+01 6.839520e+01 7.161778e+01 1.311478e+01 2.905471e-01 5.453131e-01 6.961335e-01 1.658823e+00 1.513687e+00 1.605328e+00 1.656650e+00 1.595447e+00 1.528111e+00 1.450160e+00 1.595133e+00 1.491971e+00 1.364707e-01 5.849117e-02 7.068059e-02 1.150602e-01 2.147610e-01 2.904557e-01 2.325469e-01 2.854648e-01 3.428964e-01 2.433646e-01 2.860638e-01 2.897280e-01 3.145538e-01 2.142341e-02
<GCONST> 9.488386e+01
<STATE> 4
<NUMMIXES> 4
<MIXTURE> 1 2.769926e-01
<MEAN> 39
 -3.605760e+00 7.078956e-01 1.476339e+00 -3.198138e+00 2.270707e+00 6.973393e-01 -1.584583e+00 4.720468e-02 4.617942e+00 5.285596e+00 5.293581e+00 3.152009e+00 6.691319e+00 3.479435e-01 -1.437422e-02 -6.675054e-02 9.819922e-02 3.810319e-01 -2.457696e-01 -1.741451e-01 -1.035776e-01 -2.241093e-01 5.825691e-02 7.271191e-02 1.075443e-01 -1.283765e-01 8.794352e-02 -4.047210e-02 -9.927474e-02 -4.516119e-02 -1.264212e-01 4.637697e-02 1.665802e-02 -7.487453e-02 -2.372276e-01 -9.152017e-02 -9.448818e-02 -7.856110e-02 -1.016891e-01
<VARIANCE> 39
 2.748819e+01 6.219633e+01 3.725955e+01 1.026436e+02 4.224330e+01 6.012061e+01 5.623855e+01 6.827261e+01 9.373921e+01 1.252741e+02 1.115157e+02 9.902364e+01 4.241804e+01 3.436669e-01 5.591864e-01 7.547362e-01 1.701126e+00 1.904382e+00 1.717766e+00 2.223389e+00 2.111991e+00 1.792096e+00 2.422581e+00 2.625978e+00 2.480825e+00 1.735975e-01 4.931074e-02 5.610559e-02 1.369181e-01 1.933874e-01 2.498234e-01 2.707034e-01 2.939349e-01 3.352461e-01 3.496587e-01 3.773072e-01 3.683641e-01 4.375344e-01 4.439453e-02
<GCONST> 1.073171e+02
<MIXTURE> 2 3.465202e-01
<MEAN> 39
 -1.673331e+01 8.261874e+00 -1.428870e-01 1.955406e+00 5.445963e+00 4.777315e+00 2.540973e+00 4.796911e+00 6.705655e+00 1.924448e+00 3.215196e+00 4.063358e+00 -1.064864e+00 2.040485e+00 4.468107e-01 8.644773e-01 -1.216791e+00 -8.954183e-01 -7.149745e-01 -9.440340e-01 -7.349774e-01 -6.073109e-01 -2.741227e-01 -8.896092e-01 -4.053131e-01 4.075759e-01 1.202206e+00 1.958688e-01 1.305821e-01 -7.604159e-01 -8.318952e-01 -5.219005e-01 -5.663893e-01 -4.510736e-01 -3.577286e-01 -2.730647e-01 -4.113600e-01 -3.960938e-01 5.488140e-01
<VARIANCE> 39
 1.423236e+01 2.317776e+01 2.348430e+01 2.994424e+01 3.190162e+01 3.742160e+01 4.178589e+01 3.708267e+01 3.298347e+01 3.824921e+01 2.877109e+01 3.231968e+01 1.605262e+01 2.140308e+00 1.335329e+00 1.417828e+00 2.266003e+00 2.207554e+00 2.658438e+00 2.650602e+00 2.881603e+00 2.536579e+00 2.945583e+00 2.794234e+00 2.612661e+00 8.353482e-01 1.363200e-01 2.784980e-01 3.286554e-01 4.122948e-01 3.907816e-01 4.167886e-01 5.071431e-01 5.623162e-01 6.924477e-01 7.966662e-01 6.164979e-01 5.433239e-01 1.229450e-01
<GCONST> 1.129285e+02
<MIXTURE> 3 1.996731e-01
<MEAN> 39
 -4.558079e+00 2.391747e+00 2.198519e+00 2.048930e-01 -6.076422e-02 1.209769e+00 -5.191113e-01 7.150958e-02 1.384029e+00 -2.404914e-01 -2.820161e-01 -3.065457e-01 -1.044736e+00 1.692501e+00 3.525951e-01 -4.316463e-01 -5.484615e-01 -5.451782e-01 -8.733762e-01 -2.163301e-01 4.517647e-01 -2.966559e-01 4.538729e-01 3.672785e-01 8.850724e-02 4.528320e-01 3.055372e-01 -1.362680e-01 -9.393556e-02 -1.018652e-01 -4.678908e-02 -2.645131e-01 -9.162339e-02 -1.651988e-02 -1.728055e-01 3.696229e-02 4.835159e-02 2.270983e-01 1.768194e-01
<VARIANCE> 39
 3.523125e+01 3.890353e+01 3.370509e+01 4.704731e+01 4.437021e+01 5.154156e+01 2.943362e+01 4.546890e+01 4.628578e+01 4.490939e+01 4.311607e+01 5.060633e+01 5.302093e+01 3.505643e+00 2.607431e+00 3.065185e+00 4.333349e+00 4.157122e+00 3.595582e+00 3.977856e+00 4.984791e+00 5.783843e+00 5.181235e+00 3.652943e+00 4.719814e+00 3.597720e+00 4.563743e-01 3.972540e-01 5.802569e-01 6.655502e-01 6.632561e-01 8.066247e-01 6.369904e-01 6.602614e-01 7.820925e-01 7.179803e-01 6.884896e-01 6.128018e-01 3.690231e-01
<GCONST> 1.319323e+02
<MIXTURE> 4 1.768141e-01
<MEAN> 39
 1.707605e+00 -3.831471e+00 -2.796677e+00 2.217078e+00 -2.655244e+00 -1.138094e+00 5.814411e+00 -1.258217e+00 -2.321792e-01 -1.453740e+00 -2.266207e+00 1.312399e+00 6.229372e+00 3.867003e-01 -2.805543e-01 -7.356524e-02 -1.845903e-01 2.148343e-01 -1.828216e-01 -8.103868e-01 2.525907e-01 2.221449e-02 -3.447577e-01 6.420899e-03 -3.974677e-02 -3.242469e-01 9.200964e-02 2.009372e-01 1.238412e-01 -9.023561e-02 3.217306e-02 1.001924e-01 -2.635952e-01 4.759087e-02 -2.187485e-01 3.998066e-02 8.053520e-02 2.594037e-02 -1.968746e-01
<VARIANCE> 39
 2.094148e+01 2.260590e+01 4.833735e+01 5.009493e+01 3.768919e+01 7.108248e+01 9.105582e+01 1.081957e+02 4.117118e+01 2.723449e+01 4.343215e+01 6.227726e+01 2.351030e+01 4.603204e-01 8.697450e-01 1.453015e+00 1.848795e+00 1.461613e+00 2.556602e+00 2.599398e+00 3.537350e+00 2.660397e+00 3.074724e+00 3.424113e+00 2.081602e+00 6.163483e-01 5.259990e-02 1.148366e-01 2.740739e-01 2.750750e-01 2.510581e-01 2.599203e-01 4.689318e-01 5.862314e-01 4.160689e-01 3.149931e-01 3.780129e-01 3.814538e-01 9.129201e-02
<GCONST> 1.099142e+02
<STATE> 5
<NUMMIXES> 4
<MIXTURE> 1 2.052592e-01
<MEAN> 39
 2.152016e+00 1.197279e+00 -2.927012e+00 -3.775954e+00 -3.740403e+00 -3.746544e+00 9.974325e-02 2.806076e+00 2.659790e+00 1.960621e+00 1.856624e+00 2.547901e+00 5.426171e+00 1.299390e+00 -6.970830e-01 -4.860192e-01 -7.034380e-01 -2.690096e-01 -3.206330e-01 -6.759534e-02 2.530963e-01 -1.808109e-01 7.280874e-01 5.495651e-01 8.824644e-01 6.422028e-01 -4.932317e-01 1.559719e-02 2.515955e-01 3.771821e-01 3.476302e-01 3.730761e-01 9.191977e-02 -2.801283e-01 -3.195066e-01 3.799598e-02 2.720066e-02 -5.495190e-03 -3.118779e-01
<VARIANCE> 39
 3.439774e+01 4.680301e+01 4.568272e+01 5.946628e+01 5.466629e+01 6.804646e+01 6.744830e+01 8.887079e+01 9.273417e+01 8.600469e+01 1.103573e+02 9.440739e+01 2.239817e+01 1.374025e+00 2.560134e+00 3.492945e+00 4.248574e+00 4.303516e+00 4.209412e+00 5.196138e+00 5.375602e+00 6.593292e+00 8.793076e+00 7.402559e+00 6.349795e+00 3.364689e+00 3.809657e-01 2.946388e-01 4.520497e-01 5.238029e-01 6.165434e-01 7.678235e-01 8.590109e-01 8.175917e-01 9.512467e-01 9.752193e-01 7.971147e-01 7.084190e-01 1.823737e-01
<GCONST> 1.374609e+02
<MIXTURE> 2 3.068950e-01
<MEAN> 39
 -1.037948e+00 1.001819e+01 3.209575e+00 -9.362618e+00 -4.921180e+00 -1.801695e+00 -4.383627e+00 -1.424543e+00 3.059135e+00 -1.578512e+00 -3.112334e+00 -8.678222e-01 5.640834e+00 2.945940e+00 -1.089077e+00 -1.520934e-02 -2.779672e+00 -1.956579e+00 -8.772249e-01 -4.652202e-01 -5.598238e-01 -2.677064e-01 -3.678475e-01 -1.209668e+00 -1.045457e+00 2.170777e+00 -9.539326e-01 -5.490820e-01 -2.958193e-01 7.792623e-01 7.359781e-01 6.053481e-01 7.499300e-01 4.770372e-01 1.505624e-01 3.306991e-01 3.329019e-01 2.486448e-01 -2.643786e-01
<VARIANCE> 39
 1.384588e+01 2.987787e+01 2.455471e+01 3.716555e+01 3.634606e+01 2.982542e+01 4.749681e+01 4.220991e+01 3.732250e+01 3.835753e+01 3.597925e+01 3.575201e+01 2.483824e+01 2.706814e+00 3.524706e+00 2.078749e+00 3.516238e+00 3.468110e+00 4.900770e+00 4.895506e+00 4.597725e+00 4.034640e+00 3.796715e+00 5.109402e+00 3.962595e+00 1.289925e+00 2.255002e-01 2.170169e-01 2.726125e-01 5.212395e-01 4.408560e-01 5.049590e-01 6.115246e-01 6.460119e-01 5.927644e-01 7.033267e-01 6.084705e-01 4.225043e-01 1.843279e-01
<GCONST> 1.216083e+02
<MIXTURE> 3 1.738791e-01
<MEAN> 39
 -1.162630e+01 1.081148e+01 2.317943e+00 1.124807e+00 3.507472e+00 2.749412e+00 -5.268766e-01 1.830968e+00 3.631170e+00 7.589839e-02 5.236745e-01 2.398221e+00 -2.355856e-01 4.270375e+00 4.958360e-01 6.986513e-01 -3.314116e+00 -3.059155e+00 -1.862176e+00 -1.905598e+00 -1.484733e+00 -6.772047e-01 -6.219308e-01 -1.371080e+00 -1.118309e+00 1.953735e+00 4.037228e-01 -4.628708e-01 -2.138732e-01 -6.522786e-01 -4.827921e-01 -7.586656e-02 1.117547e-01 7.746913e-02 2.415918e-01 -2.096269e-02 -8.957987e-02 -1.956140e-01 5.990220e-01
<VARIANCE> 39
 2.221047e+01 2.578144e+01 3.022806e+01 2.775713e+01 3.030046e+01 4.441354e+01 4.398277e+01 4.040695e+01 3.475579e+01 3.047091e+01 3.457745e+01 2.465889e+01 1.643970e+01 1.443955e+00 2.117473e+00 2.521743e+00 2.716784e+00 2.527989e+00 3.516459e+00 4.927700e+00 5.540582e+00 5.340262e+00 6.721782e+00 3.879927e+00 4.151046e+00 8.567512e-01 2.530263e-01 2.719381e-01 2.891233e-01 3.220962e-01 4.188888e-01 6.372094e-01 6.310070e-01 7.121786e-01 6.890049e-01 9.331933e-01 8.185071e-01 5.777935e-01 1.665516e-01
<GCONST> 1.205456e+02
<MIXTURE> 4 3.139667e-01
<MEAN> 39
 -1.247089e+00 -6.606773e-01 -7.532310e-01 -5.956925e-01 6.059929e-01 -2.080022e-01 -8.434993e-01 -7.600569e-01 4.831913e-02 1.000184e+00 1.744487e+00 1.724608e+00 4.456005e+00 2.057052e-01 -1.103828e-01 -1.792196e-01 -5.046819e-02 -1.501449e-02 -1.272719e-01 -2.891615e-01 -1.063544e-01 -4.266390e-01 2.797470e-02 6.733917e-03 -1.917472e-02 -2.299933e-01 -2.575653e-02 9.048591e-02 7.097653e-02 -4.643365e-02 -7.474965e-02 1.337940e-01 1.189383e-01 2.527131e-03 -3.106601e-02 -3.938844e-02 -1.157268e-02 2.566485e-02 -1.917030e-02
<VARIANCE> 39
 3.170201e+01 6.041985e+01 3.545348e+01 9.420761e+01 4.413089e+01 7.602593e+01 7.984119e+01 6.532080e+01 6.502085e+01 7.881656e+01 9.195602e+01 9.558064e+01 4.477113e+01 3.090705e-01 7.139400e-01 1.023934e+00 1.187218e+00 1.462194e+00 1.586413e+00 2.000088e+00 2.149094e+00 1.700635e+00 1.971811e+00 1.731546e+00 1.926569e+00 2.382152e-01 6.086508e-02 1.050181e-01 1.483625e-01 2.584043e-01 2.604149e-01 3.768785e-01 3.651401e-01 2.859390e-01 3.629002e-01 3.493165e-01 3.773181e-01 3.361367e-01 3.655842e-02
<GCONST> 1.070808e+02
<TRANSP> 6
 0.000000e+00 1.000000e+00 0.000000e+00 0.000000e+00 0.000000e+00 0.000000e+00
 0.000000e+00 4.635463e-01 5.364537e-01 0.000000e+00 0.000000e+00 0.000000e+00
 0.000000e+00 0.000000e+00 6.312811e-01 3.687190e-01 0.000000e+00 0.000000e+00
 0.000000e+00 0.000000e+00 0.000000e+00 3.538248e-01 6.461752e-01 0.000000e+00
 0.000000e+00 0.000000e+00 0.000000e+00 0.000000e+00 4.882265e-01 5.117735e-01
 0.000000e+00 0.000000e+00 0.000000e+00 0.000000e+00 0.000000e+00 0.000000e+00
<ENDHMM>
