~o
<STREAMINFO> 1 39
<VECSIZE> 39<NULLD><MFCC_D_A_Z_0><DIAGC>
~h "t"
<BEGINHMM>
<NUMSTATES> 6
<STATE> 2
<NUMMIXES> 4
<MIXTURE> 1 1.866194e-01
<MEAN> 39
 -2.222043e+00 -9.581818e-01 -3.954080e-01 -6.094364e+00 7.116326e-01 1.800868e+00 2.107720e-01 -1.247711e+00 2.677982e+00 3.733542e+00 7.971844e+00 8.845484e+00 9.108697e+00 -2.430702e-01 -1.256221e-02 -1.025125e-01 -5.409558e-01 3.403124e-01 1.384591e-01 -4.666327e-03 -7.235751e-02 -5.508837e-02 -3.836408e-01 3.885823e-02 3.884906e-01 2.245464e-01 1.563873e-01 7.437981e-02 2.916012e-02 3.630899e-01 -1.219117e-01 -2.806986e-01 1.118977e-02 1.543580e-01 -1.663826e-01 -7.728779e-02 -3.909743e-01 -4.812187e-01 -3.047099e-01
<VARIANCE> 39
 1.661635e+01 5.251886e+01 3.038623e+01 8.219100e+01 6.570266e+01 8.099677e+01 7.788951e+01 7.947452e+01 8.796574e+01 1.131869e+02 1.249500e+02 1.197600e+02 3.103824e+01 1.206201e+00 2.257196e+00 2.086931e+00 4.324059e+00 4.744118e+00 5.589207e+00 4.973651e+00 4.804218e+00 4.734282e+00 5.925915e+00 6.345160e+00 6.105037e+00 1.825999e+00 1.833328e-01 2.719387e-01 3.626069e-01 5.602201e-01 7.458873e-01 1.045004e+00 9.064140e-01 8.678529e-01 9.164991e-01 1.022066e+00 9.440018e-01 8.490188e-01 2.037195e-01
<GCONST> 1.361233e+02
<MIXTURE> 2 3.169023e-01
<MEAN> 39
 -1.690105e+00 1.396355e+00 -3.796453e-01 -2.149979e+00 1.136445e+00 -1.933269e-01 1.345696e-01 1.086691e-01 2.127883e-01 -1.122999e-01 3.993868e-01 1.722621e+00 3.555883e+00 -5.899558e-02 6.770813e-02 1.594193e-01 -1.054486e-02 -6.213430e-02 -2.286681e-01 1.158977e-04 1.925828e-03 1.619733e-02 2.616335e-02 -3.302411e-02 1.059915e-01 -2.726602e-01 7.197160e-02 -3.235450e-02 5.106485e-02 5.505567e-02 -1.239678e-01 -2.001330e-02 -6.818953e-02 -4.209195e-02 -3.658760e-02 -1.205798e-02 -1.142878e-01 -1.007602e-01 -3.620982e-02
<VARIANCE> 39
 4.685816e+01 5.692845e+01 3.890754e+01 9.142659e+01 4.505875e+01 7.428311e+01 6.039181e+01 7.121100e+01 6.702956e+01 6.574517e+01 7.195717e+01 7.308051e+01 5.659895e+01 3.949439e-01 7.317393e-01 1.035005e+00 1.440583e+00 1.599379e+00 2.100278e+00 2.193511e+00 2.363053e+00 2.299458e+00 2.357920e+00 2.210514e+00 2.062481e+00 3.970523e-01 6.511071e-02 1.194511e-01 1.793511e-01 2.625485e-01 3.022934e-01 3.911440e-01 4.144925e-01 4.702691e-01 4.351817e-01 4.666803e-01 4.300844e-01 4.009835e-01 4.919215e-02
<GCONST> 1.114727e+02
<MIXTURE> 3 1.529543e-01
<MEAN> 39
 9.520314e-01 -2.713160e+00 -1.554823e+00 -3.753991e+00 -2.655275e+00 3.032546e+00 5.261262e+00 -2.384974e+00 -1.306921e+00 -1.262544e+00 -2.419804e+00 1.745620e+00 9.025732e+00 7.298087e-01 1.139518e+00 9.164727e-01 -4.557620e-01 -1.013278e+00 -1.799543e+00 -6.849449e-01 1.653339e-01 -4.963861e-02 1.711591e-02 -4.662922e-01 -6.497171e-01 -1.535902e+00 9.072334e-02 2.408009e-01 3.056897e-01 4.054988e-01 1.542112e-01 -3.654253e-01 -6.074371e-01 -7.903783e-02 -1.756819e-01 -2.636896e-02 1.104968e-05 -1.316741e-01 -5.080559e-01
<VARIANCE> 39
 1.787715e+01 3.563332e+01 3.148169e+01 8.011420e+01 4.846631e+01 6.346176e+01 6.892715e+01 7.172818e+01 6.105082e+01 5.429701e+01 5.574430e+01 5.927934e+01 2.441567e+01 6.011909e-01 1.313281e+00 1.873038e+00 3.807395e+00 2.958720e+00 4.032158e+00 4.644026e+00 4.365294e+00 4.122941e+00 3.997072e+00 3.172399e+00 2.996646e+00 8.969554e-01 1.217201e-01 2.183363e-01 2.872765e-01 5.334623e-01 4.841279e-01 7.755203e-01 6.811011e-01 7.860910e-01 7.649404e-01 7.214794e-01 5.810631e-01 5.291320e-01 1.495908e-01
<GCONST> 1.232890e+02
<MIXTURE> 4 3.435240e-01
<MEAN> 39
 -4.692290e+00 1.723184e+00 1.047441e+00 1.190455e+00 -1.378253e-01 6.144644e-01 1.047712e-02 1.429581e+00 1.153916e+00 -9.549119e-02 4.201067e-01 5.024410e-02 -3.135386e+00 -5.859941e-01 -2.739201e-01 -3.971823e-01 -4.422352e-01 -8.741759e-02 1.971059e-01 3.938058e-01 4.355366e-01 5.526038e-01 2.437243e-01 2.101003e-01 4.148031e-01 1.138666e+00 3.647982e-01 5.435293e-02 7.769417e-04 -2.272522e-01 -2.058966e-01 -1.128232e-01 -4.021511e-02 -1.276979e-01 -5.142881e-02 4.160067e-02 -2.003121e-01 -5.868635e-02 2.970898e-01
<VARIANCE> 39
 4.467908e+01 4.554151e+01 3.374366e+01 4.982865e+01 3.813889e+01 4.773056e+01 4.610637e+01 4.887618e+01 4.814197e+01 4.087675e+01 4.426674e+01 3.840936e+01 5.744017e+01 3.567633e+00 3.142863e+00 2.873287e+00 4.384319e+00 3.684606e+00 4.190926e+00 4.588098e+00 4.456192e+00 4.470591e+00 4.232105e+00 4.116348e+00 3.645015e+00 6.617873e+00 5.350388e-01 6.091260e-01 5.851740e-01 7.443530e-01 6.963688e-01 8.011634e-01 8.526299e-01 9.212260e-01 9.373972e-01 8.173125e-01 8.251083e-01 7.681688e-01 8.308482e-01
<GCONST> 1.355825e+02
<STATE> 3
<NUMMIXES> 4
<MIXTURE> 1 2.846425e-01
<MEAN> 39
 -1.197821e+00 -7.301841e-01 -1.635058e+00 -1.569165e+00 1.331143e+00 -6.731700e-01 2.358429e-01 -6.793272e-01 6.557365e-01 9.550301e-01 2.737928e+00 4.199510e+00 5.190836e+00 2.562085e-02 5.930690e-02 4.630929e-02 1.547335e-01 -7.305865e-02 -2.285634e-01 -2.476456e-02 6.207735e-02 3.225147e-03 1.180337e-01 -2.310811e-01 -1.811555e-01 -1.859496e-01 9.848309e-02 2.502741e-02 5.344936e-02 4.719989e-02 -8.442778e-02 7.857580e-02 -1.390393e-02 1.048251e-02 -3.035736e-02 2.634604e-02 -1.021222e-01 -1.686542e-01 -2.609785e-02
<VARIANCE> 39
 3.291156e+01 5.244721e+01 4.613871e+01 9.138010e+01 4.975485e+01 7.696124e+01 6.764460e+01 7.967207e+01 8.424524e+01 1.005121e+02 1.162745e+02 1.192950e+02 5.423052e+01 3.701705e-01 7.377799e-01 1.025509e+00 1.508758e+00 1.817445e+00 2.248461e+00 2.478477e+00 2.507393e+00 2.501775e+00 2.832513e+00 2.670649e+00 2.511978e+00 2.609971e-01 5.453296e-02 1.140640e-01 1.913330e-01 2.358686e-01 3.021304e-01 3.694523e-01 4.071154e-01 4.376136e-01 4.490649e-01 4.443539e-01 4.611273e-01 4.168378e-01 3.107090e-02
<GCONST> 1.129582e+02
<MIXTURE> 2 2.785778e-01
<MEAN> 39
 2.604514e+00 3.038596e+00 2.054630e+00 -5.305320e+00 -2.908850e+00 -3.165226e+00 -5.096799e-01 -1.386436e+00 -1.326087e+00 -1.161565e+00 -2.877976e+00 -4.785942e-01 3.051581e+00 3.803609e-01 7.581015e-01 8.804904e-01 5.551795e-01 -2.946714e-01 -1.055677e+00 -9.087422e-01 -1.388170e-01 -4.142242e-01 -1.425696e-01 -4.662091e-01 -5.472544e-01 -1.426108e+00 -1.099457e-01 -1.477556e-01 -1.177626e-01 3.416914e-01 2.127066e-01 3.389366e-01 -9.806553e-03 -5.356045e-04 -7.790393e-02 -7.261164e-02 3.719989e-02 -4.390880e-02 -9.128249e-02
<VARIANCE> 39
 1.749069e+01 3.817513e+01 3.235076e+01 6.514982e+01 4.804245e+01 5.838434e+01 6.339354e+01 6.269657e+01 5.733249e+01 5.538765e+01 5.250252e+01 5.256571e+01 3.224965e+01 1.152493e+00 1.807780e+00 2.154353e+00 3.027621e+00 2.856255e+00 4.307121e+00 4.336334e+00 3.947284e+00 3.956044e+00 3.856308e+00 3.769888e+00 3.404064e+00 2.008317e+00 1.367510e-01 2.377020e-01 2.960262e-01 5.022785e-01 5.007631e-01 6.556886e-01 6.303771e-01 7.160944e-01 6.278959e-01 6.672978e-01 5.613818e-01 4.956279e-01 2.060535e-01
<GCONST> 1.244842e+02
<MIXTURE> 3 2.660229e-01
<MEAN> 39
 -9.138206e+00 2.480288e+00 5.902337e-01 1.565381e+00 8.042125e-01 3.365088e+00 3.718157e-01 3.574481e+00 3.907654e+00 1.023245e+00 6.972963e-01 1.712592e+00 -1.209224e+00 1.616801e+00 6.999381e-01 6.329457e-01 -9.242591e-01 -9.951807e-01 -6.486902e-01 -4.732786e-01 -8.699673e-01 -2.963762e-01 -1.062024e-01 -8.669583e-01 -2.410077e-01 1.310873e+00 7.750251e-01 2.820102e-02 6.695741e-02 -3.480983e-01 -3.714163e-01 -3.466617e-01 -1.369781e-01 -3.967380e-01 -3.233014e-01 -1.086149e-01 -2.068272e-01 -2.880107e-01 2.191058e-01
<VARIANCE> 39
 3.293068e+01 3.711464e+01 2.587480e+01 3.361203e+01 3.257669e+01 3.942374e+01 3.753806e+01 4.099611e+01 3.848325e+01 3.634218e+01 3.199718e+01 3.526896e+01 3.377989e+01 4.819462e+00 3.170955e+00 2.874207e+00 4.145452e+00 3.875144e+00 4.005088e+00 4.148430e+00 4.811356e+00 4.822949e+00 4.121942e+00 4.012005e+00 3.900378e+00 3.351342e+00 3.796578e-01 4.976882e-01 5.035477e-01 6.091371e-01 5.794108e-01 6.045905e-01 7.535303e-01 8.534992e-01 7.869260e-01 7.638453e-01 7.369668e-01 7.940863e-01 3.890248e-01
<GCONST> 1.294048e+02
<MIXTURE> 4 1.707568e-01
<MEAN> 39
 -4.691055e-01 -2.108515e+00 -2.009051e+00 -4.341597e+00 -1.853215e+00 8.696284e-01 4.881819e+00 9.321802e-01 1.651404e+00 1.621368e+00 2.262249e+00 4.209239e+00 8.557669e+00 2.431471e-02 -5.819203e-01 -4.013815e-01 -7.671795e-02 2.500378e-01 5.004564e-01 4.983024e-01 -2.285364e-01 -3.103147e-01 -1.391500e-01 -2.769756e-01 2.259592e-01 1.330788e+00 9.044639e-03 1.730236e-01 2.153872e-01 5.350274e-01 1.960997e-01 -8.558356e-02 -4.757773e-01 -1.166115e-01 -1.067751e-01 1.332138e-02 -1.370145e-01 -3.812675e-01 -6.258876e-01
<VARIANCE> 39
 2.295987e+01 5.192006e+01 3.745890e+01 8.217676e+01 5.680411e+01 8.562184e+01 7.621275e+01 8.761542e+01 1.011563e+02 1.102338e+02 1.227301e+02 1.063846e+02 4.439642e+01 2.554016e+00 3.562668e+00 3.541925e+00 6.137762e+00 5.776794e+00 7.695939e+00 7.389771e+00 6.983959e+00 7.685366e+00 8.066931e+00 7.947128e+00 8.150328e+00 5.406497e+00 3.948997e-01 5.082608e-01 5.620355e-01 8.318167e-01 8.686787e-01 1.322340e+00 1.182612e+00 1.191459e+00 1.330602e+00 1.287470e+00 1.277451e+00 1.176791e+00 5.419500e-01
<GCONST> 1.481381e+02
<STATE> 4
<NUMMIXES> 4
<MIXTURE> 1 2.733867e-01
<MEAN> 39
 -5.465598e+00 -6.093193e+00 1.173915e+00 5.098907e+00 3.492858e+00 3.423873e+00 2.107909e+00 -2.446302e+00 4.001803e+00 6.214874e+00 8.106765e+00 9.084680e+00 1.377417e+01 7.282679e-02 7.257511e-02 2.369292e-02 1.133088e-01 -3.573351e-02 -2.202364e-03 4.591806e-02 9.032092e-02 9.215795e-04 8.805965e-02 1.413003e-01 -5.356802e-02 -8.309269e-02 6.366825e-02 5.710787e-04 -7.195537e-02 -1.452344e-01 -7.901409e-02 2.808024e-02 2.238782e-02 1.541475e-02 -7.517415e-02 -8.064685e-02 -2.050838e-02 -3.850573e-02 -3.679134e-02
<VARIANCE> 39
 1.603332e+01 3.761507e+01 3.483121e+01 1.049928e+02 5.550996e+01 6.236308e+01 5.820638e+01 6.857390e+01 8.356078e+01 1.022806e+02 1.088734e+02 1.338903e+02 2.229899e+01 3.726030e-01 6.936538e-01 9.231599e-01 1.567322e+00 1.605413e+00 1.879796e+00 2.008140e+00 1.996776e+00 2.275082e+00 2.486759e+00 2.440768e+00 2.450548e+00 1.315509e-01 6.626678e-02 1.209309e-01 1.593536e-01 2.436967e-01 2.914198e-01 3.301203e-01 3.462431e-01 3.654722e-01 3.638872e-01 4.297821e-01 4.305120e-01 4.205322e-01 2.649373e-02
<GCONST> 1.077943e+02
<MIXTURE> 2 2.386655e-01
<MEAN> 39
 1.847283e+00 5.234179e+00 3.488096e+00 -4.279711e+00 -5.336021e+00 -3.313671e+00 -2.772616e+00 -1.635462e+00 -3.794054e-01 -5.998338e-01 -2.886481e+00 -3.223115e-01 3.181101e+00 1.649732e+00 3.006806e-01 3.503238e-01 -8.017364e-01 -9.776182e-01 -7.491314e-01 -4.472915e-01 -6.707026e-01 -4.703607e-01 -2.768197e-01 -8.626232e-01 -6.685456e-01 6.302692e-01 -5.040039e-01 -5.380719e-01 -4.210956e-01 2.658120e-01 5.054796e-01 5.900247e-01 4.452488e-01 2.496623e-01 1.042063e-01 4.944613e-02 2.973240e-01 1.115993e-01 -8.739361e-02
<VARIANCE> 39
 2.050069e+01 3.610092e+01 2.540819e+01 5.155835e+01 4.619577e+01 4.892046e+01 5.468773e+01 5.423435e+01 5.422131e+01 5.323631e+01 5.867692e+01 5.298173e+01 3.075789e+01 3.713938e+00 3.451117e+00 3.522864e+00 6.993470e+00 4.429413e+00 5.421255e+00 6.563240e+00 6.125878e+00 5.952374e+00 6.059626e+00 5.998736e+00 6.226698e+00 7.487669e+00 3.013681e-01 3.475986e-01 3.852811e-01 6.474502e-01 6.000973e-01 7.260814e-01 7.827123e-01 8.466456e-01 8.031421e-01 7.964850e-01 8.180017e-01 7.825048e-01 3.878206e-01
<GCONST> 1.357355e+02
<MIXTURE> 3 1.942147e-01
<MEAN> 39
 -2.246846e+00 -5.717879e+00 -1.769728e+00 1.663783e+00 1.845045e+00 4.557978e+00 5.698563e+00 -1.463141e+00 2.435818e-01 2.179743e+00 3.227926e+00 5.462481e+00 1.090564e+01 9.324553e-02 -1.380307e-01 -1.082202e-01 3.900960e-01 -1.238322e-02 -1.013421e-01 -2.755618e-01 1.698814e-02 2.007568e-03 2.096461e-01 -1.625499e-01 -4.194060e-01 -1.186200e-01 1.752608e-01 2.774384e-01 1.405409e-01 -9.603808e-02 -2.515733e-01 -4.069870e-01 -3.577834e-01 5.834905e-02 1.302114e-01 2.592500e-02 -3.985602e-02 -1.439870e-01 -3.931995e-01
<VARIANCE> 39
 2.218011e+01 3.309940e+01 3.332736e+01 8.953450e+01 5.937871e+01 6.641596e+01 7.074031e+01 9.895216e+01 9.015305e+01 1.130396e+02 1.311559e+02 1.149528e+02 4.301305e+01 1.399858e+00 1.918873e+00 2.203149e+00 4.824941e+00 4.329103e+00 5.140916e+00 5.088967e+00 5.355536e+00 5.547167e+00 5.750664e+00 5.324127e+00 5.115380e+00 1.682104e+00 1.592529e-01 2.495600e-01 3.502601e-01 5.370783e-01 6.189448e-01 7.854247e-01 8.456340e-01 9.163058e-01 8.821461e-01 9.542968e-01 8.728502e-01 8.246982e-01 2.253358e-01
<GCONST> 1.352055e+02
<MIXTURE> 4 2.937331e-01
<MEAN> 39
 5.461074e-01 3.322280e+00 1.294258e+00 -2.543955e+00 -9.569861e-01 -3.134539e+00 -1.587060e+00 3.963383e-01 -6.147497e-01 -1.062832e+00 -2.499038e+00 -1.535625e+00 -3.943163e-01 3.559205e-02 9.745060e-02 1.465940e-01 3.888745e-01 7.388262e-02 -2.057513e-03 -2.875851e-01 -9.950364e-02 -2.386464e-01 -5.366831e-02 -2.686911e-01 -3.714242e-01 -5.818086e-01 -6.194536e-03 -8.782702e-02 -4.978404e-02 5.201183e-02 5.520531e-02 2.683346e-01 8.105388e-02 -5.514116e-02 -2.142515e-02 -6.484149e-03 9.855948e-02 6.086986e-02 6.103607e-02
<VARIANCE> 39
 4.056570e+01 3.945874e+01 4.040275e+01 6.548183e+01 4.311374e+01 5.851895e+01 5.150732e+01 6.227918e+01 5.710897e+01 5.252951e+01 5.009199e+01 5.069174e+01 4.267041e+01 8.272409e-01 1.079124e+00 1.395876e+00 1.937412e+00 1.992816e+00 2.635898e+00 2.735794e+00 3.018624e+00 2.906730e+00 2.966755e+00 2.708356e+00 2.363958e+00 1.058887e+00 1.107810e-01 1.548716e-01 2.341322e-01 3.139508e-01 3.621366e-01 4.401792e-01 5.008920e-01 5.247009e-01 5.212201e-01 5.159997e-01 4.621756e-01 4.213642e-01 1.035466e-01
<GCONST> 1.160964e+02
<STATE> 5
<NUMMIXES> 4
<MIXTURE> 1 3.584725e-01
<MEAN> 39
 -8.946863e-01 8.255379e-01 -1.561794e+00 -2.597243e+00 1.468542e+00 -3.443759e-01 5.541658e-01 -6.404522e-02 -4.604338e-01 5.401824e-01 1.511819e+00 2.588014e+00 6.051352e+00 9.635645e-02 -5.843246e-02 -6.495131e-02 6.266782e-02 1.025274e-02 3.144656e-02 -1.555030e-01 2.211399e-02 -6.889325e-02 2.267866e-02 3.893181e-02 -5.866496e-02 -1.606526e-01 3.000090e-02 -3.894878e-03 5.692129e-02 -4.274844e-02 -9.438564e-02 -3.477471e-02 -2.024543e-02 -2.640945e-02 2.202501e-02 -3.202099e-02 9.634564e-03 3.899317e-02 -5.975666e-02
<VARIANCE> 39
 3.191538e+01 6.149003e+01 4.130492e+01 1.018733e+02 4.840696e+01 7.469799e+01 6.774510e+01 7.291104e+01 7.024761e+01 8.445982e+01 1.040978e+02 1.111697e+02 5.044559e+01 3.201841e-01 6.788573e-01 9.136376e-01 1.400468e+00 1.560093e+00 1.919880e+00 2.053120e+00 2.169075e+00 2.098370e+00 2.258261e+00 2.168746e+00 2.059723e+00 2.642811e-01 6.052085e-02 1.102677e-01 1.584504e-01 2.439297e-01 3.017647e-01 3.606659e-01 3.933656e-01 3.915812e-01 3.787788e-01 4.328472e-01 4.121630e-01 3.865143e-01 4.480954e-02
<GCONST> 1.101985e+02
<MIXTURE> 2 3.112707e-01
<MEAN> 39
 1.119055e+00 3.860267e+00 3.521756e+00 -2.672161e-01 -1.824866e+00 -1.968555e+00 -3.074295e+00 -2.056400e+00 -2.545264e+00 -2.259032e+00 -3.248287e+00 -2.052521e+00 -3.353211e+00 -3.559636e-01 4.712354e-02 5.636447e-02 7.877658e-01 4.202149e-01 4.264869e-01 -2.108594e-01 7.110807e-02 -1.701244e-01 -1.747856e-01 1.176224e-01 -2.076331e-01 -1.143453e+00 -2.166206e-01 -2.564490e-01 -2.933769e-01 -2.144903e-01 5.265604e-02 2.498498e-01 3.699321e-01 2.118676e-01 2.926613e-01 2.011357e-01 2.584277e-01 2.511802e-01 3.241157e-01
<VARIANCE> 39
 3.614403e+01 3.382829e+01 2.866336e+01 4.886828e+01 4.192435e+01 5.299875e+01 4.721252e+01 5.825500e+01 5.246125e+01 5.104795e+01 5.003354e+01 4.787033e+01 3.790640e+01 1.836125e+00 1.844458e+00 1.951338e+00 2.991490e+00 2.540554e+00 3.370995e+00 3.471365e+00 3.707898e+00 3.682493e+00 3.401125e+00 3.112864e+00 2.908986e+00 2.484401e+00 2.793102e-01 3.139050e-01 3.696353e-01 4.682782e-01 5.125178e-01 6.806138e-01 6.715264e-01 7.364463e-01 7.097507e-01 7.236519e-01 6.806238e-01 5.895923e-01 2.766624e-01
<GCONST> 1.254837e+02
<MIXTURE> 3 1.544161e-01
<MEAN> 39
 2.521329e+00 1.267342e+00 1.293761e+00 -7.537161e+00 -6.509849e+00 1.057256e+00 2.743911e+00 -2.995268e+00 1.276666e+00 -1.510712e+00 -6.193266e+00 -2.049989e+00 9.275496e+00 3.365667e-01 -1.289765e+00 -7.016536e-01 -4.474919e-01 3.391269e-01 9.568575e-01 1.109652e+00 -1.209167e-01 -3.366475e-01 -3.573130e-01 -8.744977e-02 -2.441327e-01 1.383798e+00 -5.756585e-01 -3.426905e-02 -1.027021e-01 7.622644e-01 6.608058e-01 1.401094e-01 -2.283723e-01 3.838443e-01 -1.056770e-01 1.008687e-01 6.065851e-01 2.565655e-01 -6.354321e-01
<VARIANCE> 39
 1.236150e+01 3.568064e+01 2.765175e+01 5.017492e+01 4.402813e+01 4.299649e+01 6.556908e+01 5.641947e+01 5.617433e+01 5.511009e+01 4.773572e+01 5.511084e+01 2.324001e+01 1.334877e+00 1.938633e+00 1.832410e+00 4.128670e+00 3.273771e+00 4.175678e+00 3.961436e+00 4.270188e+00 4.107893e+00 3.709301e+00 4.043459e+00 3.554333e+00 1.652884e+00 3.600535e-01 3.158842e-01 3.427172e-01 5.161958e-01 5.662104e-01 6.582847e-01 8.390335e-01 7.717100e-01 7.640325e-01 7.384190e-01 6.517730e-01 6.691378e-01 2.488910e-01
<GCONST> 1.260111e+02
<MIXTURE> 4 1.758408e-01
<MEAN> 39
 1.637568e+00 -1.543836e+00 -2.712671e+00 -1.820448e+00 -2.819010e+00 -1.969340e+00 2.571254e+00 3.802811e+00 5.143963e+00 5.095469e+00 2.502772e+00 3.520859e-01 6.016831e+00 5.599495e-01 -5.551219e-02 -2.765542e-01 -3.001089e-01 -4.922395e-01 -2.623200e-01 -3.416654e-01 1.224842e-02 3.591092e-01 4.903323e-01 2.789375e-01 -1.182181e-01 -9.213640e-03 -2.842524e-01 6.581359e-02 2.017641e-01 1.470465e-01 2.522889e-01 2.547349e-01 -4.816905e-02 -2.838155e-01 -2.709344e-01 -2.614329e-01 4.682311e-02 2.023591e-01 -1.929158e-01
<VARIANCE> 39
 3.307107e+01 4.144370e+01 4.827265e+01 7.301382e+01 6.406315e+01 7.975004e+01 8.974207e+01 1.172293e+02 1.391478e+02 1.412562e+02 1.679518e+02 1.740268e+02 3.835743e+01 1.784957e+00 2.371870e+00 3.143418e+00 3.760828e+00 4.519220e+00 6.009789e+00 6.070407e+00 6.568050e+00 7.303795e+00 7.596513e+00 8.540963e+00 9.410308e+00 3.902613e+00 3.262357e-01 3.488148e-01 4.704517e-01 6.714349e-01 7.639579e-01 1.036712e+00 1.082436e+00 1.044564e+00 1.351520e+00 1.199459e+00 1.250046e+00 1.313542e+00 2.957346e-01
<GCONST> 1.456729e+02
<TRANSP> 6
 0.000000e+00 1.000000e+00 0.000000e+00 0.000000e+00 0.000000e+00 0.000000e+00
 0.000000e+00 4.177747e-01 5.822253e-01 0.000000e+00 0.000000e+00 0.000000e+00
 0.000000e+00 0.000000e+00 2.528599e-01 7.471402e-01 0.000000e+00 0.000000e+00
 0.000000e+00 0.000000e+00 0.000000e+00 4.547329e-01 5.452671e-01 0.000000e+00
 0.000000e+00 0.000000e+00 0.000000e+00 0.000000e+00 3.380355e-01 6.619645e-01
 0.000000e+00 0.000000e+00 0.000000e+00 0.000000e+00 0.000000e+00 0.000000e+00
<ENDHMM>
