~o
<STREAMINFO> 1 39
<VECSIZE> 39<NULLD><MFCC_D_A_Z_0><DIAGC>
~h "v"
<BEGINHMM>
<NUMSTATES> 6
<STATE> 2
<NUMMIXES> 4
<MIXTURE> 1 3.235027e-01
<MEAN> 39
 1.969983e+00 -1.097177e+00 -3.072613e+00 6.359322e-01 1.011530e+00 -4.904458e-01 -2.307322e-02 -3.046619e+00 -3.008379e-01 1.682015e+00 3.118598e+00 3.928740e+00 6.800741e+00 5.096938e-03 4.258877e-01 -5.638225e-02 8.849770e-02 2.322118e-01 3.848122e-02 1.070945e-01 -3.502483e-01 -1.592518e-01 5.074604e-02 2.633355e-02 6.350625e-02 -2.715783e-01 4.026340e-05 -5.587436e-02 6.755156e-02 -8.086295e-02 -1.488153e-01 -6.513260e-02 1.670476e-03 1.928266e-01 4.115843e-02 -9.091816e-02 -7.701220e-02 -4.443200e-02 -1.284318e-02
<VARIANCE> 39
 2.777922e+01 3.888858e+01 4.675311e+01 8.688906e+01 4.752487e+01 7.196250e+01 7.309660e+01 7.536484e+01 8.078304e+01 7.861242e+01 1.017393e+02 1.396818e+02 3.068889e+01 4.064093e-01 7.562379e-01 1.204534e+00 1.687605e+00 1.873008e+00 2.628988e+00 2.512104e+00 2.749370e+00 2.583894e+00 2.851164e+00 2.675184e+00 2.587458e+00 3.265872e-01 5.176337e-02 1.035297e-01 1.799082e-01 2.464661e-01 2.828746e-01 3.652323e-01 4.635436e-01 3.966165e-01 4.407033e-01 4.268022e-01 4.293824e-01 3.919552e-01 3.246169e-02
<GCONST> 1.121452e+02
<MIXTURE> 2 1.883146e-01
<MEAN> 39
 1.417809e+00 5.975820e+00 4.529948e+00 1.497375e+00 -1.653510e+00 -1.753538e+00 -4.072704e+00 -3.457191e+00 -3.506633e+00 -3.723548e+00 -3.225209e+00 -3.282914e+00 -2.687890e+00 -1.594137e+00 4.181816e-01 4.086135e-01 1.688539e+00 1.254707e+00 9.107889e-01 -2.031181e-01 -1.314600e-02 -1.748680e-01 -5.809088e-01 2.711243e-01 1.136650e-01 -1.459534e+00 -2.603219e-01 -6.624185e-01 -4.901761e-01 -4.818787e-01 -1.246323e-01 1.892692e-01 5.645848e-01 5.354933e-01 4.802536e-01 4.572002e-01 1.249890e-01 1.855338e-01 5.014926e-01
<VARIANCE> 39
 3.048749e+01 3.629162e+01 2.661650e+01 4.777705e+01 3.555216e+01 4.315052e+01 5.418879e+01 5.399778e+01 5.315573e+01 4.996821e+01 4.296275e+01 4.139735e+01 4.121233e+01 2.649720e+00 2.523711e+00 2.374563e+00 3.700296e+00 3.086913e+00 3.982720e+00 4.629348e+00 4.252881e+00 4.777780e+00 4.107185e+00 4.115017e+00 3.419631e+00 2.955808e+00 3.735578e-01 4.163848e-01 3.754148e-01 5.319862e-01 5.610597e-01 7.110288e-01 8.689266e-01 7.786539e-01 7.819428e-01 7.065461e-01 6.670991e-01 6.593021e-01 3.533394e-01
<GCONST> 1.292690e+02
<MIXTURE> 3 2.126663e-01
<MEAN> 39
 5.501762e+00 4.193992e-01 -1.234736e+00 2.734523e+00 -2.685247e+00 -5.861449e+00 -1.540867e+00 -2.157451e+00 -4.133871e+00 -1.528055e+00 -1.648517e+00 -1.365648e+00 2.176690e+00 -8.080307e-02 1.416741e+00 1.281010e+00 2.012403e-01 3.554059e-01 -1.697786e-01 -1.383003e+00 -1.001824e+00 -7.652490e-01 -6.236187e-01 -2.478647e-01 -3.862970e-01 -1.887292e+00 -3.039849e-01 -1.903730e-01 -6.097700e-02 -1.751708e-01 3.116689e-02 5.203399e-01 3.911021e-01 2.404458e-01 2.382641e-01 -5.567327e-03 -2.098544e-02 1.039629e-01 2.262494e-01
<VARIANCE> 39
 1.333287e+01 1.755818e+01 4.074603e+01 3.731979e+01 3.473411e+01 4.625644e+01 5.204825e+01 5.728201e+01 6.486320e+01 6.334193e+01 5.137913e+01 6.484210e+01 1.971432e+01 1.056064e+00 1.337882e+00 2.093752e+00 2.345800e+00 2.715123e+00 4.723646e+00 3.971072e+00 4.198170e+00 4.431840e+00 4.568611e+00 3.830370e+00 3.490534e+00 1.015153e+00 1.169519e-01 1.678639e-01 3.818587e-01 3.830283e-01 3.812391e-01 4.974992e-01 6.392163e-01 6.752462e-01 6.817141e-01 6.680990e-01 6.194734e-01 5.834300e-01 1.614164e-01
<GCONST> 1.201901e+02
<MIXTURE> 4 2.755164e-01
<MEAN> 39
 3.542936e+00 4.469987e+00 4.134973e+00 -1.051743e+00 -1.393825e+00 -1.474872e+00 -2.750592e+00 -1.817185e+00 -1.995769e+00 -1.215395e+00 -2.734235e+00 -3.119268e+00 -1.233216e+00 -3.456751e-01 4.529986e-01 4.463285e-01 8.927885e-01 5.952348e-01 1.004700e-01 -2.082226e-01 -2.193937e-01 -3.783865e-01 -1.330515e-01 2.068053e-01 6.094546e-02 -1.037463e+00 -1.528423e-01 -1.917693e-01 -2.054617e-01 -9.578712e-02 -7.225995e-02 4.921620e-02 1.167581e-01 1.352033e-01 1.381158e-01 -2.516646e-02 -5.591157e-02 5.717612e-02 2.059757e-01
<VARIANCE> 39
 2.207267e+01 2.043604e+01 2.042334e+01 4.629376e+01 2.858521e+01 3.965771e+01 3.781163e+01 4.979148e+01 4.271855e+01 4.024943e+01 3.163459e+01 4.381950e+01 2.463498e+01 9.499295e-01 8.707528e-01 1.323294e+00 1.778093e+00 1.893677e+00 2.259038e+00 1.937180e+00 2.365538e+00 2.463728e+00 3.086632e+00 2.219317e+00 2.030244e+00 7.232546e-01 1.274876e-01 1.243908e-01 2.116622e-01 3.281575e-01 2.961805e-01 3.980815e-01 3.887108e-01 4.157963e-01 3.928773e-01 4.762022e-01 3.587940e-01 3.705214e-01 8.733806e-02
<GCONST> 1.070507e+02
<STATE> 3
<NUMMIXES> 4
<MIXTURE> 1 2.648782e-01
<MEAN> 39
 4.836418e+00 4.458246e+00 1.924229e-01 -1.041659e+00 1.005687e+00 -4.272162e+00 -3.684525e+00 -2.361154e+00 -2.473500e+00 -1.637746e+00 -3.035321e+00 -3.712573e+00 4.043001e-01 1.294837e-02 1.183817e-01 9.865807e-02 3.384785e-03 -7.577395e-02 -3.638140e-02 -2.524128e-02 5.027942e-02 -7.288603e-02 -8.416030e-02 -1.142245e-01 1.292095e-01 -1.957796e-01 -9.371934e-03 -1.222268e-01 1.798056e-02 -4.389997e-02 -9.102175e-02 -5.140614e-03 -1.582101e-03 1.798485e-01 7.968260e-02 -5.347722e-02 -5.654480e-04 1.608005e-02 5.327649e-02
<VARIANCE> 39
 2.064664e+01 2.837683e+01 5.242196e+01 6.884095e+01 3.700204e+01 4.900665e+01 5.647805e+01 5.834899e+01 4.819274e+01 5.527901e+01 4.132598e+01 5.498555e+01 3.058302e+01 1.716475e-01 4.224847e-01 7.168563e-01 9.899489e-01 1.109037e+00 1.465552e+00 1.772062e+00 1.597227e+00 1.798592e+00 1.812513e+00 1.619430e+00 1.588624e+00 1.948798e-01 3.359692e-02 7.574323e-02 1.539193e-01 2.061815e-01 2.478449e-01 2.874241e-01 3.685586e-01 3.425983e-01 3.483447e-01 3.894068e-01 2.954208e-01 2.997729e-01 2.495014e-02
<GCONST> 9.768401e+01
<MIXTURE> 2 3.091076e-01
<MEAN> 39
 3.813428e+00 2.504361e+00 1.109150e+00 -5.835826e-01 -2.003642e+00 -4.326710e+00 -3.149556e+00 -3.803296e+00 -4.124714e+00 -2.120998e+00 -1.528764e+00 -1.164253e+00 1.468090e-01 -2.454231e-01 3.565254e-01 2.726002e-01 5.332611e-02 2.277115e-02 1.352499e-01 -8.359159e-02 1.106149e-01 7.400944e-02 -1.913786e-01 -2.104319e-01 -9.231167e-02 -7.329159e-01 -1.161272e-01 -3.093090e-01 -1.926201e-01 -1.200126e-01 -9.044675e-02 2.185394e-01 2.796767e-01 4.348227e-01 4.326403e-01 1.715165e-01 6.353691e-02 6.717715e-02 3.626134e-01
<VARIANCE> 39
 2.241867e+01 2.966868e+01 4.337676e+01 5.412106e+01 4.664593e+01 5.460128e+01 6.714562e+01 6.982224e+01 8.410327e+01 8.104122e+01 7.931464e+01 9.637067e+01 2.878923e+01 8.244973e-01 1.141231e+00 1.612510e+00 1.986634e+00 2.216013e+00 3.037255e+00 3.075527e+00 2.983226e+00 3.217423e+00 3.092064e+00 3.314393e+00 2.819726e+00 1.075733e+00 1.206910e-01 2.068470e-01 3.549272e-01 4.815787e-01 4.707311e-01 6.697294e-01 8.126395e-01 7.340810e-01 9.067746e-01 8.354762e-01 7.441629e-01 6.445502e-01 1.861860e-01
<GCONST> 1.233732e+02
<MIXTURE> 3 2.260181e-01
<MEAN> 39
 -2.157038e+00 4.270733e+00 4.468449e+00 4.775619e+00 1.324209e+00 1.117124e+00 -2.460398e+00 -1.870400e+00 -2.255683e+00 -2.560049e+00 -2.147458e+00 -2.265391e+00 -4.793297e+00 -1.506624e+00 -7.672909e-01 -5.972932e-01 1.043539e-01 2.949143e-01 7.588894e-01 6.783575e-01 8.695584e-01 7.929938e-01 4.383610e-01 6.375549e-01 3.981758e-01 -2.154036e-01 2.638164e-01 -3.471924e-01 -4.030546e-01 -7.791007e-01 -5.387071e-01 -2.619167e-01 2.392711e-01 2.254839e-01 2.718874e-01 3.629147e-01 4.648956e-02 8.007888e-02 6.142308e-01
<VARIANCE> 39
 2.944576e+01 2.785254e+01 2.209127e+01 3.438694e+01 2.893622e+01 3.200908e+01 3.217170e+01 3.812550e+01 3.839439e+01 3.956506e+01 3.244779e+01 3.378866e+01 3.554811e+01 2.502137e+00 2.208923e+00 2.021293e+00 2.932361e+00 2.552679e+00 2.967466e+00 3.146197e+00 3.421162e+00 3.559357e+00 3.219925e+00 3.180667e+00 2.629276e+00 2.802586e+00 3.228403e-01 3.727254e-01 3.679352e-01 5.312669e-01 4.591846e-01 5.570092e-01 6.374429e-01 6.737813e-01 6.983617e-01 6.675299e-01 6.350229e-01 5.184007e-01 3.861008e-01
<GCONST> 1.215582e+02
<MIXTURE> 4 1.999960e-01
<MEAN> 39
 -3.225615e+00 -5.992033e+00 -8.873760e-01 4.325247e+00 3.170362e+00 5.495067e+00 1.499432e+00 -6.189093e+00 4.624973e-01 3.465162e+00 3.986607e+00 6.857328e+00 1.136421e+01 -3.532708e-02 1.667222e-02 -6.595225e-02 -8.891131e-02 -1.213485e-01 -1.069307e-01 1.263970e-01 1.454534e-01 -1.583385e-01 -1.193138e-01 1.152548e-01 2.134103e-01 -1.278130e-01 8.483668e-02 -3.209053e-02 -2.557367e-02 -1.546508e-01 -2.102262e-01 -2.003060e-01 -9.972296e-03 1.526415e-01 -1.600192e-03 -2.879425e-02 -8.143587e-02 -9.984442e-02 -8.667051e-02
<VARIANCE> 39
 2.298944e+01 2.794095e+01 2.738074e+01 8.436169e+01 3.905620e+01 5.166262e+01 7.942932e+01 5.797189e+01 6.828613e+01 7.640339e+01 1.026666e+02 1.128975e+02 2.266952e+01 3.661304e-01 7.142886e-01 9.331284e-01 1.871303e+00 1.577008e+00 1.965831e+00 2.428620e+00 2.352551e+00 2.180684e+00 2.369397e+00 2.141157e+00 2.554093e+00 2.171995e-01 6.100575e-02 1.327461e-01 1.928412e-01 2.815561e-01 3.061453e-01 3.968873e-01 3.943026e-01 4.220019e-01 4.376729e-01 4.359688e-01 4.005718e-01 4.866094e-01 4.354845e-02
<GCONST> 1.088193e+02
<STATE> 4
<NUMMIXES> 4
<MIXTURE> 1 2.566675e-01
<MEAN> 39
 1.293077e+00 2.944016e+00 -1.187395e+00 -2.350600e+00 3.206581e-01 -2.895042e+00 -1.070623e+00 -1.329614e+00 -1.187839e+00 -8.948605e-02 2.024836e+00 2.486869e+00 4.432120e+00 2.732632e-02 -1.035846e-01 1.051309e-01 -1.169193e-01 -1.489657e-02 -1.549982e-01 -2.024460e-01 4.041432e-01 1.130223e-01 -3.585794e-02 -1.811742e-02 7.334374e-04 -1.346375e-01 3.873074e-02 -1.073517e-01 3.905718e-02 8.840073e-03 -5.968300e-02 1.748949e-02 -3.372859e-02 5.906369e-02 3.961825e-02 2.285191e-02 -7.153749e-02 -6.949436e-02 8.120382e-03
<VARIANCE> 39
 2.920097e+01 6.012231e+01 4.294718e+01 8.521844e+01 4.258556e+01 6.795415e+01 6.304048e+01 6.805810e+01 5.456313e+01 6.012382e+01 8.622478e+01 1.133547e+02 3.625193e+01 2.279118e-01 4.778883e-01 8.155633e-01 1.032522e+00 1.306183e+00 1.680899e+00 1.781070e+00 1.697339e+00 1.790565e+00 1.874684e+00 1.606814e+00 1.728880e+00 1.622922e-01 3.510048e-02 7.344326e-02 1.291699e-01 1.643214e-01 2.388424e-01 2.645304e-01 3.017687e-01 2.970988e-01 2.772692e-01 3.193969e-01 3.060122e-01 2.929994e-01 2.132834e-02
<GCONST> 1.008088e+02
<MIXTURE> 2 3.192217e-01
<MEAN> 39
 2.581124e+00 4.414579e+00 3.452356e+00 -6.094712e-02 -2.952551e+00 -3.573976e+00 -3.439873e+00 -2.031683e+00 -3.695597e+00 -3.434220e+00 -3.751824e+00 -4.250162e+00 -1.290610e+00 -3.080188e-01 -3.141531e-01 -2.688559e-01 -5.197289e-01 -4.045772e-01 2.983154e-01 5.243338e-01 7.254275e-01 6.495897e-01 4.581423e-01 1.181286e-01 6.801825e-02 2.539132e-01 -1.155519e-02 -2.833806e-01 -2.616943e-01 -1.709013e-01 1.189638e-02 1.594065e-01 2.990812e-01 1.968923e-01 2.105816e-01 1.998526e-01 1.398868e-01 1.809315e-01 3.398669e-01
<VARIANCE> 39
 2.562020e+01 2.543456e+01 2.461390e+01 4.565368e+01 3.253902e+01 4.401288e+01 4.096659e+01 4.867992e+01 4.325084e+01 4.614588e+01 4.272614e+01 3.982930e+01 3.570707e+01 1.457102e+00 1.847098e+00 2.249541e+00 2.803804e+00 2.735941e+00 3.834731e+00 3.707265e+00 3.815754e+00 3.971063e+00 3.551435e+00 3.381360e+00 3.077863e+00 2.558268e+00 1.704922e-01 2.251366e-01 2.803386e-01 4.510483e-01 4.403133e-01 5.882696e-01 5.463509e-01 6.179979e-01 6.010915e-01 6.300752e-01 6.574344e-01 5.215670e-01 2.122276e-01
<GCONST> 1.210636e+02
<MIXTURE> 3 2.743193e-01
<MEAN> 39
 -7.687820e+00 1.272544e+00 5.716465e-01 3.481008e+00 1.265525e-01 2.961495e+00 3.395869e-01 2.620741e+00 2.043536e+00 7.194411e-01 1.020444e+00 2.024089e-01 -3.559671e+00 -1.252143e-01 -2.128437e-01 -3.469262e-01 -7.595813e-01 -3.662570e-01 -5.403562e-04 2.507045e-01 4.858556e-01 5.641453e-01 4.577321e-01 1.327622e-01 2.983383e-01 5.436111e-01 6.698303e-01 2.242884e-01 1.150918e-01 -3.112724e-01 -2.256204e-01 -3.951931e-01 -2.541727e-01 -2.608498e-01 -2.250623e-01 -1.103287e-01 -2.297517e-01 -1.260294e-01 2.477448e-01
<VARIANCE> 39
 3.074599e+01 4.726754e+01 2.318114e+01 3.158751e+01 3.195745e+01 2.980597e+01 3.485705e+01 3.613342e+01 3.462907e+01 3.328841e+01 3.252801e+01 2.658876e+01 3.138452e+01 3.540466e+00 2.563474e+00 2.259445e+00 3.029710e+00 2.773414e+00 3.002928e+00 3.171676e+00 3.655341e+00 3.551737e+00 3.300743e+00 3.294389e+00 2.651305e+00 2.829320e+00 3.211408e-01 4.293571e-01 4.431942e-01 5.105686e-01 5.106695e-01 5.460806e-01 6.015147e-01 5.984836e-01 6.226853e-01 6.217361e-01 6.865289e-01 5.226485e-01 3.802620e-01
<GCONST> 1.224727e+02
<MIXTURE> 4 1.497916e-01
<MEAN> 39
 8.652369e-01 -2.552700e+00 -3.755611e+00 1.011067e+00 1.239427e+00 8.827029e-01 5.672338e-01 -2.338840e+00 -1.488839e-01 3.382378e+00 4.066119e+00 6.094432e+00 6.253880e+00 4.194544e-02 -2.203832e-02 -3.262913e-02 -4.729030e-01 -6.524160e-01 -8.362894e-01 -5.295457e-02 7.567655e-01 2.377776e-01 -2.475214e-01 -1.566837e-01 -3.375278e-01 -4.066215e-01 8.297860e-02 1.481784e-02 1.782999e-01 4.369010e-02 -2.130893e-01 -2.384425e-01 -9.305304e-02 2.410133e-01 1.095071e-01 -5.829794e-02 -1.206161e-02 -2.259199e-01 -6.768190e-02
<VARIANCE> 39
 2.986851e+01 3.161587e+01 5.453685e+01 8.474577e+01 5.618710e+01 8.669316e+01 9.267821e+01 9.644307e+01 1.161448e+02 1.071955e+02 1.188344e+02 1.458862e+02 4.148945e+01 8.943356e-01 1.504341e+00 2.171152e+00 3.154532e+00 2.762008e+00 3.709425e+00 5.070786e+00 3.794901e+00 3.989718e+00 4.523403e+00 4.731276e+00 4.071565e+00 9.636302e-01 1.131685e-01 2.417855e-01 3.452864e-01 4.906256e-01 5.526882e-01 7.403964e-01 7.933533e-01 7.385120e-01 8.099709e-01 8.053037e-01 7.878065e-01 7.149650e-01 1.938568e-01
<GCONST> 1.313456e+02
<STATE> 5
<NUMMIXES> 4
<MIXTURE> 1 2.263082e-01
<MEAN> 39
 5.132636e-01 -1.661445e+00 -2.098467e+00 5.033411e-01 1.169188e+00 -9.356453e-01 -4.504466e-01 -1.660205e+00 4.958289e-01 6.184347e-01 2.393741e+00 3.117716e+00 6.347922e+00 6.869156e-02 -1.379122e-01 -5.528366e-02 1.682171e-01 -1.051614e-01 -3.097689e-01 -1.028072e-01 4.008458e-01 1.006679e-01 7.264807e-02 -9.037878e-03 -7.315226e-02 -1.328785e-01 3.979484e-02 7.441356e-02 4.707387e-02 -5.186198e-03 -3.827178e-02 2.750630e-02 7.837652e-02 -5.191426e-02 -4.129506e-02 1.707438e-03 -3.600940e-02 -7.635299e-02 -2.062791e-02
<VARIANCE> 39
 4.116480e+01 4.136449e+01 5.247205e+01 9.349479e+01 5.839034e+01 7.679258e+01 7.072881e+01 7.798440e+01 7.791338e+01 8.380276e+01 1.033242e+02 1.237909e+02 4.431625e+01 2.517115e-01 5.243560e-01 7.963214e-01 1.299269e+00 1.625907e+00 1.934962e+00 1.987355e+00 2.200426e+00 2.427791e+00 2.521357e+00 2.466386e+00 2.081516e+00 1.912341e-01 4.220115e-02 8.212678e-02 1.589583e-01 1.926774e-01 2.540480e-01 3.273460e-01 3.600518e-01 3.254820e-01 3.922214e-01 3.873497e-01 3.754519e-01 3.635475e-01 2.353463e-02
<GCONST> 1.076882e+02
<MIXTURE> 2 3.623134e-01
<MEAN> 39
 1.092110e+00 4.819119e+00 2.348440e+00 -3.464853e+00 -6.259470e-01 -2.527922e+00 -2.478735e+00 5.104601e-01 -1.671289e+00 -2.321484e+00 -2.979271e+00 -2.319613e+00 -1.772147e-01 -6.612437e-05 -1.653543e-01 6.856725e-02 -1.109886e-01 -5.007695e-02 7.431014e-02 2.834758e-02 3.060316e-01 1.847330e-01 1.747804e-01 -2.164170e-02 5.369422e-02 -3.808381e-01 1.754489e-02 -6.377185e-02 -2.739450e-02 1.668151e-01 4.482497e-02 2.615136e-02 3.709701e-02 -1.605353e-01 -4.580081e-02 2.850998e-02 6.245766e-02 2.174244e-02 2.534341e-02
<VARIANCE> 39
 3.547075e+01 3.342339e+01 2.949491e+01 7.891600e+01 4.303068e+01 5.561906e+01 4.565349e+01 5.020149e+01 4.886152e+01 4.595496e+01 4.182189e+01 4.101524e+01 5.659896e+01 9.666212e-01 1.270925e+00 1.494407e+00 2.198312e+00 2.052673e+00 2.517404e+00 2.787556e+00 2.992804e+00 2.599081e+00 2.487326e+00 2.529840e+00 2.301283e+00 1.293219e+00 1.511046e-01 1.807850e-01 2.489635e-01 3.701628e-01 3.842026e-01 5.029674e-01 4.835396e-01 4.998182e-01 5.155713e-01 4.515807e-01 4.769366e-01 4.059497e-01 1.797477e-01
<GCONST> 1.164054e+02
<MIXTURE> 3 1.965009e-01
<MEAN> 39
 2.089668e-01 -4.045483e+00 -1.791521e+00 -5.748053e-01 -2.683729e+00 2.005728e+00 5.546402e+00 -1.742367e+00 -2.360956e+00 1.253852e-01 -1.501933e+00 4.001884e-01 7.255617e+00 -5.023676e-02 -5.242962e-01 -4.544760e-01 -1.058338e-01 -2.276133e-01 3.572393e-01 5.725569e-01 2.179922e-01 9.822724e-03 -5.110367e-02 4.456379e-02 -1.842261e-02 4.394034e-01 5.450483e-02 3.914996e-01 2.805409e-01 2.067498e-01 1.871746e-01 -2.445268e-01 -6.217233e-01 -5.315780e-02 2.881914e-02 -9.870313e-02 4.537395e-02 -6.263877e-04 -4.278637e-01
<VARIANCE> 39
 2.603450e+01 2.494665e+01 3.236402e+01 6.762259e+01 4.972287e+01 6.695856e+01 5.646771e+01 7.839162e+01 6.894346e+01 5.440072e+01 6.666307e+01 7.046737e+01 5.109082e+01 1.549806e+00 2.591461e+00 2.830781e+00 4.489704e+00 3.707748e+00 6.043377e+00 5.460382e+00 4.649516e+00 5.748959e+00 4.847309e+00 4.507170e+00 4.390554e+00 4.067384e+00 2.268109e-01 2.339665e-01 3.416708e-01 5.601779e-01 5.623743e-01 8.001504e-01 7.340037e-01 8.444663e-01 7.871339e-01 7.316960e-01 7.960399e-01 6.477612e-01 3.191588e-01
<GCONST> 1.327377e+02
<MIXTURE> 4 2.148774e-01
<MEAN> 39
 2.041059e+00 3.043309e+00 1.143517e-01 -3.685573e+00 -3.455861e+00 -4.117244e+00 -3.289633e+00 1.280811e+00 1.543491e+00 1.830477e+00 4.334728e-01 7.188035e-01 3.181683e+00 6.260469e-01 -5.860296e-01 -5.199088e-01 -9.818726e-01 -6.008399e-01 -2.571114e-01 4.945195e-01 6.444771e-01 4.825874e-01 4.784287e-01 2.010431e-01 3.020742e-01 1.523079e+00 -2.077503e-01 -2.202832e-01 -6.910084e-02 2.850013e-01 2.695902e-01 3.665409e-01 3.567651e-01 -7.453301e-02 -3.098579e-01 -2.134346e-01 2.220183e-02 4.167984e-02 3.211994e-03
<VARIANCE> 39
 3.467200e+01 3.912343e+01 5.794068e+01 6.530503e+01 4.990857e+01 4.938062e+01 5.525423e+01 6.815112e+01 8.080095e+01 8.747994e+01 9.941325e+01 8.938939e+01 3.482967e+01 3.431157e+00 3.334422e+00 4.192977e+00 5.704582e+00 5.062740e+00 6.219554e+00 7.093320e+00 6.695627e+00 6.898437e+00 7.962214e+00 7.987629e+00 7.225862e+00 3.901431e+00 4.468920e-01 4.026002e-01 5.664945e-01 7.141837e-01 6.744193e-01 8.203263e-01 8.250921e-01 9.599735e-01 1.073237e+00 1.045574e+00 9.306456e-01 9.871122e-01 4.108434e-01
<GCONST> 1.427186e+02
<TRANSP> 6
 0.000000e+00 1.000000e+00 0.000000e+00 0.000000e+00 0.000000e+00 0.000000e+00
 0.000000e+00 3.768848e-01 6.231152e-01 0.000000e+00 0.000000e+00 0.000000e+00
 0.000000e+00 0.000000e+00 4.260850e-01 5.739151e-01 0.000000e+00 0.000000e+00
 0.000000e+00 0.000000e+00 0.000000e+00 3.999488e-01 6.000512e-01 0.000000e+00
 0.000000e+00 0.000000e+00 0.000000e+00 0.000000e+00 4.731848e-01 5.268152e-01
 0.000000e+00 0.000000e+00 0.000000e+00 0.000000e+00 0.000000e+00 0.000000e+00
<ENDHMM>
