~o
<STREAMINFO> 1 39
<VECSIZE> 39<NULLD><MFCC_D_A_Z_0><DIAGC>
~h "y"
<BEGINHMM>
<NUMSTATES> 6
<STATE> 2
<NUMMIXES> 4
<MIXTURE> 1 1.745390e-01
<MEAN> 39
 -8.127671e-01 2.662738e+00 3.937816e+00 -1.056698e+01 -4.321530e+00 2.174224e+00 -3.335308e+00 -6.153725e-01 6.519179e-01 -1.163003e+00 1.016403e+00 3.274153e+00 8.779417e+00 -1.527564e-01 -9.288002e-02 3.959041e-01 -9.162389e-01 3.608141e-01 5.376495e-01 -5.809956e-01 -2.497174e-01 -2.091815e-01 -1.602234e-01 5.194770e-01 8.406860e-01 8.468833e-01 4.947750e-02 4.018739e-02 -2.857620e-01 8.303194e-01 3.636756e-01 -4.351078e-01 1.003388e-01 1.776563e-01 -2.567328e-01 7.093779e-02 1.252692e-02 -2.350615e-01 -6.040454e-01
<VARIANCE> 39
 1.447403e+01 4.344713e+01 3.345613e+01 6.379298e+01 5.293507e+01 6.268911e+01 8.576039e+01 8.926115e+01 8.374295e+01 9.762517e+01 1.192072e+02 1.152788e+02 2.310275e+01 1.492832e+00 3.445771e+00 2.383252e+00 6.133290e+00 5.283164e+00 6.304165e+00 6.485574e+00 5.442509e+00 4.677191e+00 5.930731e+00 6.525616e+00 5.874197e+00 2.477206e+00 2.861485e-01 3.183458e-01 4.233188e-01 7.333148e-01 8.635923e-01 9.520936e-01 1.204063e+00 1.109769e+00 1.013793e+00 9.659382e-01 1.036851e+00 9.041280e-01 3.131259e-01
<GCONST> 1.390620e+02
<MIXTURE> 2 2.852616e-01
<MEAN> 39
 -1.359316e+00 1.451878e+01 5.393302e+00 -1.338590e+01 2.265486e-01 -6.772394e+00 -8.615999e+00 3.457484e+00 -1.904183e+00 -2.361497e+00 -5.446038e-01 -2.990663e+00 5.141599e+00 7.871271e-02 -3.839461e-01 4.594689e-01 -1.391587e+00 2.631829e-02 3.684359e-01 -3.332353e-01 5.779913e-01 3.735000e-02 -1.954862e-02 1.299940e-01 -8.015362e-02 8.521026e-01 -1.549407e-02 -4.816109e-01 -9.818848e-02 6.197443e-01 -1.914296e-01 4.442002e-01 4.174738e-01 -1.680516e-01 1.229709e-01 7.855588e-02 -8.455043e-02 1.249792e-01 -2.608312e-01
<VARIANCE> 39
 1.158275e+01 2.418415e+01 2.647825e+01 2.828806e+01 2.981309e+01 3.407669e+01 3.520779e+01 4.064197e+01 5.011354e+01 5.723961e+01 4.781271e+01 5.860953e+01 2.013610e+01 9.096158e-01 2.421277e+00 1.520001e+00 2.759007e+00 2.659143e+00 3.807352e+00 2.832808e+00 2.634677e+00 3.101200e+00 2.986598e+00 2.562766e+00 3.003618e+00 1.133772e+00 2.157650e-01 1.960822e-01 2.355492e-01 4.976993e-01 4.892928e-01 4.807114e-01 5.667918e-01 5.344231e-01 5.847531e-01 5.261903e-01 4.165430e-01 4.828062e-01 1.452101e-01
<GCONST> 1.153034e+02
<MIXTURE> 3 3.368118e-01
<MEAN> 39
 -1.764146e-02 6.765529e+00 4.992367e+00 -2.796190e+00 -3.694376e+00 -2.259368e+00 -4.907463e+00 -1.749456e+00 -1.211647e+00 -1.829295e+00 -2.723703e+00 -1.446151e+00 1.118285e+00 1.166036e+00 9.911951e-02 3.717210e-01 -1.641853e+00 -1.065276e+00 -6.274830e-01 -5.378835e-01 -2.827436e-01 2.098216e-02 1.082409e-01 1.761137e-02 9.743904e-03 1.689426e+00 -1.107950e-01 -4.299603e-01 -4.248709e-01 -6.454444e-02 2.257934e-01 1.824916e-01 3.706046e-01 2.937910e-01 9.475698e-02 1.797928e-01 3.208571e-01 1.830956e-01 1.926008e-02
<VARIANCE> 39
 3.324637e+01 5.165424e+01 3.088465e+01 5.085606e+01 4.928659e+01 4.783232e+01 5.133683e+01 4.983899e+01 4.827662e+01 5.043543e+01 5.017041e+01 4.858674e+01 3.452008e+01 4.027138e+00 3.002867e+00 3.352638e+00 5.107697e+00 4.317798e+00 4.949329e+00 5.184273e+00 5.085771e+00 5.618251e+00 5.467123e+00 5.198494e+00 5.779399e+00 3.341613e+00 5.137254e-01 4.021254e-01 4.020052e-01 6.772631e-01 6.936131e-01 7.708347e-01 7.896107e-01 8.272246e-01 7.788734e-01 7.646209e-01 7.914551e-01 6.807067e-01 2.942144e-01
<GCONST> 1.346463e+02
<MIXTURE> 4 2.033877e-01
<MEAN> 39
 1.028245e-01 8.646242e-02 1.323872e+00 -9.773816e-01 -1.569333e+00 1.079087e+00 -3.918400e-01 -2.429166e+00 -2.380121e+00 -4.759359e-02 1.849157e+00 2.934164e+00 5.278489e+00 8.886935e-02 6.322947e-02 3.997896e-01 -5.445574e-02 -2.245576e-01 -1.521305e-01 -3.291495e-01 -6.263091e-02 -1.710275e-01 -4.916342e-02 1.076796e-01 2.794648e-02 -1.288452e-01 3.730886e-02 -7.600342e-02 -1.625205e-01 -2.132448e-02 -2.024295e-02 -1.413184e-01 -7.116824e-02 9.396045e-02 1.202493e-01 2.476780e-02 -1.093833e-03 -2.067630e-02 -3.486176e-03
<VARIANCE> 39
 2.605935e+01 4.513068e+01 4.049716e+01 1.003940e+02 5.560869e+01 7.084460e+01 7.399677e+01 8.484593e+01 8.293926e+01 1.146142e+02 1.110027e+02 1.113138e+02 4.978348e+01 3.618877e-01 7.489647e-01 1.064077e+00 1.463447e+00 1.944474e+00 2.227160e+00 2.358762e+00 2.547279e+00 2.483716e+00 2.853380e+00 2.610907e+00 2.559132e+00 3.169661e-01 5.194388e-02 9.243724e-02 1.602652e-01 2.464543e-01 2.825195e-01 3.525783e-01 4.035257e-01 3.829807e-01 4.179713e-01 4.367391e-01 4.087055e-01 3.850227e-01 3.615782e-02
<GCONST> 1.120615e+02
<STATE> 3
<NUMMIXES> 4
<MIXTURE> 1 1.664311e-01
<MEAN> 39
 -7.152054e-01 7.344468e+00 8.180562e+00 -1.474619e+01 -4.462468e+00 1.788311e+00 -8.383908e+00 1.396213e+00 1.118599e+00 -2.653423e+00 -1.377038e+00 3.849645e-01 7.316680e+00 5.796830e-01 -1.719473e+00 1.739967e-01 1.082016e+00 -1.765180e+00 1.009760e+00 1.445869e+00 -1.231312e+00 3.675261e-01 7.673501e-01 -9.651170e-01 -5.930375e-03 1.273887e-01 1.116572e-01 9.405403e-03 -3.625281e-01 6.564437e-01 4.924295e-02 -6.482150e-01 5.495067e-01 -1.669779e-02 -5.295376e-01 3.494976e-01 9.530185e-02 -3.089364e-01 -1.604898e-01
<VARIANCE> 39
 1.041458e+01 2.170867e+01 3.012304e+01 2.450067e+01 3.122035e+01 3.694705e+01 5.620472e+01 5.819527e+01 5.098433e+01 7.130503e+01 7.683721e+01 9.315538e+01 1.957854e+01 2.991015e-01 9.758059e-01 9.645906e-01 1.826564e+00 2.058447e+00 2.952994e+00 3.609825e+00 2.836420e+00 3.105329e+00 2.694041e+00 2.457842e+00 2.498567e+00 3.809081e-01 5.296085e-02 1.243604e-01 1.722671e-01 3.222942e-01 3.367232e-01 4.909739e-01 4.805753e-01 5.912510e-01 4.847262e-01 3.963288e-01 5.465317e-01 3.963047e-01 4.196366e-02
<GCONST> 1.080119e+02
<MIXTURE> 2 2.938668e-01
<MEAN> 39
 -1.360828e+00 1.439940e+01 6.473340e+00 -1.434728e+01 2.709895e+00 -7.563326e+00 -9.730582e+00 5.717057e+00 -4.255859e+00 -3.873896e-01 -3.835271e-01 -2.907962e+00 3.364861e+00 6.147358e-02 -2.651810e-01 1.949289e-01 -2.406579e-01 -1.618540e-01 3.679494e-01 -1.962304e-01 9.634907e-02 1.195937e-01 -3.144799e-02 4.087609e-02 2.022042e-02 9.457611e-02 3.647624e-02 -1.114902e-01 2.157066e-02 9.508791e-02 -1.604094e-01 1.083464e-01 4.024157e-02 -1.271971e-01 1.201763e-01 -1.310526e-02 -5.783537e-02 2.996037e-02 -2.130448e-02
<VARIANCE> 39
 1.093959e+01 1.559482e+01 1.579315e+01 2.297415e+01 2.798408e+01 4.155859e+01 3.136081e+01 3.541837e+01 3.594912e+01 5.295636e+01 4.140525e+01 5.169160e+01 2.160670e+01 1.806980e-01 5.773962e-01 5.805085e-01 7.984194e-01 9.319253e-01 1.429382e+00 1.223582e+00 1.438188e+00 1.482301e+00 1.346027e+00 1.362738e+00 1.428317e+00 1.696789e-01 2.804292e-02 6.377797e-02 8.472511e-02 1.348367e-01 1.589360e-01 1.974411e-01 2.237389e-01 2.568421e-01 2.512456e-01 2.763237e-01 2.582214e-01 2.517841e-01 2.122543e-02
<GCONST> 8.611123e+01
<MIXTURE> 3 3.327293e-01
<MEAN> 39
 9.864725e-01 6.655722e+00 6.284183e+00 -5.419339e+00 -1.909684e+00 -2.520567e+00 -5.555560e+00 -2.317830e+00 -3.245017e+00 -3.249013e+00 -3.331188e+00 -2.541719e+00 1.250489e+00 8.775175e-02 -4.329869e-02 -1.167424e-02 -9.091102e-02 -1.560387e-02 -2.549416e-01 -6.897343e-02 1.918973e-01 -7.074779e-02 -2.755653e-02 9.112516e-02 -6.680045e-02 3.009032e-02 -1.474571e-03 -1.090280e-01 -1.451204e-01 3.081560e-02 7.185725e-03 3.140400e-02 7.186722e-02 1.040832e-01 1.020730e-01 5.307723e-02 4.835992e-02 3.579813e-02 4.385618e-02
<VARIANCE> 39
 2.261904e+01 4.739153e+01 3.851968e+01 7.264812e+01 3.561788e+01 5.873584e+01 5.629446e+01 6.060542e+01 5.205889e+01 5.650933e+01 5.774970e+01 5.315590e+01 4.420321e+01 4.870676e-01 7.547131e-01 9.203665e-01 1.679986e+00 1.759885e+00 2.087952e+00 2.211952e+00 2.400784e+00 2.365063e+00 2.265020e+00 2.135787e+00 1.864618e+00 5.884264e-01 8.389380e-02 1.209196e-01 1.762029e-01 2.965401e-01 3.229737e-01 3.729151e-01 4.218795e-01 4.572785e-01 4.374425e-01 3.872764e-01 4.128692e-01 3.329266e-01 8.596330e-02
<GCONST> 1.095948e+02
<MIXTURE> 4 2.069728e-01
<MEAN> 39
 1.679942e+00 5.113802e-01 1.585640e+00 -4.208774e+00 -5.102982e+00 -1.470357e+00 -5.605544e-01 -1.252612e+00 -3.287970e-01 2.036474e+00 2.455561e+00 2.820281e+00 6.141079e+00 5.258269e-01 -9.748562e-01 -7.726879e-01 -1.460333e-01 -1.152330e-01 -1.623321e-01 4.973284e-01 2.374737e-01 -5.087321e-02 4.130116e-01 7.788510e-01 4.559341e-01 1.197330e+00 -2.321408e-01 -3.833625e-02 -2.252633e-01 3.419200e-01 4.944945e-01 1.486301e-01 2.532713e-02 1.683421e-01 4.468752e-02 -1.126654e-01 -3.292371e-02 -8.546422e-02 -3.195418e-01
<VARIANCE> 39
 2.227048e+01 4.648568e+01 4.074005e+01 7.676558e+01 5.454865e+01 6.416470e+01 6.947074e+01 7.762638e+01 9.080447e+01 1.163730e+02 1.304570e+02 1.192238e+02 3.732655e+01 1.764477e+00 2.139398e+00 2.344280e+00 4.262802e+00 3.325960e+00 4.921135e+00 5.489663e+00 5.223845e+00 5.615864e+00 5.774429e+00 5.644926e+00 5.927814e+00 2.501421e+00 3.661900e-01 3.160714e-01 4.047554e-01 6.769803e-01 6.555921e-01 8.249101e-01 8.171540e-01 8.219054e-01 9.058018e-01 1.012874e+00 9.261261e-01 9.529610e-01 3.278274e-01
<GCONST> 1.378561e+02
<STATE> 4
<NUMMIXES> 4
<MIXTURE> 1 2.571977e-01
<MEAN> 39
 2.500095e+00 -5.751406e-01 -8.722872e-03 -2.894242e+00 -4.240023e+00 -2.052032e+00 7.061819e-01 -1.675401e-01 -1.713471e+00 -1.550980e-01 1.592192e+00 1.722347e+00 6.500514e+00 1.929803e-01 -6.630630e-01 -9.325364e-01 2.375277e-01 7.407612e-01 2.216002e-01 2.129099e-01 3.679919e-01 1.832460e-01 7.319473e-02 3.685001e-01 2.161479e-01 7.515634e-01 -1.978926e-01 2.236977e-01 5.773585e-02 1.538109e-01 3.696991e-01 2.040253e-01 -2.113750e-01 -1.055045e-01 1.063573e-01 2.312437e-02 -1.326547e-01 -6.834178e-02 -3.656865e-01
<VARIANCE> 39
 2.164255e+01 5.026387e+01 4.109741e+01 7.601089e+01 5.354517e+01 7.065192e+01 7.494144e+01 8.236503e+01 8.821694e+01 1.004365e+02 1.037346e+02 1.055791e+02 3.879448e+01 1.180258e+00 1.733375e+00 2.001910e+00 3.498785e+00 2.920772e+00 4.626312e+00 4.752656e+00 4.776983e+00 4.433788e+00 4.865700e+00 4.938804e+00 4.729137e+00 1.563341e+00 2.624862e-01 2.877960e-01 3.434640e-01 5.738236e-01 5.693787e-01 7.921788e-01 7.890972e-01 8.317668e-01 8.676320e-01 9.126607e-01 8.171226e-01 8.430762e-01 2.745045e-01
<GCONST> 1.334654e+02
<MIXTURE> 2 2.723033e-01
<MEAN> 39
 1.594292e+00 8.558625e+00 1.139939e+01 -1.346766e+01 -3.765709e+00 4.138636e-03 -8.200923e+00 -2.340636e+00 2.269932e+00 -8.579807e-01 -1.418948e+00 3.329719e-01 5.324295e+00 1.690473e-01 -3.659061e-01 2.418469e-02 3.020271e-01 -5.088931e-01 1.042490e-01 4.892913e-01 -3.575439e-01 4.041591e-02 3.294604e-01 -3.146220e-01 -5.908950e-02 -2.275854e-02 -3.977315e-04 4.201503e-03 -6.291611e-02 8.249874e-02 -2.797744e-03 -1.083206e-01 7.762066e-02 1.429270e-02 -8.680596e-02 5.809919e-02 4.325084e-02 -5.620789e-02 -1.221830e-02
<VARIANCE> 39
 7.176219e+00 1.352524e+01 1.915041e+01 2.494115e+01 3.369606e+01 2.447806e+01 4.776288e+01 5.835572e+01 3.794990e+01 4.743434e+01 5.701577e+01 4.466717e+01 1.473012e+01 9.893883e-02 2.971788e-01 2.812945e-01 5.632480e-01 7.669201e-01 7.891579e-01 1.087154e+00 9.903950e-01 1.020736e+00 1.177374e+00 1.007901e+00 9.348655e-01 5.745272e-02 1.280088e-02 3.404187e-02 4.731932e-02 8.464223e-02 9.794485e-02 1.250829e-01 1.430935e-01 1.580460e-01 1.618601e-01 1.824919e-01 1.726011e-01 1.533551e-01 6.771081e-03
<GCONST> 7.296888e+01
<MIXTURE> 3 1.794035e-01
<MEAN> 39
 1.378441e+00 9.710945e-01 5.357708e+00 -6.251339e+00 -9.814930e+00 -2.968980e-01 2.059903e+00 -1.637049e+00 -3.144667e+00 4.523505e+00 -2.221102e+00 -1.503554e+00 7.444846e+00 9.397873e-01 -1.351671e+00 -1.275338e+00 2.667967e+00 -4.198152e-01 -1.818413e+00 2.098506e+00 7.683497e-01 -1.861079e+00 3.896402e-01 1.018240e+00 -8.701748e-01 -1.965851e-01 3.940630e-02 3.207651e-01 -3.231747e-01 -6.449685e-03 7.582776e-01 -4.753910e-01 -6.799137e-01 6.900184e-01 1.278511e-01 -7.023693e-01 3.327539e-01 2.599428e-01 -1.420523e-01
<VARIANCE> 39
 1.135895e+01 2.444585e+01 3.101982e+01 3.441722e+01 2.840033e+01 4.710019e+01 6.300107e+01 5.122765e+01 6.458647e+01 7.282581e+01 9.268565e+01 9.917908e+01 2.713324e+01 3.367690e-01 8.353560e-01 1.155897e+00 1.766735e+00 2.256107e+00 2.570381e+00 2.902751e+00 3.701980e+00 2.641797e+00 3.370138e+00 2.819479e+00 2.514925e+00 2.469374e-01 4.681754e-02 1.132858e-01 2.064441e-01 3.120631e-01 4.006777e-01 4.947273e-01 5.918634e-01 4.794138e-01 7.870990e-01 4.669794e-01 6.423886e-01 5.947270e-01 4.183849e-02
<GCONST> 1.107658e+02
<MIXTURE> 4 2.910955e-01
<MEAN> 39
 -6.832615e-02 1.232460e+00 2.614424e+00 -5.226373e+00 -2.611416e+00 -5.620334e-01 -2.747753e+00 -7.124857e-01 -1.732011e+00 1.639626e+00 4.133095e+00 5.212155e+00 6.582654e+00 2.251769e-01 -3.903009e-01 -2.935172e-01 2.811576e-01 -6.541599e-02 -1.875645e-01 7.475132e-02 2.274214e-01 -5.380861e-02 1.055693e-01 1.732312e-01 -4.348219e-02 -1.394770e-03 2.554086e-02 3.342779e-02 -1.052168e-01 7.032786e-02 3.507139e-02 4.110539e-02 4.921558e-02 -8.036660e-03 9.406156e-02 -3.128520e-02 -1.225861e-01 -9.174302e-02 -6.511377e-02
<VARIANCE> 39
 2.174427e+01 5.672118e+01 3.614858e+01 1.028676e+02 5.222821e+01 6.735766e+01 7.928564e+01 7.611345e+01 8.321233e+01 1.175632e+02 1.195684e+02 1.570368e+02 4.128757e+01 3.060268e-01 6.927436e-01 8.314859e-01 1.452408e+00 1.427036e+00 1.800228e+00 2.218377e+00 2.031039e+00 2.159223e+00 2.199043e+00 2.144922e+00 2.262807e+00 2.278033e-01 5.325717e-02 1.016361e-01 1.353188e-01 2.457678e-01 2.809931e-01 3.230390e-01 3.426890e-01 3.674606e-01 3.628344e-01 4.269173e-01 3.923436e-01 4.040045e-01 3.644339e-02
<GCONST> 1.092677e+02
<STATE> 5
<NUMMIXES> 4
<MIXTURE> 1 2.085547e-01
<MEAN> 39
 3.715580e+00 -6.098879e-01 -1.549847e+00 -2.197416e+00 -2.258208e+00 -3.735986e+00 -1.758442e+00 1.779403e+00 5.470737e-01 7.542173e-01 1.222275e+00 1.059050e+00 5.555463e+00 2.703325e-01 -9.538497e-02 -7.396346e-01 -9.575888e-03 8.562925e-01 7.174196e-01 -3.062601e-01 -5.924924e-01 2.886329e-01 4.846538e-01 1.119149e-02 -2.568853e-01 1.566508e-01 -1.964660e-01 2.385769e-01 2.421353e-01 -2.199586e-02 -3.555915e-02 2.466195e-01 7.767177e-02 -2.696854e-01 -2.679793e-01 -3.965619e-02 7.709651e-02 -2.836040e-02 -1.974838e-01
<VARIANCE> 39
 2.427077e+01 4.250938e+01 5.811291e+01 7.755371e+01 5.341288e+01 8.129664e+01 8.286808e+01 9.812129e+01 1.041022e+02 1.026903e+02 1.289101e+02 1.251965e+02 4.135768e+01 1.173117e+00 1.951711e+00 2.161284e+00 3.368902e+00 3.506925e+00 4.971073e+00 5.659029e+00 5.434341e+00 4.714011e+00 5.709292e+00 5.611467e+00 6.215321e+00 1.714533e+00 1.550871e-01 2.459740e-01 3.516918e-01 5.305379e-01 6.134068e-01 8.290288e-01 8.722036e-01 8.726171e-01 9.112080e-01 9.104653e-01 9.398348e-01 7.704570e-01 2.034856e-01
<GCONST> 1.355830e+02
<MIXTURE> 2 2.470318e-01
<MEAN> 39
 3.700608e+00 3.921158e+00 8.806698e+00 -5.331865e+00 -1.009443e+01 -2.434310e+00 -5.685794e-01 -1.055055e+00 -4.036896e+00 2.441484e-01 -1.308241e+00 -6.870827e+00 4.344154e+00 2.998269e-01 -3.840140e-01 -4.986566e-01 7.320033e-01 1.182522e-02 -7.584459e-01 4.890561e-01 4.886021e-01 -5.111768e-01 -6.312808e-02 5.346805e-01 -2.680033e-01 -6.381911e-02 -2.946911e-02 6.162183e-02 -4.171477e-02 -5.505078e-02 1.624898e-01 -1.466514e-02 -1.954484e-01 1.157247e-01 1.031497e-01 -1.545336e-01 -7.922281e-03 1.483735e-01 -9.015793e-03
<VARIANCE> 39
 9.776909e+00 1.703985e+01 2.883678e+01 3.037103e+01 3.180663e+01 3.563132e+01 4.136230e+01 4.840859e+01 4.985187e+01 8.230984e+01 6.195805e+01 7.854960e+01 1.677011e+01 1.651078e-01 3.433472e-01 4.618237e-01 9.492106e-01 8.162211e-01 1.358904e+00 1.414507e+00 1.529721e+00 1.494998e+00 1.725613e+00 1.450759e+00 1.546719e+00 9.172688e-02 2.430152e-02 4.951516e-02 6.675015e-02 1.150987e-01 1.443676e-01 1.909076e-01 2.179069e-01 2.539249e-01 2.543928e-01 2.659040e-01 2.653647e-01 2.350519e-01 1.258230e-02
<GCONST> 8.645900e+01
<MIXTURE> 3 1.957985e-01
<MEAN> 39
 4.766163e+00 -2.038776e+00 -1.395202e+00 2.704443e+00 -6.068419e+00 -9.261851e+00 2.386938e+00 7.002276e+00 -5.127332e+00 -1.851981e+00 2.076295e+00 8.048536e-01 6.202440e+00 7.935483e-01 -1.930922e-01 -1.559401e+00 1.091566e+00 1.551797e+00 -1.111406e+00 -1.354673e+00 1.122632e+00 1.168242e+00 -1.124703e+00 -5.424603e-01 6.169447e-01 -4.235918e-01 -1.011668e-01 2.689413e-01 1.679825e-01 -5.725048e-01 1.572250e-01 6.139336e-01 -4.843412e-01 -6.373300e-01 4.644194e-01 2.656375e-01 -3.408730e-01 -1.276210e-01 -6.409955e-02
<VARIANCE> 39
 1.193328e+01 2.264195e+01 4.023013e+01 3.451878e+01 3.483890e+01 4.588136e+01 6.899066e+01 5.849281e+01 6.365965e+01 9.750336e+01 7.835540e+01 1.006453e+02 3.199849e+01 3.821064e-01 6.215793e-01 1.391034e+00 1.959541e+00 1.869169e+00 2.679351e+00 3.297697e+00 3.561152e+00 3.139781e+00 3.392706e+00 3.181929e+00 3.267196e+00 2.268025e-01 5.020382e-02 1.120798e-01 1.721468e-01 2.614250e-01 3.753358e-01 4.219706e-01 6.649004e-01 6.253074e-01 7.104505e-01 6.998064e-01 5.899583e-01 6.926647e-01 3.577931e-02
<GCONST> 1.123015e+02
<MIXTURE> 4 3.486152e-01
<MEAN> 39
 1.375134e+00 1.165001e-01 -3.666945e-01 -2.659187e+00 -9.882360e-01 -8.754627e-01 -1.881043e+00 -3.300319e-01 -1.015471e+00 -9.709476e-01 1.955043e+00 2.184098e+00 7.008506e+00 1.136666e-01 -1.335674e-01 -3.092187e-01 1.540590e-02 2.782188e-01 2.213491e-01 -2.328911e-01 -2.639916e-02 2.225738e-01 9.575965e-02 -4.072196e-02 -1.287791e-01 1.994177e-02 7.269362e-03 1.288692e-01 1.212470e-01 6.687146e-03 -2.656672e-02 4.775938e-02 4.770289e-02 -1.048376e-01 -2.884635e-02 4.918789e-02 -8.841681e-02 -6.102004e-02 -1.302169e-01
<VARIANCE> 39
 2.319347e+01 6.427925e+01 4.698589e+01 1.048637e+02 4.963437e+01 6.796354e+01 7.089268e+01 7.686489e+01 7.205409e+01 9.687350e+01 1.058391e+02 1.162093e+02 4.125124e+01 3.123079e-01 6.849498e-01 7.969981e-01 1.369043e+00 1.521377e+00 1.817999e+00 1.969607e+00 2.047831e+00 2.155644e+00 2.038913e+00 1.889178e+00 2.047796e+00 3.229764e-01 6.152188e-02 1.049556e-01 1.497401e-01 2.250560e-01 2.663879e-01 3.062634e-01 3.836539e-01 3.667236e-01 3.497450e-01 3.732761e-01 3.580472e-01 3.561788e-01 6.322846e-02
<GCONST> 1.091052e+02
<TRANSP> 6
 0.000000e+00 1.000000e+00 0.000000e+00 0.000000e+00 0.000000e+00 0.000000e+00
 0.000000e+00 5.124829e-01 4.875171e-01 0.000000e+00 0.000000e+00 0.000000e+00
 0.000000e+00 0.000000e+00 6.282799e-01 3.717201e-01 0.000000e+00 0.000000e+00
 0.000000e+00 0.000000e+00 0.000000e+00 4.789466e-01 5.210534e-01 0.000000e+00
 0.000000e+00 0.000000e+00 0.000000e+00 0.000000e+00 4.797656e-01 5.202344e-01
 0.000000e+00 0.000000e+00 0.000000e+00 0.000000e+00 0.000000e+00 0.000000e+00
<ENDHMM>
